Date	Open	High	Low	Close	Volume	Market Cap
07/15/2018	0.458655	0.476412	0.453789	0.453789	42,692	18,346,200
07/14/2018	0.443131	0.470238	0.434849	0.459086	126,048	17,725,200
07/13/2018	0.413305	0.456164	0.413261	0.442263	73,732	16,532,200
07/12/2018	0.456406	0.472489	0.401175	0.412095	258,631	18,256,200
07/11/2018	0.476186	0.512321	0.452994	0.456427	121,911	19,047,400
07/10/2018	0.560605	0.585308	0.475488	0.476170	199,438	22,424,200
07/09/2018	0.619762	0.621524	0.559081	0.559081	258,970	24,790,500
07/08/2018	0.616946	0.636403	0.598048	0.619802	118,496	24,677,800
07/07/2018	0.565292	0.617527	0.565292	0.616456	166,650	22,611,700
07/06/2018	0.619071	0.619081	0.506407	0.566018	478,795	24,762,800
07/05/2018	0.507758	0.620443	0.506720	0.618253	290,748	20,310,300
07/04/2018	0.506340	0.537679	0.470698	0.505993	384,747	20,253,600
07/03/2018	0.480519	0.577536	0.467949	0.506107	290,003	-
07/02/2018	0.496757	0.530165	0.474749	0.479175	296,945	-
