Date	Open	High	Low	Close	Volume	Market Cap
07/15/2018	451.12	461.12	449.62	458.12	11	135,335
07/14/2018	449.06	454.79	446.40	451.23	69	134,716
07/13/2018	452.17	454.39	445.07	450.31	6	135,652
07/12/2018	461.45	461.45	443.64	451.73	76	138,434
07/11/2018	454.97	466.26	454.97	461.55	40	136,492
07/10/2018	479.28	479.28	454.78	454.95	42	143,784
07/08/2018	486.62	487.59	482.68	482.70	282	145,985
07/07/2018	478.93	488.80	474.41	487.17	370	143,679
07/06/2018	477.08	480.57	468.92	479.74	15	143,126
07/05/2018	480.86	485.85	472.33	477.16	56	144,259
07/04/2018	474.52	495.76	469.85	479.84	65	142,356
07/03/2018	480.04	485.13	472.76	474.70	9	144,012
07/02/2018	465.16	485.68	460.33	482.30	231	139,547
07/01/2018	481.90	484.61	458.81	465.11	695	144,569
06/30/2018	463.10	484.51	463.07	481.79	246	138,929
06/29/2018	440.14	470.42	435.13	462.47	413	132,041
06/28/2018	460.04	461.39	437.37	439.86	22	138,013
06/27/2018	461.49	464.18	451.14	459.88	4	138,447
06/26/2018	469.53	472.88	461.24	461.68	3	140,858
06/25/2018	461.30	473.69	457.28	473.69	4	138,389
06/24/2018	438.37	469.26	438.37	462.19	4	131,510
06/23/2018	453.90	462.11	453.11	460.42	48	136,169
06/22/2018	487.49	488.62	445.87	453.84	92	146,248
06/21/2018	506.36	508.63	502.51	504.76	312	151,908
06/20/2018	496.58	509.27	495.31	506.25	725	148,974
06/19/2018	506.11	511.31	503.48	507.27	5	151,834
06/18/2018	493.59	514.75	487.56	506.38	68	148,076
06/17/2018	517.92	521.79	493.64	495.28	558	155,377
06/16/2018	520.71	529.52	504.86	516.55	78	156,212
06/15/2018	532.18	533.40	501.36	522.61	3,390	159,655
06/14/2018	505.69	535.15	504.66	533.06	52	151,708
06/13/2018	533.76	536.98	500.16	505.92	117	160,127
06/12/2018	557.89	557.89	527.00	532.38	189	167,367
06/11/2018	413.81	596.04	410.58	558.19	1,625	124,144
06/10/2018	457.94	457.94	407.18	413.22	25	137,382
06/09/2018	465.25	478.99	457.36	457.36	28	139,576
06/08/2018	500.86	501.90	462.07	465.45	155	150,259
06/07/2018	499.18	505.14	468.06	500.48	637	149,755
06/06/2018	498.28	527.98	476.72	498.73	89	149,484
06/05/2018	472.65	572.98	465.91	498.41	530	141,794
06/04/2018	486.63	521.77	470.67	472.42	105	145,990
06/03/2018	525.86	532.04	484.31	486.41	40	157,759
06/02/2018	516.60	536.17	513.70	525.72	9	154,980
06/01/2018	554.90	562.31	506.17	516.82	290	166,471
05/31/2018	545.23	562.12	544.16	554.50	44	163,570
05/30/2018	552.90	559.24	541.09	542.27	92	165,870
05/29/2018	526.55	557.90	444.16	552.53	471	157,967
05/28/2018	433.16	539.47	432.22	526.73	762	129,947
05/27/2018	447.44	450.08	441.27	447.26	5	134,232
05/26/2018	474.69	485.94	444.83	447.24	91	142,407
05/25/2018	453.87	459.22	441.75	449.19	7	136,162
05/24/2018	451.17	517.25	436.58	453.02	14	135,352
05/23/2018	552.79	554.39	448.29	452.31	487	165,837
05/22/2018	583.62	584.07	550.25	553.36	8	175,086
05/21/2018	612.86	613.29	581.51	583.72	12	183,857
05/20/2018	573.50	616.83	569.78	612.09	69	172,051
05/19/2018	577.30	602.55	565.52	573.07	33	173,191
05/18/2018	582.31	582.31	559.50	577.39	244	174,692
05/17/2018	601.19	606.75	542.39	581.80	279	180,357
05/16/2018	611.11	611.62	585.79	600.82	631	183,334
05/15/2018	624.67	635.10	607.94	611.47	625	187,402
05/14/2018	665.68	672.68	622.40	625.75	403	199,703
05/13/2018	649.57	670.72	641.98	665.80	318	194,871
05/12/2018	671.65	731.65	636.46	649.79	206	201,496
05/11/2018	784.46	784.46	669.20	673.63	84	235,337
05/10/2018	808.92	814.90	782.76	783.52	143	242,675
05/09/2018	735.99	743.85	719.47	742.04	13	220,797
05/08/2018	749.42	800.67	729.53	737.12	201	224,827
05/07/2018	769.94	770.34	736.77	747.84	363	230,982
05/06/2018	787.16	794.53	756.39	769.39	10	236,147
05/05/2018	775.48	840.80	774.26	786.63	78	232,644
05/04/2018	751.54	847.94	737.27	775.85	4,052	225,464
05/03/2018	800.17	821.18	726.88	751.84	250	240,051
05/02/2018	788.38	803.24	780.00	800.14	16	236,513
05/01/2018	813.19	813.19	687.26	789.57	285	243,956
04/30/2018	836.73	840.06	704.98	812.48	785	251,018
04/29/2018	846.45	862.74	695.92	837.00	1,951	253,935
04/28/2018	757.83	912.99	755.88	846.78	34	227,348
04/27/2018	929.61	937.02	760.44	760.44	580	278,884
04/26/2018	771.08	930.40	752.25	928.33	83	231,324
04/25/2018	1089.09	1094.36	763.67	764.74	1,105	326,726
04/24/2018	739.88	1169.17	739.54	1096.54	5,904	221,963
04/23/2018	789.89	794.92	715.08	739.25	38	236,966
04/22/2018	803.53	808.04	715.43	791.48	39	241,058
04/21/2018	663.15	807.48	658.08	803.53	8	198,946
04/20/2018	911.75	940.63	658.89	662.93	1,906	273,526
04/19/2018	634.12	911.80	601.09	911.15	2,450	190,235
04/18/2018	580.36	777.55	578.85	633.64	1,044	174,109
04/17/2018	587.61	639.32	579.63	579.83	20	176,284
04/16/2018	609.21	691.90	578.01	587.32	23	182,762
04/15/2018	584.09	611.07	584.09	609.46	65	175,227
04/14/2018	660.82	686.44	581.87	583.47	17	198,247
04/13/2018	552.25	681.48	525.20	660.82	2,529	165,675
04/12/2018	569.60	651.85	554.51	631.67	208	170,881
04/11/2018	445.38	579.20	444.87	570.98	192	133,614
04/10/2018	567.88	576.70	441.78	444.95	266	170,362
04/09/2018	576.78	588.65	434.78	567.41	607	173,033
04/08/2018	674.27	693.01	571.96	575.84	70	202,282
04/07/2018	646.51	687.56	645.55	673.66	54	193,952
04/06/2018	661.73	668.63	528.51	645.74	42	198,520
04/05/2018	645.22	666.86	530.47	665.12	184	193,566
04/04/2018	724.13	724.13	639.08	644.95	3,316	217,240
04/03/2018	437.05	731.57	435.64	724.63	2,673	131,115
04/02/2018	540.73	563.91	431.07	436.74	611	162,220
04/01/2018	669.42	678.83	529.91	538.09	1,796	200,825
03/31/2018	534.68	669.65	415.85	669.44	1,209	160,404
03/30/2018	420.93	540.88	392.38	534.60	206	126,277
03/29/2018	630.93	631.97	409.70	421.97	17	189,280
03/28/2018	619.56	644.34	616.12	630.19	360	185,869
03/27/2018	548.14	638.48	457.80	619.70	1,368	164,443
03/26/2018	557.03	658.44	526.88	548.98	881	167,110
03/25/2018	501.68	572.71	494.20	557.46	705	150,504
03/24/2018	579.18	581.43	507.47	508.68	246	173,755
03/23/2018	504.76	570.87	482.46	570.87	99	151,429
03/22/2018	516.03	583.61	494.36	504.78	518	154,809
03/21/2018	642.89	648.22	509.67	516.97	372	192,868
03/20/2018	569.13	650.56	550.86	641.73	369	170,740
03/19/2018	599.86	617.60	544.23	562.85	22	179,957
03/18/2018	583.58	608.64	479.23	602.39	232	175,074
03/17/2018	625.09	625.09	512.76	585.00	387	187,528
03/16/2018	809.54	815.17	448.98	624.06	2,587	242,862
03/15/2018	574.50	834.56	539.29	810.00	3,703	172,349
03/14/2018	735.83	752.68	547.11	574.76	204	220,748
03/13/2018	627.12	798.54	622.80	735.73	4,365	188,137
03/12/2018	639.47	674.56	463.58	630.75	660	191,841
03/11/2018	498.93	651.27	439.29	641.49	863	149,677
03/10/2018	546.19	553.12	466.19	500.65	168	163,856
03/09/2018	557.51	564.08	427.81	545.95	241	167,252
03/08/2018	567.93	595.63	469.95	561.06	1,227	170,381
03/06/2018	678.81	678.81	625.81	636.53	5	203,643
03/05/2018	581.79	684.79	574.32	680.69	677	174,538
03/04/2018	676.32	676.86	556.75	582.22	653	202,895
03/03/2018	661.03	681.52	562.98	677.49	1,040	198,309
03/02/2018	806.85	835.15	542.37	661.84	2,028	242,055
03/01/2018	481.83	819.96	478.08	808.93	5,265	144,550
02/28/2018	528.86	612.12	480.70	481.12	1,149	158,658
02/27/2018	515.59	620.82	498.34	529.48	1,326	154,677
02/26/2018	584.78	630.50	512.37	514.10	960	175,433
02/25/2018	610.84	610.86	467.12	584.03	911	183,253
02/24/2018	516.47	661.40	516.19	611.77	107	154,940
02/23/2018	685.66	685.66	527.55	527.55	846	205,699
02/22/2018	732.64	753.53	585.02	686.30	1,039	219,792
02/21/2018	773.93	775.36	653.34	733.39	2,547	232,178
02/20/2018	733.41	832.08	733.41	774.89	1,232	220,023
02/19/2018	727.14	814.48	684.42	732.74	3,530	218,141
02/18/2018	702.22	980.80	643.40	730.50	2,833	210,666
02/17/2018	800.16	951.44	611.97	700.08	4,660	240,048
02/16/2018	877.99	966.73	503.55	800.35	5,779	263,397
02/15/2018	822.43	979.42	813.10	881.76	512	246,728
02/14/2018	850.99	937.19	804.39	821.98	419	255,295
02/13/2018	854.22	932.68	805.65	853.53	2,193	256,266
02/12/2018	697.15	921.74	697.15	852.67	3,180	209,144
02/11/2018	914.82	914.82	692.73	692.73	3,625	274,445
02/10/2018	913.38	993.09	831.22	915.60	1,530	274,013
02/09/2018	957.67	1287.45	817.04	912.71	3,533	287,301
02/08/2018	946.89	1106.99	943.32	954.73	490	284,066
02/07/2018	1063.75	1431.26	896.94	950.69	2,587	319,126
02/06/2018	736.02	1277.81	623.45	1074.50	8,834	220,808
02/05/2018	854.11	900.23	710.78	735.10	2,672	256,233
02/04/2018	831.99	884.00	754.11	862.47	2,371	249,596
02/03/2018	778.07	837.61	672.53	831.56	3,844	233,420
02/02/2018	771.92	799.41	646.69	775.42	1,445	231,577
02/01/2018	830.31	897.42	708.08	773.52	3,473	249,094
01/31/2018	957.61	1026.45	809.44	828.39	2,062	287,282
01/30/2018	783.99	1108.28	770.65	1000.11	6,842	235,195
01/29/2018	1101.99	1116.25	779.81	921.89	4,754	330,596
01/28/2018	973.15	1111.72	777.10	1103.04	5,320	291,945
01/27/2018	957.58	1142.87	813.78	968.20	3,589	287,275
01/26/2018	1053.54	1214.78	711.81	958.22	6,837	316,061
01/25/2018	1027.09	1226.78	1016.59	1056.35	8,358	308,126
01/24/2018	1051.44	1165.93	929.39	1010.46	5,027	315,433
01/23/2018	1028.70	1168.02	850.23	1052.04	2,050	308,610
01/22/2018	1094.92	1114.51	855.30	1031.43	2,135	328,476
01/21/2018	1215.20	1215.20	1012.07	1080.16	5,064	364,559
01/20/2018	1115.01	1420.44	1087.24	1212.37	4,565	334,504
01/19/2018	903.39	1286.66	897.09	1103.03	2,923	271,018
01/18/2018	913.41	1064.94	877.44	912.99	3,069	274,024
01/17/2018	1085.10	1375.14	744.61	909.90	14,722	325,531
01/16/2018	1210.05	1210.05	702.54	1090.64	13,436	363,014
01/15/2018	1451.05	1561.85	930.84	1208.54	16,866	435,315
01/14/2018	1421.73	1799.18	1219.53	1461.65	24,742	426,520
01/13/2018	1253.63	2776.04	1253.63	1435.15	127,163	376,089
01/12/2018	573.23	3812.41	508.13	1255.06	114,640	171,969
01/11/2018	524.36	595.93	457.98	569.47	6,866	157,307
01/10/2018	496.56	590.39	478.24	524.94	5,484	148,967
01/09/2018	677.69	694.26	530.82	656.01	2,979	203,307
01/08/2018	732.82	735.57	506.15	514.95	1,337	219,846
01/07/2018	774.11	774.11	715.04	733.85	1,156	232,233
01/06/2018	579.16	776.34	557.98	774.68	856	173,747
01/05/2018	584.48	729.53	546.54	578.70	803	175,343
01/04/2018	684.48	695.49	572.45	584.36	2,375	205,344
01/03/2018	667.59	695.76	453.90	680.75	1,118	200,277
01/02/2018	607.56	684.00	496.90	669.97	243	182,268
01/01/2018	629.15	629.59	464.82	607.61	469	188,747
12/31/2017	515.63	640.89	443.21	626.73	434	154,689
12/30/2017	608.09	608.29	461.35	521.26	143	182,427
12/29/2017	648.14	667.33	436.53	609.62	278	194,444
12/28/2017	434.45	641.50	385.90	641.50	818	130,334
12/27/2017	468.77	541.53	412.20	435.36	129	140,633
12/26/2017	417.89	649.63	416.18	468.44	1,209	125,367
12/25/2017	388.86	501.82	366.21	418.32	1,059	116,657
12/24/2017	394.38	432.06	361.97	384.86	444	118,313
12/23/2017	473.56	541.90	353.67	390.07	3,591	142,069
12/22/2017	459.37	504.08	274.70	469.13	3,754	137,810
12/21/2017	362.99	492.74	358.46	457.78	326	108,898
12/20/2017	598.97	598.97	326.38	362.05	1,449	179,691
12/19/2017	581.16	608.49	336.62	344.32	1,202	174,348
12/18/2017	581.11	617.43	555.05	580.67	2,565	174,333
12/17/2017	375.90	600.05	368.42	579.36	142	112,770
12/16/2017	430.58	581.35	359.73	375.85	224	129,175
12/15/2017	298.58	442.61	298.58	429.98	77	89,574
12/14/2017	401.20	418.06	291.26	298.13	711	120,360
12/13/2017	290.41	406.36	276.79	402.49	31	87,123
12/12/2017	420.92	426.89	274.58	290.17	27	126,275
12/11/2017	274.44	589.94	264.96	419.57	2,270	82,333
12/10/2017	221.05	283.91	194.60	276.44	23	66,316
12/09/2017	182.16	334.45	178.46	220.16	744	54,647
12/08/2017	234.30	237.79	176.79	182.34	195	70,289
12/07/2017	184.21	233.75	174.57	233.75	346	55,262
12/06/2017	163.81	221.33	163.81	184.52	276	49,143
12/05/2017	155.03	235.46	153.28	164.18	36	46,509
12/04/2017	247.27	252.47	152.69	154.72	1,112	74,181
12/03/2017	196.92	260.36	195.62	246.45	15	59,077
12/02/2017	243.81	250.76	193.61	196.74	43	73,142
12/01/2017	223.84	245.44	179.00	244.01	285	67,154
11/30/2017	218.64	237.83	200.18	224.96	708	65,592
11/29/2017	181.28	254.46	181.28	215.33	57	54,385
11/28/2017	217.01	220.98	173.80	181.46	207	65,102
11/27/2017	166.79	216.81	166.79	216.45	33	50,036
11/26/2017	191.54	208.39	165.06	166.75	166	57,463
11/25/2017	176.51	191.61	175.52	191.61	93	52,954
11/24/2017	172.80	179.29	169.50	176.87	63	51,839
11/23/2017	176.84	177.70	108.69	173.03	19	53,051
11/22/2017	177.58	178.44	107.34	176.89	38	53,275
11/21/2017	140.10	142.29	132.53	140.63	8	42,031
11/20/2017	121.46	140.84	120.00	140.08	32	36,437
11/19/2017	188.75	189.74	120.04	121.51	254	56,626
11/18/2017	161.42	190.56	130.60	189.10	1,136	48,426
11/17/2017	190.36	193.61	159.86	162.04	618	57,107
11/16/2017	177.03	182.62	173.06	181.01	181	53,108
11/15/2017	181.82	190.97	166.99	176.10	528	54,545
11/14/2017	179.60	184.82	176.73	181.69	140	53,879
11/13/2017	202.52	232.02	174.38	179.22	2	60,757
11/12/2017	139.97	212.68	136.08	202.23	982	41,990
11/11/2017	144.83	150.01	137.12	140.07	23	43,449
11/10/2017	196.01	201.67	142.11	145.35	73	58,805
11/09/2017	156.82	196.45	150.74	195.44	398	47,045
11/08/2017	151.97	156.99	150.48	156.98	903	45,590
11/07/2017	146.14	151.50	146.14	151.07	154	43,842
11/06/2017	181.14	207.87	145.84	146.37	155	54,341
11/05/2017	180.73	186.48	178.74	180.74	11	54,219
11/04/2017	150.50	183.03	147.05	181.07	32	45,152
11/03/2017	147.49	156.79	145.85	150.90	223	44,247
11/02/2017	157.00	168.17	143.51	147.68	169	47,100
11/01/2017	181.52	184.48	152.28	156.83	173	54,455
10/31/2017	171.58	172.93	170.67	172.79	0	51,474
10/30/2017	215.44	217.50	169.00	172.16	5	64,631
10/29/2017	177.57	221.24	162.37	216.70	25	53,270
10/28/2017	201.72	205.46	175.87	177.81	0	60,515
10/27/2017	182.49	202.62	176.79	201.17	2	54,747
10/26/2017	183.50	208.59	179.84	182.45	1,291	55,050
10/25/2017	172.23	183.85	171.68	183.52	54	51,668
10/24/2017	183.01	218.83	171.20	172.16	822	54,902
10/23/2017	227.21	228.86	178.90	183.41	46	68,164
10/22/2017	228.52	230.53	218.41	227.58	5	68,556
10/21/2017	234.20	241.52	224.29	228.45	8	70,260
10/20/2017	171.14	248.34	158.69	234.69	41	51,341
10/19/2017	156.44	172.20	155.01	171.09	162	46,933
10/18/2017	173.62	243.56	154.40	156.36	7	52,087
10/17/2017	256.01	256.74	171.61	173.61	23	76,804
10/16/2017	176.45	257.31	172.57	255.97	57	52,935
10/15/2017	156.03	180.04	153.64	176.43	723	46,810
10/14/2017	260.16	260.61	129.22	155.75	173	78,048
10/13/2017	190.99	270.34	189.77	260.09	1	57,298
10/12/2017	226.35	252.39	185.64	190.41	1	67,905
10/11/2017	224.88	228.65	223.09	226.16	53	67,463
10/10/2017	168.02	232.69	167.46	224.91	120	50,406
10/09/2017	161.58	170.97	160.91	168.03	68	48,474
10/08/2017	209.80	210.79	155.46	161.54	171	62,941
10/07/2017	206.51	210.86	152.26	210.37	33	61,953
10/06/2017	151.77	207.87	151.46	206.44	170	45,530
10/05/2017	177.30	233.08	83.27	151.77	2,264	53,190
10/04/2017	250.54	250.70	176.50	177.14	255	75,162
10/03/2017	255.36	258.55	246.35	249.96	61	76,609
10/02/2017	254.86	266.56	209.86	255.35	199	76,457
10/01/2017	205.08	254.97	201.29	254.97	145	61,523
09/30/2017	196.50	257.93	196.32	204.97	255	58,951
09/29/2017	197.10	254.24	190.47	196.48	74	59,130
09/28/2017	252.03	256.45	194.97	197.25	18	75,609
09/27/2017	233.32	253.05	179.62	252.02	108	69,995
09/26/2017	180.93	236.90	168.20	233.97	799	54,279
09/25/2017	157.92	182.62	157.86	180.95	8	47,376
09/24/2017	223.52	223.52	153.44	158.08	177	67,057
09/23/2017	211.99	225.11	211.96	223.54	2	63,598
09/22/2017	217.25	225.64	212.14	216.59	11	65,176
09/21/2017	213.37	224.68	197.30	217.50	120	64,010
09/20/2017	235.48	248.26	213.92	214.42	948	70,644
09/19/2017	256.18	257.54	214.91	235.79	22	76,854
09/18/2017	238.16	257.81	224.37	255.56	100	71,449
09/17/2017	200.58	205.17	188.41	202.17	0	60,174
09/16/2017	238.01	244.41	192.04	200.72	14	71,405
09/15/2017	162.23	248.59	156.58	235.82	14	48,669
09/14/2017	262.70	266.19	160.98	160.98	213	78,809
09/13/2017	286.77	286.77	201.32	262.68	93	86,032
09/12/2017	290.04	301.63	176.19	286.68	731	87,012
09/11/2017	212.87	291.34	188.44	290.13	1,654	63,862
09/10/2017	217.13	268.47	202.39	212.20	24	65,137
09/09/2017	280.83	286.52	214.07	216.90	72	84,249
09/08/2017	301.14	305.35	269.97	280.33	418	90,341
09/07/2017	300.60	304.47	287.99	301.22	383	90,179
09/06/2017	265.16	301.36	183.86	300.47	581	79,547
09/05/2017	171.35	269.85	162.28	264.85	115	51,406
09/04/2017	228.64	286.07	171.92	171.97	438	68,592
09/03/2017	307.10	312.88	199.79	228.56	273	92,130
09/02/2017	295.43	306.90	247.38	306.90	7	88,630
09/01/2017	213.18	343.91	213.18	295.06	261	63,954
08/31/2017	233.55	251.06	207.85	213.26	88	70,065
08/30/2017	252.97	255.76	227.50	233.96	67	75,892
08/29/2017	262.88	296.22	249.91	253.12	59	78,865
08/28/2017	319.25	319.25	199.57	262.93	2,865	95,774
08/27/2017	325.88	330.12	318.93	318.93	288	97,763
08/26/2017	305.64	326.59	232.27	325.96	579	91,692
08/25/2017	303.01	328.16	229.42	305.05	49	90,904
08/24/2017	345.94	351.90	223.20	303.49	574	103,781
08/23/2017	286.02	355.28	208.09	345.79	256	85,808
08/22/2017	340.08	340.08	253.59	286.61	252	102,024
08/21/2017	346.15	347.48	259.68	339.29	569	103,844
08/20/2017	351.94	352.03	303.79	348.23	418	105,581
08/19/2017	493.02	502.12	338.85	353.59	1,706	147,907
08/18/2017	308.15	493.44	202.45	493.44	2,958	92,444
08/17/2017	289.66	313.66	181.55	309.09	2,179	86,898
08/16/2017	311.51	314.80	176.46	289.93	794	93,454
08/15/2017	177.41	314.73	171.35	311.17	984	53,223
08/14/2017	182.79	194.09	128.85	176.93	250	54,837
08/13/2017	209.15	280.07	72.83	182.67	679	62,745
08/12/2017	182.52	239.02	176.69	209.34	243	54,755
08/11/2017	174.22	269.41	173.45	182.66	745	52,267
08/10/2017	143.75	206.42	142.69	174.23	277	43,125
08/09/2017	205.12	205.61	110.69	143.74	532	61,537
08/08/2017	220.46	225.11	170.51	205.26	453	66,138
08/07/2017	225.40	227.40	168.13	220.24	52	67,619
08/06/2017	259.75	262.76	168.15	225.90	323	77,926
08/05/2017	199.82	265.09	165.34	259.69	507	59,946
08/04/2017	250.89	272.90	197.99	199.91	848	75,268
08/03/2017	267.49	301.88	220.16	250.86	690	80,246
08/02/2017	272.99	272.99	163.02	267.10	1,360	81,896
08/01/2017	342.74	342.90	265.79	272.86	263	102,821
07/31/2017	273.78	342.70	194.69	342.54	1,578	82,133
07/30/2017	325.63	326.21	188.19	273.21	95	97,687
07/29/2017	282.27	330.77	241.48	325.33	416	84,682
07/28/2017	360.81	393.50	247.45	281.10	1,813	108,242
07/27/2017	333.27	423.50	253.34	361.25	2,473	99,982
07/26/2017	665.03	668.08	275.25	332.33	6,772	199,508
07/25/2017	552.49	1215.80	385.82	664.73	22,581	165,747
