Date	Open	High	Low	Close	Volume	Market Cap
07/15/2018	0.527677	0.844505	0.526756	0.836291	247	227,925
07/14/2018	0.716127	0.720871	0.527674	0.528173	13	309,546
07/13/2018	0.549917	0.740857	0.549904	0.716537	878	237,768
07/12/2018	0.691360	0.792627	0.515781	0.549159	277	298,398
07/11/2018	0.675303	0.686491	0.332890	0.421319	648	290,998
07/10/2018	0.461020	1.06	0.449933	0.675281	126	198,278
07/09/2018	1.22	1.22	0.459989	0.461359	462	518,895
07/08/2018	0.897016	1.24	0.684300	1.22	549	380,282
07/07/2018	0.521392	1.35	0.376962	0.897236	549	220,996
07/06/2018	0.408940	0.522457	0.373937	0.521596	337	172,719
07/05/2018	0.311776	0.409707	0.309114	0.409085	308	131,453
07/04/2018	0.302772	0.311995	0.296926	0.310697	209	126,882
07/03/2018	0.300902	0.308308	0.297922	0.302640	232	126,015
07/02/2018	0.460699	0.461001	0.263852	0.300679	175	192,712
07/01/2018	0.320960	0.464035	0.314253	0.460647	141	134,207
06/30/2018	0.450971	0.469949	0.316080	0.320740	212	187,737
06/29/2018	0.299645	0.451026	0.296181	0.450361	141	123,743
06/28/2018	0.332212	0.366012	0.297764	0.299453	69	136,993
06/27/2018	0.378138	0.380340	0.330240	0.332094	190	155,452
06/26/2018	0.437521	0.496064	0.377935	0.378290	164	179,574
06/25/2018	0.434775	0.442277	0.426961	0.437521	157	178,136
06/24/2018	0.477915	0.479086	0.415091	0.436213	1,089	195,124
06/23/2018	0.722870	0.772306	0.465105	0.478013	307	293,829
06/22/2018	0.467641	0.723951	0.415598	0.722079	1,204	190,607
06/21/2018	1.25	1.26	0.459325	0.468044	531	509,810
06/20/2018	0.607989	1.25	0.451283	1.25	2,374	247,022
06/19/2018	0.597055	0.626206	0.586392	0.607647	2,459	242,799
06/18/2018	0.584001	0.603443	0.559132	0.597576	576	237,415
06/17/2018	0.640335	0.889714	0.588501	0.777381	296	258,322
06/16/2018	0.605416	0.644418	0.602471	0.640408	16	243,862
06/15/2018	0.368145	1.05	0.362203	0.596843	553	147,773
06/14/2018	0.584765	2.86	0.560015	2.85	2,255	234,794
06/13/2018	0.512762	0.911986	0.509767	0.583393	3,065	205,537
06/12/2018	0.840382	0.873492	0.338800	0.510859	875	335,307
06/11/2018	0.890359	0.912568	0.740840	0.840722	391	354,702
06/10/2018	1.21	1.55	0.884114	0.889060	1,953	480,038
06/09/2018	1.14	1.22	0.866299	1.20	1,072	454,456
06/08/2018	1.03	1.18	1.03	1.15	926	404,798
06/07/2018	1.13	2.34	0.997028	1.02	815	445,860
06/06/2018	1.16	1.16	1.12	1.14	703	453,718
06/05/2018	1.09	1.29	1.07	1.16	857	424,901
06/04/2018	1.19	1.49	0.994245	1.14	1,625	461,639
06/03/2018	1.12	1.92	0.992851	1.19	1,610	433,423
06/02/2018	1.29	1.32	1.07	1.12	726	496,765
06/01/2018	1.20	1.43	1.10	1.29	1,142	462,138
05/31/2018	1.16	1.24	1.07	1.20	697	447,299
05/30/2018	1.42	1.43	1.15	1.16	1,284	544,513
05/29/2018	1.41	1.51	1.15	1.42	1,312	539,826
05/28/2018	1.36	1.61	1.14	1.41	578	515,914
05/27/2018	2.01	2.06	1.13	1.56	2,792	763,905
05/26/2018	0.971216	2.07	0.961705	2.01	1,525	367,994
05/25/2018	1.13	1.15	0.879567	0.971147	558	429,974
05/24/2018	1.16	1.26	1.10	1.13	791	437,387
05/23/2018	1.27	1.30	1.13	1.16	964	481,034
05/22/2018	2.08	2.52	1.26	1.28	4,597	779,241
05/21/2018	1.76	4.44	1.75	2.08	1,545	663,235
05/20/2018	1.84	2.38	1.62	1.76	4,561	689,115
05/19/2018	1.39	1.90	1.22	1.84	2,780	519,957
05/18/2018	1.20	1.44	1.20	1.39	536	444,538
05/17/2018	1.46	2.10	1.19	1.20	3,152	541,741
05/16/2018	1.72	2.14	1.43	1.46	4,549	633,952
05/15/2018	1.87	1.89	1.40	1.72	1,432	687,763
05/14/2018	3.19	3.27	1.26	1.87	2,082	1,172,120
05/13/2018	1.81	3.24	1.48	3.20	1,147	661,211
05/12/2018	1.35	1.83	1.29	1.81	676	493,856
05/11/2018	1.49	1.53	1.33	1.36	221	542,835
05/10/2018	1.70	2.20	1.49	1.49	1,611	615,564
05/09/2018	1.79	1.83	1.62	1.70	515	645,319
05/08/2018	2.19	2.24	1.67	1.79	195	787,097
05/07/2018	2.26	2.79	2.13	2.17	516	812,298
05/06/2018	2.16	2.26	1.38	2.26	1,183	771,507
05/05/2018	2.02	2.19	2.02	2.16	741	720,366
05/04/2018	2.12	2.40	1.99	2.02	478	752,956
05/03/2018	2.21	2.53	1.96	2.12	379	779,196
05/02/2018	2.33	2.37	1.99	2.21	894	818,478
05/01/2018	2.58	2.58	1.78	2.33	395	904,886
04/30/2018	2.75	3.08	2.06	2.57	1,442	959,719
04/29/2018	3.69	3.95	2.16	2.75	389	1,284,260
04/28/2018	4.08	4.85	2.01	2.27	1,539	1,418,190
04/27/2018	1.83	5.29	1.83	4.11	2,442	635,304
04/26/2018	1.61	2.27	1.58	1.83	877	554,878
04/25/2018	2.06	2.42	1.59	1.59	153	709,234
04/24/2018	2.48	2.62	1.97	2.06	1,609	853,686
04/23/2018	2.17	2.48	1.88	2.48	1,206	744,503
04/22/2018	3.29	3.54	2.16	2.18	2,796	1,125,250
04/21/2018	1.63	3.30	1.57	3.29	1,359	554,500
04/20/2018	2.02	2.96	1.48	1.63	2,345	687,337
04/19/2018	1.83	2.14	1.76	2.02	4,028	621,811
04/18/2018	2.10	2.10	1.67	1.83	5,840	707,288
04/17/2018	2.78	2.89	2.06	2.09	2,983	935,954
04/16/2018	2.63	3.18	1.68	2.78	6,539	881,944
04/15/2018	2.01	3.16	2.01	2.63	4,982	670,874
04/14/2018	2.42	3.21	2.00	2.01	3,171	808,314
04/13/2018	3.29	5.64	2.40	2.42	993	1,088,700
04/12/2018	2.20	3.66	1.80	3.28	12,103	724,311
04/11/2018	2.23	2.25	1.76	2.21	215	734,456
04/10/2018	1.80	2.47	1.63	2.23	617	590,915
04/09/2018	1.44	3.94	1.44	1.79	1,820	470,429
04/08/2018	1.47	1.69	1.42	1.44	1,507	477,780
04/07/2018	1.40	1.72	1.31	1.47	561	456,468
04/06/2018	2.21	2.23	1.37	1.41	694	716,709
04/05/2018	1.79	2.30	1.62	2.22	1,984	578,459
04/04/2018	1.66	2.77	1.60	1.79	726	535,002
04/03/2018	2.95	3.21	1.57	1.66	2,137	949,394
04/02/2018	2.63	2.96	2.62	2.95	205	844,621
04/01/2018	3.18	3.21	2.62	2.63	4,721	1,014,810
03/31/2018	2.79	3.57	2.79	3.17	1,335	888,692
03/30/2018	3.09	3.29	2.74	2.79	377	980,330
03/29/2018	3.57	3.61	3.07	3.10	1,121	1,131,040
03/28/2018	3.23	3.86	3.14	3.57	2,754	1,019,060
03/27/2018	3.32	3.43	2.70	3.23	1,015	1,044,730
03/26/2018	4.31	4.34	3.27	3.32	2,364	1,351,220
03/25/2018	4.14	4.70	3.93	4.32	16,878	1,296,290
03/24/2018	4.50	4.80	4.07	4.20	10,360	1,403,320
03/23/2018	4.36	10.58	3.93	4.46	6,174	1,354,920
03/22/2018	5.46	6.08	3.75	4.36	809	1,692,110
03/21/2018	4.91	5.52	4.17	5.45	1,076	1,512,990
03/20/2018	3.87	4.98	3.70	4.88	1,331	1,189,450
03/19/2018	5.38	5.56	3.76	3.84	295	1,646,260
03/18/2018	5.51	6.28	4.19	5.40	3,133	1,682,790
03/17/2018	4.27	5.63	4.17	5.52	612	1,302,180
03/16/2018	4.88	5.55	4.26	4.27	745	1,485,180
03/15/2018	4.67	5.14	4.39	4.89	1,789	1,414,370
03/14/2018	5.59	5.71	4.38	4.66	2,169	1,691,010
03/13/2018	6.16	6.50	5.59	6.14	7,174	1,856,660
03/12/2018	6.54	6.61	5.88	6.03	2,924	1,962,940
03/11/2018	6.07	6.78	5.93	6.55	5,658	1,818,670
03/10/2018	5.46	6.86	5.44	6.09	7,466	1,617,900
03/09/2018	6.42	6.70	5.39	5.47	6,064	1,895,070
03/08/2018	7.52	7.66	5.35	6.43	470	2,214,090
03/07/2018	7.27	7.71	6.23	7.53	3,783	2,137,780
03/06/2018	7.09	8.42	6.46	7.26	9,023	2,079,560
03/05/2018	8.64	9.37	7.09	7.09	6,465	2,517,060
03/04/2018	8.19	9.27	7.92	8.63	7,080	2,378,420
03/03/2018	9.84	10.27	8.18	8.19	7,847	2,851,920
03/02/2018	8.95	9.89	7.73	9.85	4,425	2,586,960
03/01/2018	9.11	9.23	6.94	8.96	3,942	2,625,650
02/28/2018	7.37	10.45	7.34	9.11	1,216	2,114,500
02/27/2018	8.00	8.11	7.08	7.37	6,217	2,293,570
02/26/2018	7.40	8.41	7.14	7.98	9,723	2,114,670
02/25/2018	7.48	7.52	4.66	7.39	4,569	2,132,350
02/24/2018	7.12	7.51	6.97	7.50	3,462	2,026,690
02/23/2018	7.13	7.80	6.20	7.13	3,395	2,007,350
02/22/2018	7.29	7.80	6.77	7.14	2,830	2,043,420
02/21/2018	7.98	8.15	6.99	7.31	1,695	2,229,220
02/20/2018	9.51	9.60	7.64	7.99	1,302	2,651,150
02/19/2018	8.24	9.57	8.24	9.51	1,516	2,289,650
02/18/2018	9.25	9.30	8.21	8.27	584	2,560,260
02/17/2018	10.69	11.12	9.12	9.25	3,997	2,954,880
02/16/2018	10.73	10.90	7.37	10.69	2,928	2,958,590
02/15/2018	8.57	10.84	8.43	10.74	1,295	2,351,680
02/14/2018	8.00	9.18	8.00	8.56	10,389	2,190,160
02/13/2018	8.07	8.10	5.70	8.00	458	2,208,780
02/12/2018	7.87	8.16	7.84	8.06	130	2,150,180
02/10/2018	9.20	9.54	9.08	9.13	50	2,498,400
02/09/2018	8.54	9.23	8.24	9.21	51	2,303,730
02/08/2018	6.98	8.86	6.46	8.53	2,164	1,879,320
02/07/2018	9.05	9.05	6.98	7.00	592	2,432,600
02/06/2018	5.02	9.14	4.55	9.06	1,805	1,344,160
02/05/2018	8.75	10.05	4.98	5.00	2,715	2,340,850
02/04/2018	8.88	18.09	8.33	8.84	11,878	2,370,400
02/03/2018	8.37	11.87	7.75	8.88	977	2,209,540
02/02/2018	12.03	12.03	6.75	8.33	1,432	3,169,020
02/01/2018	11.08	12.10	8.40	12.07	7,406	2,913,870
01/31/2018	13.79	14.26	9.92	11.06	897	3,609,170
01/30/2018	13.00	14.00	8.57	13.74	10,989	3,398,330
01/29/2018	18.45	18.58	12.81	13.00	4,713	4,812,320
01/28/2018	14.44	19.60	11.39	18.48	10,767	3,752,330
01/27/2018	17.35	17.68	14.26	14.34	8,761	4,495,360
01/26/2018	23.55	23.55	15.59	17.35	30,041	6,073,810
01/25/2018	26.28	27.76	18.33	23.64	49,340	6,747,030
01/24/2018	13.27	26.09	13.27	26.09	13,792	3,394,670
01/23/2018	13.62	14.51	12.10	13.27	46,812	3,476,340
01/22/2018	13.08	14.57	11.95	13.64	16,650	3,326,370
01/21/2018	14.98	15.91	12.83	13.01	11,218	3,771,880
01/20/2018	12.57	16.67	12.57	14.95	17,880	3,162,210
01/19/2018	14.28	14.94	9.72	12.49	7,251	3,582,640
01/18/2018	15.27	15.81	12.49	14.39	15,401	3,814,850
01/17/2018	12.66	17.04	9.55	15.10	7,306	3,154,650
01/16/2018	15.86	21.88	10.42	12.71	36,374	3,942,610
01/15/2018	13.09	17.20	12.19	15.82	8,426	3,244,380
01/14/2018	15.91	16.94	11.53	13.09	9,831	3,928,890
01/13/2018	15.73	16.52	10.97	15.90	9,558	3,872,490
01/12/2018	14.31	16.03	13.69	15.73	4,646	3,514,590
01/11/2018	14.95	16.59	12.55	14.15	15,448	3,661,130
01/10/2018	15.46	17.57	14.03	14.99	8,923	3,755,340
01/09/2018	11.87	18.12	11.87	15.45	6,091	2,874,870
01/08/2018	10.69	17.76	9.21	11.91	8,739	2,579,720
01/07/2018	15.61	16.81	10.59	10.60	19,489	3,751,420
01/06/2018	12.90	18.57	9.71	15.61	8,898	3,094,000
01/05/2018	18.15	18.71	12.60	12.83	17,760	4,335,200
01/04/2018	12.27	18.36	10.63	17.55	14,675	2,927,370
01/03/2018	7.58	12.31	7.58	12.25	20,383	1,803,180
01/02/2018	7.93	10.46	7.22	10.12	7,648	1,877,750
01/01/2018	6.83	10.46	6.22	7.92	11,301	1,600,750
12/31/2017	4.65	6.84	3.86	6.84	6,674	1,086,110
12/30/2017	4.67	4.74	3.88	4.69	3,303	1,087,460
12/29/2017	4.20	5.46	4.18	4.67	3,531	977,539
12/28/2017	5.27	5.74	3.57	4.18	5,394	1,219,000
12/27/2017	6.19	6.43	3.67	5.28	5,750	1,429,090
12/26/2017	4.13	10.98	3.87	6.17	6,334	947,693
12/25/2017	2.70	5.11	2.70	4.13	2,791	620,295
12/24/2017	2.98	4.32	2.36	2.69	716	681,637
12/23/2017	2.32	5.37	2.32	2.94	1,926	530,792
12/22/2017	3.25	3.26	1.79	2.31	887	736,732
12/21/2017	3.28	3.45	3.14	3.23	35	730,981
12/20/2017	2.80	3.50	2.53	3.27	1,236	619,373
12/19/2017	3.40	3.74	2.43	2.81	2,120	747,297
12/18/2017	3.37	4.35	3.06	3.41	3,186	738,761
12/17/2017	4.78	4.89	3.03	3.37	1,671	1,044,690
12/16/2017	5.48	5.73	2.51	4.76	2,824	1,195,210
12/15/2017	4.16	5.53	3.70	5.47	4,020	906,012
12/14/2017	5.17	5.49	3.37	4.16	1,114	1,122,120
12/13/2017	5.95	6.08	4.77	5.17	1,183	1,290,640
12/12/2017	4.63	5.98	4.20	5.94	4,373	1,001,970
12/11/2017	3.95	4.69	3.83	4.66	1,609	851,540
12/10/2017	5.27	5.27	3.93	3.94	1,125	901,011
12/09/2017	5.36	5.66	4.15	5.25	3,110	915,760
12/08/2017	5.66	5.67	4.12	5.36	4,483	967,819
12/07/2017	5.09	5.89	4.10	4.12	5,240	870,070
12/06/2017	6.40	6.42	5.00	5.11	2,665	1,093,790
12/05/2017	6.53	6.77	6.40	6.41	2,822	1,116,950
12/04/2017	6.95	7.05	6.33	6.53	4,532	1,187,310
12/03/2017	5.81	7.19	5.53	6.93	5,411	993,760
12/02/2017	6.47	6.90	5.78	5.81	10,276	1,105,260
12/01/2017	4.70	6.47	4.44	6.47	7,763	803,760
11/30/2017	5.23	6.17	4.00	4.71	6,505	894,667
11/29/2017	5.43	8.86	4.56	5.17	26,996	928,524
11/28/2017	4.51	6.50	3.92	5.43	24,093	771,427
11/27/2017	3.86	4.70	3.40	4.52	23,007	-
11/26/2017	4.64	5.34	3.74	3.86	7,465	-
11/25/2017	4.81	6.42	3.76	4.64	20,947	-
11/24/2017	2.63	5.21	2.61	4.81	14,348	-
