Date	Open	High	Low	Close	Volume	Market Cap
07/15/2018	0.026195	0.029361	0.025926	0.026807	1,066,540	-
07/14/2018	0.025111	0.029183	0.025001	0.025993	1,012,440	-
07/13/2018	0.028470	0.029480	0.023464	0.025199	966,543	-
07/12/2018	0.032502	0.032577	0.027714	0.028361	1,012,460	-
07/11/2018	0.033515	0.034560	0.031889	0.032559	1,231,570	-
07/10/2018	0.041134	0.041574	0.032246	0.033618	1,596,920	-
07/09/2018	0.042318	0.042886	0.040417	0.041050	1,812,120	-
07/08/2018	0.043190	0.044620	0.042075	0.042575	1,713,290	-
07/07/2018	0.044682	0.045250	0.041399	0.043007	1,566,010	-
07/06/2018	0.046282	0.046537	0.041797	0.045022	1,537,850	-
07/05/2018	0.048341	0.049997	0.045479	0.046171	1,568,110	-
07/04/2018	0.048109	0.050118	0.047440	0.048139	1,716,820	-
07/03/2018	0.050596	0.051774	0.047774	0.048007	2,348,250	-
07/02/2018	0.049152	0.051291	0.046958	0.050773	2,445,340	-
07/01/2018	0.051580	0.052379	0.047709	0.049456	999,317	-
06/30/2018	0.046015	0.051769	0.046015	0.051606	1,492,800	-
06/29/2018	0.048447	0.048797	0.043553	0.045758	1,508,390	-
06/28/2018	0.048684	0.049188	0.046243	0.048478	1,698,530	-
06/27/2018	0.048478	0.049911	0.047157	0.048469	1,438,450	-
06/26/2018	0.053968	0.054170	0.048425	0.048924	1,129,100	-
06/25/2018	0.051304	0.055319	0.048946	0.053962	1,404,620	-
06/24/2018	0.054046	0.054395	0.047277	0.051611	1,532,370	-
06/23/2018	0.056426	0.057453	0.052389	0.054069	1,307,700	-
06/22/2018	0.058788	0.059919	0.048638	0.056463	1,939,790	-
06/21/2018	0.062529	0.063638	0.057111	0.059199	2,022,580	-
06/20/2018	0.068542	0.068542	0.060940	0.062628	1,829,270	-
06/19/2018	0.072612	0.073481	0.067466	0.068248	4,006,670	-
06/18/2018	0.069645	0.074886	0.068868	0.072613	2,717,530	-
06/17/2018	0.069993	0.071258	0.068900	0.069733	2,954,420	-
06/16/2018	0.071110	0.073236	0.068837	0.069969	2,820,520	-
06/15/2018	0.079239	0.079759	0.069313	0.071302	3,359,830	-
06/14/2018	0.068986	0.080859	0.068726	0.078987	4,555,790	-
06/13/2018	0.078102	0.080014	0.067574	0.068920	4,104,310	-
06/12/2018	0.089125	0.089125	0.077115	0.077871	4,322,540	-
06/11/2018	0.089098	0.089490	0.085645	0.089174	3,841,680	-
06/10/2018	0.105422	0.105422	0.086597	0.088975	2,198,530	-
06/09/2018	0.109214	0.110721	0.105289	0.105289	2,808,800	-
06/08/2018	0.111928	0.112221	0.107745	0.109149	2,748,450	-
06/07/2018	0.110256	0.113414	0.107055	0.111975	2,764,280	-
06/06/2018	0.111113	0.113372	0.099891	0.110574	2,587,210	-
06/05/2018	0.109838	0.112976	0.103997	0.111448	3,225,150	-
06/04/2018	0.111752	0.116085	0.104672	0.109769	2,457,840	-
06/03/2018	0.111702	0.115791	0.110100	0.112595	2,538,940	-
06/02/2018	0.113026	0.114374	0.110034	0.112011	2,572,900	-
06/01/2018	0.107582	0.114261	0.104105	0.113110	2,836,840	-
05/31/2018	0.107397	0.111596	0.105571	0.107622	2,517,800	-
05/30/2018	0.111213	0.116819	0.103800	0.107466	2,458,220	-
05/29/2018	0.097633	0.113881	0.094296	0.110251	2,847,990	-
05/28/2018	0.108508	0.109208	0.096993	0.097301	2,221,590	-
05/27/2018	0.105384	0.108899	0.101908	0.108899	2,569,720	-
05/26/2018	0.109916	0.111324	0.104807	0.105665	2,232,270	-
05/25/2018	0.101965	0.116599	0.092634	0.109859	3,297,840	-
05/24/2018	0.097814	0.107690	0.096226	0.102500	2,445,340	-
05/23/2018	0.117277	0.117870	0.096750	0.099926	2,419,720	-
05/22/2018	0.123990	0.125710	0.116320	0.117456	2,866,110	-
05/21/2018	0.127953	0.129490	0.122307	0.124334	3,499,300	-
05/20/2018	0.127974	0.130530	0.121953	0.127547	3,008,020	-
05/19/2018	0.131226	0.139432	0.126193	0.128055	3,284,580	-
05/18/2018	0.133598	0.144688	0.124958	0.131290	3,143,530	-
05/17/2018	0.130148	0.140350	0.128323	0.135123	3,515,340	-
05/16/2018	0.137018	0.137018	0.119295	0.131991	3,152,730	-
05/15/2018	0.144130	0.148029	0.131546	0.137297	4,435,990	-
05/14/2018	0.106908	0.146791	0.101039	0.146096	6,489,850	-
05/13/2018	0.094499	0.107521	0.093893	0.107239	1,967,760	-
05/12/2018	0.099571	0.101845	0.090684	0.095355	1,847,820	-
05/11/2018	0.111655	0.112127	0.094727	0.099354	2,292,870	-
05/10/2018	0.109837	0.119270	0.108767	0.111810	3,575,960	-
05/09/2018	0.110828	0.115449	0.106328	0.109707	3,110,170	-
05/08/2018	0.115615	0.117057	0.107593	0.111096	2,465,480	-
05/07/2018	0.113146	0.121337	0.102350	0.115999	3,119,230	-
05/06/2018	0.119998	0.121737	0.104544	0.111262	1,965,190	-
05/05/2018	0.117019	0.122768	0.114763	0.119827	3,188,840	-
05/04/2018	0.123816	0.123816	0.115678	0.117157	3,156,360	-
05/03/2018	0.113391	0.124385	0.112207	0.123924	2,680,800	-
05/02/2018	0.112500	0.115225	0.109918	0.113341	3,444,240	-
05/01/2018	0.110644	0.114596	0.103284	0.113366	2,965,310	-
04/30/2018	0.113650	0.116868	0.107717	0.110373	3,350,030	-
04/29/2018	0.122710	0.126443	0.110839	0.113719	3,545,800	-
04/28/2018	0.117704	0.123674	0.115910	0.121112	3,385,500	-
04/27/2018	0.118468	0.127340	0.111554	0.118215	3,642,070	-
04/26/2018	0.109315	0.121211	0.101917	0.118597	3,351,840	-
04/25/2018	0.134770	0.134911	0.102237	0.107404	2,794,840	-
04/24/2018	0.110900	0.137882	0.110090	0.133214	4,795,640	-
04/23/2018	0.110168	0.118462	0.106623	0.110288	5,865,980	-
04/22/2018	0.095174	0.121786	0.093267	0.110925	3,898,410	-
04/21/2018	0.101824	0.106140	0.089612	0.094836	2,784,260	-
04/20/2018	0.086636	0.104829	0.086636	0.101538	3,886,090	-
04/19/2018	0.084640	0.090353	0.084130	0.087280	2,966,770	-
04/18/2018	0.082362	0.085388	0.080396	0.084868	2,075,110	-
04/17/2018	0.082077	0.086424	0.079988	0.082198	2,665,110	-
04/16/2018	0.089201	0.090132	0.081945	0.083502	2,167,910	-
04/15/2018	0.083004	0.089133	0.083004	0.088265	2,474,800	-
04/14/2018	0.085179	0.088705	0.081384	0.082784	2,036,460	-
04/13/2018	0.086597	0.092719	0.082020	0.084914	3,255,190	-
04/12/2018	0.078920	0.086567	0.075991	0.085535	2,603,430	-
04/11/2018	0.084103	0.086907	0.076564	0.079250	2,626,490	-
04/10/2018	0.085694	0.088875	0.081612	0.084203	2,098,900	-
04/09/2018	0.093587	0.097477	0.080641	0.085857	2,286,170	-
04/08/2018	0.085768	0.098073	0.081408	0.093180	1,846,410	-
04/07/2018	0.084635	0.087082	0.081519	0.085751	2,217,390	-
04/06/2018	0.087572	0.089637	0.080182	0.084626	1,038,810	-
04/05/2018	0.084008	0.094196	0.081625	0.087856	1,623,610	-
04/04/2018	0.096284	0.096880	0.083583	0.086223	1,374,070	-
04/03/2018	0.083819	0.098405	0.079663	0.096275	1,823,190	-
04/02/2018	0.071689	0.103358	0.070911	0.083767	2,597,390	-
04/01/2018	0.073444	0.074226	0.066702	0.071225	1,485,420	-
03/31/2018	0.071316	0.077111	0.070841	0.073437	1,368,020	-
03/30/2018	0.075099	0.079668	0.065371	0.071336	1,009,050	-
03/29/2018	0.085823	0.087779	0.073569	0.074428	868,095	-
03/28/2018	0.080813	0.088423	0.078387	0.084304	910,908	-
03/27/2018	0.087591	0.087911	0.080043	0.080768	1,185,090	-
03/26/2018	0.092276	0.094999	0.080455	0.087647	1,039,770	-
03/25/2018	0.094106	0.094730	0.089253	0.092371	1,150,800	-
03/24/2018	0.092767	0.102463	0.092753	0.094779	1,436,980	-
03/23/2018	0.095185	0.097526	0.088661	0.092031	1,148,970	-
03/22/2018	0.099728	0.103295	0.091231	0.095185	1,176,120	-
03/21/2018	0.091422	0.105890	0.091422	0.099808	1,318,340	-
03/20/2018	0.085272	0.102468	0.084439	0.091252	1,181,450	-
03/19/2018	0.088041	0.093277	0.080084	0.084769	436,939	-
03/18/2018	0.105379	0.105408	0.079473	0.087546	447,712	-
03/17/2018	0.116059	0.118405	0.105159	0.105489	440,222	-
03/16/2018	0.117147	0.121698	0.110632	0.117625	975,026	-
03/15/2018	0.119812	0.124411	0.109073	0.117239	774,191	-
03/14/2018	0.134458	0.139072	0.117271	0.119841	358,866	-
03/13/2018	0.134797	0.143850	0.132070	0.134431	226,298	-
03/12/2018	0.143524	0.149239	0.134765	0.135122	248,147	-
03/11/2018	0.137713	0.148366	0.125284	0.143700	1,196,420	-
03/10/2018	0.144965	0.152089	0.129762	0.134546	763,162	-
03/09/2018	0.132194	0.145324	0.123297	0.144951	1,225,730	-
03/08/2018	0.151611	0.152200	0.130912	0.132601	1,298,750	-
03/07/2018	0.169332	0.175634	0.142972	0.151731	1,686,790	-
03/06/2018	0.177619	0.181516	0.161059	0.169382	3,080,280	-
03/05/2018	0.180942	0.185654	0.174543	0.177810	4,489,070	-
03/04/2018	0.187263	0.190524	0.171014	0.180979	3,547,610	-
03/03/2018	0.191098	0.199311	0.185320	0.187448	967,723	-
03/02/2018	0.199075	0.209767	0.184072	0.189129	3,424,430	-
03/01/2018	0.181224	0.209228	0.176910	0.200133	6,674,320	-
02/28/2018	0.176966	0.196013	0.175932	0.181114	4,480,640	-
02/27/2018	0.180888	0.190816	0.176171	0.176224	4,275,420	-
02/26/2018	0.166821	0.185370	0.166208	0.180275	1,537,350	-
02/25/2018	0.145548	0.205902	0.141847	0.169425	4,126,200	-
02/24/2018	0.147897	0.161117	0.141767	0.145714	2,223,300	-
02/23/2018	0.149409	0.159947	0.144462	0.147984	811,139	-
02/22/2018	0.153786	0.161227	0.145300	0.149456	1,826,760	-
02/21/2018	0.167970	0.171114	0.153850	0.153850	500,243	-
02/20/2018	0.166703	0.178613	0.165624	0.168580	508,394	-
02/19/2018	0.168018	0.175835	0.160536	0.166635	323,325	-
02/18/2018	0.177847	0.185160	0.165311	0.168276	1,215,590	-
02/17/2018	0.179069	0.185421	0.175607	0.177633	932,222	-
02/16/2018	0.183368	0.186761	0.177419	0.179058	785,140	-
02/15/2018	0.171846	0.189514	0.163847	0.183565	855,406	-
02/14/2018	0.168764	0.184211	0.165756	0.171798	2,157,800	-
02/13/2018	0.171512	0.181961	0.164951	0.169045	977,298	-
02/12/2018	0.166033	0.176108	0.166033	0.171367	880,660	-
02/11/2018	0.178567	0.178567	0.164611	0.165546	630,111	-
02/10/2018	0.178755	0.189483	0.172013	0.178630	1,566,210	-
02/09/2018	0.187722	0.187722	0.167805	0.177737	1,374,220	-
02/08/2018	0.158838	0.236559	0.158838	0.187313	8,714,340	-
02/07/2018	0.158005	0.175124	0.143323	0.159307	11,702,000	-
02/06/2018	0.144390	0.161024	0.116209	0.159353	2,090,120	-
02/05/2018	0.167120	0.177019	0.135121	0.144514	3,787,650	-
02/04/2018	0.194004	0.195734	0.167854	0.168329	2,183,940	-
02/03/2018	0.187885	0.198824	0.166293	0.193995	1,168,110	-
02/02/2018	0.188200	0.203174	0.161194	0.184631	11,832,800	-
02/01/2018	0.201895	0.212780	0.179482	0.188632	11,427,200	-
01/31/2018	0.183134	0.208336	0.173546	0.201587	5,676,940	-
01/30/2018	0.204521	0.205751	0.181874	0.182045	2,467,910	-
01/29/2018	0.222587	0.224616	0.199596	0.204491	2,026,410	-
01/28/2018	0.212157	0.234156	0.206016	0.223491	2,870,210	-
01/27/2018	0.218278	0.228413	0.210720	0.211364	2,107,650	-
01/26/2018	0.232251	0.250472	0.203751	0.217331	5,005,890	-
01/25/2018	0.216395	0.259837	0.215371	0.234582	8,313,170	-
01/24/2018	0.164371	0.233230	0.154261	0.214444	14,277,000	-
01/23/2018	0.150284	0.173051	0.140828	0.165531	7,598,330	-
01/22/2018	0.175151	0.185575	0.134857	0.150674	17,159,000	-
01/21/2018	0.204998	0.211911	0.166369	0.174197	10,590,800	-
01/20/2018	0.203326	0.226049	0.193293	0.207185	17,428,500	-
