Date	Open	High	Low	Close	Volume	Market Cap
07/15/2018	0.013846	0.014445	0.013771	0.014289	9,729	8,307,480
07/14/2018	0.014063	0.014118	0.013507	0.013850	41,622	8,437,620
07/13/2018	0.014275	0.014551	0.014033	0.014100	36,667	8,565,300
07/12/2018	0.015669	0.015763	0.013805	0.014099	86,462	9,401,280
07/11/2018	0.016370	0.016584	0.014702	0.015672	83,127	9,822,240
07/10/2018	0.017780	0.018392	0.016024	0.016370	146,455	10,668,100
07/09/2018	0.017364	0.018803	0.015997	0.017473	193,487	10,418,200
07/08/2018	0.016768	0.017589	0.016112	0.017367	79,121	10,060,700
07/07/2018	0.015880	0.016810	0.015449	0.016748	53,507	9,528,240
07/06/2018	0.016631	0.017440	0.014946	0.015669	95,294	9,978,780
07/05/2018	0.017386	0.018892	0.016085	0.016634	194,173	10,431,800
07/04/2018	0.015983	0.018867	0.015523	0.017557	811,332	9,589,740
07/03/2018	0.014403	0.017629	0.014379	0.016117	391,046	8,641,740
07/02/2018	0.012696	0.016741	0.012287	0.014534	183,679	7,617,660
07/01/2018	0.013572	0.013616	0.012283	0.012884	43,919	8,143,140
06/30/2018	0.012099	0.013667	0.011865	0.013569	157,935	7,259,280
06/29/2018	0.011713	0.012268	0.010983	0.012082	134,078	7,027,920
06/28/2018	0.012683	0.013009	0.011444	0.011706	57,978	7,610,010
06/27/2018	0.013497	0.013497	0.012469	0.012679	110,234	8,098,260
06/26/2018	0.013749	0.015337	0.013140	0.013503	219,352	8,249,140
06/25/2018	0.013106	0.016037	0.010724	0.013749	406,904	7,863,820
06/24/2018	0.013734	0.013963	0.012404	0.013132	55,806	8,240,560
06/23/2018	0.013740	0.014924	0.013155	0.013971	152,755	8,244,250
06/22/2018	0.016519	0.016534	0.013249	0.013798	140,506	9,911,690
06/21/2018	0.017283	0.017467	0.015603	0.016538	125,193	10,369,800
06/20/2018	0.017940	0.018137	0.016051	0.017281	107,981	10,763,900
06/19/2018	0.017429	0.018776	0.017353	0.017987	87,969	10,457,100
06/18/2018	0.016970	0.018221	0.015995	0.017197	134,772	10,181,900
06/17/2018	0.018366	0.018681	0.015305	0.017026	248,565	11,019,600
06/16/2018	0.018791	0.018807	0.017770	0.018326	29,124	11,274,800
06/15/2018	0.019515	0.019542	0.018129	0.018859	40,158	11,708,700
06/14/2018	0.017524	0.019546	0.017452	0.019546	101,050	10,514,400
06/13/2018	0.018983	0.019621	0.016553	0.017420	169,894	11,389,900
06/12/2018	0.020658	0.023393	0.018892	0.018932	144,987	12,394,900
06/11/2018	0.020789	0.021799	0.020045	0.020669	121,975	12,473,300
06/10/2018	0.025527	0.025617	0.020106	0.020759	172,230	15,316,100
06/09/2018	0.026844	0.027277	0.025494	0.025494	99,091	16,106,500
06/08/2018	0.026897	0.061714	0.026031	0.026856	230,430	16,138,100
06/07/2018	0.029269	0.030340	0.026485	0.026876	475,464	17,561,300
06/06/2018	0.029281	0.031296	0.028515	0.029395	319,825	17,568,600
06/05/2018	0.028763	0.029887	0.026114	0.029365	547,496	17,257,600
06/04/2018	0.031362	0.031803	0.027995	0.028710	357,022	18,817,200
06/03/2018	0.031220	0.032613	0.031026	0.031496	60,849	18,731,800
06/02/2018	0.030624	0.031484	0.029951	0.031484	45,559	18,374,500
06/01/2018	0.030994	0.031422	0.029958	0.030637	64,133	18,596,500
05/31/2018	0.029923	0.031541	0.029297	0.030969	50,095	17,953,600
05/30/2018	0.030002	0.047940	0.028925	0.029930	98,916	18,001,200
05/29/2018	0.027409	0.030831	0.027065	0.029983	72,682	16,445,600
05/28/2018	0.030917	0.031632	0.027279	0.027766	109,520	18,550,300
05/27/2018	0.031102	0.031816	0.030496	0.030910	44,549	18,661,000
05/26/2018	0.032111	0.032430	0.030891	0.031079	40,317	19,266,300
05/25/2018	0.033168	0.033795	0.031238	0.032152	53,013	19,901,000
05/24/2018	0.031702	0.034789	0.029396	0.033256	207,750	19,021,400
05/23/2018	0.035842	0.039110	0.030996	0.031741	193,768	21,505,000
05/22/2018	0.040944	0.041102	0.035522	0.035880	261,887	24,566,700
05/21/2018	0.042664	0.042694	0.039877	0.040952	199,914	25,598,300
05/20/2018	0.041264	0.043378	0.040677	0.042610	120,512	24,758,300
05/19/2018	0.042857	0.044277	0.040989	0.041234	265,774	25,714,400
05/18/2018	0.040960	0.043788	0.039329	0.042864	269,212	24,576,000
05/17/2018	0.041738	0.045269	0.040689	0.041223	604,559	25,042,800
05/16/2018	0.042438	0.045219	0.039176	0.041711	375,150	25,462,600
05/15/2018	0.045202	0.048712	0.042556	0.042756	438,164	27,121,200
05/14/2018	0.043440	0.046365	0.039848	0.044931	503,400	26,064,000
05/13/2018	0.041010	0.045189	0.039523	0.043208	368,719	24,606,200
05/12/2018	0.041045	0.042246	0.038051	0.041028	325,246	24,627,200
05/11/2018	0.049196	0.050666	0.038506	0.041047	955,129	29,517,800
05/10/2018	0.053792	0.054440	0.048760	0.048760	587,853	32,275,300
05/09/2018	0.054630	0.054749	0.048264	0.053799	591,685	32,778,200
05/08/2018	0.056316	0.057954	0.052998	0.054713	467,463	33,789,900
05/07/2018	0.056774	0.058229	0.051557	0.055670	789,306	34,064,300
05/06/2018	0.063055	0.063055	0.054179	0.057265	802,436	37,833,000
05/05/2018	0.059924	0.063246	0.059909	0.062954	1,970,900	35,954,400
05/04/2018	0.061564	0.062171	0.058439	0.059869	1,287,600	36,938,400
05/03/2018	0.062568	0.068899	0.059961	0.061591	1,489,620	37,540,900
05/02/2018	0.061891	0.063031	0.059824	0.062038	1,162,710	37,134,900
05/01/2018	0.061441	0.062316	0.056385	0.061681	1,665,480	36,864,500
04/30/2018	0.067000	0.067694	0.059626	0.061567	2,158,770	40,199,900
04/29/2018	0.071775	0.071783	0.062829	0.067340	4,712,990	43,065,000
04/28/2018	0.067489	0.072747	0.066579	0.071431	3,120,370	40,493,300
04/27/2018	0.065009	0.076226	0.063812	0.066755	5,226,240	39,005,400
04/26/2018	0.057252	0.065851	0.054080	0.065210	4,153,440	34,351,100
04/25/2018	0.071653	0.073540	0.055106	0.057100	5,495,220	42,991,500
04/24/2018	0.068398	0.079037	0.065139	0.072906	17,413,900	41,038,600
04/23/2018	0.056477	0.069233	0.056149	0.066682	6,963,570	33,886,200
04/22/2018	0.054642	0.058391	0.053751	0.056571	1,658,280	32,785,000
04/21/2018	0.056132	0.057387	0.050509	0.055052	2,219,770	33,679,400
04/20/2018	0.050682	0.057419	0.048258	0.056476	3,759,670	30,409,200
04/19/2018	0.050291	0.050731	0.047201	0.050731	2,768,250	30,174,400
04/18/2018	0.045649	0.050654	0.045649	0.049686	6,852,730	27,389,200
04/17/2018	0.045024	0.053868	0.042759	0.045411	4,775,390	27,014,500
04/16/2018	0.043881	0.049199	0.042451	0.044841	5,177,970	26,328,500
04/15/2018	0.041131	0.044014	0.040645	0.043499	2,152,280	24,678,300
04/14/2018	0.035230	0.048618	0.032893	0.041560	12,624,600	21,138,100
04/13/2018	0.034707	0.036659	0.033080	0.034728	1,756,550	20,824,100
04/12/2018	0.033330	0.035558	0.030400	0.035339	1,790,930	19,998,200
04/11/2018	0.033082	0.033918	0.031838	0.033564	1,324,760	19,849,200
04/10/2018	0.030491	0.034319	0.029353	0.033376	2,945,140	18,294,300
04/09/2018	0.029877	0.036396	0.029151	0.030599	5,128,410	17,926,100
04/08/2018	0.027275	0.031437	0.027033	0.030160	3,895,960	16,365,200
04/07/2018	0.025495	0.028722	0.025203	0.027251	670,101	15,297,200
04/06/2018	0.026092	0.026262	0.024569	0.025534	339,891	15,655,000
04/05/2018	0.026381	0.026720	0.024516	0.026093	541,883	15,828,600
04/04/2018	0.030841	0.030882	0.025939	0.026765	532,886	18,504,400
04/03/2018	0.027140	0.030700	0.026580	0.030580	1,320,800	16,284,200
04/02/2018	0.025725	0.029321	0.023427	0.026363	1,241,330	15,434,800
04/01/2018	0.025748	0.027742	0.022589	0.025600	854,842	15,449,000
03/31/2018	0.025748	0.026872	0.025018	0.025749	228,095	15,448,700
03/30/2018	0.027277	0.027475	0.024575	0.025745	277,117	16,366,200
03/29/2018	0.031688	0.032341	0.025800	0.027276	406,756	19,012,500
03/28/2018	0.031842	0.034361	0.031116	0.031807	529,879	19,105,000
03/27/2018	0.036333	0.036333	0.030550	0.031386	1,006,730	21,800,100
03/26/2018	0.035666	0.038334	0.030947	0.033544	1,591,820	21,399,900
03/25/2018	0.032688	0.041386	0.031554	0.035645	5,994,180	19,612,700
03/24/2018	0.033682	0.035248	0.031098	0.033223	932,192	20,209,300
03/23/2018	0.039792	0.040218	0.031826	0.032941	2,980,470	23,875,400
03/22/2018	0.038354	0.039243	0.033121	0.036180	1,245,860	23,012,400
03/21/2018	0.038858	0.041789	0.037181	0.038564	810,253	23,314,800
03/20/2018	0.037299	0.040419	0.034479	0.039519	669,491	22,379,600
03/19/2018	0.034821	0.038091	0.033373	0.037442	861,551	20,892,600
03/18/2018	0.037239	0.037239	0.026890	0.035314	898,924	22,343,600
03/17/2018	0.046329	0.046329	0.035262	0.036429	995,062	27,797,600
03/16/2018	0.045086	0.048515	0.039967	0.046254	331,486	27,051,800
03/15/2018	0.046832	0.047815	0.041442	0.045323	635,104	28,099,100
03/14/2018	0.056723	0.057569	0.046204	0.047350	999,018	34,033,900
03/13/2018	0.058901	0.060300	0.054479	0.056261	543,223	35,340,800
03/12/2018	0.063855	0.063926	0.054962	0.058515	760,058	38,312,900
03/11/2018	0.056033	0.068013	0.051549	0.063837	1,473,220	33,620,000
03/10/2018	0.059238	0.061228	0.054596	0.054862	676,195	35,543,000
03/09/2018	0.063003	0.064624	0.050377	0.059038	1,463,950	37,801,500
03/08/2018	0.069647	0.069647	0.061112	0.064256	1,555,330	41,788,000
03/07/2018	0.071937	0.091044	0.060640	0.071027	14,656,600	43,161,900
03/06/2018	0.082166	0.082166	0.069737	0.073723	1,992,220	49,299,400
03/05/2018	0.082695	0.085555	0.079939	0.083212	4,738,400	49,616,900
03/04/2018	0.086879	0.113805	0.084600	0.088423	44,378,100	52,127,300
03/03/2018	0.079147	0.080395	0.073452	0.075695	1,289,330	47,488,500
03/02/2018	0.084365	0.091548	0.074876	0.080264	6,099,500	50,619,100
03/01/2018	0.098737	0.100665	0.070242	0.089139	23,144,200	59,242,100
02/28/2018	0.059254	0.087984	0.058363	0.087886	12,489,400	35,552,200
02/27/2018	0.061344	0.061971	0.057321	0.059320	550,508	36,806,300
02/26/2018	0.059405	0.062516	0.057282	0.061638	222,787	35,643,200
02/25/2018	0.060054	0.061304	0.056486	0.059973	348,341	36,032,400
02/24/2018	0.063504	0.067946	0.057827	0.060148	349,459	38,102,200
02/23/2018	0.061483	0.066783	0.057545	0.063583	315,020	36,889,600
02/22/2018	0.063998	0.071830	0.057313	0.060879	726,226	38,399,100
02/21/2018	0.069772	0.071215	0.063303	0.064063	640,083	41,863,200
02/20/2018	0.082160	0.084558	0.068745	0.069659	1,505,990	49,295,900
02/19/2018	0.074855	0.082794	0.072730	0.082126	994,227	44,913,000
02/18/2018	0.086034	0.087053	0.073872	0.075282	986,237	51,620,600
02/17/2018	0.081303	0.090983	0.079101	0.086054	2,152,630	48,781,900
02/16/2018	0.080149	0.083688	0.074008	0.081226	1,206,250	48,089,200
02/15/2018	0.084503	0.084503	0.076914	0.081257	1,550,240	50,701,600
02/14/2018	0.075691	0.086311	0.074571	0.085178	1,411,630	45,414,600
02/13/2018	0.080949	0.080949	0.072941	0.075827	1,137,720	48,569,400
02/12/2018	0.072277	0.084074	0.070080	0.079910	1,346,010	43,366,200
02/11/2018	0.082293	0.082293	0.070282	0.072337	1,112,270	49,376,000
02/10/2018	0.088681	0.092523	0.076230	0.082039	3,619,580	53,208,900
02/09/2018	0.071828	0.099260	0.067928	0.089047	5,187,250	43,097,000
02/08/2018	0.063937	0.077480	0.063240	0.072246	2,468,800	38,362,400
02/07/2018	0.068393	0.078019	0.058199	0.063623	2,381,020	41,035,900
02/06/2018	0.059143	0.073178	0.042289	0.073178	5,791,650	35,485,600
02/05/2018	0.073391	0.073926	0.051305	0.055411	1,356,010	44,034,600
02/04/2018	0.090278	0.091178	0.068618	0.073696	2,019,480	54,167,000
02/03/2018	0.089488	0.097016	0.074138	0.091192	3,556,830	53,692,900
02/02/2018	0.094495	0.094510	0.062968	0.090183	5,385,440	56,697,300
02/01/2018	0.128973	0.130633	0.087387	0.095013	5,739,400	77,383,500
01/31/2018	0.119221	0.140068	0.102638	0.129124	14,219,400	71,532,400
01/30/2018	0.160524	0.163864	0.118810	0.118810	12,126,500	96,314,400
01/29/2018	0.168229	0.168229	0.149557	0.161982	10,549,700	100,938,000
01/28/2018	0.194038	0.197775	0.168076	0.175602	30,112,700	116,423,000
01/27/2018	0.198131	0.257036	0.188268	0.200307	121,402,000	118,879,000
01/26/2018	0.107729	0.176257	0.103789	0.176257	40,242,000	64,637,200
01/25/2018	0.105003	0.117334	0.101642	0.106899	2,834,710	63,001,800
01/24/2018	0.108133	0.108133	0.096669	0.103133	1,470,450	64,879,500
01/23/2018	0.118773	0.123776	0.098425	0.106049	3,701,190	71,263,700
01/22/2018	0.094844	0.169205	0.088297	0.124661	23,721,200	56,906,400
01/21/2018	0.110035	0.111501	0.090243	0.094975	1,544,870	66,020,700
01/20/2018	0.106920	0.114842	0.098656	0.110383	1,391,780	64,151,900
01/19/2018	0.110445	0.120553	0.102385	0.104651	1,381,120	66,266,900
01/18/2018	0.116996	0.120910	0.095612	0.111256	7,314,200	70,197,700
01/17/2018	0.077413	0.114490	0.061513	0.090355	6,082,800	46,448,100
01/16/2018	0.116804	0.132537	0.057581	0.075590	2,377,080	70,082,600
01/15/2018	0.128541	0.139823	0.116570	0.116570	2,043,990	77,124,600
01/14/2018	0.148002	0.148301	0.123769	0.130059	1,028,540	88,801,400
01/13/2018	0.152210	0.159590	0.145053	0.147903	1,441,470	91,325,700
01/12/2018	0.139953	0.165998	0.130215	0.150939	1,942,580	83,971,900
01/11/2018	0.180226	0.180226	0.110281	0.140931	2,901,090	108,135,000
01/10/2018	0.175251	0.202745	0.138288	0.180145	5,839,410	105,150,000
01/09/2018	0.185377	0.191687	0.169374	0.172233	2,801,610	111,226,000
01/08/2018	0.193275	0.242257	0.153775	0.186085	10,666,300	115,965,000
01/07/2018	0.183839	0.216400	0.179025	0.193519	4,816,610	110,303,000
01/06/2018	0.139041	0.207565	0.132889	0.185233	10,381,800	83,424,600
01/05/2018	0.132610	0.145376	0.102928	0.143220	3,766,920	79,566,200
01/04/2018	0.149198	0.162267	0.128405	0.136424	2,550,450	89,519,100
01/03/2018	0.112054	0.161648	0.103719	0.152074	7,344,970	67,232,300
01/02/2018	0.071085	0.132050	0.070447	0.116004	7,025,660	42,651,100
01/01/2018	0.073859	0.081928	0.067436	0.070766	927,550	44,315,200
12/31/2017	0.059002	0.080225	0.058751	0.073601	991,402	35,401,300
12/30/2017	0.064525	0.064731	0.051904	0.059419	659,545	38,715,300
12/29/2017	0.059852	0.067074	0.057817	0.064663	751,742	35,911,200
12/28/2017	0.060718	0.061762	0.053741	0.059523	206,431	36,430,600
12/27/2017	0.063770	0.065739	0.054468	0.060842	653,401	38,262,000
12/26/2017	0.068924	0.088977	0.050742	0.061932	2,234,630	41,354,500
12/25/2017	0.065073	0.073385	0.056988	0.067460	534,000	39,044,000
12/24/2017	0.055351	0.065876	0.047307	0.065876	554,833	33,210,700
12/23/2017	0.050105	0.060828	0.048327	0.056270	459,002	30,062,900
12/22/2017	0.056290	0.057193	0.035019	0.049385	526,916	33,774,200
12/21/2017	0.064775	0.068140	0.053065	0.056919	888,826	38,865,100
12/20/2017	0.046537	0.070471	0.040938	0.065610	2,223,540	27,922,200
12/19/2017	0.044964	0.048922	0.043741	0.045549	382,505	26,978,400
12/18/2017	0.039603	0.046376	0.037853	0.045279	400,367	23,761,900
12/17/2017	0.037846	0.045732	0.036370	0.038936	472,858	22,707,400
12/16/2017	0.037108	0.038067	0.034742	0.037828	221,331	22,264,600
12/15/2017	0.037221	0.037422	0.033778	0.036891	209,505	22,332,700
12/14/2017	0.032751	0.037350	0.031820	0.037324	365,792	19,650,400
12/13/2017	0.037901	0.038493	0.031517	0.032188	401,473	22,740,400
12/12/2017	0.028289	0.040862	0.026903	0.037869	350,756	16,973,700
12/11/2017	0.027118	0.029722	0.025923	0.028208	69,503	16,271,100
12/10/2017	0.028587	0.028587	0.023085	0.027301	103,800	17,152,200
12/09/2017	0.032229	0.032839	0.027058	0.028608	177,329	19,337,400
12/08/2017	0.029453	0.032439	0.024692	0.032428	121,502	17,671,700
12/07/2017	0.029984	0.033346	0.028202	0.029062	255,625	17,990,300
12/06/2017	0.033504	0.035410	0.024544	0.030038	731,403	20,102,200
12/05/2017	0.024906	0.034984	0.024084	0.034238	1,294,930	14,943,600
12/04/2017	0.021541	0.025182	0.021517	0.024969	143,039	12,924,300
12/03/2017	0.020317	0.022466	0.020071	0.021471	47,034	12,190,300
12/02/2017	0.021355	0.021692	0.020159	0.020716	45,510	12,812,800
12/01/2017	0.019411	0.021410	0.018951	0.021372	36,880	11,646,500
11/30/2017	0.019608	0.021848	0.017698	0.019505	64,947	11,765,000
11/29/2017	0.023691	0.025986	0.019154	0.019320	168,010	14,214,500
11/28/2017	0.023427	0.023670	0.022344	0.023620	90,968	14,056,100
11/27/2017	0.021437	0.023516	0.021279	0.023377	103,299	12,861,900
11/26/2017	0.020240	0.022121	0.019714	0.021433	48,780	12,143,800
11/25/2017	0.018854	0.020245	0.018854	0.020245	86,205	11,312,600
11/24/2017	0.018898	0.020127	0.018420	0.019111	94,091	11,338,800
11/23/2017	0.019349	0.019950	0.018780	0.018929	54,363	11,609,300
11/22/2017	0.018923	0.019817	0.018464	0.019347	84,097	11,353,900
11/21/2017	0.019603	0.020432	0.017214	0.019101	168,157	11,761,700
11/20/2017	0.018919	0.019656	0.018214	0.019194	67,508	11,351,600
11/19/2017	0.019289	0.019517	0.018475	0.019000	51,621	11,573,400
11/18/2017	0.019023	0.020447	0.018326	0.019606	72,651	11,413,900
11/17/2017	0.018827	0.020855	0.018590	0.019091	130,747	11,296,100
11/16/2017	0.020297	0.020679	0.018832	0.019070	99,240	12,178,000
11/15/2017	0.019649	0.021022	0.019197	0.020198	53,250	11,789,600
11/14/2017	0.019528	0.020317	0.018515	0.019817	55,459	11,716,800
11/13/2017	0.017215	0.020112	0.017140	0.019493	62,643	10,329,200
11/12/2017	0.020103	0.022883	0.016804	0.017296	281,023	12,061,600
11/11/2017	0.019050	0.022269	0.018802	0.020295	193,843	11,430,200
11/10/2017	0.022021	0.022537	0.018169	0.019116	93,115	13,212,600
11/09/2017	0.022421	0.022942	0.020019	0.021959	201,802	13,452,700
11/08/2017	0.018917	0.022457	0.018917	0.022238	148,621	11,350,100
11/07/2017	0.019349	0.020140	0.018593	0.018970	54,951	11,609,500
11/06/2017	0.019495	0.021092	0.018329	0.019488	231,852	11,696,900
11/05/2017	0.019950	0.025971	0.018333	0.019455	392,666	11,969,800
11/04/2017	0.021198	0.021990	0.019971	0.019971	163,061	12,718,600
11/03/2017	0.022539	0.023128	0.020604	0.021244	128,136	13,523,300
11/02/2017	0.025306	0.033554	0.019173	0.021818	665,476	15,183,400
11/01/2017	0.028945	0.049229	0.025122	0.025341	2,610,860	17,367,200
10/31/2017	0.027870	0.033163	0.026235	0.029290	772,822	16,722,000
10/30/2017	0.029573	0.030244	0.027411	0.027954	65,367	17,743,800
10/29/2017	0.028334	0.034745	0.027237	0.029737	94,300	17,000,600
10/28/2017	0.025386	0.033269	0.025386	0.028423	240,968	15,231,600
10/27/2017	0.026993	0.027627	0.025406	0.026065	27,282	16,196,000
10/26/2017	0.027351	0.028130	0.025236	0.026990	40,866	16,410,400
10/25/2017	0.027260	0.028503	0.025160	0.026890	58,713	16,356,200
10/24/2017	0.024506	0.030948	0.023888	0.027248	83,871	14,703,700
10/23/2017	0.027170	0.027661	0.023806	0.024558	87,347	16,301,900
10/22/2017	0.028123	0.029014	0.026674	0.027208	39,272	16,873,500
10/21/2017	0.030757	0.031689	0.026449	0.028115	88,173	18,454,300
10/20/2017	0.031234	0.033984	0.030408	0.031342	117,296	18,740,700
10/19/2017	0.032485	0.033776	0.029859	0.031228	128,707	19,491,000
10/18/2017	0.037539	0.039055	0.029240	0.032474	412,276	22,523,500
10/17/2017	0.037936	0.069060	0.033361	0.037251	2,935,520	22,761,400
10/16/2017	0.029383	0.046816	0.027458	0.037505	432,536	17,629,700
10/15/2017	0.031292	0.031292	0.027422	0.028999	20,724	18,775,300
10/14/2017	0.032612	0.034928	0.030679	0.031235	87,701	19,567,400
10/13/2017	0.032706	0.036168	0.031733	0.032597	75,378	19,623,800
10/12/2017	0.028930	0.035389	0.028889	0.033509	130,546	17,358,200
10/11/2017	0.025794	0.030309	0.025646	0.028511	60,612	15,476,400
10/10/2017	0.026340	0.027979	0.024381	0.025798	54,014	15,803,800
10/09/2017	0.030466	0.030467	0.025165	0.026333	111,569	18,279,400
10/08/2017	0.034632	0.040122	0.030063	0.030081	167,943	20,779,000
10/07/2017	0.031345	0.040877	0.031044	0.035503	401,734	18,806,800
10/06/2017	0.032564	0.033079	0.030160	0.031344	51,804	19,538,400
10/05/2017	0.033346	0.033945	0.030496	0.032533	41,422	20,007,500
10/04/2017	0.033824	0.035126	0.031947	0.033356	39,573	20,294,500
10/03/2017	0.037369	0.037501	0.032331	0.033746	74,527	22,421,400
10/02/2017	0.039264	0.040393	0.036289	0.037365	72,194	23,558,600
10/01/2017	0.041188	0.041314	0.038377	0.039277	100,335	24,712,500
09/30/2017	0.041209	0.042811	0.040521	0.041167	90,994	24,725,200
09/29/2017	0.041693	0.042315	0.039484	0.040889	50,202	25,015,900
09/28/2017	0.041295	0.043985	0.040296	0.041805	83,039	24,777,300
09/27/2017	0.038813	0.042220	0.038381	0.041298	82,684	23,288,000
09/26/2017	0.037842	0.040480	0.037842	0.038491	149,747	22,705,300
09/25/2017	0.035084	0.039276	0.034758	0.037846	82,451	21,050,200
09/24/2017	0.036271	0.036381	0.034016	0.035107	40,061	21,762,400
09/23/2017	0.035708	0.036273	0.032835	0.036273	54,393	21,424,500
09/22/2017	0.036827	0.037986	0.032936	0.035802	72,237	22,096,300
09/21/2017	0.038382	0.056142	0.033299	0.036259	817,233	23,028,900
09/20/2017	0.038270	0.040008	0.037195	0.038421	34,329	22,962,300
09/19/2017	0.041214	0.041291	0.037545	0.038319	50,424	24,728,200
09/18/2017	0.036362	0.042346	0.036362	0.041111	106,227	21,817,200
09/17/2017	0.035062	0.037038	0.033084	0.035954	18,753	21,037,300
09/16/2017	0.036062	0.037648	0.033568	0.035094	16,877	21,637,000
09/15/2017	0.032042	0.037933	0.028577	0.036139	61,022	19,225,100
09/14/2017	0.038766	0.040662	0.031686	0.031872	64,067	23,259,500
09/13/2017	0.042970	0.042970	0.035343	0.038779	49,480	25,782,200
09/12/2017	0.043025	0.045736	0.041913	0.042943	48,661	25,815,200
09/11/2017	0.045621	0.046301	0.041867	0.043033	95,934	27,372,900
09/10/2017	0.044722	0.047011	0.041569	0.045482	63,954	26,833,400
09/09/2017	0.043872	0.046791	0.041118	0.044690	86,399	26,322,900
09/08/2017	0.048824	0.049602	0.040686	0.042681	90,658	29,294,500
09/07/2017	0.048256	0.050070	0.046383	0.048800	127,395	28,953,800
09/06/2017	0.048480	0.056176	0.046531	0.048311	179,716	29,087,800
09/05/2017	0.044704	0.049649	0.035864	0.048397	235,051	26,822,600
09/04/2017	0.049832	0.059304	0.036631	0.044513	429,055	29,899,200
09/03/2017	0.049620	0.051645	0.046041	0.050475	126,222	29,772,300
09/02/2017	0.058699	0.060093	0.049461	0.049823	93,292	35,219,500
09/01/2017	0.057053	0.059505	0.054659	0.058676	137,586	34,231,700
08/31/2017	0.051163	0.058635	0.051034	0.057593	153,143	30,697,800
08/30/2017	0.055368	0.057279	0.050325	0.051682	176,011	33,220,500
08/29/2017	0.056975	0.059131	0.050668	0.055210	281,532	34,185,000
08/28/2017	0.054852	0.067558	0.053274	0.056618	782,169	32,911,200
08/27/2017	0.050028	0.055042	0.046738	0.054853	256,896	30,016,500
08/26/2017	0.047129	0.054189	0.045686	0.050669	329,751	28,277,400
08/25/2017	0.049876	0.051228	0.044674	0.046142	283,822	29,925,800
08/24/2017	0.050856	0.050953	0.045717	0.049936	219,474	30,513,500
08/23/2017	0.054019	0.060242	0.047743	0.050838	216,914	32,411,600
08/22/2017	0.058480	0.060983	0.047492	0.054223	171,759	35,087,900
08/21/2017	0.053111	0.061112	0.051126	0.058378	217,663	31,866,600
08/20/2017	0.054909	0.055811	0.049429	0.053456	128,450	32,945,300
08/19/2017	0.055028	0.061558	0.049214	0.055099	181,950	33,017,000
08/18/2017	0.069385	0.070363	0.052923	0.055235	487,838	41,631,100
08/17/2017	0.078423	0.081104	0.063582	0.069060	814,684	47,053,700
08/16/2017	0.058551	0.078482	0.055836	0.078482	825,304	35,130,700
08/15/2017	0.044660	0.060511	0.043854	0.058134	266,556	26,796,300
08/14/2017	0.053717	0.059474	0.043273	0.045432	296,236	32,230,200
08/13/2017	0.059554	0.062725	0.048933	0.053674	355,140	35,732,200
08/12/2017	0.066715	0.085703	0.051475	0.060207	1,541,310	40,029,300
08/11/2017	0.043687	0.082718	0.041204	0.064791	1,737,850	26,212,400
08/10/2017	0.044088	0.044934	0.040852	0.041987	69,826	26,452,700
08/09/2017	0.039379	0.045433	0.038440	0.044092	85,892	23,627,400
08/08/2017	0.037496	0.040645	0.036725	0.039494	64,172	22,497,800
08/07/2017	0.035531	0.039385	0.034029	0.037463	135,518	21,318,400
08/06/2017	0.032618	0.036365	0.031408	0.035608	76,886	19,570,500
08/05/2017	0.028417	0.036920	0.027478	0.032933	110,270	17,050,200
08/04/2017	0.028610	0.028847	0.026683	0.028399	35,017	17,165,800
08/03/2017	0.026856	0.028869	0.026661	0.028611	33,447	16,113,700
08/02/2017	0.027719	0.028658	0.025669	0.026745	52,579	16,631,200
08/01/2017	0.027851	0.030450	0.025533	0.028282	64,631	16,710,700
07/31/2017	0.027591	0.028416	0.026426	0.027835	7,480	16,554,800
07/30/2017	0.028525	0.028744	0.026169	0.027555	25,972	17,115,100
07/29/2017	0.029656	0.029656	0.026068	0.028535	27,873	17,793,800
07/28/2017	0.029621	0.031133	0.026798	0.029552	50,426	17,772,800
07/27/2017	0.029082	0.030578	0.027552	0.029542	24,470	17,449,000
07/26/2017	0.027581	0.029696	0.024414	0.028998	117,396	16,548,300
07/25/2017	0.033981	0.035309	0.027831	0.029437	37,918	20,388,700
07/24/2017	0.032831	0.035697	0.028859	0.033975	87,228	19,698,800
07/23/2017	0.032117	0.033707	0.029616	0.032844	17,556	19,270,200
07/22/2017	0.030099	0.034001	0.028207	0.032136	42,519	18,059,200
07/21/2017	0.035298	0.036747	0.028070	0.030109	74,411	21,179,100
07/20/2017	0.029515	0.036997	0.029515	0.036101	44,883	17,709,200
07/19/2017	0.033376	0.034153	0.028771	0.029513	165,718	20,025,300
07/18/2017	0.027861	0.038652	0.025743	0.033235	131,243	16,716,600
07/17/2017	0.022513	0.027758	0.020901	0.027758	78,249	13,507,700
07/16/2017	0.023357	0.023787	0.018055	0.022612	88,237	14,014,400
07/15/2017	0.030277	0.030882	0.020713	0.023437	95,193	18,166,200
07/14/2017	0.030388	0.032862	0.025946	0.029796	104,601	18,232,600
07/13/2017	0.033415	0.034488	0.027455	0.030436	140,836	20,048,800
07/12/2017	0.028070	0.034957	0.024130	0.033301	130,856	16,841,900
07/11/2017	0.035528	0.038325	0.026522	0.028121	221,655	21,317,000
07/10/2017	0.028468	0.042002	0.025286	0.035742	698,577	17,080,900
07/09/2017	0.028173	0.028797	0.023486	0.028308	184,421	16,903,800
07/08/2017	0.029459	0.033831	0.026412	0.028480	216,862	17,675,300
07/07/2017	0.043177	0.045372	0.027037	0.028385	325,172	25,906,200
07/06/2017	0.057364	0.059499	0.040829	0.042929	521,799	-
07/05/2017	0.075295	0.078785	0.054759	0.057342	448,820	-
07/04/2017	0.104374	0.927688	0.072320	0.075177	923,305	-
07/03/2017	0.064697	0.105960	0.060540	0.060540	79,835	-
07/02/2017	0.059505	0.065439	0.042443	0.065196	334	-
