Date	Open	High	Low	Close	Volume	Market Cap
07/15/2018	1.70	1.80	1.69	1.76	5,554,860	395,566,000
07/14/2018	1.70	1.72	1.68	1.70	3,963,970	395,697,000
07/13/2018	1.67	1.73	1.66	1.70	6,051,460	390,260,000
07/12/2018	1.75	1.76	1.64	1.66	4,787,970	408,571,000
07/11/2018	1.77	1.80	1.68	1.75	6,136,150	413,581,000
07/10/2018	2.00	2.01	1.76	1.76	7,126,930	466,351,000
07/09/2018	2.12	2.13	2.01	2.01	7,326,140	494,309,000
07/08/2018	2.18	2.21	2.12	2.13	5,602,700	508,187,000
07/07/2018	2.16	2.18	2.05	2.18	5,760,560	502,534,000
07/06/2018	2.16	2.18	2.04	2.16	6,606,360	503,683,000
07/05/2018	2.43	2.62	2.10	2.16	8,318,730	567,027,000
07/04/2018	2.06	2.62	2.01	2.41	16,924,200	480,311,000
07/03/2018	2.13	2.25	2.06	2.07	12,572,500	495,243,000
07/02/2018	1.94	2.14	1.91	2.13	7,878,110	451,950,000
07/01/2018	1.98	2.01	1.87	1.93	6,716,010	461,928,000
06/30/2018	1.83	1.99	1.82	1.98	8,135,970	427,427,000
06/29/2018	1.69	1.84	1.68	1.83	4,996,920	394,452,000
06/28/2018	1.86	1.88	1.68	1.70	5,538,540	433,945,000
06/27/2018	1.82	1.88	1.78	1.86	5,326,250	424,135,000
06/26/2018	1.94	1.95	1.81	1.82	5,696,920	453,168,000
06/25/2018	1.81	2.03	1.77	1.94	7,712,770	420,869,000
06/24/2018	1.93	1.94	1.65	1.82	8,945,510	450,092,000
06/23/2018	2.06	2.08	1.88	1.93	7,124,730	479,195,000
06/22/2018	2.51	2.52	2.04	2.05	10,237,400	584,496,000
06/21/2018	2.58	2.59	2.47	2.50	6,584,990	601,435,000
06/20/2018	2.62	2.63	2.54	2.59	6,353,640	611,253,000
06/19/2018	2.66	2.66	2.57	2.62	8,045,220	619,689,000
06/18/2018	2.57	2.69	2.49	2.66	7,718,300	599,374,000
06/17/2018	2.61	2.64	2.57	2.58	6,170,950	608,360,000
06/16/2018	2.60	2.65	2.54	2.60	6,001,520	605,868,000
06/15/2018	2.71	2.72	2.60	2.60	8,315,630	631,967,000
06/14/2018	2.53	2.73	2.50	2.71	13,826,000	589,598,000
06/13/2018	2.70	2.71	2.39	2.54	14,042,900	629,479,000
06/12/2018	3.02	3.02	2.66	2.70	11,382,600	702,920,000
06/11/2018	2.93	3.07	2.68	3.02	19,592,900	681,694,000
06/10/2018	3.46	3.46	2.86	2.92	15,299,200	806,229,000
06/09/2018	3.54	3.64	3.45	3.45	10,889,700	825,447,000
06/08/2018	3.71	3.72	3.45	3.54	15,887,200	863,652,000
06/07/2018	3.60	3.95	3.60	3.70	34,614,700	839,943,000
06/06/2018	3.40	3.63	3.31	3.60	21,125,100	793,416,000
06/05/2018	3.27	3.40	3.14	3.40	11,743,500	761,289,000
06/04/2018	3.52	3.55	3.21	3.26	11,345,900	820,515,000
06/03/2018	3.63	3.63	3.50	3.53	13,644,200	845,080,000
06/02/2018	3.13	3.66	3.13	3.63	20,200,200	730,163,000
06/01/2018	3.16	3.18	3.10	3.13	9,692,680	736,390,000
05/31/2018	3.12	3.21	3.09	3.15	13,373,800	727,219,000
05/30/2018	3.18	3.26	3.06	3.12	12,293,500	740,699,000
05/29/2018	2.98	3.24	2.92	3.18	13,158,300	693,618,000
05/28/2018	3.20	3.27	2.98	2.98	12,002,400	745,356,000
05/27/2018	3.19	3.21	3.13	3.20	8,927,240	743,923,000
05/26/2018	3.18	3.30	3.14	3.19	11,145,500	741,148,000
05/25/2018	3.29	3.31	3.13	3.19	16,894,400	766,200,000
05/24/2018	3.01	3.29	2.93	3.28	22,681,500	701,930,000
05/23/2018	3.57	3.58	2.97	3.02	29,381,100	831,787,000
05/22/2018	3.83	3.87	3.56	3.58	16,629,300	893,631,000
05/21/2018	4.01	4.03	3.80	3.84	20,805,600	934,518,000
05/20/2018	3.86	4.09	3.81	4.00	19,896,500	898,395,000
05/19/2018	3.81	3.91	3.75	3.85	17,843,700	887,085,000
05/18/2018	3.78	3.90	3.71	3.81	22,553,500	881,890,000
05/17/2018	3.96	4.19	3.77	3.79	24,890,100	922,253,000
05/16/2018	4.37	4.47	3.81	3.95	35,955,400	1,019,200,000
05/15/2018	3.95	4.54	3.95	4.39	46,922,500	919,784,000
05/14/2018	3.97	4.06	3.72	3.95	23,706,700	924,030,000
05/13/2018	3.90	4.14	3.64	3.97	28,659,500	907,963,000
05/12/2018	3.87	4.05	3.27	3.89	31,698,900	902,655,000
05/11/2018	4.39	4.49	3.78	3.89	28,206,300	1,022,500,000
05/10/2018	4.68	4.87	4.41	4.42	37,152,500	1,090,720,000
05/09/2018	4.55	4.82	4.26	4.67	37,066,500	1,060,550,000
05/08/2018	4.17	4.65	4.17	4.55	41,134,700	971,264,000
05/07/2018	4.28	4.36	3.91	4.16	32,083,100	998,208,000
05/06/2018	4.59	4.64	4.07	4.28	32,105,500	1,070,130,000
05/05/2018	4.75	5.00	4.54	4.59	41,873,600	1,107,350,000
05/04/2018	4.54	4.84	4.39	4.77	34,764,600	1,057,720,000
05/03/2018	4.64	4.82	4.51	4.58	28,820,300	1,081,910,000
05/02/2018	4.60	4.85	4.52	4.64	46,875,900	1,072,800,000
05/01/2018	4.52	4.68	4.07	4.68	32,280,600	1,052,120,000
04/30/2018	5.02	5.13	4.33	4.49	55,883,600	1,169,580,000
04/29/2018	4.23	5.86	4.23	4.99	139,217,000	986,204,000
04/28/2018	2.90	4.44	2.88	4.26	88,865,900	676,692,000
04/27/2018	2.62	3.17	2.57	2.90	37,519,600	611,516,000
04/26/2018	2.30	2.64	2.27	2.61	22,985,000	536,876,000
04/25/2018	2.59	2.59	2.20	2.29	16,416,000	603,720,000
04/24/2018	2.33	2.63	2.33	2.62	19,955,100	543,272,000
04/23/2018	2.32	2.42	2.31	2.33	16,280,400	539,758,000
04/22/2018	1.98	2.45	1.97	2.32	23,847,500	461,449,000
04/21/2018	2.06	2.09	1.85	1.98	15,568,100	479,782,000
04/20/2018	1.99	2.10	1.96	2.06	17,785,400	464,487,000
04/19/2018	1.86	2.01	1.85	1.99	13,536,700	433,403,000
04/18/2018	1.73	1.87	1.72	1.86	11,675,500	402,400,000
04/17/2018	1.78	1.81	1.72	1.73	9,716,440	415,396,000
04/16/2018	1.83	1.83	1.70	1.78	10,605,600	425,268,000
04/15/2018	1.72	1.83	1.72	1.83	7,301,330	401,733,000
04/14/2018	1.68	1.80	1.66	1.72	6,076,820	391,367,000
04/13/2018	1.68	1.90	1.64	1.70	9,425,760	391,072,000
04/12/2018	1.47	1.67	1.45	1.66	9,354,580	342,308,000
04/11/2018	1.36	1.47	1.35	1.47	4,428,730	315,834,000
04/10/2018	1.33	1.37	1.29	1.35	5,170,090	309,250,000
04/09/2018	1.40	1.44	1.28	1.32	6,228,840	325,325,000
04/08/2018	1.39	1.42	1.39	1.39	3,033,710	324,679,000
04/07/2018	1.36	1.42	1.36	1.39	2,634,920	317,618,000
04/06/2018	1.40	1.41	1.34	1.36	2,401,780	326,284,000
04/05/2018	1.43	1.45	1.35	1.41	5,666,730	332,265,000
04/04/2018	1.50	1.50	1.39	1.43	4,570,540	350,537,000
04/03/2018	1.48	1.54	1.46	1.50	4,359,900	344,492,000
04/02/2018	1.48	1.52	1.45	1.47	2,183,650	344,754,000
04/01/2018	1.59	1.61	1.40	1.47	2,974,510	369,541,000
03/31/2018	1.54	1.66	1.54	1.59	3,311,140	359,051,000
03/30/2018	1.43	1.65	1.37	1.54	7,037,270	332,073,000
03/29/2018	1.64	1.65	1.40	1.42	3,246,180	382,719,000
03/28/2018	1.58	1.70	1.56	1.64	4,091,060	367,516,000
03/27/2018	1.60	1.69	1.52	1.58	3,504,030	373,786,000
03/26/2018	1.65	1.70	1.52	1.60	2,612,480	383,482,000
03/25/2018	1.66	1.68	1.61	1.64	1,714,780	385,926,000
03/24/2018	1.70	1.74	1.67	1.67	2,492,240	395,911,000
03/23/2018	1.68	1.69	1.55	1.69	3,157,770	391,208,000
03/22/2018	1.75	1.82	1.58	1.68	3,615,960	407,181,000
03/21/2018	1.66	1.77	1.65	1.75	2,733,890	386,627,000
03/20/2018	1.60	1.73	1.54	1.66	2,604,610	372,726,000
03/19/2018	1.38	1.64	1.37	1.58	3,766,160	322,719,000
03/18/2018	1.49	1.49	1.20	1.39	3,064,900	348,161,000
03/17/2018	1.62	1.62	1.48	1.50	3,615,700	376,337,000
03/16/2018	1.62	1.66	1.57	1.61	3,794,970	376,334,000
03/15/2018	1.58	1.63	1.52	1.62	3,000,830	367,515,000
03/14/2018	1.72	1.76	1.55	1.58	2,764,920	400,964,000
03/13/2018	1.77	1.81	1.70	1.72	2,199,740	411,817,000
03/12/2018	1.84	1.87	1.73	1.77	1,892,480	429,004,000
03/11/2018	1.77	1.88	1.73	1.83	1,742,250	412,298,000
03/10/2018	1.87	1.92	1.76	1.77	1,973,150	436,661,000
03/09/2018	1.85	1.87	1.70	1.87	4,413,590	431,191,000
03/08/2018	1.87	1.93	1.73	1.85	4,135,560	436,105,000
03/07/2018	2.12	2.16	1.81	1.88	4,148,770	493,871,000
03/06/2018	2.31	2.31	2.10	2.12	3,012,900	537,248,000
03/05/2018	2.32	2.36	2.29	2.30	2,081,650	541,309,000
03/04/2018	2.30	2.33	2.26	2.32	2,560,440	535,297,000
03/03/2018	2.35	2.40	2.28	2.30	2,165,790	547,408,000
03/02/2018	2.37	2.44	2.29	2.36	2,379,310	551,296,000
03/01/2018	2.28	2.48	2.24	2.35	3,402,770	530,770,000
02/28/2018	2.43	2.61	2.27	2.28	6,857,090	566,617,000
02/27/2018	2.24	2.64	2.18	2.45	8,332,700	521,511,000
02/26/2018	2.16	2.25	2.07	2.22	3,059,990	502,723,000
02/25/2018	2.22	2.27	2.08	2.16	3,149,650	516,912,000
02/24/2018	2.30	2.37	2.18	2.23	2,518,140	536,128,000
02/23/2018	2.24	2.41	2.19	2.30	3,459,750	521,525,000
02/22/2018	2.34	2.52	2.22	2.26	4,527,210	544,959,000
02/21/2018	2.54	2.54	2.27	2.34	4,012,920	592,488,000
02/20/2018	2.72	2.76	2.52	2.53	4,470,310	633,407,000
02/19/2018	2.56	2.85	2.55	2.69	3,536,050	596,454,000
02/18/2018	2.68	2.74	2.50	2.57	3,565,100	625,385,000
02/17/2018	2.61	2.73	2.59	2.68	3,016,070	608,262,000
02/16/2018	2.56	2.66	2.54	2.61	2,849,720	597,396,000
02/15/2018	2.63	2.68	2.51	2.56	3,817,200	614,007,000
02/14/2018	2.43	2.64	2.43	2.64	4,919,220	565,753,000
02/13/2018	2.62	2.62	2.31	2.42	7,490,450	610,495,000
02/12/2018	2.51	2.72	2.51	2.63	3,573,810	585,744,000
02/11/2018	2.76	2.76	2.34	2.50	7,236,360	643,255,000
02/10/2018	2.91	2.99	2.66	2.76	6,130,930	678,378,000
02/09/2018	2.87	3.04	2.73	2.91	4,705,450	669,202,000
02/08/2018	2.58	2.95	2.58	2.87	21,679,800	600,526,000
02/07/2018	2.38	3.44	2.15	2.55	29,364,300	554,151,000
02/06/2018	2.12	2.40	1.75	2.39	7,492,040	494,438,000
02/05/2018	2.51	2.57	1.98	2.10	5,440,170	584,646,000
02/04/2018	2.86	2.91	2.50	2.54	4,240,530	665,608,000
02/03/2018	2.60	2.97	2.41	2.84	6,101,430	606,924,000
02/02/2018	2.69	2.72	2.20	2.60	6,815,050	627,518,000
02/01/2018	2.99	3.14	2.59	2.70	7,004,030	696,379,000
01/31/2018	2.44	2.95	2.33	2.95	4,352,570	567,460,000
01/30/2018	3.04	3.05	2.45	2.46	5,563,420	707,663,000
01/29/2018	3.23	3.38	2.80	3.03	5,425,230	752,910,000
01/28/2018	2.87	3.52	2.87	3.21	11,368,100	668,684,000
01/27/2018	2.44	2.98	2.43	2.86	6,201,390	567,729,000
01/26/2018	2.16	2.56	2.06	2.44	6,051,310	504,149,000
01/25/2018	1.85	2.19	1.85	2.17	3,965,590	431,628,000
01/24/2018	1.53	1.84	1.50	1.84	2,482,720	356,573,000
01/23/2018	1.49	1.57	1.41	1.53	2,509,220	348,036,000
01/22/2018	1.51	1.68	1.43	1.49	2,368,590	351,300,000
01/21/2018	1.80	1.80	1.48	1.49	1,675,180	418,980,000
01/20/2018	1.54	1.85	1.54	1.80	2,220,340	358,395,000
01/19/2018	1.51	1.59	1.41	1.53	3,265,330	351,992,000
01/18/2018	1.57	1.63	1.42	1.52	2,156,320	365,453,000
01/17/2018	1.45	1.56	1.22	1.55	2,535,970	339,042,000
01/16/2018	1.96	1.96	1.34	1.46	3,547,600	457,044,000
01/15/2018	2.13	2.14	1.89	1.97	2,900,980	495,810,000
01/14/2018	2.36	2.36	1.93	2.13	2,711,380	550,256,000
01/13/2018	2.22	2.32	2.19	2.31	3,114,980	518,015,000
01/12/2018	2.07	2.33	2.04	2.22	2,801,560	482,058,000
01/11/2018	2.28	2.36	2.04	2.06	3,467,050	530,777,000
01/10/2018	2.48	2.48	2.14	2.27	3,117,280	577,837,000
01/09/2018	2.44	2.62	2.32	2.48	3,778,640	568,113,000
01/08/2018	2.66	2.77	2.06	2.44	5,645,830	619,498,000
01/07/2018	2.45	2.89	2.45	2.67	6,197,720	571,345,000
01/06/2018	2.12	2.51	2.04	2.47	4,581,780	493,696,000
01/05/2018	1.80	2.39	1.80	2.13	5,526,110	420,466,000
01/04/2018	1.53	1.89	1.51	1.81	3,454,190	357,050,000
01/03/2018	1.38	1.53	1.37	1.53	2,798,770	321,289,000
01/02/2018	1.30	1.43	1.30	1.38	2,867,610	303,743,000
01/01/2018	1.32	1.33	1.25	1.30	1,312,670	308,110,000
12/31/2017	1.22	1.33	1.20	1.32	1,482,490	284,680,000
12/30/2017	1.33	1.34	1.13	1.23	1,756,310	310,191,000
12/29/2017	1.33	1.41	1.31	1.33	1,858,930	310,888,000
12/28/2017	1.48	1.49	1.27	1.32	2,149,510	346,002,000
12/27/2017	1.45	1.54	1.40	1.49	2,495,370	336,983,000
12/26/2017	1.38	1.48	1.38	1.44	2,346,160	322,658,000
12/25/2017	1.26	1.40	1.24	1.39	2,248,590	292,653,000
12/24/2017	1.33	1.33	1.12	1.26	1,786,080	310,633,000
12/23/2017	1.21	1.41	1.21	1.32	2,108,070	281,914,000
12/22/2017	1.49	1.50	0.992437	1.20	3,418,480	347,257,000
12/21/2017	1.50	1.60	1.40	1.47	5,377,690	350,384,000
12/20/2017	1.57	1.59	1.38	1.50	4,884,380	366,001,000
12/19/2017	1.34	1.70	1.34	1.55	6,317,100	311,603,000
12/18/2017	1.27	1.35	1.18	1.34	3,815,380	295,018,000
12/17/2017	1.18	1.36	1.18	1.28	2,727,140	274,350,000
12/16/2017	1.26	1.32	1.12	1.19	4,237,580	293,661,000
12/15/2017	0.798690	1.26	0.788689	1.26	6,010,610	186,111,000
12/14/2017	0.638842	0.788441	0.625890	0.788441	2,329,860	148,863,000
12/13/2017	0.659843	0.720033	0.614840	0.638113	1,619,990	153,757,000
12/12/2017	0.645472	0.660133	0.594340	0.659490	1,456,990	150,408,000
12/11/2017	0.579945	0.644374	0.566355	0.644374	1,199,350	135,139,000
12/10/2017	0.625306	0.638255	0.568755	0.579934	948,690	145,709,000
12/09/2017	0.638560	0.668934	0.610688	0.623724	1,249,470	148,798,000
12/08/2017	0.613507	0.641847	0.576212	0.638163	1,308,730	142,960,000
12/07/2017	0.611595	0.656109	0.575865	0.613694	1,528,110	142,514,000
12/06/2017	0.589559	0.652528	0.570843	0.612980	1,441,510	137,379,000
12/05/2017	0.598230	0.625981	0.581440	0.590182	915,988	139,400,000
12/04/2017	0.613574	0.624807	0.568434	0.595969	1,171,920	142,975,000
12/03/2017	0.579764	0.696111	0.579764	0.611477	1,135,280	135,097,000
12/02/2017	0.550898	0.581337	0.549933	0.580648	941,222	128,370,000
12/01/2017	0.539763	0.572650	0.508753	0.552976	965,399	125,776,000
11/30/2017	0.531436	0.553194	0.473427	0.541153	942,626	123,836,000
11/29/2017	0.544699	0.615994	0.525856	0.525856	1,309,990	126,926,000
11/28/2017	0.556659	0.578857	0.528782	0.544577	1,436,770	129,713,000
11/27/2017	0.570120	0.612297	0.540208	0.556779	1,399,830	132,850,000
11/26/2017	0.592010	0.637527	0.553507	0.567398	1,489,970	137,950,000
11/25/2017	0.584706	0.681959	0.552801	0.592756	1,572,680	136,248,000
11/24/2017	0.788770	0.823453	0.507010	0.579407	4,367,000	183,800,000
11/23/2017	0.725328	0.873127	0.724272	0.790392	2,253,540	169,016,000
11/22/2017	0.602363	0.732780	0.598118	0.723606	1,298,920	140,363,000
11/21/2017	0.557591	0.625725	0.530502	0.602072	1,057,880	129,930,000
11/20/2017	0.528859	0.594823	0.525000	0.556340	1,140,400	123,235,000
11/19/2017	0.508952	0.531701	0.480143	0.529227	1,020,450	118,596,000
11/18/2017	0.426417	0.518576	0.424787	0.510966	780,992	99,363,800
11/17/2017	0.407065	0.459475	0.397686	0.426430	594,614	94,854,400
11/16/2017	0.401948	0.437792	0.393975	0.407759	693,730	93,662,200
11/15/2017	0.390061	0.424228	0.379251	0.401170	525,604	90,892,100
11/14/2017	0.393152	0.423283	0.374815	0.389868	554,608	91,612,400
11/13/2017	0.377250	0.411707	0.377250	0.392801	361,200	87,906,900
11/12/2017	0.406147	0.411660	0.368343	0.376291	385,882	94,640,500
11/11/2017	0.397125	0.425409	0.381680	0.406436	486,416	92,538,300
11/10/2017	0.491876	0.497833	0.388533	0.398245	661,289	114,617,000
11/09/2017	0.413420	0.511824	0.413420	0.490982	832,997	96,335,400
11/08/2017	0.369592	0.443580	0.366153	0.416063	502,589	86,122,500
11/07/2017	0.373300	0.393752	0.369706	0.370073	325,542	86,986,500
11/06/2017	0.358185	0.397992	0.335274	0.373769	821,969	83,464,600
11/05/2017	0.326023	0.408140	0.325222	0.356993	1,014,890	75,970,100
11/04/2017	0.275258	0.351525	0.269018	0.326924	689,581	64,140,900
11/03/2017	0.220855	0.285478	0.220581	0.274585	490,517	51,463,800
11/02/2017	0.223238	0.237083	0.206259	0.220525	687,640	52,018,900
11/01/2017	0.237539	0.238015	0.219129	0.222870	416,685	55,351,500
10/31/2017	0.251181	0.256687	0.235146	0.239505	537,603	58,530,200
10/30/2017	0.269099	0.280013	0.249793	0.251556	460,260	62,705,500
10/29/2017	0.244967	0.272845	0.223123	0.270058	600,981	57,082,300
10/28/2017	0.221456	0.255584	0.219291	0.245165	488,516	51,603,900
10/27/2017	0.233840	0.236345	0.213669	0.220159	458,868	54,489,500
10/26/2017	0.247743	0.260868	0.233935	0.233935	431,411	57,729,100
10/25/2017	0.235978	0.267934	0.226441	0.247924	587,841	54,987,700
10/24/2017	0.264424	0.283908	0.155793	0.235855	897,665	61,616,200
10/23/2017	0.290986	0.291096	0.253283	0.264751	485,006	67,805,700
10/22/2017	0.297957	0.302241	0.285525	0.291219	300,795	69,430,000
10/21/2017	0.307018	0.313426	0.287827	0.296738	572,300	71,541,500
10/20/2017	0.324453	0.344779	0.302388	0.307418	503,348	75,604,100
10/19/2017	0.327274	0.332248	0.307126	0.323944	400,128	76,261,500
10/18/2017	0.384752	0.384752	0.194672	0.327058	986,538	89,655,100
10/17/2017	0.357050	0.415252	0.350869	0.385547	426,842	83,200,000
10/16/2017	0.314159	0.372669	0.314008	0.356765	413,709	73,205,600
10/15/2017	0.309726	0.318694	0.296562	0.315538	315,645	72,172,500
10/14/2017	0.313522	0.337443	0.304069	0.310579	425,327	73,057,000
10/13/2017	0.337928	0.355998	0.309781	0.310773	455,638	78,744,000
10/12/2017	0.347507	0.365319	0.334515	0.337678	366,232	80,976,200
10/11/2017	0.343164	0.368658	0.337433	0.347905	237,162	79,964,200
10/10/2017	0.338915	0.372926	0.331074	0.343336	464,924	78,974,100
10/09/2017	0.387153	0.387153	0.334643	0.340874	523,289	90,214,600
10/08/2017	0.393361	0.398073	0.384733	0.385719	287,952	91,661,100
10/07/2017	0.391572	0.415998	0.375442	0.394004	395,748	91,244,200
10/06/2017	0.367311	0.393583	0.366629	0.392858	339,295	85,591,000
10/05/2017	0.353399	0.369752	0.353337	0.367259	361,429	82,349,200
10/04/2017	0.366173	0.385538	0.352074	0.354188	472,926	85,325,900
10/03/2017	0.361926	0.377966	0.338064	0.365593	450,227	84,336,200
10/02/2017	0.352153	0.391712	0.308359	0.361038	985,293	82,058,800
10/01/2017	0.344117	0.401955	0.322479	0.350917	577,789	80,186,400
09/30/2017	0.362311	0.379228	0.331283	0.344498	887,483	84,426,000
09/29/2017	0.366107	0.370888	0.341024	0.360794	345,831	85,310,500
09/28/2017	0.368188	0.387655	0.359825	0.366961	436,401	85,795,300
09/27/2017	0.348382	0.371616	0.348335	0.368270	232,267	81,180,200
09/26/2017	0.368156	0.378972	0.347648	0.349306	413,036	85,787,900
09/25/2017	0.312076	0.400071	0.310531	0.367468	600,417	72,720,100
09/24/2017	0.340261	0.344619	0.311300	0.311695	297,611	79,287,700
09/23/2017	0.336032	0.357370	0.330807	0.339844	272,675	78,302,400
09/22/2017	0.319866	0.346432	0.319866	0.334637	337,741	74,535,400
09/21/2017	0.377168	0.384972	0.320026	0.320064	439,939	87,887,800
09/20/2017	0.382755	0.402483	0.376832	0.378479	447,135	89,189,800
09/19/2017	0.398741	0.407543	0.376662	0.382359	593,961	92,914,700
09/18/2017	0.343418	0.423659	0.343418	0.397115	680,281	80,023,400
09/17/2017	0.358986	0.369661	0.316456	0.343407	478,048	83,651,100
09/16/2017	0.346642	0.414357	0.320443	0.359813	807,397	80,774,600
09/15/2017	0.300264	0.390641	0.270000	0.346622	1,194,600	69,967,800
09/14/2017	0.372378	0.397466	0.298908	0.299577	688,983	86,771,800
09/13/2017	0.443873	0.506744	0.329589	0.368998	3,100,890	103,432,000
09/12/2017	0.364139	0.530637	0.363902	0.433167	1,478,770	84,851,900
09/11/2017	0.384291	0.522660	0.356573	0.363583	703,492	89,547,600
09/10/2017	0.434929	0.454874	0.365406	0.384103	1,295,900	101,347,000
09/09/2017	0.433691	0.483179	0.423491	0.429527	1,451,410	101,059,000
09/08/2017	0.570241	0.578109	0.404967	0.431868	3,146,830	-
09/07/2017	0.557628	0.619668	0.521498	0.569701	2,448,560	-
09/06/2017	0.303047	0.891457	0.303047	0.560394	6,264,130	-
09/05/2017	0.917198	0.917198	0.283955	0.298899	3,519,670	-
09/04/2017	1.18	1.45	0.859621	0.912464	53,019	-
09/03/2017	0.959106	1.49	0.959106	1.18	62,297	-
09/02/2017	1.29	1.38	0.831651	0.958489	48,581	-
09/01/2017	1.11	1.55	1.11	1.29	53,502	-
08/31/2017	1.07	1.54	1.03	1.11	40,880	-
08/30/2017	1.03	1.17	0.898506	1.07	36,173	-
08/29/2017	0.965545	1.05	0.935775	1.04	27,868	-
08/28/2017	0.882607	1.03	0.847916	0.963906	39,623	-
08/27/2017	0.908124	0.958776	0.847455	0.881723	22,464	-
08/26/2017	0.829592	0.938787	0.820718	0.908361	35,277	-
08/25/2017	0.822462	0.924009	0.780263	0.828000	24,532	-
08/24/2017	0.865878	0.897723	0.743834	0.823760	26,453	-
08/23/2017	0.952054	1.04	0.724598	0.865504	28,180	-
08/22/2017	0.808188	0.978146	0.585118	0.953999	63,122	-
08/21/2017	0.815432	1.06	0.748106	0.806320	30,402	-
08/20/2017	0.862227	1.11	0.857671	1.05	23,245	-
08/19/2017	0.710777	1.08	0.612909	1.02	32,968	-
08/18/2017	1.09	1.27	0.447679	0.768952	172,621	-
08/17/2017	1.30	1.32	0.896581	1.29	61,277	-
08/16/2017	1.07	1.49	0.937820	1.49	18,485	-
08/15/2017	1.17	1.46	0.879699	1.42	45,550	-
08/14/2017	1.18	1.53	1.18	1.34	37,161	-
08/13/2017	1.25	1.54	1.16	1.34	50,152	-
08/12/2017	0.857831	1.51	0.857831	1.43	49,268	-
08/11/2017	1.02	1.04	0.729318	1.03	36,974	-
08/10/2017	0.678626	1.01	0.646479	1.01	24,876	-
08/09/2017	0.581186	0.879753	0.571814	0.681904	9,484	-
08/08/2017	0.563025	0.684091	0.558371	0.585000	6,898	-
08/07/2017	0.483022	0.607173	0.470948	0.562457	11,119	-
08/06/2017	0.553367	0.967448	0.468280	0.509923	12,868	-
08/05/2017	0.399642	0.599724	0.399346	0.592284	4,230	-
08/04/2017	0.381819	0.455274	0.381192	0.405531	7,516	-
08/03/2017	0.356926	0.436773	0.356926	0.401428	5,157	-
08/02/2017	0.335707	0.418195	0.331355	0.356289	7,876	-
08/01/2017	0.349201	0.413971	0.323951	0.338501	659	-
07/31/2017	0.369978	0.433612	0.336141	0.351893	4,867	-
07/30/2017	0.366891	0.391572	0.351219	0.369599	2,216	-
07/29/2017	0.305952	0.399845	0.302585	0.391405	4,928	-
07/28/2017	0.308679	0.551659	0.301721	0.362955	8,731	-
07/27/2017	0.305502	0.407439	0.300892	0.315705	12,578	-
07/26/2017	0.345636	0.398799	0.300614	0.382685	9,415	-
07/25/2017	0.405443	0.492098	0.301432	0.412016	15,174	-
07/24/2017	0.624371	0.912729	0.413409	0.488238	10,563	-
07/23/2017	0.566092	0.698600	0.564713	0.630605	760	-
07/22/2017	0.533454	0.615180	0.530900	0.568922	322	-
07/21/2017	0.569216	0.593406	0.521370	0.533562	2,469	-
07/20/2017	0.484871	0.610656	0.443358	0.565026	3,820	-
07/19/2017	0.531925	0.628250	0.465787	0.486333	2,046	-
07/18/2017	0.455689	0.619865	0.446946	0.531080	5,561	-
07/17/2017	0.373047	0.472125	0.329042	0.454516	2,630	-
07/16/2017	0.373210	0.400824	0.311108	0.373461	1,015	-
07/15/2017	0.332789	0.388175	0.276398	0.374335	441	-
07/14/2017	0.325402	0.340311	0.286633	0.333361	3,551	-
07/13/2017	0.520207	0.520509	0.282823	0.325640	8,671	-
07/12/2017	0.505268	0.515060	0.259229	0.500743	7,132	-
07/11/2017	0.507854	0.514061	0.400126	0.506018	3,379	-
07/10/2017	0.541126	0.552089	0.405119	0.508938	3,428	-
07/09/2017	0.581255	0.586085	0.499479	0.540075	4,281	-
07/08/2017	0.505332	0.638953	0.499721	0.580736	4,088	-
07/07/2017	0.662619	0.663842	0.485768	0.504908	11,107	-
07/06/2017	0.766931	0.881040	0.600634	0.662132	13,035	-
07/05/2017	0.660474	0.893692	0.634295	0.766551	28,112	-
07/04/2017	0.923298	0.985701	0.541865	0.660831	16,586	-
07/03/2017	0.816550	0.938864	0.619204	0.925401	11,545	-
07/02/2017	0.503066	0.822988	0.503066	0.819568	9,068	-
07/01/2017	0.760050	0.863344	0.417138	0.495905	24,158	-
06/30/2017	0.582385	0.984507	0.503210	0.760342	24,431	-
06/29/2017	0.459457	0.693632	0.451988	0.581228	88,074	-
06/28/2017	1.55	1.56	0.445071	0.459884	10,351	-
06/27/2017	0.974421	1.55	0.755200	1.54	22,946	-
06/26/2017	1.85	1.87	0.621653	0.951946	11,518	-
06/25/2017	1.85	1.91	1.64	1.85	3,008	-
06/24/2017	1.91	1.94	1.60	1.86	3,231	-
06/23/2017	2.10	2.28	1.36	1.91	3,039	-
06/22/2017	2.44	2.87	1.22	2.10	4,015	-
06/21/2017	2.25	3.00	2.25	2.87	2,069	-
06/20/2017	2.39	3.00	1.17	2.25	5,647	-
06/19/2017	3.73	3.75	2.38	2.39	17,956	-
06/18/2017	3.05	3.74	2.50	3.73	10,519	-
06/17/2017	2.87	3.75	2.50	3.05	10,943	-
06/16/2017	2.66	3.00	2.41	2.87	3,477	-
06/15/2017	2.95	3.01	2.14	2.66	6,761	-
06/14/2017	3.25	3.32	2.51	2.95	14,542	-
06/13/2017	3.17	3.31	2.44	3.25	2,683	-
06/12/2017	2.38	3.38	2.38	3.18	32,334	-
06/11/2017	1.31	2.38	1.30	2.38	6,668	-
06/10/2017	1.41	1.46	1.22	1.31	16,121	-
06/09/2017	1.40	1.42	1.11	1.40	1,296	-
06/08/2017	1.32	1.40	0.849142	1.40	9,030	-
06/07/2017	1.43	1.43	0.896643	1.33	1,327	-
06/06/2017	1.08	1.46	0.808817	1.43	14,682	-
06/05/2017	0.734906	1.20	0.734906	1.07	8,803	-
06/04/2017	0.861588	0.861588	0.725065	0.734774	447	-
06/03/2017	0.742469	0.868052	0.727862	0.863920	2,064	-
06/02/2017	0.695903	0.836068	0.687334	0.742796	1,802	-
06/01/2017	0.684297	0.697188	0.669747	0.695589	1,518	-
