Date	Open	High	Low	Close	Volume	Market Cap
07/15/2018	0.080996	0.086506	0.079503	0.084680	135,230	6,963,910
07/14/2018	0.081427	0.082748	0.077364	0.080790	151,586	7,001,030
07/13/2018	0.084197	0.085520	0.079087	0.080974	314,470	7,239,160
07/12/2018	0.088448	0.088457	0.081143	0.084158	190,851	7,604,660
07/11/2018	0.090432	0.091406	0.085258	0.088461	139,024	7,775,210
07/10/2018	0.104401	0.104689	0.084028	0.090006	365,398	8,976,280
07/09/2018	0.108684	0.108774	0.100644	0.104477	216,044	9,344,530
07/08/2018	0.102545	0.112821	0.102108	0.108999	414,100	8,816,700
07/07/2018	0.100591	0.104018	0.096307	0.102885	150,967	8,648,700
07/06/2018	0.101889	0.102448	0.095476	0.100307	207,374	8,760,300
07/05/2018	0.106492	0.110197	0.098286	0.101600	192,004	9,156,060
07/04/2018	0.098442	0.120710	0.097453	0.106419	708,050	8,463,930
07/03/2018	0.104696	0.118373	0.096128	0.099522	1,151,370	9,001,640
07/02/2018	0.090720	0.112126	0.087703	0.105497	1,050,270	7,800,040
07/01/2018	0.088163	0.091006	0.085260	0.090545	179,342	7,580,160
06/30/2018	0.080444	0.094278	0.080243	0.088127	275,811	6,916,480
06/29/2018	0.073343	0.082206	0.070166	0.079705	138,560	6,305,930
06/28/2018	0.081231	0.082542	0.072874	0.073229	149,545	6,984,160
06/27/2018	0.080333	0.104154	0.077797	0.081126	961,342	6,906,910
06/26/2018	0.083010	0.085650	0.080054	0.080331	148,130	7,137,120
06/25/2018	0.079703	0.089757	0.078169	0.083010	215,541	6,852,750
06/24/2018	0.087494	0.088259	0.071604	0.079868	202,158	7,522,640
06/23/2018	0.092010	0.095052	0.086140	0.087458	269,762	7,910,960
06/22/2018	0.112983	0.115000	0.090217	0.091610	359,785	9,714,150
06/21/2018	0.123369	0.124946	0.112726	0.113299	546,593	10,607,200
06/20/2018	0.125416	0.130011	0.117520	0.123647	709,971	10,783,100
06/19/2018	0.113679	0.128665	0.109626	0.125908	566,350	9,773,970
06/18/2018	0.115081	0.116020	0.107061	0.113056	276,527	9,894,500
06/17/2018	0.114118	0.118150	0.111130	0.114795	155,159	9,811,770
06/16/2018	0.112250	0.118833	0.109460	0.117616	222,311	9,651,150
06/15/2018	0.131333	0.131333	0.110980	0.112281	177,756	11,291,900
06/14/2018	0.108535	0.131120	0.107055	0.130163	324,336	9,331,700
06/13/2018	0.118962	0.119303	0.101111	0.108575	250,385	10,228,200
06/12/2018	0.133561	0.134276	0.116811	0.119362	360,444	11,483,400
06/11/2018	0.134451	0.137647	0.128713	0.133759	368,984	11,559,900
06/10/2018	0.162060	0.175288	0.131074	0.133023	1,928,940	13,933,800
06/09/2018	0.163833	0.167593	0.159173	0.162114	170,846	14,086,200
06/08/2018	0.164779	0.167327	0.156284	0.163582	210,935	14,167,500
06/07/2018	0.171538	0.174900	0.164126	0.164888	463,213	14,748,600
06/06/2018	0.179567	0.182037	0.166922	0.172060	752,700	15,439,000
06/05/2018	0.174726	0.180743	0.166915	0.179878	410,594	15,022,800
06/04/2018	0.193756	0.196912	0.172750	0.174478	636,374	16,658,900
06/03/2018	0.189426	0.199648	0.189015	0.193843	261,810	16,286,600
06/02/2018	0.185611	0.196470	0.184783	0.189544	422,212	15,958,600
06/01/2018	0.210750	0.210750	0.181520	0.185578	1,287,160	18,120,000
05/31/2018	0.174875	0.204636	0.171354	0.204636	816,704	15,035,600
05/30/2018	0.174802	0.182015	0.166099	0.174742	359,917	15,029,300
05/29/2018	0.164146	0.177133	0.157556	0.175036	514,228	14,113,100
05/28/2018	0.171718	0.176658	0.156629	0.166365	557,093	14,764,100
05/27/2018	0.177845	0.178117	0.170335	0.172280	176,685	15,290,900
05/26/2018	0.189253	0.193653	0.177166	0.177726	212,550	16,271,800
05/25/2018	0.196191	0.200757	0.184682	0.187867	462,152	16,868,300
05/24/2018	0.182638	0.198486	0.175272	0.196392	820,684	15,703,000
05/23/2018	0.215872	0.223506	0.178312	0.183383	720,607	18,560,400
05/22/2018	0.248033	0.248225	0.212063	0.215566	534,676	21,325,600
05/21/2018	0.261210	0.261385	0.244187	0.248585	403,435	22,458,500
05/20/2018	0.256298	0.263249	0.253881	0.260850	419,806	22,036,200
05/19/2018	0.250726	0.273991	0.243223	0.257107	962,639	21,557,100
05/18/2018	0.240441	0.251992	0.233305	0.250869	384,926	20,672,800
05/17/2018	0.264476	0.268508	0.240628	0.241342	921,811	22,739,400
05/16/2018	0.277302	0.279235	0.254456	0.264291	938,908	23,842,100
05/15/2018	0.299579	0.309703	0.275305	0.277283	2,269,350	25,757,400
05/14/2018	0.293331	0.356036	0.273669	0.299910	8,193,870	25,220,300
05/13/2018	0.235963	0.306756	0.234412	0.293405	2,366,940	20,287,800
05/12/2018	0.229309	0.262579	0.213943	0.235337	1,304,420	19,715,700
05/11/2018	0.270875	0.271031	0.219884	0.230159	984,637	23,289,500
05/10/2018	0.277223	0.304019	0.272069	0.272661	2,275,780	23,835,300
05/09/2018	0.284160	0.288389	0.264942	0.277663	777,259	24,431,700
05/08/2018	0.301438	0.307304	0.278191	0.283846	1,637,990	25,917,300
05/07/2018	0.298543	0.307700	0.270170	0.300218	979,849	25,668,400
05/06/2018	0.327376	0.327376	0.287668	0.297857	975,184	28,147,400
05/05/2018	0.344309	0.352645	0.310825	0.328695	1,825,230	29,603,300
05/04/2018	0.327930	0.347494	0.316501	0.344089	1,566,820	28,195,100
05/03/2018	0.331621	0.339074	0.317381	0.328552	1,775,560	28,512,400
05/02/2018	0.330769	0.345176	0.320949	0.331735	2,794,040	28,439,100
05/01/2018	0.301498	0.343088	0.280023	0.330620	5,963,490	25,922,400
04/30/2018	0.299262	0.322893	0.282536	0.301111	3,167,040	25,730,200
04/29/2018	0.287087	0.341058	0.272119	0.299422	5,244,370	24,683,400
04/28/2018	0.261613	0.292146	0.260387	0.286647	962,390	22,493,200
04/27/2018	0.279153	0.280753	0.261122	0.262645	816,331	24,001,200
04/26/2018	0.259961	0.280942	0.249285	0.279927	1,086,450	22,351,200
04/25/2018	0.304802	0.305349	0.250950	0.257596	1,488,520	26,206,600
04/24/2018	0.278240	0.315184	0.276118	0.304747	3,179,820	23,922,800
04/23/2018	0.252315	0.279050	0.251485	0.276556	1,411,120	21,693,800
04/22/2018	0.247101	0.269643	0.245862	0.253325	2,845,860	21,245,500
04/21/2018	0.255979	0.255979	0.222859	0.247514	1,249,400	22,008,800
04/20/2018	0.244705	0.263435	0.233984	0.254494	1,763,920	21,039,500
04/19/2018	0.235110	0.248434	0.232550	0.244646	2,412,850	20,214,500
04/18/2018	0.238333	0.256129	0.220627	0.232705	7,422,540	20,491,600
04/17/2018	0.196298	0.339590	0.193099	0.233340	12,387,600	16,877,500
04/16/2018	0.216192	0.218620	0.189145	0.196933	768,930	18,588,000
04/15/2018	0.200827	0.216361	0.200827	0.215043	846,308	17,266,800
04/14/2018	0.192804	0.205971	0.190648	0.199401	940,532	16,577,000
04/13/2018	0.181682	0.208073	0.178049	0.192580	1,249,030	15,620,900
04/12/2018	0.163287	0.182861	0.153788	0.182212	971,239	14,039,200
04/11/2018	0.156338	0.165670	0.154559	0.162863	762,713	13,441,700
04/10/2018	0.149678	0.161173	0.146216	0.156634	897,280	12,869,200
04/09/2018	0.157903	0.163426	0.143233	0.149521	492,685	13,576,300
04/08/2018	0.146284	0.161097	0.146172	0.157483	766,732	12,577,300
04/07/2018	0.140641	0.150320	0.139552	0.146041	251,620	12,092,200
04/06/2018	0.149172	0.151107	0.137267	0.140414	410,210	12,825,600
04/05/2018	0.147656	0.159826	0.138647	0.151240	971,387	12,695,300
04/04/2018	0.163065	0.165054	0.144654	0.146488	1,255,900	14,020,200
04/03/2018	0.153221	0.175229	0.147483	0.163716	1,312,720	13,173,800
04/02/2018	0.143941	0.163105	0.141419	0.152708	701,840	12,375,900
04/01/2018	0.152146	0.161527	0.134097	0.143081	792,420	13,081,400
03/31/2018	0.150196	0.158712	0.149195	0.152059	379,679	12,913,700
03/30/2018	0.154232	0.168550	0.141241	0.150840	462,128	13,260,700
03/29/2018	0.182931	0.183849	0.150679	0.154721	376,895	15,728,200
03/28/2018	0.182072	0.189379	0.177440	0.182692	432,463	15,654,400
03/27/2018	0.190562	0.199673	0.177716	0.182012	689,328	16,384,300
03/26/2018	0.212037	0.219201	0.174875	0.190562	909,834	18,230,700
03/25/2018	0.211059	0.227726	0.201527	0.212065	1,506,350	18,146,600
03/24/2018	0.217285	0.228281	0.209064	0.214036	1,476,300	18,681,900
03/23/2018	0.234759	0.245108	0.202770	0.216581	3,249,410	20,184,300
03/22/2018	0.190192	0.275791	0.189552	0.236346	10,700,200	16,352,500
03/21/2018	0.198709	0.215699	0.188281	0.190250	847,370	17,084,800
03/20/2018	0.184744	0.204087	0.175008	0.197796	1,133,940	15,884,100
03/19/2018	0.167524	0.189057	0.165268	0.182973	723,546	14,403,500
03/18/2018	0.178278	0.178278	0.136562	0.167568	589,990	15,328,100
03/17/2018	0.206465	0.206465	0.175732	0.178583	612,928	17,751,600
03/16/2018	0.200987	0.217965	0.189060	0.205813	620,269	17,280,600
03/15/2018	0.195849	0.233805	0.175953	0.200204	2,101,280	16,838,900
03/14/2018	0.233387	0.239925	0.189228	0.196259	581,907	20,066,400
03/13/2018	0.247677	0.252760	0.227989	0.234321	1,449,410	21,295,000
03/12/2018	0.303562	0.305491	0.242639	0.249598	6,329,380	26,099,900
03/11/2018	0.199310	0.407980	0.187624	0.300204	16,557,900	17,136,400
03/10/2018	0.216822	0.232221	0.195309	0.199972	698,435	18,642,100
03/09/2018	0.210071	0.220708	0.182062	0.216506	615,775	18,061,700
03/08/2018	0.236570	0.253001	0.205497	0.211453	836,879	20,340,000
03/07/2018	0.272405	0.272405	0.216312	0.235458	781,925	23,421,100
03/06/2018	0.313234	0.313234	0.274005	0.276457	544,000	26,931,500
03/05/2018	0.322208	0.327745	0.306330	0.313219	866,962	27,703,100
03/04/2018	0.331346	0.337851	0.314057	0.320670	665,737	28,488,700
03/03/2018	0.333954	0.373525	0.326842	0.332036	1,257,430	28,713,000
03/02/2018	0.348705	0.354508	0.327754	0.333669	744,260	29,981,200
03/01/2018	0.334934	0.369209	0.326045	0.350382	896,768	28,797,200
02/28/2018	0.383303	0.393858	0.334459	0.334459	1,239,910	32,956,000
02/27/2018	0.418708	0.440673	0.370779	0.381773	3,053,820	36,000,100
02/26/2018	0.370521	0.437039	0.361236	0.414516	3,254,010	31,857,000
02/25/2018	0.349976	0.376481	0.345345	0.369615	1,206,610	30,090,500
02/24/2018	0.358167	0.384489	0.340751	0.350579	999,766	30,794,800
02/23/2018	0.351815	0.392166	0.330236	0.356901	1,539,580	30,248,700
02/22/2018	0.372353	0.411006	0.354347	0.355320	5,846,910	32,014,500
02/21/2018	0.376706	0.423022	0.347941	0.373812	4,362,030	32,388,800
02/20/2018	0.419977	0.436806	0.375652	0.377461	1,337,210	36,109,100
02/19/2018	0.404171	0.443804	0.402422	0.420565	1,017,200	34,750,200
02/18/2018	0.439725	0.445854	0.402179	0.408319	1,599,080	37,807,100
02/17/2018	0.437021	0.462525	0.430250	0.441214	1,353,810	37,574,600
02/16/2018	0.420686	0.448264	0.410693	0.438224	1,512,310	36,170,100
02/15/2018	0.432952	0.450676	0.393828	0.420328	2,242,860	37,224,700
02/14/2018	0.428025	0.458177	0.411716	0.433448	3,663,270	36,801,100
02/13/2018	0.472433	0.505268	0.424606	0.429287	13,898,800	40,619,300
02/12/2018	0.378078	0.515403	0.347483	0.477260	21,224,300	32,506,700
02/11/2018	0.301073	0.418252	0.274729	0.371716	5,207,620	25,885,900
02/10/2018	0.347754	0.423203	0.284217	0.300032	1,942,850	29,899,500
02/09/2018	0.333040	0.354792	0.316364	0.347500	62,932	28,634,400
02/08/2018	0.304429	0.344727	0.304429	0.332166	967,990	26,174,500
02/07/2018	0.322193	0.363835	0.283823	0.309989	1,068,670	27,701,800
02/06/2018	0.268359	0.331551	0.193739	0.322801	1,109,580	23,073,200
02/05/2018	0.374400	0.383533	0.232546	0.267688	508,023	32,190,500
02/04/2018	0.465094	0.465094	0.350447	0.379330	543,510	39,988,200
02/03/2018	0.426180	0.501954	0.386806	0.466668	1,011,880	36,642,500
02/02/2018	0.461733	0.504296	0.320320	0.425961	1,354,140	39,699,300
02/01/2018	0.587896	0.594381	0.409229	0.458002	1,120,190	50,546,600
01/31/2018	0.589421	0.592701	0.535282	0.585843	1,265,910	50,677,700
01/30/2018	0.693533	0.709794	0.564289	0.592199	1,208,030	59,629,200
01/29/2018	0.757515	0.757515	0.677203	0.693496	1,322,410	65,130,300
01/28/2018	0.791007	0.804524	0.728211	0.760324	1,837,050	68,009,900
01/27/2018	0.777711	0.833842	0.732983	0.790663	1,330,540	66,866,700
01/26/2018	0.797127	0.844147	0.728030	0.778489	2,231,600	68,536,100
01/25/2018	0.839505	0.918534	0.790394	0.799992	3,254,870	72,179,700
01/24/2018	0.731418	0.866344	0.698144	0.827475	2,974,890	62,886,500
01/23/2018	0.736029	0.846187	0.627011	0.729447	3,320,710	63,282,900
01/22/2018	0.765881	0.796228	0.643494	0.748885	1,994,680	65,849,600
01/21/2018	0.923301	0.923301	0.717100	0.756704	1,331,590	79,384,300
01/20/2018	0.892905	1.00	0.880897	0.908096	3,791,470	76,770,900
01/19/2018	0.722930	1.00	0.698969	0.885748	4,570,850	62,156,700
01/18/2018	0.713219	0.805800	0.635848	0.727481	1,741,750	61,321,800
01/17/2018	0.602716	0.761220	0.492136	0.703782	2,212,570	51,820,800
01/16/2018	0.900269	0.968531	0.468543	0.599431	2,290,330	77,404,100
01/15/2018	1.04	1.11	0.885282	0.900818	2,939,870	89,433,300
01/14/2018	1.15	1.21	0.976725	1.05	5,532,690	99,022,800
01/13/2018	1.30	1.34	1.13	1.16	4,927,410	111,873,000
01/12/2018	1.32	1.36	1.17	1.31	12,296,900	113,406,000
01/11/2018	0.949178	1.72	0.911564	1.31	53,407,100	81,609,300
01/10/2018	0.996158	0.996158	0.882779	0.948929	3,282,350	85,648,500
01/09/2018	0.979422	1.10	0.933089	0.981071	5,175,370	84,209,600
01/08/2018	1.15	1.19	0.867489	0.979761	4,863,530	98,501,300
01/07/2018	1.19	1.45	1.02	1.14	9,475,700	102,270,000
01/06/2018	0.925191	1.23	0.839196	1.15	8,467,190	79,546,900
01/05/2018	0.986623	1.44	0.744528	0.920524	13,799,200	84,828,800
01/04/2018	0.710617	1.19	0.654862	0.987709	9,098,540	61,098,000
01/03/2018	0.572949	0.990508	0.531480	0.705144	2,714,690	49,261,500
01/02/2018	0.631147	0.655046	0.516819	0.564878	3,081,200	54,265,300
01/01/2018	0.517247	0.636709	0.442846	0.603457	3,558,100	44,472,300
12/31/2017	0.409702	0.534983	0.368063	0.513583	2,126,870	35,225,700
12/30/2017	0.420323	0.467941	0.340953	0.399852	1,222,700	36,138,900
12/29/2017	0.419015	0.542577	0.373220	0.433094	1,539,460	36,026,400
12/28/2017	0.411988	0.426824	0.337985	0.418017	1,450,410	35,422,200
12/27/2017	0.438338	0.467045	0.380539	0.416195	1,024,440	37,687,800
12/26/2017	0.398928	0.494549	0.374576	0.436333	1,443,130	34,299,400
12/25/2017	0.544865	0.558139	0.398600	0.442555	2,490,310	46,846,900
12/24/2017	0.391305	0.548286	0.305960	0.545483	6,460,380	33,643,900
12/23/2017	0.279766	0.411852	0.269998	0.385109	1,594,060	24,054,000
12/22/2017	0.328725	0.348804	0.209558	0.278009	878,036	28,263,400
12/21/2017	0.325252	0.398284	0.312031	0.345096	1,651,240	27,964,800
12/20/2017	0.365587	0.373507	0.297988	0.329300	1,065,350	31,432,700
12/19/2017	0.363648	0.441967	0.310396	0.360333	1,292,210	31,266,000
12/18/2017	0.346354	0.498134	0.338982	0.372858	3,482,620	29,779,100
12/17/2017	0.279781	0.377312	0.277624	0.345277	3,741,590	24,055,200
12/16/2017	0.247622	0.297271	0.241089	0.289822	3,172,870	21,290,300
12/15/2017	0.230769	0.265261	0.196304	0.248045	2,696,130	19,841,200
12/14/2017	0.218782	0.235195	0.193006	0.230311	2,226,000	18,810,600
12/13/2017	0.208138	0.243948	0.185845	0.218852	2,147,540	17,895,500
12/12/2017	0.208389	0.211829	0.182165	0.210355	2,354,440	17,917,100
12/11/2017	0.217526	0.232848	0.201078	0.210243	2,323,850	18,702,600
12/10/2017	0.199339	0.233939	0.178866	0.224315	3,082,640	17,138,900
12/09/2017	0.196478	0.223340	0.174213	0.198844	2,606,390	16,893,000
12/08/2017	0.163654	0.200676	0.144431	0.197473	2,423,630	14,070,800
12/07/2017	0.201681	0.222379	0.152431	0.165781	2,223,920	17,340,300
12/06/2017	0.211001	0.224777	0.187470	0.202359	2,891,500	18,141,600
12/05/2017	0.230174	0.244051	0.210811	0.212589	3,020,990	19,790,100
12/04/2017	0.210387	0.233065	0.184914	0.230883	2,121,040	18,088,900
12/03/2017	0.219394	0.241518	0.202372	0.210321	1,602,740	18,863,200
12/02/2017	0.244262	0.249456	0.207310	0.219077	2,260,530	21,001,400
12/01/2017	0.235016	0.269229	0.218099	0.243530	2,205,970	20,206,400
11/30/2017	0.221383	0.295605	0.201219	0.235626	2,485,640	19,034,300
11/29/2017	0.315074	0.432095	0.212762	0.222802	2,860,180	27,089,700
11/28/2017	0.251771	0.351559	0.246230	0.314516	3,523,870	21,647,000
11/27/2017	0.267022	0.273935	0.242009	0.250867	1,761,870	22,958,300
11/26/2017	0.238719	0.268598	0.233001	0.268598	341,690	20,524,800
11/25/2017	0.205649	0.244819	0.195180	0.238429	170,338	17,681,500
11/24/2017	0.216058	0.219827	0.194611	0.205744	169,940	18,576,400
11/23/2017	0.181680	0.227942	0.179361	0.216828	330,087	15,620,700
11/22/2017	0.186557	0.195786	0.169164	0.182660	173,741	16,039,900
11/21/2017	0.166576	0.253831	0.146719	0.186327	692,190	14,322,000
11/20/2017	0.159153	0.171263	0.146834	0.166694	135,073	13,683,800
11/19/2017	0.172367	0.172367	0.151411	0.159287	79,617	14,820,000
11/18/2017	0.149400	0.192198	0.142281	0.169665	181,274	12,845,200
11/17/2017	0.163489	0.171901	0.143595	0.149810	138,638	14,056,600
11/16/2017	0.181345	0.194413	0.140489	0.163549	194,312	15,591,800
11/15/2017	0.215090	0.219802	0.173675	0.178047	236,520	18,493,200
11/14/2017	0.186650	0.217786	0.162320	0.215077	203,176	16,048,000
11/13/2017	0.173781	0.202020	0.159435	0.186452	242,690	14,941,500
11/12/2017	0.209653	0.209653	0.152362	0.173494	293,260	18,025,800
11/11/2017	0.209021	0.248771	0.189874	0.211179	404,546	17,971,400
11/10/2017	0.168998	0.376901	0.155074	0.209772	1,760,770	14,530,300
11/09/2017	0.139575	0.216799	0.138295	0.193511	77,696	12,000,500
11/08/2017	0.127976	0.201276	0.114524	0.139836	79,241	11,003,200
11/07/2017	0.123049	0.133009	0.113052	0.128339	18,035	10,579,600
11/06/2017	0.122725	0.140710	0.109355	0.123097	17,587	10,551,800
11/05/2017	0.153373	0.153669	0.116551	0.122510	16,226	13,186,800
11/04/2017	0.142689	0.154605	0.126804	0.153598	24,637	12,268,200
11/03/2017	0.159967	0.173771	0.133934	0.142921	32,235	13,753,800
11/02/2017	0.154003	0.162132	0.108979	0.160056	16,512	13,241,000
11/01/2017	0.152003	0.170195	0.116042	0.153778	29,608	13,069,100
10/31/2017	0.172111	0.181788	0.150965	0.152152	18,148	14,797,900
10/30/2017	0.180731	0.210501	0.150483	0.172651	35,011	15,539,100
10/29/2017	0.157599	0.192211	0.157336	0.181730	19,169	13,550,100
10/28/2017	0.164692	0.174694	0.157796	0.157796	10,804	14,160,000
10/27/2017	0.164113	0.176624	0.143372	0.164968	18,419	14,110,300
10/26/2017	0.156322	0.176932	0.155004	0.164830	19,291	13,440,400
10/25/2017	0.158330	0.173305	0.134274	0.156405	16,336	13,613,100
10/24/2017	0.160489	0.174039	0.134369	0.158245	20,364	13,798,700
10/23/2017	0.160120	0.181191	0.150015	0.160771	12,656	13,767,000
10/22/2017	0.167756	0.182915	0.139042	0.160327	18,726	14,423,400
10/21/2017	0.182578	0.190790	0.155878	0.167723	11,871	15,697,800
10/20/2017	0.170856	0.276438	0.167255	0.182943	36,040	14,690,000
10/19/2017	0.156339	0.249092	0.144608	0.170861	33,009	13,441,800
10/18/2017	0.136367	0.156790	0.117786	0.156378	13,931	11,724,700
10/17/2017	0.151672	0.171588	0.126237	0.136402	12,097	13,040,600
10/16/2017	0.149249	0.183000	0.133109	0.151466	20,392	12,832,300
10/15/2017	0.157296	0.196154	0.133497	0.148949	16,064	13,524,100
10/14/2017	0.159621	0.218643	0.134919	0.156859	40,765	13,724,000
10/13/2017	0.136222	0.194260	0.128492	0.159537	20,266	11,712,200
10/12/2017	0.151684	0.168123	0.107600	0.136097	24,273	13,041,600
10/11/2017	0.154681	0.284874	0.134661	0.151614	39,760	13,299,300
10/10/2017	0.197280	0.198345	0.153700	0.154697	26,987	16,961,900
10/09/2017	0.222031	0.222031	0.166440	0.197230	16,660	19,089,900
10/08/2017	0.207129	0.265327	0.197407	0.219956	24,863	17,808,700
10/07/2017	0.214334	0.226257	0.195912	0.207583	25,360	18,428,200
10/06/2017	0.221035	0.296816	0.208111	0.214366	15,696	19,004,300
10/05/2017	0.218326	0.362259	0.199291	0.221008	27,683	18,771,400
10/04/2017	0.202668	0.248846	0.182257	0.218258	21,790	17,425,100
10/03/2017	0.209959	0.744352	0.194138	0.202200	26,673	18,052,100
10/02/2017	0.201239	0.242727	0.194645	0.209903	36,525	17,302,300
10/01/2017	0.208551	0.208958	0.172868	0.201306	27,013	17,931,000
09/30/2017	0.196335	0.215084	0.184674	0.208408	39,582	16,880,600
09/29/2017	0.325869	0.337127	0.183381	0.196423	39,715	28,017,800
09/28/2017	0.197954	0.918925	0.185227	0.326151	45,770	17,019,900
09/27/2017	0.229597	0.273975	0.154312	0.195131	80,106	19,740,500
09/26/2017	0.263314	0.324957	0.226821	0.230038	29,066	22,639,400
09/25/2017	0.279491	1.25	0.252815	0.263355	26,878	24,030,400
09/24/2017	0.341920	0.342085	0.190436	0.279181	22,227	29,397,900
09/23/2017	0.295912	0.348291	0.288203	0.343813	17,993	25,442,200
09/22/2017	0.323931	0.344934	0.278834	0.296398	20,988	27,851,200
09/21/2017	0.350190	0.358787	0.281034	0.324185	42,082	30,108,900
09/20/2017	0.360233	0.436901	0.323904	0.351737	42,740	30,972,400
09/19/2017	0.371267	0.405640	0.329495	0.360619	82,011	31,921,100
09/18/2017	0.330914	0.374971	0.324503	0.370150	35,103	28,451,600
09/17/2017	0.342187	1.18	0.270214	0.331028	24,888	29,420,900
09/16/2017	0.342217	0.358153	0.285311	0.343614	40,081	29,423,400
09/15/2017	0.265982	0.387591	0.226534	0.339572	55,258	22,868,900
09/14/2017	0.356247	0.361738	0.267408	0.267408	34,009	30,629,700
09/13/2017	0.411979	0.412387	0.104202	0.356714	141,066	35,421,500
09/12/2017	0.491783	0.493354	0.380723	0.410502	107,774	42,282,900
09/11/2017	0.520186	0.542413	0.361471	0.495181	151,548	44,725,000
09/10/2017	0.401035	0.562032	0.352000	0.518693	189,625	34,480,500
09/09/2017	0.401017	0.401433	0.400831	0.401086	82,770	34,479,000
