Date	Open	High	Low	Close	Volume	Market Cap
07/15/2018	0.945409	0.957661	0.928954	0.941805	1,652,770	167,626,000
07/14/2018	0.905094	0.953543	0.892697	0.949407	1,883,360	160,478,000
07/13/2018	0.870168	0.927703	0.870168	0.903479	2,612,990	152,082,000
07/12/2018	0.963082	0.963082	0.856157	0.872170	3,778,510	161,298,000
07/11/2018	0.869419	0.963074	0.845626	0.959735	4,525,800	145,611,000
07/10/2018	0.948083	0.987048	0.857396	0.870135	1,979,300	158,785,000
07/09/2018	1.10	1.11	0.951973	0.952771	2,362,760	184,198,000
07/08/2018	1.10	1.16	1.08	1.09	1,890,970	183,795,000
07/07/2018	1.06	1.11	1.02	1.10	1,537,210	177,087,000
07/06/2018	1.07	1.09	1.02	1.07	2,260,800	179,186,000
07/05/2018	1.12	1.23	1.06	1.07	4,261,490	187,881,000
07/04/2018	1.06	1.14	1.04	1.11	2,078,420	177,106,000
07/03/2018	1.11	1.18	1.05	1.06	4,047,140	186,620,000
07/02/2018	1.03	1.18	1.03	1.12	3,607,960	171,919,000
07/01/2018	0.978004	1.04	0.943954	1.03	2,131,780	163,797,000
06/30/2018	0.982935	1.05	0.952931	0.977379	2,721,320	164,623,000
06/29/2018	0.839563	1.02	0.825002	0.978241	3,836,470	140,610,000
06/28/2018	0.996152	1.01	0.835696	0.845475	4,009,790	166,836,000
06/27/2018	1.04	1.05	0.986119	0.995406	2,745,580	173,551,000
06/26/2018	1.11	1.12	1.03	1.05	2,074,480	185,464,000
06/25/2018	1.07	1.12	1.05	1.11	2,293,390	179,577,000
06/24/2018	1.11	1.11	1.01	1.08	1,887,930	185,752,000
06/23/2018	1.11	1.16	1.11	1.12	1,253,930	186,585,000
06/22/2018	1.34	1.34	1.11	1.12	3,532,960	223,855,000
06/21/2018	1.37	1.38	1.33	1.34	2,021,760	229,738,000
06/20/2018	1.42	1.44	1.33	1.37	3,334,350	237,813,000
06/19/2018	1.51	1.52	1.41	1.43	3,376,030	242,247,000
06/18/2018	1.44	1.56	1.38	1.51	2,896,740	230,792,000
06/17/2018	1.46	1.50	1.44	1.44	1,734,230	234,996,000
06/16/2018	1.47	1.49	1.45	1.46	2,009,090	236,440,000
06/15/2018	1.60	1.70	1.47	1.47	3,514,910	257,017,000
06/14/2018	1.48	1.61	1.45	1.60	5,972,020	237,460,000
06/13/2018	1.53	1.66	1.44	1.48	7,001,210	245,914,000
06/12/2018	1.70	1.72	1.51	1.53	3,348,780	255,697,000
06/11/2018	1.77	1.80	1.62	1.70	4,181,560	266,472,000
06/10/2018	1.99	1.99	1.69	1.78	4,149,670	300,023,000
06/09/2018	2.05	2.07	1.99	1.99	1,985,720	308,804,000
06/08/2018	2.09	2.10	2.02	2.05	2,478,490	315,741,000
06/07/2018	2.11	2.22	2.08	2.08	3,416,460	318,540,000
06/06/2018	2.17	2.18	2.07	2.11	2,674,970	324,415,000
06/05/2018	2.19	2.23	2.05	2.15	3,898,370	327,399,000
06/04/2018	2.31	2.37	2.18	2.18	7,318,110	345,164,000
06/03/2018	2.16	2.35	2.14	2.29	4,421,090	323,755,000
06/02/2018	2.07	2.16	2.05	2.16	3,445,670	309,783,000
06/01/2018	2.09	2.11	2.01	2.06	2,273,300	312,382,000
05/31/2018	2.03	2.18	2.00	2.08	2,938,480	303,754,000
05/30/2018	2.06	2.13	1.99	2.03	2,702,250	307,911,000
05/29/2018	1.85	2.13	1.85	2.07	3,083,860	277,289,000
05/28/2018	2.01	2.03	1.84	1.86	2,621,520	301,282,000
05/27/2018	2.04	2.08	2.01	2.01	1,401,800	306,128,000
05/26/2018	2.10	2.21	2.05	2.05	2,023,640	313,779,000
05/25/2018	2.24	2.32	2.07	2.10	2,668,550	335,149,000
05/24/2018	2.10	2.25	1.99	2.24	3,277,580	315,146,000
05/23/2018	2.18	2.23	1.97	2.11	4,317,690	327,140,000
05/22/2018	2.48	2.49	2.19	2.19	3,214,820	370,974,000
05/21/2018	2.59	2.61	2.46	2.48	3,562,730	387,774,000
05/20/2018	2.51	2.60	2.47	2.58	3,604,580	375,784,000
05/19/2018	2.56	2.64	2.48	2.51	3,246,520	384,013,000
05/18/2018	2.46	2.62	2.42	2.57	2,759,320	351,906,000
05/17/2018	2.63	2.76	2.45	2.46	4,032,190	375,380,000
05/16/2018	2.80	2.80	2.52	2.63	4,905,500	400,072,000
05/15/2018	3.03	3.05	2.75	2.80	6,932,900	432,983,000
05/14/2018	3.17	3.31	2.90	3.03	9,315,450	441,005,000
05/13/2018	2.99	3.24	2.89	3.17	5,798,390	397,730,000
05/12/2018	2.79	3.05	2.61	3.01	6,168,430	370,888,000
05/11/2018	2.90	3.04	2.58	2.82	7,017,540	386,578,000
05/10/2018	3.01	3.34	2.93	2.93	10,940,800	400,617,000
05/09/2018	3.17	3.18	2.92	3.03	10,011,200	421,192,000
05/08/2018	3.38	3.45	3.10	3.17	5,799,460	450,082,000
05/07/2018	3.45	3.46	3.12	3.38	6,060,160	458,562,000
05/06/2018	3.65	3.66	3.30	3.45	5,580,090	486,135,000
05/05/2018	3.67	3.72	3.53	3.66	7,297,350	488,429,000
05/04/2018	3.83	3.90	3.58	3.67	11,430,800	510,096,000
05/03/2018	3.92	4.09	3.79	3.84	13,318,800	522,090,000
05/02/2018	3.78	3.99	3.68	3.92	23,939,900	502,726,000
05/01/2018	3.70	3.79	3.46	3.79	8,445,370	492,774,000
04/30/2018	3.89	3.92	3.67	3.70	8,774,070	517,596,000
04/29/2018	3.84	3.92	3.69	3.89	8,301,740	510,846,000
04/28/2018	3.52	3.92	3.52	3.85	7,309,130	468,247,000
04/27/2018	3.73	3.81	3.55	3.56	6,763,640	496,823,000
04/26/2018	3.47	3.78	3.31	3.73	7,635,250	461,716,000
04/25/2018	4.04	4.06	3.25	3.45	17,131,600	538,222,000
04/24/2018	3.94	4.14	3.93	4.07	16,040,300	520,349,000
04/23/2018	3.96	4.11	3.76	3.94	14,820,600	523,045,000
04/22/2018	3.76	4.10	3.70	3.97	20,240,700	496,759,000
04/21/2018	3.35	3.80	3.05	3.73	27,122,600	442,496,000
04/20/2018	3.28	3.39	3.12	3.35	12,882,000	410,806,000
04/19/2018	3.10	3.27	3.10	3.27	12,220,900	388,242,000
04/18/2018	2.95	3.12	2.92	3.09	10,898,000	368,815,000
04/17/2018	3.04	3.18	2.94	2.95	14,259,400	380,006,000
04/16/2018	2.99	3.04	2.74	3.04	12,993,000	373,624,000
04/15/2018	2.74	3.05	2.73	2.99	12,582,300	342,630,000
04/14/2018	2.67	2.90	2.63	2.74	11,587,000	333,615,000
04/13/2018	2.80	3.07	2.62	2.64	13,997,200	322,936,000
04/12/2018	2.36	2.83	2.24	2.81	15,358,900	272,070,000
04/11/2018	2.08	2.36	2.04	2.35	14,421,400	239,408,000
04/10/2018	2.09	2.15	1.99	2.13	9,613,100	240,503,000
04/09/2018	2.15	2.22	2.01	2.08	7,648,710	248,049,000
04/08/2018	2.01	2.23	2.01	2.14	9,224,210	232,228,000
04/07/2018	1.85	2.20	1.85	2.02	13,349,200	213,257,000
04/06/2018	1.92	1.93	1.82	1.85	6,019,930	221,495,000
04/05/2018	1.95	1.95	1.85	1.93	6,746,830	224,953,000
04/04/2018	2.22	2.22	1.91	1.95	6,966,130	256,251,000
04/03/2018	2.09	2.28	2.00	2.21	9,079,620	240,999,000
04/02/2018	1.94	2.09	1.90	2.09	7,628,410	223,251,000
04/01/2018	2.01	2.06	1.80	1.93	7,798,500	231,975,000
03/31/2018	2.01	2.20	2.01	2.01	8,095,720	232,257,000
03/30/2018	2.07	2.08	1.88	2.01	7,960,780	238,600,000
03/29/2018	2.41	2.43	2.01	2.08	8,734,720	278,070,000
03/28/2018	2.42	2.53	2.38	2.41	9,569,080	279,428,000
03/27/2018	2.54	2.58	2.29	2.43	9,755,060	292,856,000
03/26/2018	2.73	2.86	2.34	2.54	10,717,600	315,089,000
03/25/2018	2.84	2.92	2.71	2.73	12,101,300	327,698,000
03/24/2018	2.80	3.18	2.76	2.88	12,010,700	322,962,000
03/23/2018	2.97	2.99	2.61	2.78	13,428,800	342,332,000
03/22/2018	3.13	3.31	2.84	2.97	12,338,600	360,766,000
03/21/2018	2.84	3.39	2.84	3.12	15,123,400	326,962,000
03/20/2018	2.79	2.97	2.59	2.83	10,819,600	295,882,000
03/19/2018	2.52	2.91	2.43	2.73	12,853,700	267,575,000
03/18/2018	2.26	2.68	1.92	2.54	12,385,300	239,852,000
03/17/2018	2.61	2.61	2.25	2.26	10,819,600	276,672,000
03/16/2018	2.70	2.94	2.41	2.60	23,713,000	286,638,000
03/15/2018	2.17	3.57	1.99	2.70	35,087,700	209,105,000
03/14/2018	2.36	2.59	2.02	2.18	3,572,270	227,155,000
03/13/2018	2.33	2.46	2.26	2.36	1,847,310	223,790,000
03/12/2018	2.47	2.60	2.25	2.34	1,714,070	237,274,000
03/11/2018	2.31	2.53	2.19	2.47	1,478,910	222,257,000
03/10/2018	2.45	2.63	2.28	2.32	1,906,220	235,578,000
03/09/2018	2.48	2.52	2.13	2.45	2,096,300	238,294,000
03/08/2018	2.63	2.98	2.46	2.48	4,268,540	252,592,000
03/07/2018	2.91	3.02	2.37	2.63	3,815,490	279,524,000
03/06/2018	3.21	3.21	2.84	2.91	2,337,060	308,929,000
03/05/2018	3.16	3.30	3.14	3.23	2,551,950	303,635,000
03/04/2018	3.15	3.28	2.96	3.16	3,182,500	302,825,000
03/03/2018	3.25	3.37	3.01	3.17	4,288,150	312,362,000
03/02/2018	3.09	3.37	3.04	3.26	9,399,520	296,742,000
03/01/2018	2.77	3.21	2.71	3.09	5,253,550	266,493,000
02/28/2018	3.04	3.07	2.76	2.77	2,374,630	292,022,000
02/27/2018	3.05	3.17	2.95	3.03	3,612,460	293,608,000
02/26/2018	3.25	3.25	3.03	3.04	4,363,930	312,358,000
02/25/2018	2.92	3.26	2.85	3.26	4,143,510	280,984,000
02/24/2018	3.02	3.14	2.81	2.92	1,624,660	269,557,000
02/23/2018	3.04	3.28	2.81	3.01	3,484,600	271,547,000
02/22/2018	2.94	3.30	2.82	3.05	3,738,040	261,754,000
02/21/2018	3.30	3.69	2.87	2.94	5,061,120	293,664,000
02/20/2018	3.84	4.03	3.29	3.31	8,465,910	342,195,000
02/19/2018	3.38	3.95	3.32	3.81	5,406,820	301,199,000
02/18/2018	3.93	4.35	3.27	3.39	9,934,800	350,200,000
02/17/2018	3.38	4.12	3.26	3.92	12,628,600	301,295,000
02/16/2018	3.04	3.35	2.90	3.35	3,644,260	270,937,000
02/15/2018	2.96	3.25	2.90	3.04	4,510,460	263,764,000
02/14/2018	2.80	2.99	2.80	2.96	4,198,830	249,323,000
02/13/2018	3.16	3.21	2.77	2.81	3,371,000	281,419,000
02/12/2018	2.84	3.13	2.80	2.99	3,045,520	225,314,000
02/11/2018	2.81	2.95	2.36	2.82	3,658,390	222,616,000
02/10/2018	3.03	3.13	2.64	2.82	2,470,310	240,474,000
02/09/2018	2.83	3.04	2.67	3.04	433,567	224,534,000
02/08/2018	2.56	2.93	2.56	2.83	4,641,160	203,111,000
02/07/2018	2.81	3.30	2.53	2.58	4,393,470	222,806,000
02/06/2018	2.28	2.90	1.73	2.82	6,819,200	180,683,000
02/05/2018	3.06	3.12	1.92	2.27	4,358,980	242,193,000
02/04/2018	3.59	3.69	2.84	3.08	3,626,910	284,828,000
02/03/2018	3.34	3.80	3.07	3.57	3,183,990	264,424,000
02/02/2018	3.68	3.68	2.54	3.32	4,535,680	290,409,000
02/01/2018	4.33	4.55	3.27	3.70	7,184,050	342,034,000
01/31/2018	4.30	4.44	4.05	4.30	4,764,260	340,158,000
01/30/2018	5.13	5.15	4.08	4.30	11,258,100	405,467,000
01/29/2018	5.55	5.56	4.93	5.13	8,850,330	438,670,000
01/28/2018	5.87	6.20	5.43	5.55	29,936,500	463,534,000
01/27/2018	4.65	6.04	4.49	5.79	15,774,200	364,656,000
01/26/2018	4.76	4.91	4.30	4.65	7,589,420	372,697,000
01/25/2018	5.04	5.10	4.66	4.79	8,417,130	392,852,000
01/24/2018	4.69	5.00	4.67	4.91	11,096,400	365,291,000
01/23/2018	4.86	5.00	4.21	4.67	12,975,300	378,749,000
01/22/2018	5.63	5.70	4.40	4.88	10,585,900	438,763,000
01/21/2018	6.63	6.81	5.30	5.58	9,671,770	517,208,000
01/20/2018	5.55	6.90	5.36	6.65	14,322,800	395,008,000
01/19/2018	5.33	5.78	4.95	5.49	11,250,900	378,835,000
01/18/2018	5.52	6.07	4.97	5.31	9,861,930	392,688,000
01/17/2018	5.29	5.92	3.94	5.48	9,660,630	375,938,000
01/16/2018	7.37	7.37	4.47	5.27	12,032,900	524,081,000
01/15/2018	8.45	8.56	7.33	7.33	14,280,800	600,868,000
01/14/2018	7.83	8.92	7.33	8.47	19,130,800	491,230,000
01/13/2018	8.01	8.38	7.71	7.88	11,409,100	490,982,000
01/12/2018	7.99	8.39	7.19	7.99	14,320,900	489,645,000
01/11/2018	9.26	9.61	7.19	7.93	14,125,800	567,765,000
01/10/2018	10.57	10.59	9.01	9.36	18,884,400	648,052,000
01/09/2018	8.94	11.33	8.92	10.52	39,709,700	548,042,000
01/08/2018	9.94	10.68	8.21	9.07	22,421,000	609,389,000
01/07/2018	8.72	11.51	8.46	10.18	38,810,000	534,661,000
01/06/2018	7.67	9.26	7.53	8.93	32,543,100	470,099,000
01/05/2018	8.42	9.01	6.92	7.56	23,812,600	515,977,000
01/04/2018	8.24	9.74	7.83	8.45	34,096,500	505,040,000
01/03/2018	8.63	10.26	8.08	8.17	38,547,600	528,988,000
01/02/2018	5.44	9.39	5.44	8.63	60,766,500	333,341,000
01/01/2018	5.24	5.45	4.86	5.44	6,965,630	321,171,000
12/31/2017	5.08	5.32	4.65	5.19	8,494,970	311,117,000
12/30/2017	4.72	5.70	4.29	5.08	14,581,700	289,156,000
12/29/2017	4.87	5.08	4.44	4.75	7,855,150	298,814,000
12/28/2017	5.44	5.53	4.17	4.83	9,574,050	333,590,000
12/27/2017	5.54	5.70	4.93	5.43	7,937,650	339,787,000
12/26/2017	5.61	6.51	4.96	5.54	18,545,700	344,095,000
12/25/2017	3.91	5.88	3.56	5.61	16,399,600	234,001,000
12/24/2017	4.18	4.29	3.60	3.94	3,438,260	249,811,000
12/23/2017	3.45	4.83	3.42	4.10	10,526,600	206,039,000
12/22/2017	4.33	4.39	2.82	3.41	7,399,020	259,191,000
12/21/2017	2.81	5.42	2.58	4.32	24,759,100	168,255,000
12/20/2017	2.97	2.97	2.53	2.81	732,495	157,338,000
12/19/2017	2.94	3.27	2.68	2.98	1,916,510	155,514,000
12/18/2017	2.04	3.01	1.94	2.92	1,969,200	108,125,000
12/17/2017	2.11	2.41	1.88	2.04	1,341,740	112,024,000
12/16/2017	2.50	2.72	1.79	2.11	1,085,950	132,377,000
12/15/2017	2.03	2.88	1.82	2.51	2,868,550	107,640,000
12/14/2017	5.21	5.44	2.01	2.03	947,561	213,785,000
12/13/2017	4.51	6.25	3.86	5.21	277,482	185,106,000
12/12/2017	3.02	4.50	2.96	4.50	254,581	124,073,000
12/11/2017	2.24	3.04	2.16	3.04	118,258	91,896,400
12/10/2017	2.42	2.42	2.11	2.24	72,057	99,330,200
12/09/2017	2.32	2.58	2.22	2.41	54,054	95,338,300
12/08/2017	2.20	2.47	1.99	2.32	460,544	90,208,400
12/07/2017	2.24	2.41	2.04	2.12	463,551	-
12/06/2017	1.58	2.30	1.58	2.27	497,558	-
12/05/2017	1.54	1.63	1.44	1.59	307,559	-
12/04/2017	1.49	1.54	1.43	1.54	85,215	-
12/03/2017	1.51	1.60	1.44	1.49	170,430	-
12/02/2017	1.55	1.67	1.23	1.51	456,170	-
12/01/2017	1.71	1.74	1.50	1.55	953,008	-
11/30/2017	1.73	1.83	1.49	1.71	224,195	-
11/29/2017	1.89	2.09	1.67	1.70	799,269	-
11/28/2017	1.21	1.89	1.21	1.89	2,219,830	-
11/27/2017	1.16	1.32	1.13	1.22	478,944	-
11/26/2017	1.16	1.25	1.07	1.16	152,946	-
11/25/2017	1.49	1.56	1.06	1.16	358,097	-
11/24/2017	0.815494	2.03	0.800442	1.49	354,338	-
11/23/2017	0.799937	0.919820	0.789865	0.819596	131,685	-
11/22/2017	0.861190	0.869101	0.745822	0.798101	74,347	-
11/21/2017	0.891049	0.929155	0.707369	0.860091	32,733	-
11/20/2017	0.867591	0.905970	0.805951	0.892454	23,302	-
11/19/2017	0.811147	0.903940	0.808372	0.868525	20,096	-
11/18/2017	0.796358	0.876856	0.783817	0.813248	75,408	-
11/17/2017	0.749875	0.825266	0.741446	0.769519	50,093	-
11/16/2017	0.825046	0.900455	0.748309	0.749103	67,004	-
11/15/2017	0.819576	0.845166	0.788262	0.825692	94,208	-
11/14/2017	0.768927	0.823005	0.736463	0.819130	75,478	-
11/13/2017	0.703398	0.770162	0.703398	0.768962	65,938	-
11/12/2017	0.675108	0.779829	0.664828	0.702282	261,653	-
11/11/2017	0.702115	0.764331	0.636404	0.675031	55,593	-
11/10/2017	0.761601	0.770968	0.623040	0.705463	52,205	-
11/09/2017	0.734635	0.777756	0.650121	0.761240	46,635	-
11/08/2017	0.628315	0.762821	0.625805	0.738620	92,374	-
11/07/2017	0.579105	0.641628	0.578494	0.628758	142,634	-
11/06/2017	0.605500	0.622363	0.578240	0.578240	31,526	-
11/05/2017	0.575603	0.605901	0.570215	0.604929	45,060	-
11/04/2017	0.594119	0.594119	0.572270	0.574854	15,315	-
11/03/2017	0.563104	0.599370	0.505253	0.594023	44,646	-
11/02/2017	0.498665	0.572184	0.478952	0.560354	42,525	-
11/01/2017	0.509853	0.563373	0.497287	0.497287	10,755	-
10/31/2017	0.607345	0.610783	0.510795	0.510795	173,262	-
10/30/2017	0.613860	0.642462	0.545188	0.607011	79,874	-
10/29/2017	0.565539	0.655402	0.563916	0.608042	40,317	-
10/28/2017	0.552586	0.609522	0.535319	0.565778	71,166	-
10/27/2017	0.660666	0.746973	0.542068	0.552044	255,065	-
10/26/2017	0.596679	0.820156	0.593502	0.660869	265,716	-
10/25/2017	0.606913	0.631647	0.576135	0.597960	76,102	-
10/24/2017	1.05	1.05	0.569952	0.606494	62,509	-
10/23/2017	0.590999	1.44	0.520811	1.21	86,389	-
10/22/2017	0.569138	0.710671	0.553163	0.591343	166,006	-
10/21/2017	0.586844	0.642145	0.535680	0.569156	26,035	-
10/20/2017	0.772789	0.772915	0.563289	0.587602	80,848	-
10/19/2017	0.624114	0.835493	0.607212	0.773419	173,574	-
10/18/2017	0.616026	0.626080	0.571931	0.625569	20,958	-
