Date	Open	High	Low	Close	Volume	Market Cap
07/15/2018	0.138611	0.158379	0.136168	0.147468	1,196,510	20,791,600
07/14/2018	0.140407	0.142904	0.135562	0.138501	744,714	21,061,000
07/13/2018	0.146698	0.153381	0.139636	0.140212	1,064,980	22,004,700
07/12/2018	0.167250	0.168102	0.142437	0.146596	2,041,870	25,087,500
07/11/2018	0.167817	0.177817	0.158206	0.167269	4,058,010	25,172,600
07/10/2018	0.213718	0.237709	0.166354	0.168337	13,608,700	32,057,700
07/09/2018	0.158379	0.255283	0.158019	0.215715	13,668,100	23,756,800
07/08/2018	0.152511	0.166067	0.151949	0.158437	1,629,760	22,876,600
07/07/2018	0.145413	0.153083	0.143257	0.152540	757,039	21,812,000
07/06/2018	0.156590	0.158673	0.140073	0.145602	1,092,030	23,488,500
07/05/2018	0.157029	0.160078	0.147540	0.156403	1,081,880	23,554,400
07/04/2018	0.150993	0.165693	0.138439	0.156684	1,444,510	22,649,000
07/03/2018	0.160590	0.161105	0.145848	0.151935	1,386,430	24,088,500
07/02/2018	0.149698	0.176393	0.141765	0.160147	2,726,010	22,454,700
07/01/2018	0.130449	0.161836	0.129424	0.151383	2,083,460	19,567,400
06/30/2018	0.123042	0.138204	0.123042	0.129947	962,964	18,456,300
06/29/2018	0.117179	0.124003	0.112751	0.123171	539,456	17,576,800
06/28/2018	0.129116	0.138991	0.116587	0.117353	1,125,390	19,367,400
06/27/2018	0.123619	0.129538	0.122344	0.128500	574,959	18,542,900
06/26/2018	0.138631	0.139783	0.122823	0.122823	718,951	20,794,600
06/25/2018	0.131581	0.147415	0.129610	0.138939	946,119	19,737,200
06/24/2018	0.146817	0.147418	0.119670	0.132476	716,389	22,022,600
06/23/2018	0.150823	0.153197	0.142765	0.146865	855,603	22,623,500
06/22/2018	0.176633	0.177387	0.148982	0.150461	1,099,300	26,495,000
06/21/2018	0.188359	0.188701	0.176135	0.176513	1,492,960	28,253,900
06/20/2018	0.194968	0.195047	0.184476	0.188576	647,110	29,245,200
06/19/2018	0.192975	0.196702	0.190102	0.194927	455,458	28,946,200
06/18/2018	0.188149	0.194118	0.180306	0.192773	425,092	28,222,300
06/17/2018	0.189247	0.192082	0.187150	0.188619	230,637	28,387,000
06/16/2018	0.189196	0.197356	0.184630	0.188828	564,886	28,379,400
06/15/2018	0.189438	0.200393	0.186379	0.190462	730,714	28,415,600
06/14/2018	0.167891	0.198928	0.166257	0.189740	1,410,670	25,183,700
06/13/2018	0.183036	0.183081	0.159513	0.167988	1,091,000	27,455,400
06/12/2018	0.202590	0.205180	0.182173	0.182173	720,608	30,388,400
06/11/2018	0.199130	0.202725	0.195606	0.202205	564,321	29,869,500
06/10/2018	0.235787	0.235787	0.195893	0.198055	1,604,170	35,368,100
06/09/2018	0.249112	0.249669	0.235924	0.235924	995,602	37,366,900
06/08/2018	0.269408	0.270395	0.247234	0.249627	1,193,850	40,411,200
06/07/2018	0.269716	0.273511	0.268842	0.268842	757,172	40,457,500
06/06/2018	0.276077	0.280036	0.263292	0.269946	1,433,380	41,411,600
06/05/2018	0.279042	0.283402	0.263789	0.276400	1,497,040	41,856,300
06/04/2018	0.313126	0.321341	0.274581	0.279321	2,511,340	46,968,900
06/03/2018	0.284159	0.322772	0.281394	0.306522	3,232,090	42,623,800
06/02/2018	0.282943	0.287833	0.280267	0.284000	1,840,560	42,441,500
06/01/2018	0.275959	0.284906	0.271213	0.283507	1,695,060	41,393,900
05/31/2018	0.267696	0.280752	0.265344	0.275059	1,900,380	40,154,500
05/30/2018	0.274225	0.282174	0.263149	0.268397	1,622,480	41,133,700
05/29/2018	0.243520	0.277034	0.241508	0.273864	1,894,330	36,528,000
05/28/2018	0.272315	0.273262	0.243685	0.244748	1,873,570	40,847,300
05/27/2018	0.283794	0.285114	0.270115	0.272436	1,926,590	42,569,000
05/26/2018	0.284751	0.293958	0.281086	0.282228	1,428,770	42,712,700
05/25/2018	0.295335	0.298985	0.277487	0.283720	897,855	44,300,200
05/24/2018	0.304644	0.313683	0.276070	0.294989	1,552,270	45,696,600
05/23/2018	0.333182	0.336899	0.287706	0.305430	1,821,140	49,977,300
05/22/2018	0.398199	0.402362	0.326743	0.333333	2,370,060	59,729,900
05/21/2018	0.419986	0.440776	0.386213	0.398658	4,866,480	62,997,800
05/20/2018	0.354482	0.421594	0.351884	0.421594	2,940,840	53,172,200
05/19/2018	0.347586	0.359743	0.342314	0.354102	1,428,050	52,137,900
05/18/2018	0.328673	0.356700	0.322592	0.348556	2,324,790	49,301,000
05/17/2018	0.338094	0.364964	0.326311	0.329547	2,609,300	50,714,100
05/16/2018	0.343888	0.349294	0.328754	0.337603	1,346,100	51,583,300
05/15/2018	0.365361	0.376702	0.341103	0.343739	1,633,410	54,804,200
05/14/2018	0.391053	0.391053	0.345218	0.366137	1,896,180	58,657,900
05/13/2018	0.360520	0.397175	0.351535	0.390902	2,339,990	54,078,000
05/12/2018	0.371624	0.380028	0.338262	0.361415	1,588,140	55,743,600
05/11/2018	0.416536	0.416536	0.353982	0.373864	2,425,900	62,480,400
05/10/2018	0.443439	0.476197	0.419584	0.419584	2,755,520	66,515,800
05/09/2018	0.460496	0.466546	0.428624	0.442709	2,679,940	69,074,400
05/08/2018	0.458402	0.491244	0.440891	0.462611	3,595,880	68,760,300
05/07/2018	0.488030	0.489342	0.423445	0.457132	3,690,480	73,204,500
05/06/2018	0.515224	0.522021	0.448765	0.489300	3,557,960	77,283,600
05/05/2018	0.515787	0.525114	0.502053	0.514854	3,268,290	77,368,100
05/04/2018	0.578790	0.578790	0.491054	0.516580	6,879,890	86,818,500
05/03/2018	0.571257	0.589989	0.568357	0.578144	4,512,180	85,688,500
05/02/2018	0.547650	0.572262	0.536975	0.571506	3,937,750	82,147,500
05/01/2018	0.540570	0.551462	0.502053	0.549165	3,645,500	81,085,500
04/30/2018	0.553562	0.583162	0.538773	0.538773	6,294,710	83,034,300
04/29/2018	0.546449	0.557679	0.523569	0.553435	3,847,940	81,967,400
04/28/2018	0.505363	0.557124	0.503578	0.543830	4,570,300	75,804,500
04/27/2018	0.552729	0.553247	0.505781	0.507701	4,871,930	82,909,400
04/26/2018	0.516153	0.553281	0.498126	0.552843	4,553,450	77,422,900
04/25/2018	0.616312	0.616312	0.484508	0.511612	9,256,110	92,446,800
04/24/2018	0.575225	0.649162	0.572950	0.617434	14,141,000	86,283,700
04/23/2018	0.499125	0.588180	0.498772	0.572745	10,160,700	74,868,800
04/22/2018	0.483198	0.517949	0.470143	0.500703	7,209,160	72,479,800
04/21/2018	0.507661	0.526951	0.471045	0.489242	7,461,530	76,149,100
04/20/2018	0.505653	0.525684	0.494075	0.508027	5,940,610	75,848,000
04/19/2018	0.475678	0.506591	0.462772	0.506510	5,772,470	71,351,800
04/18/2018	0.437591	0.477860	0.437377	0.474250	5,291,410	65,638,700
04/17/2018	0.417942	0.466081	0.409836	0.438185	6,413,980	62,691,200
04/16/2018	0.478570	0.482317	0.409971	0.417448	10,475,100	71,785,400
04/15/2018	0.346464	0.481236	0.346464	0.476456	9,673,660	51,969,600
04/14/2018	0.343259	0.374320	0.340043	0.346579	4,197,860	51,488,900
04/13/2018	0.337922	0.378358	0.330738	0.345228	6,475,240	50,688,200
04/12/2018	0.293056	0.340505	0.275371	0.337022	5,506,160	43,958,400
04/11/2018	0.267671	0.301464	0.257373	0.295521	4,848,730	40,150,600
04/10/2018	0.243607	0.269361	0.240244	0.268392	5,193,840	36,541,000
04/09/2018	0.251266	0.264300	0.239105	0.243824	1,725,250	37,689,900
04/08/2018	0.249454	0.261467	0.242468	0.250828	2,563,860	37,418,100
04/07/2018	0.225844	0.266560	0.225126	0.250373	2,567,040	33,876,700
04/06/2018	0.238578	0.241657	0.220172	0.225727	1,375,900	35,786,800
04/05/2018	0.236840	0.241340	0.223389	0.239628	2,663,150	35,526,100
04/04/2018	0.279992	0.284333	0.229771	0.236886	3,234,940	41,998,800
04/03/2018	0.243843	0.286135	0.241208	0.280142	3,999,240	36,576,400
04/02/2018	0.238021	0.256164	0.231863	0.243717	3,147,390	35,703,200
04/01/2018	0.229464	0.246121	0.215301	0.236876	3,712,980	34,419,500
03/31/2018	0.230094	0.246004	0.226496	0.230149	2,647,570	34,514,100
03/30/2018	0.240476	0.240652	0.214423	0.229306	2,914,190	36,071,300
03/29/2018	0.281170	0.281503	0.234653	0.241846	3,219,480	42,175,500
03/28/2018	0.279417	0.288209	0.275444	0.280119	3,303,690	41,912,500
03/27/2018	0.300651	0.301325	0.274330	0.279675	2,962,820	45,097,600
03/26/2018	0.312502	0.349134	0.281850	0.300394	7,761,210	46,875,300
03/25/2018	0.308181	0.336473	0.288052	0.313089	4,433,460	46,227,100
03/24/2018	0.286911	0.328201	0.283885	0.313315	4,980,950	43,036,700
03/23/2018	0.297260	0.298954	0.262147	0.282176	4,083,630	44,589,100
03/22/2018	0.320884	0.346438	0.273961	0.297315	4,666,440	48,132,600
03/21/2018	0.330321	0.344193	0.296780	0.319510	6,833,320	49,548,100
03/20/2018	0.255917	0.345978	0.251449	0.328619	6,727,910	38,387,600
03/19/2018	0.226521	0.259770	0.223648	0.252367	3,570,030	33,978,100
03/18/2018	0.221413	0.234310	0.199358	0.229455	3,875,720	33,212,000
03/17/2018	0.267447	0.268597	0.217907	0.221701	3,918,510	40,117,000
03/16/2018	0.295154	0.296338	0.264040	0.268841	4,393,160	44,273,100
03/15/2018	0.333548	0.335900	0.259718	0.295500	12,594,200	50,032,200
03/14/2018	0.277781	0.384917	0.266217	0.341319	20,093,500	41,667,100
03/13/2018	0.243838	0.307222	0.243838	0.277908	11,545,800	36,575,700
03/12/2018	0.238187	0.261689	0.220145	0.248792	2,328,930	35,728,000
03/11/2018	0.216174	0.245108	0.203758	0.239105	1,903,020	32,426,100
03/10/2018	0.232357	0.251541	0.216789	0.216899	2,127,770	34,853,600
03/09/2018	0.249932	0.253157	0.208019	0.231612	2,286,160	37,489,800
03/08/2018	0.310133	0.317882	0.246444	0.250586	2,548,930	46,519,900
03/07/2018	0.398093	0.401203	0.287750	0.307664	2,468,030	59,714,000
03/06/2018	0.429133	0.429133	0.379003	0.398194	1,491,140	64,370,000
03/05/2018	0.454573	0.457399	0.427403	0.430288	1,988,670	68,186,000
03/04/2018	0.457929	0.464593	0.440998	0.454623	1,353,900	68,689,400
03/03/2018	0.461380	0.467625	0.446929	0.456286	1,524,230	69,206,900
03/02/2018	0.446570	0.488413	0.442724	0.462299	2,387,760	66,985,500
03/01/2018	0.446431	0.491140	0.435300	0.449130	3,814,010	66,964,600
02/28/2018	0.499998	0.527408	0.442470	0.443406	4,165,160	74,999,600
02/27/2018	0.446926	0.557734	0.446926	0.499954	4,264,550	67,038,900
02/26/2018	0.475599	0.483675	0.434528	0.443672	2,137,010	71,339,900
02/25/2018	0.483438	0.489824	0.457624	0.474683	2,666,620	72,515,800
02/24/2018	0.515379	0.560256	0.473518	0.484749	3,898,020	77,306,800
02/23/2018	0.455461	0.568118	0.437668	0.514284	6,774,400	68,319,200
02/22/2018	0.536727	0.540477	0.434541	0.455573	3,127,430	80,509,100
02/21/2018	0.544412	0.561230	0.521702	0.537482	2,165,990	81,661,900
02/20/2018	0.651467	0.656570	0.540168	0.547692	2,290,800	97,720,100
02/19/2018	0.613412	0.660400	0.609346	0.649032	2,232,020	92,011,800
02/18/2018	0.687351	0.687351	0.592682	0.614922	3,299,880	103,103,000
02/17/2018	0.593801	0.709284	0.586718	0.687576	4,057,810	89,070,200
02/16/2018	0.594261	0.636107	0.575310	0.595196	2,121,910	89,139,200
02/15/2018	0.610449	0.622653	0.558690	0.594076	3,692,120	91,567,400
02/14/2018	0.553458	0.628177	0.544511	0.613268	2,378,300	83,018,700
02/13/2018	0.589993	0.601881	0.544780	0.555386	1,962,160	88,499,000
02/12/2018	0.533945	0.684563	0.533945	0.590287	5,316,830	80,091,700
02/11/2018	0.614225	0.615283	0.499243	0.533914	2,768,140	92,133,700
02/10/2018	0.692514	0.747223	0.570530	0.614115	2,834,290	103,877,000
02/09/2018	0.633041	0.689331	0.599191	0.687563	1,981,530	94,956,200
02/08/2018	0.568216	0.656061	0.568216	0.631270	2,763,860	85,232,300
02/07/2018	0.594594	0.677096	0.556110	0.571935	2,897,890	89,189,000
02/06/2018	0.519333	0.615079	0.379488	0.599223	4,447,380	77,900,000
02/05/2018	0.700874	0.715056	0.485247	0.519069	3,673,170	105,131,000
02/04/2018	0.818458	0.934250	0.667846	0.705953	5,747,030	122,769,000
02/03/2018	0.794489	0.870109	0.718046	0.818964	5,181,460	119,173,000
02/02/2018	0.903517	0.903517	0.615749	0.793232	5,639,580	135,528,000
02/01/2018	1.08	1.16	0.838469	0.912294	8,255,420	161,988,000
01/31/2018	1.05	1.10	0.963209	1.07	8,599,620	157,840,000
01/30/2018	1.18	1.18	0.969493	1.05	7,104,430	176,741,000
01/29/2018	1.19	1.28	1.12	1.18	12,250,500	178,825,000
01/28/2018	1.31	1.32	1.18	1.19	12,650,500	197,186,000
01/27/2018	0.965317	1.47	0.965213	1.31	45,437,300	144,798,000
01/26/2018	0.975157	1.02	0.887591	0.965198	6,566,890	146,274,000
01/25/2018	0.944595	1.02	0.928936	0.977424	7,091,420	141,689,000
01/24/2018	0.952067	0.970619	0.858358	0.931233	6,636,020	142,810,000
01/23/2018	0.956948	1.00	0.866374	0.950508	5,067,750	143,542,000
01/22/2018	1.04	1.11	0.899788	0.959529	5,979,520	156,031,000
01/21/2018	1.25	1.26	0.979543	1.03	8,930,400	188,076,000
01/20/2018	1.05	1.37	1.05	1.26	13,109,100	157,371,000
01/19/2018	1.00	1.07	0.922220	1.04	6,971,390	150,422,000
01/18/2018	1.05	1.14	0.940426	1.01	7,651,290	156,771,000
01/17/2018	0.953281	1.09	0.750447	1.04	11,414,700	142,992,000
01/16/2018	1.24	1.24	0.733698	0.966056	14,856,300	185,682,000
01/15/2018	1.51	1.52	1.19	1.23	11,748,200	226,975,000
01/14/2018	1.68	1.68	1.37	1.51	12,173,700	251,484,000
01/13/2018	1.70	1.99	1.66	1.68	15,998,000	255,060,000
01/12/2018	1.58	1.77	1.55	1.69	15,848,000	236,803,000
01/11/2018	1.70	1.88	1.31	1.56	24,338,000	254,321,000
01/10/2018	1.76	2.08	1.45	1.69	43,796,900	263,779,000
01/09/2018	1.34	1.97	1.30	1.71	35,205,000	200,807,000
01/08/2018	1.55	1.59	1.09	1.33	25,687,700	232,087,000
01/07/2018	1.29	1.69	1.28	1.55	49,550,400	193,338,000
01/06/2018	1.43	1.68	1.18	1.29	45,507,800	214,109,000
01/05/2018	0.786783	1.69	0.786783	1.42	124,591,000	118,018,000
01/04/2018	0.635010	0.763362	0.600423	0.763362	16,766,100	95,251,500
01/03/2018	0.544303	0.658316	0.533200	0.635132	12,486,800	81,645,400
01/02/2018	0.587580	0.614310	0.509669	0.552522	12,621,100	88,137,000
01/01/2018	0.556684	0.593234	0.501236	0.585257	10,327,000	83,502,600
12/31/2017	0.449644	0.558338	0.439013	0.554499	10,806,700	67,446,500
12/30/2017	0.412613	0.494833	0.392616	0.453945	11,608,400	61,892,000
12/29/2017	0.382169	0.422649	0.379903	0.413307	8,642,950	57,325,300
12/28/2017	0.409575	0.411962	0.343120	0.378436	7,930,360	61,436,200
12/27/2017	0.401865	0.419950	0.378116	0.410422	8,127,280	60,279,700
12/26/2017	0.397959	0.431724	0.379778	0.402361	7,377,210	59,693,800
12/25/2017	0.414240	0.432313	0.368177	0.400139	9,919,510	62,136,000
12/24/2017	0.448826	0.470697	0.360871	0.411395	9,301,340	67,323,900
12/23/2017	0.372926	0.480397	0.363187	0.445433	13,819,000	55,938,900
12/22/2017	0.396082	0.458794	0.242230	0.386585	14,555,200	59,412,200
12/21/2017	0.364866	0.396781	0.317739	0.396781	9,334,400	54,729,900
12/20/2017	0.339242	0.372240	0.297446	0.364191	7,389,180	50,886,400
12/19/2017	0.380804	0.403486	0.327027	0.339864	8,031,600	57,120,600
12/18/2017	0.316709	0.383207	0.291625	0.382092	10,483,600	47,506,400
12/17/2017	0.295685	0.385319	0.294097	0.314883	9,942,310	44,352,800
12/16/2017	0.266816	0.297479	0.266763	0.295442	5,397,760	40,022,400
12/15/2017	0.275726	0.281028	0.238081	0.267871	4,796,220	41,358,900
12/14/2017	0.259628	0.314712	0.255542	0.276035	5,704,530	38,944,200
12/13/2017	0.256271	0.273371	0.232276	0.256393	4,611,980	38,440,600
12/12/2017	0.262676	0.373698	0.220372	0.256150	6,372,360	39,401,300
12/11/2017	0.226560	0.265632	0.224636	0.260763	3,536,040	33,984,000
12/10/2017	0.259033	0.259033	0.222913	0.226262	3,369,900	38,854,900
12/09/2017	0.281995	0.287294	0.251320	0.258117	4,389,660	42,299,300
12/08/2017	0.257785	0.294896	0.242669	0.281538	4,249,100	38,667,700
12/07/2017	0.315560	0.331553	0.247573	0.257324	4,888,480	47,334,000
12/06/2017	0.291230	0.313903	0.258987	0.312156	5,433,750	43,684,400
12/05/2017	0.249143	0.301849	0.248844	0.291643	5,218,470	37,371,400
12/04/2017	0.239913	0.266714	0.235765	0.248539	3,704,660	35,986,900
12/03/2017	0.243652	0.257983	0.226997	0.241056	3,512,820	36,547,700
12/02/2017	0.257437	0.260505	0.230571	0.243304	3,140,980	38,615,600
12/01/2017	0.249631	0.260267	0.228060	0.257623	4,074,770	37,444,600
11/30/2017	0.203753	0.281094	0.178633	0.248866	3,447,700	30,563,000
11/29/2017	0.237379	0.254965	0.185314	0.200965	2,802,610	35,606,900
11/28/2017	0.238414	0.249881	0.229876	0.238613	3,649,230	35,762,100
11/27/2017	0.234212	0.238389	0.224051	0.238389	3,202,410	35,131,800
11/26/2017	0.217593	0.236720	0.216237	0.234338	1,405,400	32,639,000
11/25/2017	0.209279	0.220720	0.203469	0.217868	1,825,470	31,391,800
11/24/2017	0.213459	0.220147	0.203180	0.209432	1,814,810	32,018,800
11/23/2017	0.221793	0.226009	0.214101	0.214101	1,977,020	33,269,000
11/22/2017	0.196064	0.241675	0.195643	0.221272	2,832,990	29,409,600
11/21/2017	0.204510	0.205870	0.187368	0.196161	1,738,120	30,676,500
11/20/2017	0.210684	0.216751	0.204700	0.205489	1,819,930	31,602,500
11/19/2017	0.205819	0.233876	0.201365	0.210899	1,772,770	30,872,900
11/18/2017	0.199845	0.209759	0.196992	0.206344	1,474,640	29,976,700
11/17/2017	0.225694	0.231000	0.200308	0.200928	1,791,930	33,854,100
11/16/2017	0.222623	0.231670	0.212070	0.227078	2,051,200	33,393,400
11/15/2017	0.231428	0.237423	0.218656	0.222056	1,889,060	34,714,100
11/14/2017	0.230825	0.241246	0.228060	0.230716	2,431,870	34,623,800
11/13/2017	0.219133	0.238830	0.218304	0.230570	1,828,930	32,869,900
11/12/2017	0.243335	0.244233	0.215402	0.219047	2,178,070	36,500,200
11/11/2017	0.240971	0.252511	0.240952	0.244201	2,567,260	36,145,600
11/10/2017	0.283524	0.289103	0.239338	0.241720	2,845,070	42,528,700
11/09/2017	0.261169	0.291616	0.254404	0.284562	3,148,290	39,175,300
11/08/2017	0.246379	0.268097	0.241092	0.260774	2,803,730	36,956,900
11/07/2017	0.237440	0.250704	0.233986	0.246954	2,066,790	35,616,000
11/06/2017	0.244512	0.248532	0.231037	0.237707	1,888,510	36,676,800
11/05/2017	0.239291	0.250529	0.238474	0.244646	1,847,880	35,893,700
11/04/2017	0.227474	0.248483	0.215262	0.239303	1,664,990	34,121,100
11/03/2017	0.225903	0.238826	0.220477	0.228534	1,704,310	33,885,400
11/02/2017	0.199334	0.236519	0.192323	0.234500	2,054,830	29,900,100
11/01/2017	0.201889	0.243829	0.188497	0.199491	2,954,350	30,283,300
10/31/2017	0.209518	0.213105	0.196921	0.202149	1,658,900	31,427,800
10/30/2017	0.205644	0.215260	0.199786	0.209359	2,053,380	30,846,600
10/29/2017	0.188601	0.208802	0.188498	0.206520	1,797,930	28,290,200
10/28/2017	0.202167	0.205069	0.180596	0.188855	1,669,940	30,325,100
10/27/2017	0.207916	0.211058	0.199066	0.201748	1,753,510	31,187,400
10/26/2017	0.218677	0.222861	0.203975	0.207908	1,799,920	32,801,500
10/25/2017	0.217429	0.222014	0.212301	0.218602	1,649,550	32,614,400
10/24/2017	0.229617	0.237051	0.215433	0.217432	1,897,600	34,442,600
10/23/2017	0.265078	0.265078	0.220177	0.229958	1,631,230	39,761,700
10/22/2017	0.242081	0.265002	0.235591	0.264445	1,855,200	36,312,100
10/21/2017	0.255190	0.259754	0.220429	0.241828	2,380,200	38,278,500
10/20/2017	0.274176	0.372017	0.252695	0.255162	2,484,350	41,126,400
10/19/2017	0.323217	0.361514	0.265341	0.274173	3,606,770	48,482,600
10/18/2017	0.398891	0.398891	0.310855	0.324418	3,027,440	59,833,700
10/17/2017	0.351933	0.455638	0.324768	0.403462	3,654,270	-
