Date	Open	High	Low	Close	Volume	Market Cap
07/15/2018	0.021641	0.023581	0.021001	0.023335	138,914	7,228,510
07/14/2018	0.022640	0.022799	0.020615	0.021665	114,199	7,561,990
07/13/2018	0.023496	0.025121	0.020780	0.022605	73,900	7,847,980
07/12/2018	0.024913	0.025531	0.023042	0.023345	123,183	8,321,180
07/11/2018	0.022891	0.024828	0.022821	0.024819	82,021	7,645,600
07/10/2018	0.026667	0.027108	0.022837	0.022901	174,637	8,906,790
07/09/2018	0.028207	0.029381	0.026626	0.026723	103,734	9,421,320
07/08/2018	0.027897	0.030957	0.026491	0.028171	196,946	9,317,820
07/07/2018	0.027679	0.029021	0.024982	0.027755	156,387	9,244,840
07/06/2018	0.030095	0.030331	0.027973	0.028385	121,033	10,051,800
07/05/2018	0.028550	0.031947	0.027243	0.030174	182,353	9,535,890
07/04/2018	0.026007	0.030571	0.024780	0.028509	93,091	8,686,550
07/03/2018	0.026918	0.029496	0.025845	0.026066	367,928	1,926,920
07/02/2018	0.028984	0.028984	0.025928	0.027274	76,336	2,074,810
07/01/2018	0.031569	0.032197	0.024736	0.028978	134,645	2,259,840
06/30/2018	0.028231	0.031274	0.025385	0.030860	100,547	2,020,900
06/29/2018	0.026244	0.029814	0.023645	0.028136	228,825	1,878,640
06/28/2018	0.025960	0.029582	0.025807	0.026250	102,547	-
06/27/2018	0.025718	0.028216	0.025487	0.025923	134,882	-
06/26/2018	0.027393	0.027421	0.025666	0.025786	121,183	-
