Date	Open	High	Low	Close	Volume	Market Cap
07/15/2018	0.058027	0.081059	0.057974	0.072563	5,160	2,251,760
07/14/2018	0.081403	0.082002	0.057703	0.058046	165	3,158,850
07/13/2018	0.084655	0.085149	0.080782	0.081629	104	3,285,080
07/12/2018	0.086277	0.086277	0.077761	0.084572	1,818	3,348,020
07/11/2018	0.077879	0.086790	0.077701	0.086296	1,708	3,022,130
07/10/2018	0.090760	0.092424	0.077805	0.077852	4,247	3,521,950
07/09/2018	0.087170	0.094846	0.082872	0.091670	4,594	3,382,650
07/08/2018	0.094741	0.095497	0.086329	0.087188	2,383	3,676,450
07/07/2018	0.093811	0.095154	0.089782	0.094846	983	3,640,350
07/06/2018	0.095642	0.095689	0.081135	0.093969	2,360	3,711,410
07/05/2018	0.096441	0.098146	0.083382	0.095659	2,919	3,742,410
07/04/2018	0.085079	0.098215	0.084238	0.096236	185	3,301,500
07/03/2018	0.098877	0.103540	0.074471	0.085111	3,361	3,836,940
07/02/2018	0.089237	0.099801	0.088725	0.099311	707	3,462,850
07/01/2018	0.097197	0.102329	0.082510	0.089153	5,848	3,771,740
06/30/2018	0.098633	0.104200	0.096489	0.097160	6,662	3,827,490
06/29/2018	0.096464	0.099871	0.092063	0.098409	3,317	3,743,310
06/28/2018	0.100241	0.104799	0.095858	0.096402	912	3,889,880
06/27/2018	0.099313	0.102023	0.097356	0.100205	1,707	3,853,880
06/26/2018	0.106906	0.108323	0.094268	0.099353	7,402	4,148,530
06/25/2018	0.108705	0.110710	0.105798	0.106906	6,542	4,218,340
06/24/2018	0.109838	0.110908	0.102233	0.108915	2,871	4,262,320
06/23/2018	0.106722	0.111472	0.104942	0.109853	1,713	4,141,360
06/22/2018	0.122075	0.122179	0.103457	0.106708	5,952	4,737,150
06/21/2018	0.125376	0.127694	0.115781	0.122210	5,086	4,865,260
06/20/2018	0.127710	0.128754	0.121182	0.125350	4,594	4,955,810
06/19/2018	0.119240	0.128749	0.119203	0.127631	5,028	4,627,140
06/18/2018	0.124491	0.125077	0.108333	0.119304	4,881	4,830,910
06/17/2018	0.111965	0.125835	0.104304	0.124918	3,896	4,344,830
06/16/2018	0.118960	0.123452	0.103641	0.111670	3,124	4,616,260
06/15/2018	0.122539	0.130894	0.119395	0.119395	2,148	4,755,180
06/14/2018	0.114802	0.133717	0.114802	0.122668	6,798	4,454,940
06/13/2018	0.125413	0.130171	0.111040	0.114853	4,837	4,866,710
06/12/2018	0.139355	0.141207	0.115774	0.125083	6,073	5,407,730
06/11/2018	0.141970	0.141970	0.133163	0.139430	1,729	5,509,190
06/10/2018	0.147750	0.150907	0.131975	0.141768	4,699	5,733,500
06/09/2018	0.145261	0.156653	0.142160	0.147565	13,142	5,636,890
06/08/2018	0.147889	0.148537	0.136913	0.145315	5,366	5,738,880
06/07/2018	0.149217	0.156323	0.146503	0.147763	4,052	5,790,410
06/06/2018	0.148380	0.160297	0.148060	0.149102	1,952	5,757,940
06/05/2018	0.141195	0.163822	0.139998	0.148420	2,969	5,479,100
06/04/2018	0.156965	0.178279	0.140938	0.141128	10,045	6,091,090
06/03/2018	0.152910	0.164133	0.152291	0.156954	3,387	5,933,730
06/02/2018	0.148959	0.158979	0.146564	0.152877	1,448	5,780,420
06/01/2018	0.153217	0.153757	0.138796	0.149024	5,639	5,945,630
05/31/2018	0.147889	0.158269	0.147457	0.153073	8,893	5,738,870
05/30/2018	0.158505	0.164838	0.147478	0.147933	5,373	6,150,840
05/29/2018	0.156309	0.162724	0.152532	0.158398	5,505	6,065,630
05/28/2018	0.167822	0.170276	0.152423	0.156385	13,798	6,512,370
05/27/2018	0.169141	0.169210	0.161449	0.167785	1,550	6,563,590
05/26/2018	0.164852	0.174773	0.164581	0.169067	2,522	6,397,140
05/25/2018	0.180322	0.189818	0.162966	0.165069	10,436	6,997,450
05/24/2018	0.188596	0.204291	0.175120	0.179984	14,712	7,318,520
05/23/2018	0.207923	0.220839	0.185299	0.189084	18,126	8,068,510
05/22/2018	0.207707	0.226059	0.195886	0.208139	23,225	8,060,130
05/21/2018	0.213428	0.215890	0.199642	0.207751	16,518	8,282,130
05/20/2018	0.183275	0.216953	0.181166	0.213161	19,765	7,112,030
05/19/2018	0.202118	0.203987	0.182987	0.183137	18,625	7,843,250
05/18/2018	0.176195	0.202148	0.174753	0.202148	14,126	6,837,320
05/17/2018	0.178501	0.197530	0.173920	0.176041	17,216	6,926,780
05/16/2018	0.161131	0.178391	0.150270	0.178391	22,445	6,252,750
05/15/2018	0.165729	0.168472	0.150773	0.162856	23,254	6,431,160
05/14/2018	0.166606	0.178961	0.163224	0.166013	5,663	6,465,200
05/13/2018	0.183411	0.184088	0.156222	0.166638	18,296	7,117,330
05/12/2018	0.166843	0.183476	0.144775	0.183476	46,969	6,474,390
05/11/2018	0.192254	0.192254	0.161042	0.167335	21,965	7,460,490
05/10/2018	0.202197	0.212023	0.152125	0.192025	109,488	7,846,330
05/09/2018	0.230236	0.237990	0.181716	0.202254	48,780	8,934,370
05/08/2018	0.256973	0.258594	0.222302	0.230587	53,620	9,971,910
05/07/2018	0.258266	0.273493	0.244779	0.256414	23,427	10,022,100
05/06/2018	0.291476	0.293401	0.247911	0.256271	36,865	11,310,800
05/05/2018	0.295362	0.314874	0.281706	0.285819	14,997	11,461,600
05/04/2018	0.302624	0.307605	0.270704	0.295502	34,116	11,743,400
05/03/2018	0.289932	0.305367	0.270016	0.302755	42,177	11,173,600
05/02/2018	0.265358	0.294958	0.256199	0.289954	32,776	10,226,500
05/01/2018	0.272925	0.305535	0.250424	0.269010	21,954	10,518,200
04/30/2018	0.312014	0.316572	0.228033	0.272682	94,849	12,024,600
04/29/2018	0.337289	0.353794	0.287547	0.312201	31,596	12,998,700
04/28/2018	0.343417	0.368727	0.320443	0.328789	32,468	13,234,800
04/27/2018	0.355845	0.375068	0.331466	0.344933	34,813	13,713,800
04/26/2018	0.340565	0.364571	0.320700	0.354706	34,075	13,124,900
04/25/2018	0.373760	0.381958	0.327523	0.331348	35,664	14,404,200
04/24/2018	0.329318	0.376432	0.326202	0.376432	51,146	12,691,500
04/23/2018	0.370904	0.380858	0.325214	0.336935	68,981	14,294,200
04/22/2018	0.378070	0.417344	0.347971	0.371686	56,783	14,570,300
04/21/2018	0.396960	0.398868	0.367263	0.378154	26,105	15,298,300
04/20/2018	0.405072	0.425598	0.390377	0.396837	48,784	15,610,900
04/19/2018	0.397030	0.442661	0.391234	0.404842	27,220	15,301,000
04/18/2018	0.364249	0.404066	0.359588	0.396736	28,697	14,037,700
04/17/2018	0.349681	0.404213	0.346321	0.363912	44,946	13,476,200
04/16/2018	0.334192	0.387427	0.318480	0.349519	53,231	12,879,300
04/15/2018	0.305094	0.347070	0.305081	0.334305	20,258	11,757,900
04/14/2018	0.315470	0.321552	0.303832	0.304769	22,563	12,157,800
04/13/2018	0.320165	0.342716	0.303251	0.315471	20,990	12,338,700
04/12/2018	0.294046	0.340260	0.274081	0.319638	50,103	11,332,100
04/11/2018	0.300893	0.314736	0.265797	0.290712	39,000	11,596,000
04/10/2018	0.320824	0.326962	0.281264	0.300604	22,451	12,364,100
04/09/2018	0.295887	0.331592	0.293557	0.320553	19,981	11,403,100
04/08/2018	0.287482	0.309569	0.268651	0.295407	41,549	11,079,100
04/07/2018	0.256755	0.290919	0.256755	0.287211	28,077	9,895,000
04/06/2018	0.248913	0.269241	0.243515	0.247966	25,760	9,592,770
04/05/2018	0.251248	0.265398	0.243277	0.250164	13,745	9,682,740
04/04/2018	0.282785	0.296773	0.250188	0.251035	20,049	10,898,200
04/03/2018	0.260845	0.289154	0.254433	0.282979	11,628	10,052,600
04/02/2018	0.248263	0.277841	0.245610	0.260659	15,251	9,567,720
04/01/2018	0.278933	0.282234	0.234299	0.247056	12,330	10,749,700
03/31/2018	0.272476	0.286095	0.265387	0.278923	17,965	10,500,800
03/30/2018	0.265672	0.274619	0.238502	0.272466	24,060	10,238,600
03/29/2018	0.294367	0.298568	0.255099	0.266349	23,342	11,344,500
03/28/2018	0.280725	0.303109	0.269023	0.293982	28,984	10,818,700
03/27/2018	0.300444	0.314948	0.280399	0.280777	21,791	11,578,700
03/26/2018	0.307692	0.314810	0.289313	0.300888	12,479	11,858,000
03/25/2018	0.307222	0.335157	0.304165	0.307935	6,584	11,839,900
03/24/2018	0.323034	0.329760	0.307672	0.311486	8,782	12,449,300
03/23/2018	0.324087	0.324211	0.299164	0.318594	18,682	12,489,900
03/22/2018	0.331662	0.365396	0.318068	0.324104	56,090	12,781,800
03/21/2018	0.342309	0.371967	0.325104	0.332137	33,524	13,192,100
03/20/2018	0.322098	0.349468	0.278621	0.341555	28,703	12,413,200
03/19/2018	0.309696	0.326365	0.286852	0.318581	29,539	11,935,300
03/18/2018	0.267822	0.311788	0.225969	0.311001	49,738	10,321,500
03/17/2018	0.308616	0.308616	0.259864	0.268461	36,502	11,893,600
03/16/2018	0.307754	0.328251	0.284534	0.308110	19,092	11,860,400
03/15/2018	0.310457	0.319996	0.288692	0.307928	38,215	11,964,600
03/14/2018	0.366302	0.374507	0.301307	0.311006	19,929	14,116,800
03/13/2018	0.333875	0.393756	0.331987	0.365087	49,498	12,867,100
03/12/2018	0.349436	0.380424	0.323598	0.335796	43,417	13,466,800
03/11/2018	0.325774	0.356886	0.302148	0.350531	12,243	12,554,900
03/10/2018	0.336930	0.354225	0.319521	0.326901	32,492	12,984,800
03/09/2018	0.339683	0.348331	0.307325	0.336787	39,751	13,090,900
03/08/2018	0.381820	0.391401	0.332154	0.341694	16,542	14,714,800
03/07/2018	0.413164	0.420851	0.361208	0.382362	21,814	15,922,800
03/06/2018	0.464399	0.464399	0.402168	0.413691	42,428	17,897,300
03/05/2018	0.462430	0.468493	0.445794	0.465687	15,479	17,821,400
03/04/2018	0.502616	0.508433	0.433545	0.462759	34,871	19,370,100
03/03/2018	0.488610	0.509150	0.475368	0.503409	24,394	18,830,400
03/02/2018	0.491659	0.513551	0.477432	0.489117	17,191	18,947,900
03/01/2018	0.462478	0.515263	0.412249	0.504458	90,691	17,823,300
02/28/2018	0.456619	0.480716	0.427721	0.461818	25,607	17,597,500
02/27/2018	0.440830	0.501040	0.432185	0.457146	29,616	16,989,000
02/26/2018	0.390505	0.448443	0.386459	0.439560	24,243	15,049,500
02/25/2018	0.374932	0.402487	0.365900	0.390017	27,019	14,449,400
02/24/2018	0.387802	0.417725	0.364203	0.375508	46,437	14,945,400
02/23/2018	0.364430	0.407612	0.355985	0.395471	18,901	14,044,700
02/22/2018	0.422113	0.424143	0.358736	0.364774	10,383	16,267,600
02/21/2018	0.437412	0.476793	0.394687	0.422551	22,363	16,857,300
02/20/2018	0.494375	0.518357	0.433648	0.437957	44,012	19,052,500
02/19/2018	0.478153	0.495124	0.459849	0.493937	23,209	18,427,400
02/18/2018	0.537178	0.545296	0.447464	0.480428	39,085	20,702,100
02/17/2018	0.533570	0.573371	0.467439	0.535675	59,244	20,563,000
02/16/2018	0.542065	0.558002	0.495469	0.533637	31,268	20,890,400
02/15/2018	0.462989	0.556367	0.445636	0.544249	77,672	17,843,000
02/14/2018	0.356929	0.464495	0.356929	0.462757	48,552	13,755,600
02/13/2018	0.384187	0.384187	0.339637	0.364991	23,070	14,806,000
02/12/2018	0.327875	0.392314	0.326995	0.383494	59,683	12,635,900
02/11/2018	0.387830	0.387830	0.325813	0.325813	31,929	14,946,400
02/10/2018	0.439387	0.466802	0.368170	0.388178	49,550	16,933,400
02/09/2018	0.425045	0.447473	0.363836	0.439085	28,065	16,380,700
02/08/2018	0.373342	0.446743	0.373342	0.423774	26,266	14,388,100
02/07/2018	0.379845	0.414988	0.345806	0.374830	16,039	14,638,700
02/06/2018	0.356918	0.391370	0.269770	0.383263	52,107	13,755,200
02/05/2018	0.442927	0.459026	0.338645	0.356372	26,065	17,069,800
02/04/2018	0.450456	0.523115	0.437457	0.447264	18,933	17,360,000
02/03/2018	0.409831	0.492975	0.395131	0.450229	55,864	15,794,300
02/02/2018	0.452966	0.469020	0.362125	0.408362	53,946	17,456,700
02/01/2018	0.517586	0.632552	0.440943	0.453959	92,749	19,947,100
01/31/2018	0.548778	0.553688	0.502046	0.516396	78,196	21,149,200
01/30/2018	0.754102	0.757658	0.503742	0.536121	126,981	29,062,100
01/29/2018	0.743841	0.789715	0.701230	0.753459	83,594	28,666,600
01/28/2018	0.781596	0.870500	0.723380	0.737492	85,638	30,121,700
01/27/2018	0.687944	0.777608	0.614557	0.777547	76,925	26,512,400
01/26/2018	0.767917	0.809419	0.562923	0.688300	212,850	29,594,500
01/25/2018	0.817621	0.858388	0.749236	0.769991	97,178	31,510,000
01/24/2018	0.785485	0.855837	0.770775	0.804906	71,071	30,271,500
01/23/2018	0.817281	0.835972	0.713408	0.785848	100,439	31,496,900
01/22/2018	0.866035	0.900830	0.746474	0.819404	97,251	33,375,800
01/21/2018	0.993642	0.993642	0.842554	0.854615	98,464	38,293,600
01/20/2018	0.891131	1.03	0.843740	0.991315	75,916	34,343,000
01/19/2018	0.852169	0.927913	0.825363	0.881807	92,491	32,841,400
01/18/2018	0.762462	0.946957	0.724302	0.861126	253,868	29,384,200
01/17/2018	0.724465	0.779662	0.548955	0.759307	234,859	27,919,900
01/16/2018	1.02	1.02	0.640406	0.751867	194,134	39,162,600
01/15/2018	0.987424	1.12	0.936666	1.01	190,559	38,054,000
01/14/2018	1.13	1.15	0.991798	0.992658	239,512	43,687,200
01/13/2018	1.07	1.18	1.05	1.13	276,969	41,295,500
01/12/2018	1.10	1.15	1.03	1.07	354,418	42,505,600
01/11/2018	1.24	1.27	0.965567	1.07	245,287	47,975,500
01/10/2018	1.17	1.27	1.08	1.27	536,502	44,929,200
01/09/2018	1.05	1.23	1.05	1.16	287,040	40,623,900
01/08/2018	1.20	1.20	0.978695	1.06	304,333	46,281,900
01/07/2018	1.19	1.29	1.04	1.20	479,148	45,746,200
01/06/2018	1.01	1.19	0.921233	1.19	497,726	39,086,300
01/05/2018	1.19	1.19	0.988863	1.01	479,090	45,902,900
01/04/2018	1.23	1.53	1.02	1.19	532,720	47,526,600
01/03/2018	1.20	1.29	1.15	1.21	704,526	46,221,900
01/02/2018	0.839373	1.17	0.818135	1.17	773,573	32,348,300
01/01/2018	0.775867	0.844112	0.751248	0.829040	237,984	29,900,900
12/31/2017	0.806567	0.895229	0.679365	0.773236	425,617	31,084,000
12/30/2017	0.737150	0.817938	0.597047	0.805233	356,264	28,408,800
12/29/2017	0.557397	0.759853	0.552893	0.740068	461,837	21,481,300
12/28/2017	0.607179	0.609096	0.526412	0.556211	148,460	23,399,800
12/27/2017	0.593355	0.623714	0.564058	0.608407	164,944	22,867,100
12/26/2017	0.537571	0.630296	0.521851	0.574041	135,460	20,717,300
12/25/2017	0.511051	0.554327	0.465050	0.538258	217,843	19,695,200
12/24/2017	0.540948	0.571033	0.453333	0.506089	209,650	20,847,400
12/23/2017	0.568220	0.662415	0.500506	0.534568	359,217	21,898,400
12/22/2017	0.640601	0.647613	0.453754	0.560138	221,449	24,687,900
12/21/2017	0.605703	0.677427	0.581208	0.638392	274,134	23,343,000
12/20/2017	0.614452	0.634382	0.556659	0.604167	295,634	23,680,100
12/19/2017	0.537456	0.746162	0.537456	0.615589	415,077	20,712,800
12/18/2017	0.481177	0.560095	0.458680	0.538764	294,345	18,543,900
12/17/2017	0.504184	0.529118	0.473144	0.479836	126,808	19,430,600
12/16/2017	0.474834	0.543640	0.422463	0.504090	203,199	18,299,500
12/15/2017	0.465955	0.508738	0.460775	0.474259	104,267	17,957,300
12/14/2017	0.477224	0.512340	0.438029	0.465119	139,677	18,391,600
12/13/2017	0.470715	0.503205	0.445619	0.478514	177,990	18,140,700
12/12/2017	0.465002	0.484292	0.440272	0.475933	95,914	17,920,500
12/11/2017	0.446388	0.485518	0.429024	0.472523	158,275	17,203,200
12/10/2017	0.482851	0.486382	0.411023	0.449102	88,390	18,608,400
12/09/2017	0.462410	0.489348	0.422736	0.481203	115,218	17,820,600
12/08/2017	0.514070	0.514070	0.394166	0.462582	107,194	19,811,500
12/07/2017	0.528601	0.557629	0.463037	0.521588	192,561	20,371,600
12/06/2017	0.490765	0.557848	0.433838	0.514630	292,100	18,913,400
12/05/2017	0.359407	0.492623	0.349099	0.490920	127,140	13,851,000
12/04/2017	0.360132	0.369484	0.329586	0.358701	53,268	13,879,000
12/03/2017	0.352134	0.375867	0.337357	0.358987	106,477	13,570,800
12/02/2017	0.368693	0.390280	0.348336	0.351804	57,124	14,208,900
12/01/2017	0.345960	0.368626	0.324927	0.368626	94,225	13,332,800
11/30/2017	0.302222	0.371800	0.295229	0.346649	78,282	11,647,200
11/29/2017	0.367146	0.399408	0.296825	0.297766	120,062	14,149,300
11/28/2017	0.387806	0.410399	0.366598	0.367455	108,708	14,945,500
11/27/2017	0.375708	0.411035	0.375268	0.390262	94,078	14,479,300
11/26/2017	0.409294	0.420844	0.375694	0.375694	123,024	15,773,600
11/25/2017	0.407152	0.423074	0.394416	0.409479	98,679	15,691,100
11/24/2017	0.380120	0.421528	0.355192	0.407778	167,416	14,649,300
11/23/2017	0.327153	0.489543	0.319815	0.380753	299,588	12,608,000
11/22/2017	0.374518	0.379182	0.323159	0.324232	216,802	14,433,400
11/21/2017	0.381708	0.420936	0.355391	0.375115	139,391	14,710,500
11/20/2017	0.445313	0.462143	0.375861	0.380291	286,219	16,856,300
11/19/2017	0.501080	0.512157	0.437768	0.445118	404,353	18,967,200
11/18/2017	0.589575	0.615012	0.471364	0.502786	501,608	22,316,900
11/17/2017	0.503209	0.752157	0.446645	0.593265	1,481,900	19,047,800
11/16/2017	0.775131	0.796918	0.431771	0.492622	2,510,480	29,340,700
11/15/2017	0.537399	0.784566	0.529783	0.775223	2,620,740	20,342,000
11/14/2017	0.448361	0.703263	0.446727	0.542238	2,436,860	16,971,700
11/13/2017	0.352419	0.500832	0.352419	0.451083	872,048	13,340,000
11/12/2017	0.376252	0.420213	0.336186	0.347715	391,330	14,242,100
11/11/2017	0.343949	0.393570	0.343530	0.376515	265,856	13,019,400
11/10/2017	0.365598	0.400197	0.333753	0.345169	184,726	13,838,800
11/09/2017	0.409749	0.438668	0.357709	0.364530	369,614	15,510,100
11/08/2017	0.293017	0.410251	0.287297	0.410251	448,386	11,091,500
11/07/2017	0.276400	0.306008	0.267692	0.293891	95,408	10,462,500
11/06/2017	0.286431	0.297612	0.265310	0.276190	101,543	10,842,200
11/05/2017	0.320260	0.328679	0.262244	0.285811	156,671	12,122,700
11/04/2017	0.306686	0.358919	0.291952	0.320839	186,011	11,608,900
11/03/2017	0.199092	0.351658	0.183822	0.307426	353,557	7,536,140
11/02/2017	0.236749	0.239580	0.175863	0.207797	127,797	8,961,550
11/01/2017	0.253734	0.279518	0.202666	0.237179	121,818	9,604,500
10/31/2017	0.272858	0.290974	0.239435	0.254026	108,977	10,328,400
10/30/2017	0.236485	0.293991	0.193311	0.286846	121,375	8,951,560
10/29/2017	0.251006	0.264345	0.186113	0.237833	123,115	9,501,230
10/28/2017	0.258754	0.279630	0.218354	0.251247	103,078	9,794,500
10/27/2017	0.323799	0.324898	0.258091	0.258091	104,102	12,256,600
10/26/2017	0.297795	0.326911	0.284012	0.318309	128,901	11,272,300
10/25/2017	0.351504	0.362435	0.276598	0.297840	204,119	13,305,300
10/24/2017	0.304603	0.379421	0.293637	0.351373	247,468	11,530,000
10/23/2017	0.351433	0.351568	0.277810	0.305244	138,692	13,302,700
10/22/2017	0.294528	0.382113	0.294528	0.345373	186,559	11,148,700
10/21/2017	0.293340	0.314004	0.246186	0.294433	215,289	11,103,700
10/20/2017	0.352803	0.377971	0.273056	0.293965	289,789	13,354,500
10/19/2017	0.436012	0.487819	0.276557	0.344139	924,978	16,504,200
10/18/2017	0.401004	0.533902	0.360096	0.438562	1,656,830	15,179,000
10/17/2017	0.246671	0.443819	0.236874	0.401595	1,041,730	9,337,160
10/16/2017	0.298244	0.298244	0.217877	0.247189	301,091	11,289,300
10/15/2017	0.201523	0.297386	0.198978	0.297386	388,515	7,628,160
10/14/2017	0.178497	0.209870	0.156454	0.200853	148,721	6,756,570
10/13/2017	0.212582	0.234052	0.170183	0.178447	235,279	-
10/12/2017	0.143139	0.261161	0.143139	0.211981	337,890	-
