Date	Open	High	Low	Close	Volume	Market Cap
07/15/2018	0.003003	0.003184	0.002897	0.003097	1,092,620	8,379,150
07/14/2018	0.003326	0.003337	0.002968	0.003006	1,084,580	9,279,990
07/13/2018	0.003344	0.003413	0.003150	0.003334	2,711,910	9,331,750
07/12/2018	0.003619	0.003624	0.003289	0.003368	125,555	10,099,300
07/11/2018	0.003605	0.003713	0.003488	0.003583	129,395	10,058,700
07/10/2018	0.003883	0.003892	0.003573	0.003578	248,000	10,834,900
07/09/2018	0.004117	0.004406	0.003831	0.003886	12,544,000	11,489,200
07/08/2018	0.004713	0.004758	0.003949	0.004107	476,625	13,152,400
07/07/2018	0.004002	0.004750	0.003944	0.004715	7,349,910	11,168,400
07/06/2018	0.004248	0.004303	0.003904	0.003984	285,958	11,853,300
07/05/2018	0.004480	0.004623	0.004173	0.004254	336,883	12,501,700
07/04/2018	0.004764	0.005127	0.004335	0.004463	6,943,570	13,293,700
07/03/2018	0.005451	0.005936	0.004554	0.004777	7,111,830	15,210,400
07/02/2018	0.003426	0.006322	0.003372	0.005463	19,703,200	9,559,530
07/01/2018	0.003367	0.003412	0.003281	0.003390	120,557	9,396,350
06/30/2018	0.003264	0.003465	0.003264	0.003377	122,797	9,107,120
06/29/2018	0.003294	0.003375	0.003087	0.003238	105,990	9,190,890
06/28/2018	0.003535	0.003586	0.003254	0.003267	53,717	9,864,220
06/27/2018	0.003404	0.003531	0.003300	0.003448	59,127	9,497,320
06/26/2018	0.003441	0.003547	0.003012	0.003327	47,192	9,602,870
06/25/2018	0.003542	0.003706	0.002726	0.003450	68,578	9,883,830
06/24/2018	0.003968	0.003982	0.003466	0.003543	141,881	11,072,700
06/23/2018	0.004002	0.004398	0.003878	0.003974	603,652	11,167,000
06/22/2018	0.004572	0.004596	0.003978	0.003990	245,321	12,757,500
06/21/2018	0.004799	0.004954	0.004549	0.004582	452,598	13,390,400
06/20/2018	0.005085	0.005344	0.004722	0.004801	710,586	14,189,800
06/19/2018	0.004813	0.005901	0.004679	0.005070	845,694	13,430,000
06/18/2018	0.004848	0.004914	0.004564	0.004813	336,177	13,529,100
06/17/2018	0.004910	0.005034	0.004842	0.004855	301,906	13,701,400
06/16/2018	0.005296	0.005328	0.004804	0.004895	389,073	14,777,700
06/15/2018	0.004949	0.005742	0.004890	0.005309	646,844	13,810,800
06/14/2018	0.004617	0.005043	0.004508	0.004971	351,296	12,883,500
06/13/2018	0.005131	0.005131	0.004424	0.004613	106,971	14,316,800
06/12/2018	0.005353	0.005483	0.005040	0.005115	86,698	14,936,400
06/11/2018	0.005523	0.005523	0.005066	0.005353	113,748	15,412,700
06/10/2018	0.006833	0.006833	0.005388	0.005519	176,206	19,067,200
06/09/2018	0.007009	0.007093	0.006749	0.006749	132,674	19,559,300
06/08/2018	0.007122	0.007137	0.006878	0.006912	122,139	19,873,500
06/07/2018	0.007455	0.007591	0.006999	0.007113	276,529	20,803,600
06/06/2018	0.007837	0.008116	0.007328	0.007445	454,692	21,869,600
06/05/2018	0.007514	0.007993	0.007297	0.007848	346,790	20,967,800
06/04/2018	0.008940	0.009003	0.007474	0.007512	1,061,880	24,946,700
06/03/2018	0.009231	0.009408	0.008876	0.008894	1,474,280	25,759,800
06/02/2018	0.009530	0.010313	0.009239	0.009243	1,786,280	26,592,200
06/01/2018	0.008949	0.010235	0.008610	0.009533	1,614,920	24,972,700
05/31/2018	0.009273	0.009892	0.008624	0.008935	1,319,900	25,874,700
05/30/2018	0.009299	0.009855	0.008766	0.009265	780,028	25,948,200
05/29/2018	0.009691	0.011582	0.008199	0.009253	2,153,350	27,041,700
05/28/2018	0.012279	0.014006	0.009578	0.009674	5,266,670	34,263,500
05/27/2018	0.009144	0.014502	0.008568	0.012674	7,204,780	25,516,200
05/26/2018	0.007344	0.009874	0.007041	0.009208	3,416,080	20,493,300
05/25/2018	0.006320	0.007323	0.006278	0.007074	1,067,610	17,636,500
05/24/2018	0.006121	0.006360	0.005752	0.006289	270,369	17,080,000
05/23/2018	0.007239	0.007336	0.006009	0.006131	583,361	20,201,200
05/22/2018	0.007027	0.007966	0.006951	0.007225	987,818	19,609,100
05/21/2018	0.006999	0.007151	0.006817	0.007103	322,002	19,529,800
05/20/2018	0.007029	0.007188	0.006922	0.006980	405,945	19,614,200
05/19/2018	0.006807	0.007112	0.006688	0.007001	398,346	18,995,300
05/18/2018	0.007200	0.007207	0.006607	0.006805	694,998	20,090,000
05/17/2018	0.007930	0.008034	0.007131	0.007192	716,146	22,128,800
05/16/2018	0.007990	0.008025	0.007615	0.007910	581,952	22,296,500
05/15/2018	0.008303	0.008430	0.007880	0.007971	688,751	23,170,100
05/14/2018	0.007736	0.008488	0.007563	0.008329	863,579	21,586,500
05/13/2018	0.007346	0.007880	0.007273	0.007745	754,516	20,498,300
05/12/2018	0.007264	0.007560	0.006942	0.007368	519,410	20,270,600
05/11/2018	0.007593	0.008049	0.007243	0.007289	890,691	21,188,900
05/10/2018	0.008385	0.008545	0.007555	0.007567	1,235,290	23,397,500
05/09/2018	0.008928	0.009171	0.008123	0.008383	1,295,980	24,913,400
05/08/2018	0.008073	0.008985	0.007836	0.008886	1,522,520	22,528,000
05/07/2018	0.008761	0.008818	0.007449	0.008076	1,456,130	24,448,000
05/06/2018	0.009207	0.009302	0.008535	0.008753	1,401,830	25,692,200
05/05/2018	0.009750	0.009750	0.008982	0.009242	2,042,980	27,206,400
05/04/2018	0.010324	0.010324	0.009626	0.009765	2,567,810	28,808,500
05/03/2018	0.009099	0.010224	0.008833	0.010224	2,851,110	25,391,400
05/02/2018	0.009941	0.010182	0.008726	0.009111	2,492,650	27,738,800
05/01/2018	0.009410	0.010197	0.009081	0.009945	1,465,620	26,259,100
04/30/2018	0.010393	0.010413	0.009264	0.009397	1,380,030	29,000,200
04/29/2018	0.011382	0.011531	0.009774	0.010354	2,321,050	31,759,500
04/28/2018	0.010552	0.011518	0.009933	0.011412	2,100,480	29,443,300
04/27/2018	0.011760	0.011760	0.010491	0.010612	1,780,280	32,815,600
04/26/2018	0.011204	0.011744	0.010831	0.011744	3,498,100	31,263,000
04/25/2018	0.013532	0.013605	0.010757	0.011099	3,560,740	37,760,600
04/24/2018	0.011713	0.013721	0.011388	0.013514	3,696,260	32,685,200
04/23/2018	0.008941	0.011703	0.008854	0.011587	2,758,720	24,948,600
04/22/2018	0.008064	0.009440	0.007922	0.008978	1,527,830	22,502,000
04/21/2018	0.008295	0.008344	0.007611	0.008059	1,240,570	23,145,400
04/20/2018	0.007646	0.008272	0.007371	0.008272	1,186,600	21,336,700
04/19/2018	0.007822	0.007883	0.007050	0.007586	1,048,490	21,825,600
04/18/2018	0.007086	0.007921	0.006956	0.007817	801,747	19,772,500
04/17/2018	0.006425	0.007270	0.006263	0.007081	728,277	17,928,800
04/16/2018	0.006402	0.006457	0.005958	0.006425	434,479	17,864,200
04/15/2018	0.005923	0.006551	0.005893	0.006346	320,970	16,528,100
04/14/2018	0.005903	0.006423	0.005694	0.006023	574,698	16,470,700
04/13/2018	0.005942	0.006385	0.005823	0.005903	493,820	16,581,100
04/12/2018	0.005419	0.006187	0.004802	0.005977	446,157	15,121,300
04/11/2018	0.004929	0.005444	0.004894	0.005444	158,264	13,754,500
04/10/2018	0.004769	0.005295	0.004674	0.005118	304,855	13,306,700
04/09/2018	0.004940	0.005316	0.004715	0.004756	22,117	13,783,600
04/08/2018	0.004632	0.005051	0.004481	0.004929	26,472	12,924,600
04/07/2018	0.004229	0.004956	0.004229	0.004787	24,942	11,799,400
04/06/2018	0.004791	0.004886	0.004072	0.004270	52,829	13,368,400
04/05/2018	0.004770	0.004947	0.004399	0.004821	28,058	13,311,100
04/04/2018	0.005652	0.005652	0.004592	0.004653	24,156	15,771,900
04/03/2018	0.005084	0.005672	0.004983	0.005620	45,693	14,186,400
04/02/2018	0.005141	0.005213	0.004911	0.005079	18,638	14,345,500
04/01/2018	0.005238	0.005301	0.004586	0.005122	49,620	14,616,900
03/31/2018	0.005007	0.005412	0.004817	0.005237	21,048	13,971,400
03/30/2018	0.005308	0.005474	0.004439	0.005011	80,034	14,811,100
03/29/2018	0.005981	0.006176	0.004854	0.005323	164,729	16,690,000
03/28/2018	0.005909	0.006500	0.005722	0.005957	194,884	16,488,300
03/27/2018	0.006163	0.006900	0.005899	0.005909	130,048	17,196,500
03/26/2018	0.006162	0.006254	0.005404	0.006169	123,629	17,194,900
03/25/2018	0.006360	0.006576	0.005753	0.006174	49,355	17,748,100
03/24/2018	0.006022	0.006743	0.006010	0.006443	29,710	16,803,200
03/23/2018	0.006132	0.006396	0.005434	0.005964	142,346	17,110,900
03/22/2018	0.006667	0.006846	0.005842	0.006133	326,216	18,603,500
03/21/2018	0.007502	0.007512	0.006409	0.006662	37,633	-
03/20/2018	0.006070	0.008684	0.005675	0.007342	121,144	-
03/19/2018	0.005571	0.006201	0.005065	0.006016	29,086	-
03/18/2018	0.005836	0.005836	0.004167	0.005594	31,662	-
03/17/2018	0.007066	0.007340	0.005420	0.005849	36,754	-
03/16/2018	0.006421	0.007510	0.005963	0.007367	55,473	-
03/15/2018	0.007226	0.012601	0.006153	0.006429	55,861	-
03/14/2018	0.008387	0.008679	0.006778	0.007162	30,663	-
03/13/2018	0.008804	0.009115	0.008080	0.008400	17,620	-
03/12/2018	0.009350	0.009463	0.008273	0.008834	14,320	-
03/11/2018	0.008893	0.009463	0.008511	0.009363	58,267	-
03/10/2018	0.008758	0.010328	0.008352	0.008919	29,160	-
03/09/2018	0.009039	0.009732	0.007314	0.008761	159,983	-
03/08/2018	0.009048	0.010612	0.008657	0.009065	37,571	-
03/07/2018	0.012286	0.013080	0.009092	0.009736	226,978	-
03/06/2018	0.014338	0.014338	0.012135	0.012280	60,046	-
03/05/2018	0.014010	0.014857	0.013019	0.014346	118,859	-
03/04/2018	0.013527	0.014766	0.012682	0.014011	132,588	-
03/03/2018	0.013748	0.014584	0.012829	0.013541	88,934	-
03/02/2018	0.014065	0.014644	0.012800	0.013758	132,946	-
03/01/2018	0.012222	0.014938	0.012153	0.014238	159,307	-
02/28/2018	0.012528	0.015046	0.011916	0.012187	164,716	-
02/27/2018	0.013890	0.014685	0.012415	0.012537	65,703	-
02/26/2018	0.013480	0.014567	0.013016	0.013846	66,789	-
02/25/2018	0.013982	0.014311	0.012484	0.013468	86,140	-
02/24/2018	0.014116	0.014862	0.013116	0.013436	79,474	-
02/23/2018	0.013397	0.014848	0.012898	0.014593	57,939	-
02/22/2018	0.014030	0.015668	0.013044	0.013433	168,898	-
02/21/2018	0.015384	0.015875	0.012681	0.014133	71,656	-
02/20/2018	0.015940	0.016661	0.014479	0.015418	137,117	-
02/19/2018	0.015808	0.017699	0.015662	0.015869	168,739	-
02/18/2018	0.019373	0.020428	0.015886	0.016305	259,209	-
02/17/2018	0.019821	0.020971	0.018474	0.019345	242,371	-
02/16/2018	0.018936	0.022562	0.017794	0.019800	508,709	-
02/15/2018	0.015541	0.017994	0.015528	0.017994	474,748	-
