Date	Open	High	Low	Close	Volume	Market Cap
07/15/2018	26.25	26.78	26.15	26.61	14	-
07/14/2018	26.29	26.48	25.89	26.26	83	-
07/13/2018	26.22	26.36	26.15	26.36	135	-
07/12/2018	31.60	31.60	30.48	30.65	118	-
07/11/2018	31.51	31.84	31.32	31.61	128	-
07/10/2018	32.93	32.99	31.43	31.53	27	-
07/09/2018	31.69	33.41	31.58	32.95	234	-
07/08/2018	32.44	32.51	30.33	31.69	1,794	-
07/07/2018	37.99	38.04	30.05	32.48	129	-
07/06/2018	32.68	38.84	30.20	38.05	708	-
07/05/2018	29.67	48.55	29.47	32.69	8,078	-
07/04/2018	32.47	32.52	29.21	29.61	183	-
07/03/2018	28.00	36.78	27.76	32.48	1,336	-
07/02/2018	27.06	28.34	25.99	28.13	70	-
07/01/2018	26.95	27.26	26.06	27.06	197	-
06/30/2018	26.42	27.39	26.23	26.95	603	-
06/29/2018	25.87	27.01	24.28	26.39	869	-
06/28/2018	31.58	31.67	25.70	25.85	1,103	-
06/27/2018	25.58	101.04	23.53	31.57	14,246	-
06/26/2018	23.89	27.12	23.73	25.59	262	-
06/25/2018	28.88	29.56	23.80	23.89	703	-
06/24/2018	28.87	29.43	27.04	29.10	116	-
06/23/2018	23.81	29.20	23.77	28.87	157	-
06/22/2018	28.46	28.51	23.12	23.81	518	-
06/21/2018	32.65	32.80	28.43	28.49	95	-
06/20/2018	33.75	33.90	29.01	32.65	957	-
06/19/2018	33.78	34.33	29.11	33.72	667	-
06/18/2018	25.41	33.88	25.20	33.80	516	-
06/17/2018	23.23	31.61	23.19	25.50	758	-
06/16/2018	26.97	33.45	23.17	23.17	1,172	-
06/15/2018	25.34	28.65	25.11	27.07	278	-
06/14/2018	18.78	25.77	18.46	25.38	1,016	-
06/13/2018	26.04	26.19	17.38	18.79	917	-
06/12/2018	27.55	31.42	24.36	25.97	905	-
06/11/2018	38.58	38.58	27.12	27.57	2,960	-
06/10/2018	25.32	115.73	24.97	38.52	33,519	-
06/09/2018	26.66	30.42	25.29	25.29	187	-
06/08/2018	25.32	27.81	25.14	26.67	18	-
06/07/2018	30.55	30.91	25.23	25.30	57	-
06/06/2018	30.45	30.68	29.93	30.52	82	-
06/05/2018	26.92	30.51	24.43	30.46	90	-
06/04/2018	32.02	32.08	26.81	26.91	399	-
06/03/2018	25.26	25.56	25.15	25.49	6	-
06/02/2018	24.87	25.38	24.73	25.25	6	-
06/01/2018	24.95	25.28	24.49	24.88	46	-
05/29/2018	23.55	23.65	23.42	23.64	26	-
05/28/2018	30.74	31.02	23.49	23.56	26	-
05/27/2018	30.70	30.88	30.28	30.73	79	-
05/26/2018	30.17	31.72	29.85	30.69	57	-
05/25/2018	27.99	30.21	27.24	30.21	25	-
05/24/2018	26.41	28.13	25.55	27.94	86	-
05/23/2018	28.36	28.39	26.24	26.47	87	-
05/22/2018	29.62	29.64	28.23	28.39	6	-
05/21/2018	30.19	30.37	29.37	29.62	72	-
05/20/2018	28.96	30.38	28.86	30.15	72	-
05/19/2018	29.77	30.23	28.83	28.94	6	-
05/18/2018	29.21	29.88	28.05	29.77	75	-
05/17/2018	29.36	30.14	28.92	29.19	15	-
05/16/2018	31.44	31.47	29.05	29.34	45	-
05/15/2018	32.14	32.68	29.97	31.46	137	-
05/14/2018	39.10	39.18	30.95	32.19	19	-
05/13/2018	29.79	39.37	29.44	39.10	49	-
05/12/2018	31.05	36.80	29.72	29.80	157	-
05/11/2018	44.16	44.16	23.85	31.51	93	-
05/10/2018	54.60	54.88	25.71	44.11	2,973	-
05/09/2018	36.03	54.99	35.22	54.62	4,697	-
05/08/2018	54.89	55.27	35.76	36.08	6,693	-
05/07/2018	40.38	55.37	35.84	54.78	10,634	-
05/06/2018	57.78	58.32	39.81	40.35	22	-
05/05/2018	56.22	58.26	41.63	57.74	9,973	-
05/04/2018	56.85	57.57	34.73	56.25	9,319	-
05/03/2018	55.10	57.88	18.06	56.87	11,589	-
05/02/2018	54.22	55.31	41.09	55.10	8,162	-
05/01/2018	54.76	54.76	52.35	54.30	21,471	-
04/30/2018	56.04	56.26	54.43	54.71	15,353	-
04/29/2018	56.07	57.15	23.51	56.06	21,529	-
04/28/2018	53.54	56.61	53.41	56.10	61,411	-
04/27/2018	54.36	55.85	22.44	53.72	33,121	-
04/26/2018	52.91	54.41	39.40	54.29	904	-
04/25/2018	67.25	67.63	52.40	52.47	1,652	-
04/24/2018	58.21	67.71	22.03	67.71	4,011	-
04/23/2018	57.83	60.85	48.02	58.16	2,579	-
04/22/2018	61.81	62.73	57.65	57.94	1,733	-
04/21/2018	58.64	61.81	42.04	61.81	1,311	-
04/20/2018	57.47	59.17	38.45	58.62	1,530	-
04/19/2018	56.47	57.52	56.22	57.43	846	-
04/18/2018	54.02	56.57	53.91	56.03	1,528	-
04/17/2018	56.06	56.97	35.79	54.35	1,462	-
04/16/2018	57.24	57.56	45.19	56.04	1,447	-
04/15/2018	67.59	70.71	37.44	57.26	4,275	-
04/14/2018	66.65	69.25	40.22	67.52	1,451	-
04/13/2018	61.46	71.13	39.54	66.65	4,735	-
04/12/2018	34.00	61.67	33.10	61.38	1,422	-
04/11/2018	39.53	47.13	33.65	34.08	1,005	-
04/10/2018	57.76	57.83	31.04	39.49	1,354	-
04/09/2018	32.38	60.04	32.38	57.71	1,369	-
04/08/2018	38.44	39.73	32.11	32.33	146	-
04/07/2018	36.57	39.42	33.08	38.40	2,342	-
04/06/2018	33.18	53.47	31.84	36.53	5,695	-
04/05/2018	33.26	33.74	32.20	33.35	904	-
04/04/2018	36.54	36.54	32.94	33.24	901	-
04/03/2018	34.18	39.29	30.91	36.56	1,064	-
04/02/2018	31.00	34.76	30.98	34.15	1,040	-
03/31/2018	33.50	35.27	33.40	34.61	799	-
03/30/2018	34.08	34.67	28.36	33.50	774	-
03/29/2018	38.91	38.98	33.17	34.16	921	-
03/28/2018	45.57	48.12	35.66	38.87	900	-
03/27/2018	48.97	49.09	31.14	45.58	1,208	-
03/26/2018	33.88	50.83	33.66	49.04	1,181	-
03/25/2018	50.63	51.52	33.75	33.90	14	-
03/24/2018	53.19	53.65	40.05	51.33	1,272	-
03/23/2018	52.21	52.43	39.01	52.43	1,690	-
03/22/2018	56.12	59.83	38.22	52.21	1,426	-
03/21/2018	46.44	58.44	42.01	56.22	3,890	-
03/20/2018	36.67	59.74	36.67	46.36	2,090	-
03/19/2018	57.26	58.95	34.17	36.26	4,913	-
03/18/2018	54.18	58.12	47.73	57.50	4,957	-
03/17/2018	59.19	59.99	53.97	54.31	5,342	-
03/16/2018	55.96	61.00	38.07	59.09	3,247	-
03/15/2018	56.24	56.59	38.20	55.99	1,618	-
03/14/2018	68.41	69.97	55.10	56.26	2,660	-
03/13/2018	70.28	73.33	67.32	68.40	953	-
03/12/2018	66.24	71.30	47.30	70.69	948	-
03/11/2018	69.08	72.69	45.65	66.45	1,741	-
03/10/2018	72.02	74.59	48.37	69.32	1,397	-
03/09/2018	69.61	73.04	44.34	71.99	1,567	-
03/08/2018	72.80	76.41	47.65	70.05	520	-
03/07/2018	84.60	85.87	48.26	72.90	2,013	-
03/06/2018	90.46	90.46	53.58	84.71	1,663	-
03/05/2018	76.76	91.97	57.48	90.71	3,897	-
03/04/2018	88.96	89.25	55.76	76.82	652	-
03/03/2018	85.15	89.34	60.49	89.12	3,788	-
03/02/2018	83.51	87.13	52.42	85.25	1,467	-
03/01/2018	75.21	84.11	51.19	83.72	1,932	-
02/28/2018	94.50	97.17	57.41	75.10	2,554	-
02/27/2018	92.53	96.46	76.77	94.61	2,018	-
02/26/2018	62.31	98.03	62.11	92.26	3,140	-
02/25/2018	92.09	93.56	62.03	62.23	237	-
02/24/2018	92.10	95.50	60.51	92.23	1,615	-
02/23/2018	82.34	92.55	80.31	92.22	1,129	-
02/22/2018	74.55	91.76	73.71	82.42	1,443	-
02/21/2018	111.04	111.25	57.37	74.63	7,117	-
02/20/2018	81.22	116.18	80.11	111.18	2,784	-
02/19/2018	85.19	87.03	63.27	81.15	807	-
02/18/2018	122.40	135.67	85.38	85.58	274	-
02/17/2018	123.84	125.73	84.17	122.03	3,237	-
02/16/2018	86.76	124.26	83.99	123.86	2,574	-
02/15/2018	102.91	123.01	85.44	87.13	6,472	-
02/14/2018	73.86	103.11	61.18	102.86	3,111	-
02/13/2018	120.81	122.01	115.03	119.08	397	-
02/12/2018	78.47	121.97	63.73	120.59	3,923	-
02/11/2018	68.21	80.72	63.36	77.97	3,294	-
02/10/2018	75.68	78.69	65.26	68.27	1,832	-
02/09/2018	44.18	78.77	43.00	75.62	2,177	-
02/08/2018	65.18	73.18	43.71	44.04	4,358	-
02/07/2018	68.10	77.29	62.08	65.45	350	-
02/06/2018	88.91	90.87	58.78	68.74	2,077	-
02/05/2018	112.41	114.34	75.53	88.80	2,265	-
02/04/2018	101.59	118.00	98.87	113.51	2,253	-
02/03/2018	110.46	114.60	85.33	101.54	1,494	-
02/02/2018	114.94	117.05	72.16	110.08	3,092	-
02/01/2018	131.92	136.92	89.10	115.17	4,900	-
01/31/2018	105.18	134.88	96.36	131.61	3,121	-
01/30/2018	136.80	137.25	104.71	105.01	613	-
01/29/2018	141.77	143.63	119.33	136.75	638	-
01/28/2018	157.49	159.20	123.16	141.91	828	-
01/27/2018	125.48	159.33	123.17	156.68	7,115	-
01/26/2018	161.56	165.00	115.87	125.57	2,131	-
01/25/2018	129.68	166.61	128.71	160.21	5,140	-
01/24/2018	161.57	168.52	143.15	151.84	2,637	-
01/23/2018	160.93	168.90	115.87	161.66	2,416	-
01/22/2018	155.82	170.49	136.32	161.44	10,931	-
01/21/2018	177.87	295.49	123.96	140.43	34,305	-
01/20/2018	142.67	196.28	116.24	177.51	4,381	-
01/19/2018	102.61	210.30	96.07	141.14	8,683	-
01/18/2018	119.82	147.74	89.30	103.70	18,444	-
01/17/2018	162.26	166.40	67.24	119.36	5,810	-
01/16/2018	173.31	187.88	132.53	163.09	1,315	-
01/15/2018	226.95	240.28	154.01	173.10	4,986	-
01/14/2018	301.05	302.14	130.34	228.63	6,606	-
01/13/2018	344.68	388.44	264.70	300.85	37,819	-
01/12/2018	145.64	406.37	141.35	345.07	58,497	-
01/11/2018	129.56	363.39	119.92	144.68	24,847	-
01/10/2018	141.39	504.19	91.96	129.71	55,783	-
01/09/2018	103.73	171.18	76.30	141.35	9,654	-
01/08/2018	68.40	419.78	58.97	104.00	18,882	-
01/07/2018	77.03	90.28	57.63	68.49	1,166	-
01/06/2018	54.01	83.46	53.42	77.11	5,217	-
01/05/2018	42.10	53.84	34.33	53.84	4,433	-
01/04/2018	42.14	43.36	32.75	42.09	3,599	-
01/03/2018	40.41	43.88	31.64	41.91	781	-
01/02/2018	42.16	44.44	29.78	40.55	1,364	-
01/01/2018	48.09	48.09	28.71	42.17	994	-
12/31/2017	42.44	49.28	34.79	47.90	940	-
12/30/2017	45.58	45.59	30.76	42.90	1,385	-
12/29/2017	74.85	76.84	37.82	45.69	663	-
12/28/2017	73.12	74.09	47.60	74.09	1,461	-
12/27/2017	90.26	98.69	69.50	73.28	2,054	-
12/26/2017	64.86	93.05	49.09	90.20	1,769	-
12/25/2017	50.33	65.30	48.65	64.93	586	-
12/24/2017	60.61	62.16	47.71	49.94	704	-
12/23/2017	50.63	64.04	50.37	60.22	342	-
12/22/2017	64.83	65.39	47.44	50.28	605	-
12/21/2017	67.81	70.94	55.87	64.64	960	-
12/20/2017	77.85	89.74	62.22	67.66	958	-
12/19/2017	84.56	100.37	75.46	77.93	2,615	-
12/18/2017	98.75	102.96	71.96	84.46	2,455	-
12/17/2017	150.57	152.68	99.69	106.00	12,729	-
12/16/2017	137.93	370.94	111.49	150.55	76,011	-
12/15/2017	26.19	520.01	22.02	137.75	69,570	-
12/14/2017	20.96	26.20	20.30	26.15	363	-
12/13/2017	26.94	27.29	20.88	21.03	1,709	-
12/12/2017	26.26	27.68	25.66	26.92	2,299	-
12/11/2017	23.18	27.29	23.08	26.18	2,236	-
12/10/2017	23.56	24.18	14.41	23.35	2,171	-
12/09/2017	16.26	25.79	16.17	23.47	2,839	-
12/08/2017	17.86	25.61	14.49	16.28	2,176	-
12/07/2017	21.98	27.33	13.95	17.82	2,674	-
12/06/2017	11.70	22.05	11.70	22.01	1,484	-
12/05/2017	18.63	19.05	11.72	11.73	122	-
12/04/2017	20.79	21.11	17.39	18.59	1,268	-
12/03/2017	18.45	21.94	18.33	20.72	1,461	-
12/02/2017	17.43	18.83	15.19	18.43	207	-
12/01/2017	15.99	17.80	15.14	17.44	1,774	-
11/30/2017	15.70	17.09	14.40	16.07	1,088	-
11/29/2017	13.91	16.47	13.71	15.46	1,056	-
11/28/2017	16.09	16.69	13.85	13.92	1,076	-
11/27/2017	15.37	16.08	15.37	16.05	1,019	-
11/26/2017	14.61	15.70	14.59	15.37	3	-
11/25/2017	11.52	14.63	11.46	14.61	942	-
11/24/2017	11.26	11.69	11.05	11.54	1,926	-
11/23/2017	11.53	11.61	11.28	11.28	1,873	-
11/22/2017	13.77	14.08	11.27	11.54	1,938	-
11/21/2017	13.99	14.16	11.52	13.74	1,583	-
11/20/2017	11.30	14.07	11.16	13.99	2,022	-
11/19/2017	13.23	13.30	10.79	11.30	51	-
11/18/2017	13.17	13.36	10.83	13.26	948	-
11/17/2017	13.33	16.24	13.02	13.22	2,918	-
11/16/2017	13.87	14.58	13.01	13.35	2,867	-
11/15/2017	12.60	13.91	12.60	13.80	1,513	-
11/14/2017	13.10	14.56	9.92	12.59	2,185	-
11/13/2017	12.12	14.07	9.13	13.07	2,753	-
11/12/2017	9.67	14.31	7.36	12.10	45	-
11/11/2017	13.21	13.68	9.39	9.68	137	-
11/10/2017	14.19	15.70	7.45	13.25	2,888	-
11/09/2017	14.97	16.41	14.10	14.15	2,867	-
11/08/2017	14.99	17.04	14.36	14.98	3,149	-
11/07/2017	15.45	16.30	14.72	15.04	2,978	-
11/06/2017	10.61	16.49	10.02	15.48	2,851	-
11/05/2017	15.49	16.47	10.23	10.59	242	-
11/04/2017	15.77	16.35	10.35	15.52	2,986	-
11/03/2017	15.45	16.43	15.34	15.81	2,912	-
11/02/2017	14.13	15.61	9.60	15.47	3,068	-
11/01/2017	16.56	16.57	13.70	14.11	111	-
10/31/2017	15.87	16.62	15.65	16.58	2,755	-
10/30/2017	12.55	16.10	12.51	15.93	2,588	-
10/29/2017	14.85	15.56	11.92	12.62	63	-
10/28/2017	14.98	15.26	9.35	14.87	2,445	-
10/27/2017	9.43	15.98	8.56	14.94	2,398	-
10/26/2017	12.74	16.78	9.17	9.42	2,504	-
10/25/2017	12.26	12.77	11.96	12.74	67	-
10/24/2017	16.35	18.03	9.59	12.26	36,128	-
10/23/2017	18.77	18.98	16.19	16.39	109	-
10/22/2017	18.88	19.04	14.74	18.80	1,327	-
10/21/2017	18.80	19.30	16.45	18.87	1,280	-
10/20/2017	17.83	19.16	12.48	18.84	736	-
10/19/2017	11.53	17.94	11.11	17.83	1,962	-
10/18/2017	12.46	17.81	11.34	11.52	1,103	-
10/17/2017	18.61	18.66	9.69	12.46	1,739	-
10/16/2017	9.77	18.70	9.74	18.60	1,224	-
10/15/2017	8.12	18.69	7.72	9.76	244	-
10/14/2017	12.84	16.47	7.97	8.11	1,585	-
10/13/2017	15.40	16.63	12.76	12.84	1	-
10/12/2017	15.59	15.65	9.67	15.35	24	-
10/11/2017	13.63	15.80	10.85	15.58	1,011	-
10/10/2017	12.00	14.10	11.96	13.63	2	-
10/09/2017	14.85	14.94	11.56	12.00	1,148	-
10/08/2017	14.19	14.89	14.19	14.85	1,048	-
10/07/2017	11.91	14.26	11.89	14.23	317	-
10/06/2017	14.04	14.35	14.01	14.13	898	-
10/05/2017	13.68	14.17	10.40	14.04	962	-
10/04/2017	10.81	13.73	10.50	13.67	1,249	-
10/03/2017	11.20	14.11	10.69	10.79	1,168	-
10/02/2017	10.99	11.25	10.93	11.20	51	-
10/01/2017	12.59	12.64	10.04	10.99	1,110	-
09/30/2017	15.88	16.01	11.83	12.58	1,149	-
09/29/2017	13.58	31.47	12.81	15.88	1,104	-
09/28/2017	12.67	14.44	9.54	13.59	1,032	-
09/27/2017	11.81	12.78	11.81	12.67	816	-
09/26/2017	12.76	12.83	8.51	11.84	1,041	-
09/25/2017	8.77	12.87	8.43	12.76	797	-
09/24/2017	12.43	12.43	8.37	8.78	195	-
09/23/2017	10.73	12.37	9.52	12.37	1,037	-
09/22/2017	10.71	11.12	10.48	10.85	279	-
09/21/2017	9.88	13.70	9.06	10.72	986	-
09/20/2017	15.95	19.77	9.93	9.93	1,390	-
09/19/2017	16.28	16.37	15.34	15.97	136	-
09/18/2017	14.37	16.39	9.64	16.24	1,057	-
09/17/2017	11.61	14.83	11.13	14.40	1,035	-
09/16/2017	11.79	18.87	11.25	11.61	1,505	-
09/15/2017	10.49	12.43	9.65	11.82	927	-
09/14/2017	9.41	15.00	8.51	10.41	942	-
09/13/2017	14.10	15.09	9.18	9.41	2,452	-
09/12/2017	14.07	14.91	13.93	14.15	5,922	-
09/11/2017	12.71	14.62	12.44	14.06	309	-
09/10/2017	12.29	12.91	9.57	12.73	3,383	-
09/09/2017	13.90	13.90	9.48	12.32	288	-
09/08/2017	15.81	16.20	13.31	13.87	1,631	-
09/07/2017	18.50	18.51	11.32	15.80	2,310	-
09/06/2017	17.92	19.54	14.43	18.54	1,517	-
09/05/2017	17.36	22.16	13.92	17.90	2,047	-
09/04/2017	16.02	24.14	15.96	17.27	947	-
09/03/2017	22.52	26.14	12.85	16.02	5,195	-
09/02/2017	27.40	27.45	20.32	22.51	705	-
09/01/2017	110.00	110.08	19.27	27.36	11,477	-
08/31/2017	13.74	375.01	13.74	109.98	20,211	-
08/30/2017	11.42	13.78	11.17	13.76	15	-
08/29/2017	10.88	12.65	10.79	11.44	1,415	-
08/28/2017	12.55	12.55	10.41	10.87	1,067	-
08/27/2017	10.86	12.65	10.80	12.57	2	-
08/26/2017	11.79	12.48	10.71	10.86	283	-
08/25/2017	7.49	11.95	7.49	11.79	1,040	-
08/24/2017	11.34	11.75	7.46	7.50	1,266	-
08/23/2017	11.06	11.98	10.95	11.33	245	-
08/22/2017	14.04	14.04	10.35	11.09	1,281	-
08/21/2017	12.16	14.27	11.09	14.01	1,159	-
08/20/2017	12.44	12.45	9.03	12.21	809	-
08/19/2017	12.35	15.00	11.86	12.50	3,651	-
08/18/2017	10.64	13.11	10.64	12.36	1,020	-
08/17/2017	15.05	15.24	10.45	10.67	617	-
08/16/2017	7.00	15.76	6.35	15.06	1,131	-
08/15/2017	12.28	12.28	6.42	6.99	4,487	-
08/14/2017	9.12	19.84	9.12	12.26	2,731	-
08/13/2017	11.22	12.13	4.14	9.11	466	-
08/12/2017	12.17	12.70	3.76	11.23	777	-
08/11/2017	11.82	13.34	5.29	12.18	976	-
08/10/2017	6.66	13.27	6.57	11.82	1,184	-
08/09/2017	6.77	6.82	6.48	6.66	976	-
08/08/2017	3.24	6.91	3.24	6.77	1,266	-
08/07/2017	10.30	10.35	3.22	3.24	1,242	-
08/06/2017	11.23	11.36	3.03	10.33	861	-
08/05/2017	10.31	12.09	10.31	11.23	926	-
08/04/2017	9.61	10.35	9.55	10.32	1,037	-
08/03/2017	9.33	9.66	9.32	9.62	916	-
08/02/2017	10.30	10.57	9.17	9.31	542	-
08/01/2017	9.87	11.08	4.28	10.30	908	-
07/31/2017	10.39	10.41	9.32	9.87	592	-
07/30/2017	9.38	12.31	7.29	10.70	819	-
07/29/2017	10.85	11.04	9.24	9.38	622	-
07/28/2017	10.64	11.27	10.64	10.89	1,055	-
07/27/2017	10.10	10.71	10.06	10.61	806	-
07/26/2017	10.24	10.42	9.65	10.07	856	-
07/25/2017	11.03	11.11	9.80	10.24	409	-
07/24/2017	14.28	14.34	10.93	11.03	480	-
07/23/2017	12.15	30.00	11.58	14.29	552	-
07/22/2017	10.67	12.17	10.62	12.15	613	-
07/21/2017	11.33	11.37	2.56	10.67	668	-
07/20/2017	11.28	13.05	10.23	11.24	1,832	-
07/19/2017	12.60	13.08	11.26	11.31	727	-
07/18/2017	12.18	13.03	5.96	12.58	661	-
07/17/2017	10.88	12.17	10.88	12.15	1,220	-
07/16/2017	10.92	11.28	10.10	10.89	535	-
07/15/2017	12.20	12.22	5.31	10.95	1,050	-
07/14/2017	13.00	13.06	11.87	12.22	742	-
07/13/2017	8.66	13.06	8.35	13.01	2,896	-
07/12/2017	3.99	8.73	2.63	8.66	1,360	-
07/11/2017	4.29	4.33	3.56	4.00	1,050	-
07/10/2017	4.02	4.34	1.70	4.30	1,575	-
07/09/2017	1.78	4.02	1.78	4.01	15,042	-
07/08/2017	2.56	2.57	1.64	1.78	713	-
07/07/2017	3.20	3.21	2.50	2.56	1,588	-
07/06/2017	3.23	3.28	3.09	3.20	1,696	-
07/05/2017	3.31	3.31	3.10	3.23	1,304	-
07/04/2017	3.32	3.32	1.53	3.31	1,418	-
06/11/2017	0.001272	0.001273	0.001259	0.001273	11	-
06/10/2017	0.001208	0.001282	0.001208	0.001273	11	-
06/09/2017	0.001317	0.001322	0.001200	0.001207	134	-
06/08/2017	0.001251	0.001319	0.001251	0.001319	188	-
06/06/2017	0.001051	0.001141	0.001051	0.001079	360	-
06/05/2017	0.000982	0.001048	0.000982	0.001048	350	-
06/04/2017	0.000786	0.000984	0.000767	0.000981	333	-
06/03/2017	0.000445	0.000999	0.000440	0.000788	176	-
06/02/2017	0.001152	0.001153	0.000428	0.000446	65	-
06/01/2017	0.001098	0.001173	0.001098	0.001151	106	-
05/31/2017	0.001062	0.001110	0.001038	0.001097	110	-
05/30/2017	0.001207	0.001207	0.001178	0.001192	205	-
05/29/2017	0.000738	0.001231	0.000738	0.001206	207	-
05/28/2017	0.000675	0.001278	0.000675	0.000740	142	-
05/27/2017	0.001700	0.001751	0.000622	0.000671	15	-
05/26/2017	0.001017	0.001843	0.000980	0.001695	8	-
05/25/2017	0.001729	0.001868	0.001729	0.001834	3	-
05/24/2017	0.001583	0.001765	0.001583	0.001732	129	-
05/23/2017	0.001602	0.001643	0.001491	0.001581	274	-
05/22/2017	0.000795	0.001709	0.000793	0.001604	128	-
05/21/2017	0.000757	0.001345	0.000757	0.000793	64	-
05/20/2017	0.000726	0.000758	0.000725	0.000757	42	-
05/19/2017	0.000698	0.000728	0.000698	0.000727	1	-
05/18/2017	0.000707	0.000733	0.000695	0.000697	67	-
05/17/2017	0.001148	0.001212	0.001135	0.001192	1	-
05/16/2017	0.000847	0.001152	0.000571	0.001148	195	-
05/15/2017	0.000832	0.000853	0.000831	0.000848	14	-
05/14/2017	0.000890	0.000905	0.000885	0.000903	3	-
05/13/2017	0.000916	0.000925	0.000844	0.000887	5	-
05/12/2017	0.001352	0.001355	0.000900	0.000917	9	-
05/11/2017	0.001479	0.001559	0.000912	0.001351	50	-
05/10/2017	0.001177	0.001492	0.001177	0.001477	98	-
05/09/2017	0.000948	0.001393	0.000944	0.001176	118	-
05/08/2017	0.000925	0.000948	0.000925	0.000948	5	-
05/07/2017	0.000790	0.000792	0.000784	0.000786	40	-
05/06/2017	0.000778	0.000789	0.000771	0.000789	40	-
05/05/2017	0.000894	0.000938	0.000765	0.000778	40	-
05/04/2017	0.000745	0.001287	0.000745	0.000892	23	-
05/03/2017	0.001672	0.001711	0.000741	0.000745	310	-
05/02/2017	0.002316	0.002316	0.001417	0.001671	37	-
05/01/2017	0.002322	0.002336	0.002311	0.002317	66	-
04/30/2017	0.001110	0.001111	0.001105	0.001108	492	-
04/29/2017	0.001015	0.001113	0.001015	0.001110	493	-
04/28/2017	0.000988	0.001128	0.000983	0.001014	56	-
04/27/2017	0.000884	0.000990	0.000809	0.000988	240	-
04/26/2017	0.001063	0.001067	0.000785	0.000884	172	-
04/25/2017	0.001788	0.001805	0.000792	0.001063	357	-
04/24/2017	0.000605	0.002432	0.000605	0.001788	350	-
04/23/2017	0.001010	0.001010	0.000602	0.000604	157	-
04/22/2017	0.000355	0.001013	0.000355	0.001010	175	-
04/21/2017	0.000947	0.001036	0.000353	0.000354	19	-
04/20/2017	0.000618	0.000951	0.000616	0.000946	94	-
04/19/2017	0.000994	0.001101	0.000615	0.000617	12	-
04/18/2017	0.000955	0.000995	0.000955	0.000994	99	-
04/17/2017	0.001136	0.001136	0.000938	0.000955	11	-
04/16/2017	0.001067	0.001140	0.000941	0.001136	114	-
04/15/2017	0.001132	0.001143	0.001067	0.001067	356	-
04/14/2017	0.000983	0.001140	0.000982	0.001133	378	-
04/13/2017	0.000889	0.001055	0.000888	0.000982	157	-
04/12/2017	0.001157	0.001159	0.000886	0.000888	475	-
04/11/2017	0.001259	0.001266	0.001147	0.001157	0	-
04/10/2017	0.001080	0.001392	0.001073	0.001258	72	-
04/09/2017	0.001153	0.001173	0.001081	0.001081	162	-
04/08/2017	0.000879	0.001152	0.000872	0.001152	59	-
04/07/2017	0.000648	0.000890	0.000640	0.000883	177	-
04/06/2017	0.001171	0.001194	0.000628	0.000650	233	-
04/05/2017	0.001123	0.001170	0.000558	0.001170	75	-
04/04/2017	0.000573	0.001145	0.000572	0.001122	125	-
04/03/2017	0.001125	0.001161	0.000564	0.000572	0	-
04/02/2017	0.000692	0.001130	0.000688	0.001124	17	-
04/01/2017	0.000546	0.000692	0.000544	0.000692	74	-
03/31/2017	0.000647	0.000657	0.000647	0.000656	0	-
03/30/2017	0.000354	0.000835	0.000354	0.000647	5	-
03/29/2017	0.001276	0.001276	0.000353	0.000354	216	-
03/28/2017	0.001348	0.001373	0.001274	0.001278	170	-
03/27/2017	0.001759	0.001800	0.000758	0.001349	180	-
03/26/2017	0.000818	0.001805	0.000813	0.001750	104	-
03/25/2017	0.001733	0.001805	0.000793	0.000817	178	-
03/24/2017	0.001568	0.001831	0.001546	0.001734	39	-
03/23/2017	0.001880	0.001885	0.000789	0.001568	173	-
03/22/2017	0.002925	0.002925	0.001024	0.001878	95	-
03/21/2017	0.002311	0.003051	0.001116	0.002925	298	-
03/20/2017	0.006421	0.006535	0.001824	0.002309	130	-
03/19/2017	0.001299	0.006644	0.001299	0.006417	12,152	-
03/18/2017	0.001474	0.001736	0.001274	0.001295	232	-
03/17/2017	0.001841	0.002070	0.001462	0.001474	260	-
03/16/2017	0.001539	0.001924	0.001491	0.001853	405	-
03/15/2017	0.002195	0.002203	0.001536	0.001537	199	-
03/14/2017	0.002193	0.002196	0.001576	0.002195	171	-
03/13/2017	0.002260	0.002289	0.002190	0.002193	219	-
03/12/2017	0.002294	0.002380	0.002254	0.002260	440	-
03/11/2017	0.002266	0.002423	0.002266	0.002293	487	-
03/10/2017	0.002450	0.002617	0.002206	0.002267	1,117	-
03/09/2017	0.002105	0.002459	0.001440	0.002448	272	-
03/08/2017	0.002654	0.002674	0.002105	0.002105	228	-
03/07/2017	0.002788	0.002793	0.002650	0.002655	295	-
03/06/2017	0.002687	0.002794	0.002681	0.002788	238	-
03/05/2017	0.002697	0.002699	0.002625	0.002686	278	-
03/04/2017	0.003117	0.003122	0.002329	0.002699	409	-
03/03/2017	0.002664	0.003124	0.002664	0.003111	45	-
03/02/2017	0.002609	0.002670	0.002265	0.002665	264	-
03/01/2017	0.002620	0.002728	0.002297	0.002604	405	-
02/28/2017	0.002739	0.002768	0.002614	0.002620	341	-
02/27/2017	0.002805	0.002826	0.002331	0.002738	339	-
02/26/2017	0.002317	0.002814	0.002315	0.002808	24	-
02/25/2017	0.002680	0.002690	0.002575	0.002601	260	-
02/24/2017	0.002228	0.002707	0.002151	0.002688	269	-
02/23/2017	0.002235	0.002347	0.002168	0.002217	404	-
02/22/2017	0.003322	0.003358	0.002235	0.002235	446	-
02/21/2017	0.002288	0.003329	0.002283	0.003324	459	-
02/20/2017	0.003954	0.005288	0.002246	0.002290	1,145	-
02/19/2017	0.007204	0.007218	0.002295	0.003950	578	-
02/18/2017	0.003357	0.007282	0.003350	0.007202	916	-
02/17/2017	0.002514	0.003364	0.002513	0.003348	39	-
02/16/2017	0.002630	0.002657	0.002485	0.002517	106	-
02/15/2017	0.002214	0.002633	0.002208	0.002630	210	-
02/14/2017	0.002509	0.002769	0.002201	0.002210	314	-
02/13/2017	0.002237	0.002842	0.002186	0.002506	222	-
02/12/2017	0.003482	0.003482	0.002235	0.002238	563	-
02/11/2017	0.003501	0.003501	0.003484	0.003485	0	-
02/10/2017	0.002997	0.003007	0.002850	0.002979	238	-
02/09/2017	0.004035	0.004127	0.002989	0.002993	239	-
02/08/2017	0.003155	0.004029	0.002406	0.004029	435	-
02/07/2017	0.003942	0.004024	0.003152	0.003152	618	-
02/06/2017	0.005060	0.005140	0.003922	0.003935	1,574	-
02/05/2017	0.004633	0.005075	0.003067	0.005055	253	-
02/04/2017	0.005146	0.005160	0.004540	0.004630	190	-
02/03/2017	0.001932	0.005159	0.001927	0.005139	895	-
02/02/2017	0.002651	0.002667	0.001883	0.001933	20	-
02/01/2017	0.007540	0.007656	0.002648	0.002651	647	-
01/31/2017	0.007740	0.007760	0.007169	0.007541	677	-
01/30/2017	0.005324	0.007763	0.005324	0.007743	4	-
01/29/2017	0.010239	0.010247	0.005322	0.005324	18	-
01/28/2017	0.011230	0.011254	0.010228	0.010239	39	-
01/27/2017	0.010295	0.011273	0.010295	0.011230	52	-
01/26/2017	0.005126	0.010315	0.005125	0.010295	542	-
01/25/2017	0.012533	0.012682	0.005111	0.005119	0	-
01/24/2017	0.013141	0.013335	0.012528	0.012528	295	-
01/23/2017	0.013852	0.013905	0.013288	0.013299	24	-
01/22/2017	0.016813	0.017053	0.009056	0.013836	159	-
01/21/2017	0.035792	0.036828	0.012934	0.016814	117	-
01/20/2017	0.008541	0.035866	0.008427	0.035793	8,184	-
01/19/2017	0.006304	0.011633	0.006288	0.008545	92	-
01/18/2017	0.007236	0.007312	0.003285	0.006278	80	-
01/17/2017	0.006237	0.011521	0.003154	0.007232	29	-
01/16/2017	0.018063	0.018289	0.003875	0.006235	209	-
01/15/2017	0.001817	0.018069	0.001805	0.018064	376	-
01/14/2017	0.002192	0.006719	0.001804	0.001818	222	-
01/13/2017	0.002093	0.002326	0.002089	0.002189	479	-
01/12/2017	0.002000	0.002148	0.001965	0.002094	473	-
01/11/2017	0.002605	0.002639	0.002189	0.002230	4	-
01/10/2017	0.002672	0.002703	0.001359	0.002605	12	-
01/09/2017	0.002734	0.002741	0.002621	0.002674	59	-
01/08/2017	0.004182	0.004182	0.002662	0.002730	65	-
01/07/2017	0.001798	0.001807	0.001639	0.001797	180	-
01/06/2017	0.000436	0.001820	0.000380	0.001795	326	-
01/05/2017	0.003464	0.003573	0.000412	0.000435	25	-
01/04/2017	0.002042	0.003470	0.001784	0.003461	113	-
01/03/2017	0.000950	0.000963	0.000950	0.000962	0	-
01/02/2017	0.001538	0.001547	0.000947	0.000950	114	-
01/01/2017	0.000887	0.000914	0.000882	0.000914	144	-
12/31/2016	0.000817	0.000887	0.000805	0.000887	140	-
12/30/2016	0.002044	0.002044	0.000811	0.000817	3	-
12/29/2016	0.002021	0.002046	0.002021	0.002045	4	-
12/28/2016	0.004601	0.004674	0.004601	0.004674	21	-
12/27/2016	0.002269	0.004634	0.002266	0.004598	20	-
12/26/2016	0.007447	0.007487	0.002242	0.002268	2	-
12/25/2016	0.007461	0.007466	0.007167	0.007451	11	-
12/24/2016	0.007772	0.007785	0.007472	0.007621	8	-
12/23/2016	0.007564	0.007799	0.007527	0.007768	6,696	-
12/22/2016	0.004555	0.004597	0.004554	0.004597	1	-
12/21/2016	0.004373	0.004555	0.004365	0.004555	2	-
12/20/2016	0.003961	0.004375	0.003957	0.004374	1	-
12/19/2016	0.003747	0.004333	0.003746	0.003964	3	-
12/18/2016	0.003764	0.003775	0.003735	0.003746	2	-
12/17/2016	0.002363	0.002385	0.002362	0.002381	0	-
12/16/2016	0.003529	0.003530	0.002358	0.002363	1	-
12/14/2016	0.003512	0.003519	0.003496	0.003504	0	-
12/13/2016	0.002340	0.004084	0.002340	0.003517	2	-
12/12/2016	0.002342	0.002346	0.002338	0.002340	0	-
12/11/2016	0.002479	0.002479	0.002454	0.002457	0	-
12/10/2016	0.004243	0.004257	0.002474	0.002479	0	-
12/09/2016	0.003091	0.004248	0.003084	0.004242	10	-
12/08/2016	0.003057	0.003083	0.003048	0.003078	857	-
12/07/2016	0.003063	0.003071	0.003050	0.003057	851	-
12/06/2016	0.000501	0.000505	0.000501	0.000504	0	-
12/05/2016	0.000723	0.000723	0.000496	0.000501	11	-
12/04/2016	0.002483	0.002490	0.002473	0.002480	4	-
12/03/2016	0.005080	0.005082	0.002480	0.002483	10	-
12/02/2016	0.005219	0.005383	0.005074	0.005078	11	-
12/01/2016	0.005225	0.005225	0.005207	0.005212	2	-
11/30/2016	0.005127	0.005213	0.005127	0.005208	0	-
11/29/2016	0.005136	0.005143	0.002724	0.005128	1	-
11/28/2016	0.005142	0.005142	0.005135	0.005136	1	-
11/26/2016	0.002373	0.002375	0.002349	0.002349	12	-
11/25/2016	0.002502	0.002503	0.002358	0.002373	23	-
11/24/2016	0.002681	0.002689	0.002497	0.002503	6	-
11/23/2016	0.005635	0.005642	0.002660	0.002680	9	-
11/22/2016	0.005884	0.005894	0.005539	0.005635	5	-
11/21/2016	0.007420	0.017529	0.003785	0.005887	88	-
11/20/2016	0.008681	0.008726	0.007370	0.007420	8	-
11/19/2016	0.018790	0.018796	0.008679	0.008680	57	-
11/18/2016	0.020006	0.031053	0.018658	0.018794	6	-
11/17/2016	0.014958	0.020132	0.014958	0.020016	2	-
11/16/2016	0.029888	0.035885	0.014913	0.014959	8,035	-
11/15/2016	0.008115	0.031492	0.008115	0.029888	11	-
11/14/2016	0.021033	0.029507	0.007738	0.008110	6	-
11/13/2016	0.033991	0.034000	0.033144	0.033759	8	-
11/12/2016	0.012778	0.034066	0.012778	0.033991	54	-
11/11/2016	0.009889	0.009927	0.009873	0.009878	19	-
11/10/2016	0.007247	0.010771	0.007142	0.009888	32	-
11/09/2016	0.008518	0.011038	0.007216	0.007246	0	-
11/08/2016	0.007109	0.010695	0.007070	0.008521	3	-
11/07/2016	0.007272	0.007272	0.007069	0.007106	4	-
11/06/2016	0.013365	0.013570	0.007212	0.007274	28	-
11/05/2016	0.016266	0.016358	0.012619	0.013366	125	-
11/04/2016	0.015861	0.016300	0.015789	0.016269	2	-
11/03/2016	0.017061	0.017175	0.015618	0.015853	0	-
11/02/2016	0.016807	0.017023	0.016629	0.017023	1	-
11/01/2016	0.016122	0.016953	0.016122	0.016803	1	-
10/31/2016	0.015539	0.016180	0.015314	0.016123	1	-
10/30/2016	0.015819	0.015819	0.015420	0.015539	1	-
10/29/2016	0.015262	0.015950	0.015262	0.015823	0	-
10/28/2016	0.033968	0.033968	0.014571	0.015259	10	-
10/27/2016	0.033907	0.033950	0.033670	0.033950	0	-
10/25/2016	0.032623	0.032884	0.032620	0.032877	1	-
10/24/2016	0.020376	0.032687	0.020230	0.032632	6	-
10/23/2016	0.020422	0.020422	0.020277	0.020370	16	-
10/22/2016	0.036957	0.038436	0.036957	0.038381	10	-
10/21/2016	0.022130	0.036961	0.022102	0.036961	10	-
10/18/2016	0.048572	0.048622	0.048571	0.048577	1	-
10/17/2016	0.048815	0.048815	0.048532	0.048573	7	-
10/16/2016	0.019798	0.019930	0.019798	0.019900	0	-
10/15/2016	0.024334	0.024400	0.019759	0.019793	0	-
10/14/2016	0.024198	0.036489	0.024198	0.024332	6	-
10/13/2016	0.024487	0.041926	0.024138	0.024194	4	-
10/12/2016	0.032054	0.032067	0.024241	0.024493	1	-
10/11/2016	0.021974	0.050130	0.021957	0.032076	8	-
10/10/2016	0.052424	0.052542	0.018632	0.021967	3	-
10/09/2016	0.012401	0.054787	0.012354	0.052412	38	-
10/08/2016	0.054850	0.054912	0.012044	0.012400	55	-
10/07/2016	0.036781	0.054901	0.036709	0.054839	19	-
10/06/2016	0.054734	0.054736	0.036711	0.036782	2	-
10/05/2016	0.048816	0.054847	0.023920	0.054736	9	-
10/04/2016	0.018364	0.060299	0.016005	0.048813	19	-
10/03/2016	0.122178	0.731245	0.015621	0.018362	249	-
10/02/2016	0.024136	0.122240	0.023967	0.122187	112	-
10/01/2016	0.007964	0.024185	0.007964	0.024135	9	-
09/30/2016	0.007838	0.007849	0.007818	0.007847	1	-
09/29/2016	0.007795	0.007850	0.007795	0.007836	1	-
09/28/2016	0.016100	0.016111	0.007751	0.007796	4	-
09/27/2016	0.048643	0.048660	0.016045	0.016099	67	-
09/26/2016	0.030186	0.053905	0.030162	0.048651	156	-
09/25/2016	0.036170	0.036203	0.030130	0.030187	36	-
09/24/2016	0.048288	0.048390	0.030308	0.036166	27	-
09/23/2016	0.055456	0.180092	0.048288	0.048289	96	-
09/22/2016	0.414971	0.415901	0.055448	0.055451	14	-
09/21/2016	0.054748	0.415986	0.053791	0.414920	14	-
09/20/2016	0.121870	0.590936	0.054714	0.054819	80	-
09/19/2016	0.122024	1.16	0.121763	0.121868	7	-
09/18/2016	0.042419	1.61	0.042410	0.122030	623	-
09/17/2016	0.039453	0.042468	0.039337	0.042430	1	-
09/16/2016	0.021250	0.042308	0.021250	0.039453	50	-
09/15/2016	0.015571	0.021305	0.015501	0.021254	47	-
09/13/2016	0.036495	0.036672	0.036419	0.036638	0	-
09/12/2016	0.042470	0.042592	0.015505	0.036483	46	-
09/11/2016	0.043646	0.045707	0.011246	0.042457	9	-
09/10/2016	0.045650	0.045739	0.009402	0.043649	197	-
09/09/2016	0.009551	0.045692	0.009459	0.045654	15	-
09/08/2016	0.045144	0.045144	0.009525	0.009553	13	-
09/07/2016	0.044849	0.045144	0.042596	0.045144	8	-
09/06/2016	0.042461	0.045006	0.042422	0.044846	3	-
09/05/2016	0.042629	0.044812	0.042157	0.042458	21	-
09/04/2016	0.014961	0.042595	0.014937	0.042594	93	-
09/03/2016	0.008207	0.024165	0.005896	0.014954	10,416	-
09/02/2016	0.004412	0.004414	0.004401	0.004411	0	-
09/01/2016	0.004415	0.004420	0.004409	0.004412	0	-
08/31/2016	0.004349	0.004351	0.004320	0.004327	0	-
08/30/2016	0.004323	0.004355	0.004323	0.004348	0	-
08/29/2016	0.004046	0.004329	0.004046	0.004323	0	-
08/28/2016	0.004007	0.004047	0.004005	0.004046	0	-
08/27/2016	0.005797	0.005798	0.003997	0.004008	0	-
08/26/2016	0.006950	0.043485	0.005791	0.005796	57	-
08/25/2016	0.017406	0.017413	0.006933	0.006951	8	-
08/24/2016	0.026673	0.026761	0.017396	0.017404	2	-
08/23/2016	0.028094	0.028224	0.027894	0.027977	0	-
08/22/2016	0.027897	0.028175	0.006456	0.028098	0	-
08/21/2016	0.005843	0.027902	0.005823	0.027902	40	-
08/19/2016	0.017178	0.017282	0.017174	0.017282	1	-
08/18/2016	0.022885	0.023006	0.017169	0.017174	1	-
08/17/2016	0.034011	0.034192	0.004580	0.022871	11	-
08/16/2016	0.006240	0.034238	0.004482	0.034006	48	-
08/15/2016	0.006275	0.006304	0.004372	0.006238	5	-
08/14/2016	0.004685	0.006419	0.003462	0.006274	32	-
08/13/2016	0.004700	0.005893	0.004680	0.004684	6	-
08/12/2016	0.052974	0.053023	0.003573	0.004701	31	-
08/11/2016	0.056250	0.089593	0.005666	0.079865	146	-
08/10/2016	0.056776	0.056776	0.056108	0.056250	60	-
08/06/2016	0.003577	0.003586	0.003542	0.003551	3	-
08/05/2016	0.003571	0.003582	0.003566	0.003577	3	-
08/04/2016	0.003415	0.003486	0.003415	0.003456	0	-
08/03/2016	0.003314	0.003457	0.003314	0.003415	0	-
08/02/2016	0.003644	0.003683	0.003588	0.003630	23	-
08/01/2016	0.003910	0.003917	0.003641	0.003642	23	-
07/31/2016	0.003976	0.003976	0.003909	0.003910	1	-
07/30/2016	0.013140	0.013154	0.013117	0.013153	2	-
07/29/2016	0.008581	0.016427	0.008562	0.013140	34	-
07/28/2016	0.008561	0.008591	0.008561	0.008581	0	-
07/27/2016	0.008523	0.008600	0.008482	0.008559	0	-
07/26/2016	0.008549	0.025583	0.008442	0.008525	1	-
07/25/2016	0.008629	0.008637	0.008540	0.008549	0	-
07/24/2016	0.029493	0.029508	0.008541	0.008629	0	-
07/23/2016	0.029283	0.029537	0.029184	0.029500	27	-
07/22/2016	0.029198	0.029278	0.029102	0.029278	1	-
07/20/2016	0.030276	0.030282	0.029851	0.029963	0	-
07/19/2016	0.030259	0.030386	0.030233	0.030279	0	-
07/16/2016	0.030036	0.030154	0.030036	0.030072	11	-
07/15/2016	0.030019	0.030185	0.029968	0.030012	15	-
07/13/2016	0.053117	0.053429	0.052516	0.052697	19	-
07/12/2016	0.030000	0.053953	0.029223	0.053098	22	-
07/11/2016	0.057131	0.058034	0.056745	0.057001	0	-
07/10/2016	0.030175	0.057172	0.029764	0.057131	37	-
07/09/2016	0.030907	0.083286	0.029377	0.030191	66	-
07/08/2016	0.192040	0.193968	0.030171	0.030913	512	-
07/07/2016	0.053731	0.192002	0.051345	0.192002	6	-
07/06/2016	0.056033	0.056993	0.056033	0.056697	0	-
07/05/2016	0.231594	0.231690	0.055533	0.056051	2	-
07/04/2016	0.046116	0.231748	0.045536	0.231748	5	-
07/03/2016	0.070497	0.070497	0.045437	0.046107	2	-
07/02/2016	0.074414	0.074793	0.047461	0.070370	1	-
07/01/2016	0.034971	0.074831	0.034819	0.074366	12	-
06/30/2016	0.032164	0.035037	0.031964	0.035014	3	-
06/29/2016	0.046377	0.046417	0.031736	0.032129	3	-
06/28/2016	0.045409	0.046988	0.045175	0.046584	2	-
06/27/2016	0.286341	0.295601	0.043338	0.045214	0	-
06/26/2016	0.239709	0.289097	0.037106	0.286349	9	-
06/25/2016	0.226056	0.244378	0.033681	0.239418	75	-
06/24/2016	0.028157	0.226621	0.028143	0.226062	48	-
06/23/2016	0.025317	0.028326	0.025277	0.028085	41	-
06/22/2016	0.029966	0.030526	0.029615	0.030014	0	-
06/21/2016	0.257559	0.257559	0.028758	0.029999	1	-
06/20/2016	0.076393	0.334403	0.074287	0.258029	15	-
06/19/2016	0.075752	0.183870	0.074645	0.076338	9	-
06/18/2016	0.075025	0.077885	0.073540	0.075706	2	-
06/17/2016	0.076735	0.076735	0.071727	0.075085	44	-
06/16/2016	0.341227	0.360866	0.341227	0.360041	2	-
06/15/2016	0.068637	0.341119	0.067991	0.340220	2	-
06/14/2016	0.352252	0.352252	0.066347	0.068625	0	-
06/13/2016	0.067233	0.485429	0.066515	0.352188	2	-
06/12/2016	0.426779	0.456248	0.064523	0.067346	0	-
06/11/2016	0.462858	0.579761	0.058165	0.424709	0	-
06/10/2016	0.178515	0.463221	0.166250	0.461895	58	-
06/09/2016	0.180500	0.180500	0.176995	0.178141	55	-
06/08/2016	0.432881	1.16	0.172068	0.180327	58	-
06/07/2016	2.02	2.04	0.430879	0.432454	13	-
06/06/2016	1.43	2.02	0.467791	2.02	156	-
06/05/2016	1.53	1.55	1.41	1.43	0	-
06/04/2016	2.11	2.11	1.53	1.53	7	-
06/03/2016	1.61	2.49	1.61	2.11	4,757	-
06/02/2016	0.777936	1.62	0.426468	1.61	34	-
06/01/2016	0.424886	1.03	0.315382	0.778523	54	-
05/31/2016	1.18	1.31	0.162506	0.425109	344	-
05/30/2016	1.06	1.19	1.01	1.18	45	-
05/29/2016	1.06	2.21	1.02	1.05	51	-
05/28/2016	0.993361	1.99	0.988342	1.06	116	-
05/27/2016	2.27	3.35	0.817805	0.994274	290	-
05/26/2016	1.98	4.07	1.80	2.27	725	-
05/25/2016	0.981332	4.48	0.981332	1.98	2,173	-
05/24/2016	0.533163	1.12	0.532729	0.981154	118	-
05/23/2016	0.874303	0.878621	0.529565	0.532999	56	-
05/22/2016	0.886414	1.73	0.874253	0.874253	126	-
05/21/2016	0.398714	0.887086	0.354221	0.886354	59	-
05/20/2016	0.875586	1.10	0.397294	0.398453	156	-
05/19/2016	0.702531	1.77	0.702207	0.877430	28	-
05/18/2016	0.703928	0.703928	0.702677	0.702677	117	-
