Date	Open	High	Low	Close	Volume	Market Cap
07/15/2018	0.004444	0.004512	0.003744	0.003940	2,196	-
07/14/2018	0.003788	0.004490	0.003668	0.004445	6,071	-
07/13/2018	0.003502	0.004206	0.003499	0.003853	1,070	-
07/12/2018	0.004023	0.004023	0.003349	0.003499	8,543	-
07/11/2018	0.003952	0.004110	0.003303	0.004024	22,269	-
07/10/2018	0.004930	0.005071	0.003465	0.003952	19,461	-
07/09/2018	0.004948	0.005102	0.004401	0.004934	7,672	-
07/08/2018	0.005142	0.005168	0.004704	0.004927	1,215	-
07/07/2018	0.004747	0.005226	0.004720	0.005141	1,071	-
07/06/2018	0.004819	0.005219	0.004336	0.004754	9,497	-
07/05/2018	0.005196	0.005197	0.004191	0.004820	10,027	-
07/04/2018	0.005525	0.005534	0.004570	0.005185	6,758	-
07/03/2018	0.004998	0.005625	0.004861	0.005527	28,463	-
07/02/2018	0.004823	0.005052	0.004773	0.005021	1,613,290	-
07/01/2018	0.004854	0.004882	0.004783	0.004823	17,867	-
06/30/2018	0.004582	0.005049	0.004582	0.004853	313,671	-
06/29/2018	0.004694	0.004719	0.004325	0.004577	37,200	-
06/28/2018	0.004661	0.004872	0.004378	0.004691	245,088	-
06/27/2018	0.004680	0.004706	0.004568	0.004659	336,432	-
06/26/2018	0.004749	0.004796	0.004677	0.004682	341,242	-
06/25/2018	0.004633	0.004846	0.004556	0.004749	458,476	-
06/24/2018	0.004929	0.004929	0.004382	0.004643	8,083	-
06/23/2018	0.004675	0.004965	0.004655	0.004930	40,721	-
06/22/2018	0.005103	0.005111	0.004569	0.004673	75,587	-
06/21/2018	0.005278	0.005311	0.005087	0.005108	359,222	-
06/20/2018	0.005268	0.005300	0.005137	0.005277	232,095	-
06/19/2018	0.005305	0.005355	0.005094	0.005265	359,180	-
06/18/2018	0.005121	0.005356	0.005079	0.005308	161,414	-
06/17/2018	0.005284	0.005307	0.005119	0.005138	199,218	-
06/16/2018	0.005450	0.005465	0.005111	0.005271	209,538	-
06/15/2018	0.005454	0.005606	0.005416	0.005470	29,046	-
06/14/2018	0.004999	0.005488	0.004983	0.005463	225,688	-
06/13/2018	0.005331	0.005359	0.004945	0.005001	122,119	-
06/12/2018	0.005578	0.005578	0.005269	0.005317	315,082	-
06/11/2018	0.005410	0.005610	0.005225	0.005581	584,225	-
06/10/2018	0.006981	0.008308	0.005367	0.005406	174,669	-
06/09/2018	0.007289	0.007687	0.006972	0.006972	165,959	-
06/08/2018	0.007446	0.007787	0.007144	0.007294	53,049	-
06/07/2018	0.006933	0.007861	0.006897	0.007440	89,839	-
06/06/2018	0.006542	0.007841	0.006514	0.006930	113,461	-
06/05/2018	0.006541	0.006556	0.005894	0.006545	167,267	-
06/04/2018	0.007188	0.007207	0.005215	0.006538	219,110	-
06/03/2018	0.006815	0.007279	0.006770	0.007185	209,837	-
06/02/2018	0.006839	0.007049	0.006435	0.006812	90,423	-
06/01/2018	0.006877	0.007053	0.006335	0.006842	418,593	-
05/31/2018	0.006455	0.006979	0.006393	0.006872	230,871	-
05/30/2018	0.006376	0.006928	0.006321	0.006446	663,634	-
05/29/2018	0.006763	0.006818	0.006201	0.006372	110,007	-
05/28/2018	0.007817	0.008002	0.006700	0.006766	54,855	-
05/27/2018	0.008432	0.008482	0.007159	0.007815	39,537	-
05/26/2018	0.008302	0.008669	0.008156	0.008428	16,035	-
05/25/2018	0.008778	0.008795	0.007866	0.008311	23,664	-
05/24/2018	0.007996	0.009001	0.007625	0.008762	23,877	-
05/23/2018	0.011111	0.011167	0.007931	0.008021	33,749	-
05/22/2018	0.011910	0.012797	0.010330	0.011159	104,554	-
05/21/2018	0.012653	0.012812	0.011069	0.011921	163,268	-
05/20/2018	0.011352	0.013520	0.011260	0.012743	239,396	-
05/19/2018	0.011107	0.011385	0.010485	0.011344	81,992	-
05/18/2018	0.008456	0.011493	0.008125	0.011126	119,150	-
05/17/2018	0.008188	0.010237	0.007989	0.008453	133,537	-
05/16/2018	0.007709	0.008509	0.007298	0.008255	38,604	-
05/15/2018	0.007258	0.007787	0.006862	0.007629	34,606	-
05/14/2018	0.006587	0.007269	0.006130	0.007269	15,402	-
05/13/2018	0.006323	0.006829	0.006126	0.006589	16,080	-
05/12/2018	0.006237	0.006469	0.006083	0.006326	11,780	-
05/11/2018	0.006708	0.007110	0.006210	0.006254	56,524	-
05/10/2018	0.007205	0.007590	0.006600	0.006720	59,295	-
05/09/2018	0.006936	0.007555	0.006331	0.007205	32,198	-
05/08/2018	0.007332	0.007458	0.006572	0.006893	32,438	-
05/07/2018	0.007315	0.007732	0.007009	0.007289	9,897	-
05/06/2018	0.007970	0.008418	0.006606	0.007311	37,390	-
05/05/2018	0.007456	0.008448	0.007348	0.008010	44,701	-
05/04/2018	0.007887	0.008171	0.007234	0.007457	50,237	-
05/03/2018	0.007659	0.010808	0.006845	0.007895	337,205	-
05/02/2018	0.008292	0.008482	0.007189	0.007722	66,231	-
05/01/2018	0.007725	0.008792	0.007543	0.008402	90,505	-
04/30/2018	0.007884	0.008104	0.007296	0.007717	44,835	-
04/29/2018	0.008389	0.008463	0.007638	0.007886	46,958	-
04/28/2018	0.007720	0.008402	0.007676	0.008373	43,185	-
04/27/2018	0.008540	0.008843	0.007680	0.007780	219,404	-
04/26/2018	0.008440	0.009505	0.007499	0.008536	603,447	-
04/25/2018	0.009027	0.009235	0.007938	0.008362	379,590	-
04/24/2018	0.007769	0.010732	0.007112	0.009113	703,160	-
04/23/2018	0.007744	0.008427	0.007612	0.007769	351,405	-
04/22/2018	0.009175	0.009401	0.007548	0.007833	449,224	-
04/21/2018	0.009361	0.009515	0.008663	0.009175	301,360	-
04/20/2018	0.006418	0.009429	0.006177	0.009367	576,699	-
04/19/2018	0.006772	0.006772	0.006159	0.006482	312,971	-
04/18/2018	0.006294	0.007153	0.006176	0.006768	277,933	-
04/17/2018	0.007006	0.007013	0.006253	0.006291	199,933	-
04/16/2018	0.006888	0.007849	0.006314	0.006957	350,711	-
04/15/2018	0.007029	0.007798	0.006825	0.006931	407,837	-
04/14/2018	0.007339	0.007625	0.006934	0.007033	223,317	-
04/13/2018	0.006870	0.007845	0.006741	0.007339	307,640	-
04/12/2018	0.006501	0.006877	0.005831	0.006858	218,035	-
04/11/2018	0.006764	0.006812	0.006219	0.006534	215,054	-
04/10/2018	0.006055	0.007095	0.006016	0.006750	276,501	-
04/09/2018	0.005883	0.006494	0.005823	0.006028	115,590	-
04/08/2018	0.006279	0.006373	0.005385	0.005869	260,909	-
04/07/2018	0.006437	0.006703	0.006191	0.006319	85,226	-
04/06/2018	0.006559	0.007002	0.006277	0.006439	216,248	-
04/05/2018	0.006558	0.006849	0.006355	0.006584	178,963	-
04/04/2018	0.006833	0.007163	0.006505	0.006563	399,748	-
04/03/2018	0.006558	0.006918	0.005953	0.006791	222,962	-
04/02/2018	0.005498	0.006558	0.004362	0.006552	191,564	-
04/01/2018	0.005723	0.005990	0.005234	0.005480	221,336	-
03/31/2018	0.005787	0.006317	0.005698	0.005721	337,100	-
03/30/2018	0.006846	0.006875	0.005638	0.005792	138,058	-
03/29/2018	0.008402	0.008472	0.006795	0.006865	145,136	-
03/28/2018	0.008860	0.009274	0.007873	0.008387	307,716	-
03/27/2018	0.009549	0.009561	0.008735	0.008857	268,340	-
03/26/2018	0.010192	0.010302	0.008808	0.009556	571,650	-
03/25/2018	0.008893	0.010440	0.008275	0.010214	487,663	-
03/24/2018	0.008731	0.009406	0.008384	0.009001	1,100,170	-
03/23/2018	0.008054	0.009176	0.007515	0.008650	961,905	-
03/22/2018	0.008006	0.008465	0.006753	0.008055	234,076	-
03/21/2018	0.007471	0.008268	0.006822	0.007931	579,719	-
03/20/2018	0.008392	0.008456	0.006651	0.007425	858,674	-
03/19/2018	0.007848	0.009193	0.007021	0.008454	903,384	-
03/18/2018	0.008000	0.008267	0.005691	0.007933	1,008,700	-
03/17/2018	0.010822	0.010822	0.007914	0.007954	1,405,000	-
03/16/2018	0.012570	0.012665	0.009002	0.010411	1,681,020	-
03/15/2018	0.012942	0.013036	0.011130	0.012585	1,217,740	-
03/14/2018	0.013791	0.014620	0.012044	0.012993	1,086,090	-
03/13/2018	0.014843	0.014979	0.013462	0.013786	517,929	-
03/12/2018	0.015118	0.015542	0.013863	0.014860	1,437,960	-
03/11/2018	0.014288	0.015627	0.013617	0.014994	1,974,240	-
03/10/2018	0.014567	0.015503	0.013830	0.014330	1,583,250	-
03/09/2018	0.014178	0.014612	0.012929	0.014575	607,693	-
03/08/2018	0.015220	0.015716	0.014031	0.014135	1,288,450	-
03/07/2018	0.016034	0.016151	0.012846	0.015616	2,681,100	-
03/06/2018	0.017464	0.017510	0.015439	0.016019	2,036,860	-
03/05/2018	0.018817	0.018933	0.017335	0.017383	2,161,210	-
03/04/2018	0.017952	0.019979	0.017544	0.018811	3,091,940	-
03/03/2018	0.017439	0.018708	0.016710	0.017955	3,082,200	-
03/02/2018	0.021644	0.021679	0.015390	0.017624	4,035,090	-
03/01/2018	0.021121	0.023656	0.019518	0.021650	4,405,360	-
02/28/2018	0.021298	0.025068	0.019062	0.022138	6,002,770	-
02/27/2018	0.020030	0.021427	0.020030	0.021291	2,976,620	-
02/26/2018	0.019120	0.020258	0.018160	0.019975	899,346	-
02/25/2018	0.020563	0.020943	0.019040	0.019107	189,804	-
02/24/2018	0.021317	0.021571	0.019920	0.020611	197,371	-
02/23/2018	0.020022	0.021657	0.019068	0.021003	167,057	-
02/22/2018	0.017629	0.023946	0.017220	0.020046	142,056	-
02/21/2018	0.017980	0.019519	0.015519	0.017657	112,034	-
02/20/2018	0.021369	0.022551	0.017701	0.018088	132,521	-
02/19/2018	0.027546	0.027925	0.020261	0.021363	162,482	-
02/18/2018	0.029967	0.030442	0.026470	0.027726	195,947	-
02/17/2018	0.037874	0.038567	0.026562	0.029942	248,787	-
02/16/2018	0.037707	0.041191	0.027673	0.037855	285,469	-
02/15/2018	0.038155	0.043037	0.035388	0.038467	361,009	-
02/14/2018	0.038094	0.048008	0.036359	0.038190	2,606,380	-
02/13/2018	0.037855	0.039014	0.035752	0.038099	688,032	-
02/12/2018	0.035816	0.038152	0.032937	0.037703	751,594	-
02/11/2018	0.036937	0.037551	0.033923	0.035586	724,706	-
02/10/2018	0.036845	0.037392	0.035304	0.036884	432,785	-
