Date	Open	High	Low	Close	Volume	Market Cap
07/15/2018	0.063781	0.064113	0.059869	0.060528	632,071	27,588,500
07/14/2018	0.064745	0.065831	0.063148	0.063833	485,349	28,005,500
07/13/2018	0.064913	0.067385	0.063383	0.064890	580,995	28,078,000
07/12/2018	0.070407	0.122116	0.062995	0.064477	833,491	30,454,400
07/11/2018	0.059711	0.072185	0.059711	0.070481	1,115,880	25,827,900
07/10/2018	0.067288	0.067985	0.058709	0.060334	1,151,840	28,877,500
07/09/2018	0.068128	0.070162	0.064272	0.067848	1,014,100	29,238,100
07/08/2018	0.065416	0.068610	0.061761	0.068233	1,277,470	28,074,100
07/07/2018	0.065103	0.065483	0.058207	0.065347	1,231,900	27,940,000
07/06/2018	0.065852	0.065930	0.062502	0.065110	1,236,470	28,261,500
07/05/2018	0.067303	0.068530	0.063675	0.065914	1,243,810	28,884,200
07/04/2018	0.066262	0.068660	0.064013	0.066994	1,280,510	28,435,200
07/03/2018	0.074432	0.074808	0.062771	0.066246	1,255,960	31,941,200
07/02/2018	0.061095	0.075649	0.058591	0.074643	1,380,500	26,217,900
07/01/2018	0.061951	0.064031	0.057023	0.060749	883,905	26,584,900
06/30/2018	0.059565	0.065241	0.059565	0.062191	528,898	25,561,200
06/29/2018	0.061228	0.061497	0.048896	0.059461	176,108	26,275,000
06/28/2018	0.064365	0.064765	0.060436	0.061300	150,197	27,620,900
06/27/2018	0.062536	0.064763	0.060242	0.064183	198,653	26,836,300
06/26/2018	0.070998	0.071469	0.062417	0.062777	169,822	30,460,400
06/25/2018	0.073582	0.074939	0.054498	0.070857	290,409	31,569,000
06/24/2018	0.079372	0.079892	0.066066	0.073940	247,126	34,053,100
06/23/2018	0.073844	0.080248	0.073235	0.079526	735,460	31,681,700
06/22/2018	0.084073	0.084440	0.071016	0.073380	654,204	36,070,000
06/21/2018	0.092129	0.094370	0.082346	0.084032	811,854	39,526,300
06/20/2018	0.089254	0.094193	0.080570	0.092496	790,142	38,176,800
06/19/2018	0.090874	0.091590	0.084469	0.089083	1,419,230	38,869,800
06/18/2018	0.088794	0.092320	0.085224	0.090876	1,466,520	37,980,100
06/17/2018	0.087448	0.090597	0.086492	0.088792	1,492,610	37,404,400
06/16/2018	0.092319	0.092570	0.071977	0.087505	1,409,190	39,487,700
06/15/2018	0.097492	0.106422	0.088119	0.092717	1,669,080	41,700,600
06/14/2018	0.085139	0.105943	0.082865	0.098715	1,757,930	36,416,900
06/13/2018	0.086439	0.087926	0.071015	0.085112	1,400,720	36,972,800
06/12/2018	0.094955	0.101558	0.084164	0.086001	1,456,180	40,615,400
06/11/2018	0.103083	0.103083	0.086181	0.094957	1,545,030	44,092,100
06/10/2018	0.115838	0.115838	0.099778	0.102883	1,667,720	49,547,600
06/09/2018	0.120747	0.124690	0.116092	0.116092	1,855,750	51,647,500
06/08/2018	0.126823	0.129797	0.117915	0.120741	1,935,720	54,246,200
06/07/2018	0.127890	0.130557	0.122590	0.127022	1,929,950	54,702,700
06/06/2018	0.124419	0.128739	0.122594	0.128081	1,674,910	53,218,100
06/05/2018	0.127376	0.130152	0.115074	0.124518	1,698,780	54,483,100
06/04/2018	0.133897	0.136429	0.118432	0.127456	1,705,770	57,272,200
06/03/2018	0.134043	0.136464	0.129580	0.133199	1,688,650	57,334,700
06/02/2018	0.133434	0.138545	0.127091	0.133899	1,472,690	56,965,900
06/01/2018	0.126532	0.134498	0.119976	0.133772	1,826,000	54,019,200
05/31/2018	0.129533	0.136491	0.125453	0.127016	1,790,980	55,300,400
05/30/2018	0.140231	0.143265	0.123453	0.129962	1,529,800	59,109,600
05/29/2018	0.129017	0.144055	0.121306	0.139728	1,654,110	53,787,700
05/28/2018	0.135139	0.145305	0.123898	0.129820	1,608,020	56,340,100
05/27/2018	0.152630	0.152630	0.130892	0.136295	410,935	63,632,000
05/26/2018	0.155213	0.162484	0.147435	0.152013	374,331	64,709,000
05/25/2018	0.164751	0.169326	0.150052	0.155338	374,864	67,943,900
05/24/2018	0.154525	0.167564	0.148877	0.164768	453,578	63,726,600
05/23/2018	0.163110	0.171337	0.146814	0.155647	752,413	67,267,300
05/22/2018	0.189831	0.195389	0.163730	0.163730	509,507	78,101,200
05/21/2018	0.203487	0.208009	0.185765	0.186907	715,079	83,719,400
05/20/2018	0.188787	0.206033	0.187626	0.204834	530,909	77,671,400
05/19/2018	0.193732	0.201892	0.184946	0.193653	716,552	79,705,900
05/18/2018	0.182501	0.195073	0.160524	0.193724	848,364	75,085,200
05/17/2018	0.183442	0.197727	0.180104	0.182672	583,471	75,472,500
05/16/2018	0.206387	0.207852	0.171280	0.183256	498,431	84,912,600
05/15/2018	0.208739	0.221266	0.201030	0.206521	462,367	85,880,400
05/14/2018	0.222384	0.226559	0.196883	0.208458	178,751	91,494,000
05/13/2018	0.227285	0.236310	0.218837	0.223204	708,959	93,510,800
05/12/2018	0.224674	0.237513	0.210683	0.228013	600,379	92,436,600
05/11/2018	0.248333	0.248811	0.212685	0.224516	644,385	102,170,000
05/10/2018	0.271503	0.278698	0.242640	0.248656	1,107,310	111,703,000
05/09/2018	0.282114	0.283409	0.256960	0.272688	1,297,180	116,069,000
05/08/2018	0.300583	0.308534	0.272970	0.281276	3,004,920	123,667,000
05/07/2018	0.306524	0.306524	0.270064	0.299057	2,867,750	126,093,000
05/06/2018	0.317843	0.330273	0.289300	0.304711	2,804,320	130,654,000
05/05/2018	0.316578	0.325764	0.297347	0.311150	3,662,170	130,134,000
05/04/2018	0.329640	0.329640	0.308767	0.316755	3,706,100	135,503,000
05/03/2018	0.307142	0.333650	0.299643	0.330206	4,279,750	125,018,000
05/02/2018	0.304746	0.309816	0.289930	0.306489	2,432,820	124,043,000
05/01/2018	0.279389	0.306194	0.263986	0.302768	2,442,020	113,722,000
04/30/2018	0.292448	0.300983	0.274211	0.279025	1,504,400	119,037,000
04/29/2018	0.260249	0.295611	0.254097	0.292859	1,645,520	105,931,000
04/28/2018	0.244505	0.265450	0.243889	0.260763	1,070,410	97,175,400
04/27/2018	0.259059	0.260111	0.245124	0.245124	3,894,110	102,418,000
04/26/2018	0.235597	0.259907	0.229051	0.259320	4,881,570	93,142,600
04/25/2018	0.278476	0.278476	0.226389	0.233257	3,973,130	110,095,000
04/24/2018	0.235413	0.283391	0.235221	0.280840	3,469,690	85,348,100
04/23/2018	0.220796	0.236710	0.216689	0.235342	3,987,500	-
04/22/2018	0.236264	0.236264	0.219468	0.220737	3,540,990	-
04/21/2018	0.227016	0.242117	0.207182	0.233659	1,365,510	-
04/20/2018	0.192460	0.224508	0.184211	0.224398	1,266,500	-
04/19/2018	0.183291	0.191860	0.180823	0.191704	776,325	-
04/18/2018	0.169466	0.184538	0.169466	0.182238	967,031	-
04/17/2018	0.167119	0.184924	0.164613	0.169669	745,825	-
04/16/2018	0.160960	0.171043	0.160960	0.168872	9,262,900	-
