Date	Open	High	Low	Close	Volume	Market Cap
07/15/2018	0.004358	0.004413	0.004267	0.004364	22,379,800	19,244,600
07/14/2018	0.004281	0.004457	0.004195	0.004359	23,139,600	18,905,200
07/13/2018	0.004203	0.004548	0.004102	0.004293	18,622,000	18,562,100
07/12/2018	0.004398	0.004706	0.004077	0.004199	20,396,900	19,421,500
07/11/2018	0.004560	0.004707	0.004340	0.004399	17,076,300	20,139,800
07/10/2018	0.005263	0.005274	0.004347	0.004560	19,472,900	23,244,900
07/09/2018	0.005010	0.005403	0.004962	0.005267	13,006,200	22,127,500
07/08/2018	0.005024	0.005307	0.004905	0.005011	31,867,400	22,189,800
07/07/2018	0.005058	0.005136	0.004759	0.005030	25,262,100	22,336,000
07/06/2018	0.005080	0.005961	0.004754	0.005066	21,209,600	22,436,000
07/05/2018	0.005236	0.005384	0.004972	0.005081	14,590,200	23,122,000
07/04/2018	0.005124	0.005591	0.004530	0.005224	31,533,200	22,628,700
07/03/2018	0.005797	0.005921	0.005112	0.005148	34,109,600	25,599,600
07/02/2018	0.005268	0.005961	0.004778	0.005781	31,438,900	23,263,900
07/01/2018	0.005429	0.005524	0.005156	0.005267	22,885,500	23,977,400
06/30/2018	0.005085	0.005556	0.005085	0.005428	26,076,200	22,458,900
06/29/2018	0.004908	0.005196	0.004658	0.005079	30,617,700	21,677,700
06/28/2018	0.005301	0.005512	0.004868	0.004868	33,267,600	23,409,400
06/27/2018	0.005534	0.005636	0.005152	0.005270	20,344,100	24,438,200
06/26/2018	0.005186	0.006468	0.005157	0.005536	11,769,700	22,902,500
06/25/2018	0.005351	0.005642	0.005006	0.005248	14,047,900	23,632,600
06/24/2018	0.005489	0.005659	0.004652	0.005362	18,476,500	24,241,300
06/23/2018	0.005447	0.006012	0.005028	0.005490	17,370,000	24,057,000
06/22/2018	0.007184	0.007261	0.005367	0.005447	15,453,300	31,728,800
06/21/2018	0.007764	0.007857	0.007102	0.007192	23,240,000	34,288,800
06/20/2018	0.007633	0.007903	0.006411	0.007762	33,171,000	33,709,400
06/19/2018	0.006931	0.007779	0.006897	0.007561	27,102,700	30,587,000
06/18/2018	0.007319	0.007398	0.006318	0.006868	18,354,200	32,296,600
06/17/2018	0.007507	0.007586	0.006699	0.007214	20,152,400	33,126,800
06/16/2018	0.007256	0.007609	0.007120	0.007487	23,272,500	32,019,100
06/15/2018	0.007906	0.007914	0.006927	0.007347	26,073,100	34,887,900
06/14/2018	0.006888	0.007992	0.006878	0.007919	28,427,900	30,397,100
06/13/2018	0.007965	0.008347	0.006576	0.006891	18,564,200	35,149,600
06/12/2018	0.008197	0.008927	0.007433	0.007945	24,230,000	36,170,400
06/11/2018	0.007527	0.008312	0.007368	0.008270	10,709,500	-
06/10/2018	0.010359	0.010425	0.007364	0.007785	15,672,400	-
06/09/2018	0.010230	0.011008	0.010171	0.010346	9,231,410	-
06/08/2018	0.011293	0.013773	0.009818	0.010231	7,199,560	-
06/07/2018	0.011329	0.011447	0.009952	0.011360	8,990,600	-
06/06/2018	0.011929	0.011942	0.010845	0.011244	8,757,710	-
06/05/2018	0.011779	0.012118	0.010835	0.011934	2,536,790	-
06/04/2018	0.012880	0.013752	0.011290	0.011704	3,069,570	-
06/03/2018	0.011539	0.014596	0.011464	0.012694	3,947,210	-
06/02/2018	0.011879	0.012105	0.010274	0.011538	2,410,070	-
06/01/2018	0.010762	0.012332	0.010641	0.011883	4,651,040	-
05/31/2018	0.006858	0.010874	0.006766	0.010687	2,921,160	-
05/30/2018	0.006045	0.007099	0.006039	0.006860	2,735,370	-
05/29/2018	0.006913	0.007225	0.005220	0.006046	3,742,370	-
05/28/2018	0.007121	0.007121	0.005355	0.006933	8,538	-
05/27/2018	0.008451	0.008451	0.005780	0.005826	6,550	-
05/26/2018	0.010903	0.010963	0.006337	0.008434	15,508	-
05/25/2018	0.009150	0.012563	0.008126	0.010901	21,909	-
05/24/2018	0.003692	0.009151	0.003629	0.009140	21,950	-
05/23/2018	0.003707	0.003755	0.003668	0.003702	4,766,240	-
