Date	Open	High	Low	Close	Volume	Market Cap
07/15/2018	6.34	6.47	6.31	6.43	57	4,454,770
07/14/2018	6.31	6.39	6.27	6.34	257	4,434,410
07/13/2018	6.31	6.38	6.25	6.32	189	4,438,510
07/12/2018	6.70	6.70	6.19	6.31	6,282	4,714,340
07/11/2018	7.01	7.10	6.65	6.71	13,254	4,932,220
07/10/2018	7.39	7.40	7.01	7.01	7	5,195,040
07/09/2018	7.59	7.62	7.36	7.39	7,627	5,336,540
07/08/2018	7.65	7.66	7.58	7.59	139	5,377,450
07/07/2018	7.47	7.68	7.37	7.66	234	5,255,380
07/06/2018	7.40	7.63	7.31	7.49	136	5,204,480
07/05/2018	7.46	7.54	7.39	7.40	7	5,245,690
07/04/2018	7.36	7.69	7.29	7.44	561	5,178,740
07/03/2018	7.44	7.82	7.34	7.37	77	5,232,090
07/02/2018	7.26	7.57	7.19	7.48	72	5,105,380
07/01/2018	7.66	7.71	7.11	7.26	100	5,389,730
06/30/2018	7.83	8.16	7.58	7.66	927	5,506,290
06/29/2018	6.78	7.95	6.25	7.82	88,034	4,767,570
06/28/2018	7.69	7.71	6.74	6.78	339	5,408,570
06/27/2018	6.84	7.73	6.81	7.69	68,807	4,811,830
06/26/2018	7.01	7.04	6.84	6.85	431	4,929,760
06/25/2018	6.90	7.09	6.84	7.01	60	4,852,890
06/24/2018	7.65	7.66	6.48	6.91	967	5,376,480
06/23/2018	7.30	7.73	7.23	7.65	44,288	5,135,060
06/22/2018	7.05	7.74	6.38	7.30	26,749	4,953,970
06/21/2018	7.50	7.86	7.03	7.05	2,202	5,270,800
06/20/2018	6.61	8.41	6.29	7.49	60,571	4,646,690
06/19/2018	6.53	6.65	6.38	6.60	3,396	4,590,560
06/18/2018	7.14	7.17	6.26	6.53	17,390	5,017,950
06/17/2018	7.46	8.20	6.61	7.16	8,234	5,243,000
06/16/2018	6.17	8.22	6.14	7.44	63,188	4,340,910
06/15/2018	6.46	6.47	6.16	6.20	18	4,541,920
06/14/2018	6.06	6.51	6.05	6.47	30	4,262,930
06/13/2018	6.32	6.44	5.95	6.07	3,380	4,440,770
06/12/2018	6.61	6.79	6.24	6.30	2,312	4,646,200
06/11/2018	6.56	6.90	6.51	6.61	2,510	4,612,870
06/10/2018	7.27	7.27	6.46	6.55	222	5,109,850
06/09/2018	7.72	7.80	7.26	7.26	15,467	5,429,200
06/08/2018	7.82	7.84	7.69	7.72	785	5,498,180
06/07/2018	7.79	7.89	7.79	7.81	113	5,479,740
06/06/2018	7.76	7.83	7.63	7.79	435	5,456,230
06/05/2018	7.65	7.78	7.51	7.76	2,808	5,379,970
06/04/2018	7.88	7.90	7.60	7.65	1,485	5,539,990
06/03/2018	8.10	8.19	7.83	7.87	57	5,695,130
06/02/2018	7.65	8.11	7.61	8.10	341	5,379,450
06/01/2018	7.56	7.67	7.53	7.65	1,092	5,312,770
05/31/2018	7.51	7.72	7.48	7.61	76	5,283,590
05/30/2018	7.63	7.72	7.46	7.52	943	5,364,740
05/29/2018	7.60	7.92	7.53	7.62	17,153	5,345,960
05/28/2018	8.04	8.12	7.58	7.61	324	5,655,870
05/27/2018	8.22	8.27	7.98	8.04	16	5,780,640
05/26/2018	7.97	8.49	7.87	8.22	148	5,601,880
05/25/2018	8.14	8.41	7.88	7.98	1,207	5,726,710
05/24/2018	8.12	8.41	7.93	8.13	7,444	5,710,900
05/23/2018	9.68	10.48	8.08	8.14	104,805	6,806,320
05/22/2018	10.01	10.80	8.65	9.69	7,807	7,036,810
05/21/2018	8.66	11.13	8.41	10.01	139,417	6,086,240
05/20/2018	8.37	8.71	8.31	8.64	685	5,884,980
05/19/2018	8.36	8.49	8.30	8.36	52	5,880,360
05/18/2018	8.20	8.39	8.08	8.36	7,556	5,765,520
05/17/2018	8.47	8.57	8.15	8.19	1,519	5,958,610
05/16/2018	8.61	8.62	8.26	8.47	127	6,057,100
05/15/2018	8.80	8.95	8.57	8.62	296	6,191,440
05/14/2018	8.82	9.08	8.45	8.82	1,138	6,202,490
05/13/2018	8.07	11.08	7.97	8.82	148,331	5,674,060
05/12/2018	8.00	8.23	7.85	8.07	1,022	5,625,280
05/11/2018	8.61	8.61	7.97	8.02	198	6,056,150
05/10/2018	8.88	8.95	8.59	8.60	1,708	6,241,020
05/09/2018	8.88	9.02	8.68	8.88	186	6,242,960
05/08/2018	9.65	9.74	8.77	8.89	734	6,784,120
05/07/2018	7.90	10.86	7.59	9.63	140,651	5,552,840
05/06/2018	9.13	9.22	8.77	8.92	127	6,421,370
05/05/2018	9.40	9.68	7.90	9.13	53,296	6,611,460
05/04/2018	9.55	9.57	9.37	9.45	56	6,714,310
05/03/2018	8.77	9.60	8.74	9.55	4,136	6,165,090
05/02/2018	8.64	9.09	8.55	8.77	219	6,076,640
05/01/2018	8.93	9.06	8.58	8.65	1,713	6,282,290
04/30/2018	8.94	9.04	8.70	8.93	948	6,287,010
04/29/2018	8.89	9.39	8.84	8.94	2,070	6,249,520
04/28/2018	8.97	9.24	8.65	8.89	287	6,308,710
04/27/2018	9.27	9.48	8.52	9.00	1,734	6,516,810
04/26/2018	9.30	9.40	8.82	9.25	4,097	6,542,320
04/25/2018	10.01	10.06	9.08	9.23	3,304	7,036,930
04/24/2018	9.25	10.41	9.24	10.08	3,473	6,502,260
04/23/2018	7.95	10.68	7.81	9.24	145,796	5,590,790
04/22/2018	8.57	8.57	7.82	7.97	16,957	6,027,050
04/21/2018	9.07	9.20	8.42	8.57	2,917	6,375,670
04/20/2018	8.12	9.15	8.03	9.06	740	5,712,820
04/19/2018	9.40	9.49	7.81	8.12	357	6,612,010
04/18/2018	8.08	9.41	7.57	9.40	8,780	5,679,740
04/17/2018	8.27	8.41	7.52	8.07	364	5,818,490
04/16/2018	7.73	9.32	7.24	8.27	42,222	5,435,680
04/15/2018	7.48	7.76	7.42	7.73	829	5,262,950
04/14/2018	7.36	7.64	7.33	7.48	78	5,174,630
04/13/2018	7.69	8.02	7.04	7.36	21,154	5,406,680
04/12/2018	6.57	8.02	6.53	7.68	67,833	4,622,540
04/11/2018	6.50	6.94	6.45	6.59	3,227	4,571,730
04/10/2018	6.67	6.96	6.45	6.50	2,435	4,688,750
04/09/2018	6.95	7.21	6.49	6.66	4,273	4,890,570
04/08/2018	6.92	7.03	6.85	6.94	260	4,869,420
04/07/2018	6.63	7.01	6.62	6.92	2,048	4,659,150
04/06/2018	7.07	7.15	6.55	6.62	275	4,973,130
04/05/2018	6.72	7.19	6.51	7.11	3,536	4,728,080
04/04/2018	7.74	7.93	6.66	6.72	10,898	5,440,120
04/03/2018	8.33	8.82	7.22	7.74	33,336	5,859,960
04/02/2018	7.30	8.45	6.96	8.33	125,271	5,130,180
04/01/2018	7.43	7.54	6.52	7.26	10,073	5,227,970
03/31/2018	8.01	8.15	7.03	7.43	150	5,633,240
03/30/2018	7.44	8.37	6.85	8.01	61,133	5,230,720
03/29/2018	9.31	9.53	7.24	7.46	115,604	6,547,370
03/28/2018	7.15	9.34	7.11	9.30	184,660	5,025,870
03/27/2018	7.57	7.59	7.05	7.15	8,769	5,320,040
03/26/2018	7.80	7.86	7.27	7.58	340	5,487,030
03/25/2018	7.86	8.02	7.74	7.81	233	5,527,390
03/24/2018	8.23	8.30	7.95	7.97	213	5,786,990
03/23/2018	7.92	8.11	7.57	8.11	770	5,570,490
03/22/2018	8.05	8.21	7.67	7.92	1,167	5,661,780
03/21/2018	8.01	8.26	7.91	8.07	2,541	5,635,210
03/20/2018	7.91	8.27	7.66	8.00	4,889	5,564,640
03/19/2018	7.84	8.12	7.56	7.83	2,060	5,510,270
03/18/2018	7.93	7.95	6.85	7.87	15,127	5,575,220
03/17/2018	9.34	9.34	7.79	7.95	1,637	6,565,300
03/16/2018	7.99	10.15	7.89	9.32	74,048	5,617,170
03/15/2018	8.84	9.46	7.77	7.99	30,830	6,217,090
03/14/2018	8.55	10.78	8.24	8.85	172,348	6,010,280
03/13/2018	8.64	9.01	8.29	8.55	2,935	6,073,580
03/12/2018	9.07	9.73	8.37	8.69	1,994	6,375,810
03/11/2018	8.46	9.24	8.08	9.10	4,741	5,949,180
03/10/2018	9.26	9.48	8.45	8.49	5,172	6,509,380
03/09/2018	9.36	9.47	8.23	9.25	5,782	6,578,980
03/08/2018	10.16	10.36	9.30	9.42	759	7,146,240
03/07/2018	11.57	11.74	9.70	10.18	3,118	8,135,410
03/06/2018	12.42	12.42	11.12	11.58	6,671	8,732,630
03/05/2018	13.08	13.84	11.77	12.45	324,983	9,198,320
03/04/2018	10.32	10.59	10.01	10.38	3,300	7,254,940
03/03/2018	10.02	10.39	10.02	10.34	2,043	7,045,410
03/02/2018	10.34	10.86	9.81	10.03	2,603	7,270,510
03/01/2018	9.82	10.55	9.74	10.37	3,429	6,902,300
02/28/2018	10.52	10.85	9.79	9.80	1,618	7,399,640
02/27/2018	9.22	12.28	9.01	10.54	180,019	6,485,090
02/26/2018	8.98	9.31	8.42	9.20	1,107	6,316,900
02/25/2018	9.21	9.30	8.45	8.97	6,653	6,479,390
02/24/2018	10.16	10.52	7.74	9.23	63,930	7,147,840
02/23/2018	9.96	10.42	9.71	10.18	3,168	7,005,310
02/22/2018	12.91	13.48	9.83	9.97	72,871	9,081,460
02/21/2018	11.99	14.68	10.31	12.93	288,022	8,432,130
02/20/2018	12.93	14.38	11.99	12.01	13,353	9,094,360
02/19/2018	12.96	13.78	12.28	12.92	2,805	9,114,280
02/18/2018	12.14	13.09	10.93	13.02	17,989	8,536,730
02/17/2018	9.48	14.62	9.36	12.10	412,604	6,666,750
02/16/2018	9.55	9.72	9.14	9.48	7,566	6,716,070
02/15/2018	9.49	9.74	9.05	9.59	23,545	6,672,260
02/14/2018	9.70	10.35	8.70	9.48	21,186	6,822,940
02/13/2018	6.89	11.53	6.58	9.73	521,021	4,846,710
02/12/2018	6.49	7.28	6.49	6.88	14,381	4,560,630
02/11/2018	6.84	6.84	6.38	6.44	6,964	4,810,250
02/10/2018	6.95	7.59	6.55	6.85	8,923	4,888,360
02/09/2018	6.66	7.04	6.27	6.95	3,043	4,683,320
02/08/2018	6.13	7.12	6.13	6.64	1,076	4,308,670
02/07/2018	6.17	8.16	5.77	6.15	7,767	4,336,650
02/06/2018	5.55	6.32	4.75	6.23	1,697	3,904,620
02/05/2018	6.63	7.13	5.34	5.55	4,232	4,664,810
02/04/2018	8.22	8.22	6.54	6.70	8,801	5,778,200
02/03/2018	7.97	8.21	7.29	8.21	13,932	5,605,380
02/02/2018	8.72	8.72	7.09	7.94	25,485	6,130,450
02/01/2018	10.57	10.62	7.95	8.74	21,663	7,434,610
01/31/2018	8.01	10.69	7.63	10.55	489,842	5,635,940
01/30/2018	9.02	9.10	7.87	8.00	30,279	6,339,720
01/29/2018	7.15	9.67	7.15	9.01	486,876	5,026,210
01/28/2018	7.58	7.98	7.08	7.15	33,204	5,333,080
01/27/2018	7.23	7.75	6.90	7.55	147,690	5,083,390
01/26/2018	7.86	8.39	7.08	7.41	138,533	5,525,710
01/25/2018	7.51	8.47	7.14	7.67	166,353	5,278,080
01/24/2018	7.07	8.78	6.91	7.42	213,730	4,974,450
01/23/2018	7.80	7.95	7.07	7.16	162,523	5,488,270
01/22/2018	8.31	8.51	7.05	7.83	180,868	5,843,070
01/21/2018	9.44	9.51	7.90	8.20	77,946	6,635,650
01/20/2018	9.10	10.24	9.10	9.41	188,431	6,398,240
01/19/2018	8.69	9.92	8.63	9.00	103,095	6,112,890
01/18/2018	8.72	9.56	8.38	8.79	107,174	6,133,530
01/17/2018	8.91	9.61	7.28	8.69	115,344	6,266,080
01/16/2018	11.80	11.91	8.10	8.96	294,572	8,296,360
01/15/2018	11.83	12.75	11.72	11.81	444,134	8,320,940
01/14/2018	13.83	14.01	10.36	11.92	2,497,990	9,727,720
01/13/2018	18.97	31.46	13.56	14.03	4,921,050	13,342,200
01/12/2018	17.45	20.41	16.50	19.00	309,013	12,273,000
01/11/2018	19.63	19.77	16.65	17.35	109,183	13,801,800
01/10/2018	19.44	19.66	17.78	19.65	90,457	13,669,900
01/09/2018	20.70	23.11	19.27	19.41	344,134	14,555,400
01/08/2018	19.30	21.39	17.38	20.84	288,928	13,569,700
01/07/2018	20.31	20.66	18.45	19.32	136,993	14,280,400
01/06/2018	19.12	21.20	18.25	20.32	278,113	13,441,800
01/05/2018	17.76	19.83	17.52	19.12	162,568	12,489,800
01/04/2018	16.74	18.75	16.63	17.76	156,940	11,772,200
01/03/2018	16.60	17.14	15.88	16.40	93,592	11,672,600
01/02/2018	15.26	17.78	14.70	16.44	283,320	10,730,000
01/01/2018	15.72	15.77	14.52	15.26	65,951	11,053,900
12/31/2017	13.43	16.70	13.30	15.66	456,956	9,446,760
12/30/2017	15.51	15.57	12.17	13.58	49,387	10,906,600
12/29/2017	14.38	16.15	14.25	15.71	133,857	10,109,400
12/28/2017	14.74	14.80	12.77	14.23	27,454	10,364,900
12/27/2017	15.83	16.02	13.95	14.77	76,730	11,131,500
12/26/2017	14.68	16.44	13.87	15.82	202,687	10,323,100
12/25/2017	14.09	14.98	12.90	14.70	137,050	9,908,990
12/24/2017	13.59	13.94	11.48	13.94	44,156	9,556,780
12/23/2017	11.60	15.40	11.54	13.44	166,755	8,154,740
12/22/2017	14.19	14.33	9.40	11.48	65,175	9,980,630
12/21/2017	15.04	15.65	13.31	14.14	95,427	10,574,200
12/20/2017	13.77	15.33	12.49	15.00	91,348	9,680,000
12/19/2017	14.52	14.99	13.19	13.51	120,584	10,211,800
12/18/2017	13.37	14.51	12.61	14.51	138,278	9,399,450
12/17/2017	14.10	14.25	12.50	13.33	93,814	9,915,620
12/16/2017	12.53	14.36	11.90	14.10	168,084	8,810,320
12/15/2017	11.02	12.63	10.52	12.51	135,313	7,748,330
12/14/2017	11.33	13.14	10.60	11.00	145,215	7,966,350
12/13/2017	10.61	12.32	9.97	11.37	121,895	7,458,950
12/12/2017	9.75	10.96	8.29	10.60	127,885	6,854,290
12/11/2017	8.47	10.28	8.30	9.67	118,948	5,954,530
12/10/2017	9.65	9.99	8.32	8.53	17,222	6,788,550
12/09/2017	10.43	10.56	8.80	9.62	29,327	7,333,920
12/08/2017	10.07	10.98	8.29	10.44	75,330	7,077,800
12/07/2017	11.27	12.06	9.59	10.04	108,677	7,923,580
12/06/2017	10.50	11.54	10.35	10.88	133,200	7,383,410
12/05/2017	11.33	11.46	10.37	10.52	108,551	7,964,560
12/04/2017	10.55	12.64	10.53	11.30	200,457	7,415,180
12/03/2017	9.73	11.45	9.27	10.51	147,983	6,845,290
12/02/2017	9.25	10.05	8.99	9.61	43,699	6,506,060
12/01/2017	8.42	9.33	7.98	9.26	24,659	5,923,700
11/30/2017	8.51	9.27	7.65	8.47	29,870	5,985,480
11/29/2017	8.98	10.25	8.00	8.38	34,339	6,311,570
11/28/2017	9.46	9.49	8.70	8.98	36,894	6,653,360
11/27/2017	9.21	9.64	8.72	9.44	32,985	6,475,470
11/26/2017	8.84	9.44	8.49	9.21	33,111	6,212,880
11/25/2017	9.12	9.60	8.77	8.84	64,780	6,413,890
11/24/2017	10.02	10.26	8.74	9.14	210,148	7,042,480
11/23/2017	7.13	12.88	7.00	10.21	823,838	5,012,570
11/22/2017	7.07	7.38	6.89	7.13	39,514	4,969,060
11/21/2017	7.07	7.27	6.68	7.05	19,087	4,971,710
11/20/2017	7.34	7.42	7.07	7.07	27,632	5,162,740
11/19/2017	7.44	7.45	7.12	7.35	32,816	5,229,190
11/18/2017	7.17	7.53	6.86	7.45	25,740	5,044,520
11/17/2017	7.22	7.76	7.03	7.20	48,254	5,074,970
11/16/2017	7.55	7.63	6.82	7.23	21,148	5,307,590
11/15/2017	7.43	7.75	7.07	7.26	61,561	5,224,750
11/14/2017	7.22	7.51	7.17	7.43	13,106	5,079,340
11/13/2017	6.56	7.63	6.46	7.21	26,764	4,615,360
11/12/2017	8.40	8.40	5.76	6.45	324,787	5,905,190
11/11/2017	6.44	8.63	6.36	8.38	284,140	4,530,840
11/10/2017	6.42	6.79	5.56	6.40	111,343	4,511,570
11/09/2017	6.23	6.56	5.90	6.40	58,417	4,378,640
11/08/2017	5.31	6.30	5.28	6.11	77,974	3,734,420
11/07/2017	5.21	5.77	5.11	5.33	65,653	3,664,870
11/06/2017	5.47	5.65	5.10	5.22	18,827	3,846,580
11/05/2017	5.45	5.80	5.19	5.31	25,769	3,832,930
11/04/2017	5.10	5.79	5.01	5.46	13,259	3,584,840
11/03/2017	4.88	5.54	4.83	5.11	50,836	3,432,640
11/02/2017	5.18	5.41	4.86	4.89	64,736	3,643,190
11/01/2017	5.38	6.92	5.03	5.06	296,003	3,783,130
10/31/2017	5.40	5.67	5.33	5.58	26,434	3,796,000
10/30/2017	5.36	5.56	5.21	5.42	12,026	3,766,640
10/29/2017	4.83	5.69	4.83	5.39	63,639	3,397,810
10/28/2017	4.78	5.22	4.69	4.88	20,704	3,363,760
10/27/2017	5.07	5.25	4.61	4.83	25,291	3,563,720
10/26/2017	5.60	5.74	4.75	5.07	51,549	3,934,800
10/25/2017	5.47	5.80	5.22	5.60	50,242	3,846,010
10/24/2017	4.31	5.73	4.14	5.47	79,351	3,031,750
10/23/2017	4.79	4.85	4.28	4.32	13,062	3,369,540
10/22/2017	4.69	5.28	4.51	4.80	12,698	3,300,880
10/21/2017	4.77	5.15	4.47	4.74	30,142	3,357,210
10/20/2017	4.93	5.13	4.41	4.70	34,765	3,463,550
10/19/2017	4.88	5.14	4.69	4.92	29,933	3,434,940
10/18/2017	5.15	5.15	4.74	4.88	31,571	3,623,250
10/17/2017	4.85	5.39	4.80	5.20	37,561	3,413,880
10/16/2017	5.30	6.55	4.69	5.15	197,903	3,724,660
10/15/2017	5.56	5.61	5.00	5.21	26,970	3,909,540
10/14/2017	5.32	7.83	5.02	5.43	243,224	3,740,280
10/13/2017	6.07	6.38	4.73	5.37	48,497	4,268,770
10/12/2017	6.15	6.20	5.78	5.97	36,908	4,322,060
10/11/2017	5.79	6.17	5.36	6.14	23,364	4,068,850
10/10/2017	5.48	5.96	5.40	5.79	32,075	3,856,600
10/09/2017	6.17	6.45	5.47	5.49	95,411	4,340,160
10/08/2017	7.25	7.56	6.04	6.57	186,252	5,099,930
10/07/2017	6.98	7.52	6.70	7.27	162,480	4,909,290
10/06/2017	6.77	7.24	6.53	6.98	92,410	4,761,590
10/05/2017	6.85	7.09	6.30	6.66	130,675	5,324,070
10/04/2017	7.63	8.08	6.70	6.84	328,204	5,928,460
10/03/2017	10.24	10.90	6.81	7.63	1,064,080	7,962,390
10/02/2017	9.43	11.04	8.64	10.40	209,064	7,331,010
10/01/2017	10.41	10.89	9.11	9.67	159,586	8,089,320
09/30/2017	8.85	11.17	8.85	10.30	427,427	6,880,520
09/29/2017	9.02	9.32	8.52	8.85	71,125	7,009,200
09/28/2017	8.47	10.05	8.40	9.12	356,325	6,587,910
09/27/2017	7.93	8.66	7.93	8.47	59,766	6,163,360
09/26/2017	7.87	8.33	7.77	7.95	33,476	6,115,520
09/25/2017	7.45	8.32	7.27	7.87	25,982	5,793,340
09/24/2017	7.99	8.00	7.28	7.46	23,529	6,209,260
09/23/2017	7.41	8.14	7.34	7.99	16,391	5,759,800
09/22/2017	7.46	7.78	7.11	7.43	19,513	5,796,820
09/21/2017	8.33	8.60	7.39	7.47	32,899	6,477,360
09/20/2017	7.91	9.06	7.65	8.37	95,668	6,145,650
09/19/2017	8.76	8.95	7.69	7.92	42,609	6,812,960
09/18/2017	8.15	9.02	8.04	8.74	12,022	6,332,290
09/17/2017	7.43	8.55	6.98	8.12	49,380	5,775,150
09/16/2017	7.11	7.72	7.01	7.62	10,957	5,523,510
09/15/2017	6.33	7.53	5.74	7.12	23,371	4,918,580
09/14/2017	8.03	8.14	6.28	6.28	24,997	6,244,930
09/13/2017	8.48	8.69	7.22	8.03	37,668	6,591,350
09/12/2017	8.29	9.80	8.05	8.48	85,290	6,446,130
09/11/2017	8.40	8.73	8.10	8.29	27,547	6,527,220
09/10/2017	8.71	8.71	7.86	8.37	23,965	6,774,060
09/09/2017	8.99	9.05	8.18	8.70	32,198	6,986,050
09/08/2017	9.52	10.17	8.13	8.97	72,747	7,400,700
09/07/2017	8.96	9.81	8.29	9.50	54,004	6,966,410
09/06/2017	8.80	9.57	8.62	8.98	22,929	6,838,030
09/05/2017	8.47	8.94	7.51	8.79	27,974	6,583,230
09/04/2017	9.75	10.02	7.97	8.42	80,226	7,576,500
09/03/2017	10.41	10.44	8.93	9.74	75,208	8,090,260
09/02/2017	11.55	11.92	9.49	10.40	81,947	8,976,510
09/01/2017	10.11	12.03	9.62	11.31	197,323	7,862,230
08/31/2017	9.12	10.45	9.03	9.95	104,122	7,087,600
08/30/2017	8.96	9.52	8.74	8.99	106,466	6,964,200
08/29/2017	8.87	9.63	8.73	8.97	105,722	6,896,050
08/28/2017	9.15	9.26	8.49	8.98	45,795	7,110,670
08/27/2017	8.78	9.19	8.69	9.14	36,918	6,823,250
08/26/2017	8.74	9.52	8.57	8.87	40,547	6,791,340
08/25/2017	9.56	10.01	8.41	8.72	78,227	7,434,880
08/24/2017	8.70	9.54	8.49	9.49	38,780	6,764,620
08/23/2017	9.03	9.97	8.70	8.70	50,684	7,020,160
08/22/2017	9.60	10.09	8.67	9.05	102,060	7,464,720
08/21/2017	10.12	10.85	9.21	9.58	216,417	7,869,590
08/20/2017	9.12	10.62	8.56	10.34	88,150	7,089,570
08/19/2017	9.06	9.57	8.37	9.16	31,490	7,045,340
08/18/2017	9.84	11.01	8.14	9.07	106,847	7,652,370
08/17/2017	9.41	11.31	9.05	9.87	465,249	7,311,610
08/16/2017	8.31	9.93	7.56	9.41	235,831	6,458,150
08/15/2017	8.64	9.50	7.18	8.30	103,886	6,717,030
08/14/2017	7.50	8.58	7.29	8.35	71,292	5,831,870
08/13/2017	7.35	8.01	6.81	7.31	125,564	5,712,850
08/12/2017	6.94	8.07	6.72	7.36	96,098	5,391,680
08/11/2017	5.63	7.86	5.30	6.94	204,838	4,379,960
08/10/2017	5.83	6.29	5.33	5.63	77,695	4,534,520
08/09/2017	5.61	6.04	5.25	5.83	60,297	4,363,210
08/08/2017	5.67	6.05	5.44	5.62	32,346	4,405,580
08/07/2017	5.64	6.20	5.43	5.66	24,395	4,380,840
08/06/2017	6.02	6.23	5.28	5.65	43,853	4,681,920
08/05/2017	4.71	6.66	4.67	6.02	205,310	3,661,490
08/04/2017	5.02	5.16	4.77	5.14	42,966	3,899,870
08/03/2017	4.73	5.19	4.62	5.01	59,032	3,678,580
08/02/2017	4.91	5.06	4.31	4.72	24,287	3,820,130
08/01/2017	4.15	5.19	3.97	5.11	38,723	3,226,810
07/31/2017	4.40	4.48	4.05	4.15	17,449	3,420,300
07/30/2017	3.95	4.46	3.90	4.40	19,433	3,074,130
07/29/2017	4.03	4.17	3.74	4.13	20,235	3,135,270
07/28/2017	4.40	4.42	3.96	4.05	34,754	3,419,140
07/27/2017	4.18	4.50	4.05	4.38	12,966	3,249,430
07/26/2017	4.35	4.37	3.94	4.17	12,855	3,383,570
07/25/2017	5.12	5.38	4.11	4.35	35,120	3,981,240
07/24/2017	4.87	5.15	4.72	5.12	13,051	3,787,970
07/23/2017	5.52	5.57	4.79	4.88	21,120	4,290,750
07/22/2017	5.15	5.53	5.02	5.52	22,842	4,004,190
07/21/2017	5.57	5.78	5.01	5.15	24,789	4,329,330
07/20/2017	3.95	6.39	3.91	5.53	110,419	3,068,080
07/19/2017	3.91	4.33	3.79	3.96	30,371	3,043,190
07/18/2017	3.97	4.07	3.55	3.91	14,574	3,084,080
07/17/2017	3.15	3.96	3.15	3.96	20,246	2,451,580
07/16/2017	3.25	3.36	2.94	3.16	16,979	2,528,610
07/15/2017	3.88	3.99	3.22	3.26	29,684	3,018,090
07/14/2017	4.10	4.12	3.53	3.89	28,429	3,184,820
07/13/2017	4.13	4.41	3.75	4.10	72,181	3,209,400
07/12/2017	4.00	4.43	3.78	4.13	31,545	3,112,730
07/11/2017	4.21	4.54	3.92	4.01	46,103	3,275,550
07/10/2017	5.14	6.41	4.11	4.22	138,278	3,992,450
07/09/2017	5.61	5.66	5.13	5.13	24,889	4,360,100
07/08/2017	5.00	5.60	4.75	5.60	43,510	3,888,460
07/07/2017	5.77	5.78	4.84	5.00	55,532	4,488,190
07/06/2017	5.46	5.84	5.36	5.77	32,162	4,244,390
07/05/2017	5.49	5.87	5.42	5.46	33,331	4,269,740
07/04/2017	5.60	5.92	5.38	5.50	33,777	4,353,700
07/03/2017	5.58	5.87	5.19	5.61	28,272	4,335,090
07/02/2017	5.14	5.62	4.96	5.60	45,261	3,997,060
07/01/2017	5.63	5.88	4.98	5.15	55,296	4,377,820
06/30/2017	5.86	5.99	5.39	5.40	57,404	4,554,080
06/29/2017	6.31	6.98	5.72	5.85	22,619	4,906,830
06/28/2017	6.08	6.88	5.46	6.32	30,172	4,727,470
06/27/2017	5.88	6.04	4.80	6.04	78,422	4,569,450
06/26/2017	6.57	7.00	4.95	5.74	103,731	5,109,200
06/25/2017	6.87	7.20	6.51	6.58	46,886	5,341,790
06/24/2017	8.15	8.21	6.60	6.89	54,571	6,335,960
06/23/2017	7.00	8.24	6.64	8.07	120,419	5,445,160
06/22/2017	7.22	7.37	6.49	7.00	82,881	5,611,200
06/21/2017	5.94	7.49	5.30	7.22	341,849	4,617,040
06/20/2017	5.30	6.29	4.68	6.26	261,565	4,118,300
06/19/2017	5.83	5.90	5.03	5.04	70,181	4,534,420
06/18/2017	5.54	6.24	5.54	5.83	40,072	4,306,610
06/17/2017	5.79	6.05	5.03	5.54	53,867	4,497,750
06/16/2017	5.55	6.25	5.33	5.95	30,032	4,316,510
06/15/2017	5.84	6.15	4.92	5.54	56,997	4,542,960
06/14/2017	6.82	7.26	5.59	5.84	65,343	5,298,440
06/13/2017	6.49	7.37	6.26	6.82	68,530	5,048,070
06/12/2017	8.07	8.56	5.94	6.52	149,187	6,276,330
06/11/2017	7.37	8.73	7.08	8.08	96,546	5,726,620
06/10/2017	8.59	9.02	7.01	7.37	114,123	6,678,080
06/09/2017	7.38	8.58	7.08	8.58	174,863	5,738,280
06/08/2017	7.36	7.78	7.01	7.39	67,125	6,621,090
06/07/2017	8.46	8.48	6.99	7.32	336,410	7,617,150
06/06/2017	8.91	8.94	7.70	8.46	211,803	8,015,670
06/05/2017	6.42	8.84	6.30	8.84	785,044	5,779,680
06/04/2017	6.34	7.70	5.58	6.42	572,835	5,701,660
06/03/2017	4.75	7.28	4.75	6.35	898,920	4,276,640
06/02/2017	4.15	4.83	4.13	4.75	237,495	3,736,320
06/01/2017	4.09	4.39	3.85	4.13	76,261	3,677,820
05/31/2017	3.60	4.05	3.51	4.04	100,415	3,242,490
05/30/2017	4.31	4.45	3.49	3.59	131,490	3,875,900
05/29/2017	4.86	4.93	3.99	4.30	680,739	4,373,420
05/28/2017	4.45	5.24	3.97	4.86	853,596	4,004,690
05/27/2017	3.94	4.58	3.26	4.28	968,306	3,547,940
05/26/2017	3.17	4.16	3.14	3.99	815,587	2,855,840
05/25/2017	3.82	3.95	3.05	3.16	714,525	3,442,120
