Date	Open	High	Low	Close	Volume	Market Cap
07/15/2018	0.001247	0.001495	0.001170	0.001423	18,775	5,810,210
07/14/2018	0.001379	0.001445	0.001194	0.001247	14,943	6,425,180
07/13/2018	0.001421	0.001860	0.001325	0.001380	21,636	6,621,990
07/12/2018	0.001398	0.001718	0.001202	0.001418	30,386	6,513,260
07/11/2018	0.001222	0.001440	0.001109	0.001398	27,779	5,696,080
07/10/2018	0.001322	0.001337	0.001038	0.001047	254,112	6,162,810
07/09/2018	0.001448	0.001470	0.001121	0.001323	158,833	6,747,160
07/08/2018	0.001131	0.001485	0.001125	0.001448	134,716	5,270,180
07/07/2018	0.001192	0.001445	0.001057	0.001130	131,381	5,555,670
07/06/2018	0.001547	0.001547	0.000982	0.001193	81,947	7,210,810
07/05/2018	0.001373	0.001617	0.001024	0.001548	117,310	6,396,430
07/04/2018	0.001435	0.001658	0.001296	0.001368	78,579	6,686,110
07/03/2018	0.001847	0.001882	0.001421	0.001435	22,218	8,609,780
07/02/2018	0.001468	0.001890	0.001453	0.001847	159,411	6,840,790
07/01/2018	0.001456	0.001759	0.001436	0.001468	102,130	6,784,160
06/30/2018	0.001560	0.001859	0.001420	0.001451	115,199	7,269,860
06/29/2018	0.001579	0.001739	0.001467	0.001559	101,122	7,360,730
06/28/2018	0.002114	0.002117	0.001569	0.001579	106,176	9,851,390
06/27/2018	0.001562	0.002120	0.001543	0.002112	67,126	7,280,730
06/26/2018	0.001622	0.001895	0.001531	0.001566	75,368	7,557,280
06/25/2018	0.001786	0.001880	0.001502	0.001622	199,602	8,322,550
06/24/2018	0.001545	0.001871	0.001430	0.001793	138,609	7,198,470
06/23/2018	0.001880	0.001920	0.001536	0.001545	138,445	8,763,300
06/22/2018	0.001931	0.002154	0.001689	0.001879	175,733	8,999,420
06/21/2018	0.002260	0.002354	0.001837	0.001932	214,467	10,533,900
06/20/2018	0.001754	0.002338	0.001708	0.002261	315,085	8,174,140
06/19/2018	0.002330	0.002409	0.001701	0.001753	201,062	10,857,900
06/18/2018	0.002256	0.002366	0.001706	0.002331	129,474	10,513,700
06/17/2018	0.002200	0.002323	0.002184	0.002258	40,261	10,251,800
06/16/2018	0.002132	0.002452	0.002131	0.002203	88,334	9,938,060
06/15/2018	0.002471	0.002479	0.002119	0.002138	240,645	11,513,300
06/14/2018	0.002283	0.002495	0.002017	0.002471	311,717	10,638,200
06/13/2018	0.002161	0.002317	0.002049	0.002278	217,400	10,071,000
06/12/2018	0.002398	0.002575	0.002128	0.002153	222,530	11,177,300
06/11/2018	0.002385	0.002599	0.002262	0.002398	204,497	11,113,900
06/10/2018	0.002597	0.003005	0.002256	0.002379	177,063	12,103,700
06/09/2018	0.002562	0.003465	0.002526	0.002593	178,814	11,941,700
06/08/2018	0.002777	0.003393	0.002535	0.002562	93,064	12,939,300
06/07/2018	0.002586	0.003593	0.002311	0.002774	18,263	12,050,500
06/06/2018	0.002638	0.003118	0.002506	0.002586	73,984	12,295,800
06/05/2018	0.002853	0.003119	0.002611	0.002643	92,368	13,294,000
06/04/2018	0.003727	0.003769	0.002687	0.002852	27,853	17,367,300
06/03/2018	0.003597	0.003763	0.002797	0.003730	140,278	16,763,900
06/02/2018	0.003030	0.003614	0.002689	0.003607	120,253	14,121,100
06/01/2018	0.003161	0.003578	0.002541	0.003038	36,267	14,729,500
05/31/2018	0.003854	0.004281	0.002622	0.003156	253,326	17,960,200
05/30/2018	0.002512	0.004753	0.002411	0.003904	260,737	11,705,600
05/29/2018	0.002522	0.002851	0.002215	0.002511	100,638	11,754,000
05/28/2018	0.002675	0.002804	0.002159	0.002507	107,777	12,466,300
05/27/2018	0.002791	0.002922	0.002539	0.002675	111,443	13,008,300
05/26/2018	0.002899	0.003142	0.002785	0.002790	20,838	13,508,600
05/25/2018	0.003327	0.003327	0.002739	0.002899	87,487	15,502,800
05/24/2018	0.002547	0.003364	0.002547	0.003324	56,851	11,869,100
05/23/2018	0.002703	0.003189	0.002511	0.002557	101,882	12,595,600
05/22/2018	0.003625	0.003660	0.002687	0.002709	112,060	16,893,200
05/21/2018	0.003764	0.003851	0.003108	0.003625	108,808	17,540,500
05/20/2018	0.003437	0.003823	0.003111	0.003794	23,715	16,018,200
05/19/2018	0.003848	0.003859	0.003419	0.003435	22,299	17,935,000
05/18/2018	0.003751	0.003851	0.002976	0.003849	61,918	17,480,800
05/17/2018	0.003452	0.004072	0.002694	0.003754	190,279	16,086,000
05/16/2018	0.004027	0.004027	0.003330	0.003448	333,497	18,767,700
05/15/2018	0.003768	0.004327	0.003346	0.004034	487,539	17,559,100
05/14/2018	0.003875	0.004091	0.003529	0.003773	298,556	18,057,100
05/13/2018	0.003974	0.004056	0.003649	0.003876	210,770	18,518,600
05/12/2018	0.003608	0.004018	0.003608	0.003978	66,188	16,813,600
05/11/2018	0.004043	0.004255	0.003562	0.003614	207,642	18,842,100
05/10/2018	0.004002	0.004504	0.004002	0.004040	732,845	18,649,200
05/09/2018	0.004454	0.004629	0.003982	0.003998	482,576	20,758,700
05/08/2018	0.004537	0.004567	0.004203	0.004482	116,141	21,145,500
05/07/2018	0.004524	0.004580	0.003836	0.004509	511,994	21,082,000
05/06/2018	0.004966	0.005019	0.004214	0.004521	495,248	23,141,700
05/05/2018	0.004360	0.005051	0.004347	0.004969	653,628	20,320,200
05/04/2018	0.004319	0.004821	0.004227	0.004356	395,080	20,129,200
05/03/2018	0.003501	0.004497	0.003494	0.004333	609,979	16,317,800
05/02/2018	0.004285	0.004402	0.003344	0.003428	335,948	19,968,100
05/01/2018	0.004023	0.004413	0.002989	0.004297	237,236	18,750,000
04/30/2018	0.002706	0.004351	0.002684	0.004010	538,858	12,609,700
04/29/2018	0.003523	0.004576	0.002279	0.002706	311,030	16,418,600
04/28/2018	0.004347	0.004602	0.003378	0.003523	414,589	20,259,000
04/27/2018	0.004411	0.004623	0.003293	0.004385	914,565	20,558,200
04/26/2018	0.004088	0.004418	0.003990	0.004404	953,136	19,050,900
04/25/2018	0.004914	0.004945	0.003981	0.004048	481,613	22,902,700
04/24/2018	0.004216	0.004935	0.004216	0.004917	736,424	19,646,600
04/23/2018	0.004601	0.004744	0.004161	0.004216	187,191	21,444,300
04/22/2018	0.004234	0.004690	0.004150	0.004618	319,469	19,733,800
04/21/2018	0.004632	0.004644	0.004054	0.004251	499,147	21,586,600
04/20/2018	0.004071	0.004698	0.003945	0.004635	608,177	18,972,300
04/19/2018	0.004049	0.004196	0.003742	0.004076	269,230	18,867,400
04/18/2018	0.003088	0.004081	0.003080	0.004046	9,503	14,389,600
04/17/2018	0.004008	0.004012	0.003080	0.003086	170,477	18,680,100
04/16/2018	0.003722	0.004018	0.003581	0.004009	208,913	17,343,900
04/15/2018	0.004001	0.004120	0.003617	0.003718	127,453	18,644,500
04/14/2018	0.004194	0.004394	0.003621	0.004003	284,209	19,545,800
04/13/2018	0.003871	0.004446	0.003598	0.004193	56,438	18,039,300
04/12/2018	0.003087	0.003875	0.003026	0.003864	611,781	14,386,300
04/11/2018	0.003311	0.003340	0.002897	0.003102	447,779	15,429,100
04/10/2018	0.003169	0.003329	0.002777	0.003303	277,407	14,769,600
04/09/2018	0.002835	0.003441	0.002494	0.003155	209,316	13,211,600
04/08/2018	0.003099	0.003245	0.002783	0.002828	92,747	14,441,700
04/07/2018	0.003017	0.003797	0.002908	0.003100	32,675	14,061,900
04/06/2018	0.003031	0.004027	0.002901	0.003018	59,698	14,125,200
04/05/2018	0.003160	0.003289	0.002823	0.003046	3,614	14,725,100
04/04/2018	0.003233	0.003480	0.002871	0.003160	6,036	15,068,900
04/03/2018	0.003379	0.003633	0.002938	0.003207	7,915	15,745,800
04/02/2018	0.003253	0.003576	0.003178	0.003376	5,645	15,162,000
04/01/2018	0.003237	0.003425	0.003037	0.003242	2,143	15,083,600
03/31/2018	0.003278	0.003540	0.003206	0.003236	4,223	15,275,400
03/30/2018	0.003232	0.003637	0.003046	0.003279	20,353	15,063,600
03/29/2018	0.003919	0.003938	0.003167	0.003240	9,113	18,264,000
03/28/2018	0.003818	0.004047	0.003656	0.003913	6,943	17,794,500
03/27/2018	0.003474	0.004148	0.003427	0.003817	10,403	16,188,100
03/26/2018	0.004696	0.004789	0.003342	0.003478	5,160	21,886,300
03/25/2018	0.004407	0.004815	0.004280	0.004702	3,358	20,536,700
03/24/2018	0.004512	0.005242	0.004335	0.004456	8,348	21,025,600
03/23/2018	0.004755	0.004929	0.003875	0.004463	26,818	22,161,200
03/22/2018	0.004875	0.005371	0.004457	0.004756	8,743	22,718,000
03/21/2018	0.005259	0.005710	0.004695	0.004871	12,891	24,510,600
03/20/2018	0.005070	0.005469	0.004689	0.005243	7,024	23,627,500
03/19/2018	0.004714	0.005128	0.004315	0.005025	13,622	21,970,500
03/18/2018	0.005273	0.005325	0.003835	0.004733	32,628	24,571,900
03/17/2018	0.004867	0.005972	0.004807	0.005292	58,239	22,679,800
03/16/2018	0.006138	0.006183	0.004858	0.004863	716,055	28,602,600
03/15/2018	0.005578	0.006324	0.005249	0.006145	998,640	25,996,100
03/14/2018	0.006436	0.007040	0.005347	0.005575	675,945	29,994,200
03/13/2018	0.007002	0.008382	0.004509	0.006434	583,026	32,629,800
03/12/2018	0.009394	0.009511	0.004071	0.007010	806,771	43,778,400
03/11/2018	0.008949	0.011400	0.008306	0.009406	6,251,200	41,703,500
03/10/2018	0.011649	0.012548	0.008913	0.008975	4,899,600	54,285,800
03/09/2018	0.009804	0.011684	0.009207	0.011654	2,747,810	45,688,200
03/08/2018	0.007318	0.015027	0.006046	0.009822	3,668,020	34,101,700
03/07/2018	0.007373	0.008197	0.006131	0.007395	160,776	34,358,300
03/06/2018	0.008944	0.009202	0.006791	0.007366	196,124	41,680,600
03/05/2018	0.009363	0.009363	0.008307	0.008946	399,908	43,636,200
03/04/2018	0.008401	0.010289	0.008373	0.009362	389,274	39,151,700
03/03/2018	0.009344	0.009580	0.008375	0.008403	367,655	43,544,600
03/02/2018	0.008777	0.016275	0.008707	0.009351	210,076	40,902,700
03/01/2018	0.008692	0.009637	0.007929	0.008781	100,993	40,505,900
02/28/2018	0.010267	0.010541	0.008458	0.008697	102,853	47,847,300
02/27/2018	0.010209	0.010538	0.008753	0.010269	13,048	47,577,500
02/26/2018	0.009961	0.010502	0.009548	0.010181	104,080	46,422,400
02/25/2018	0.008825	0.010055	0.008624	0.009955	160,679	41,126,200
02/24/2018	0.009556	0.010620	0.008287	0.008837	26,848	44,533,900
02/23/2018	0.009312	0.010361	0.008718	0.009568	12,693	43,395,800
02/22/2018	0.009652	0.010129	0.008577	0.009291	18,040	44,983,400
02/21/2018	0.010820	0.011134	0.008953	0.009163	28,547	50,425,100
02/20/2018	0.011837	0.012366	0.010275	0.010833	57,419	55,162,500
02/19/2018	0.011401	0.012162	0.010499	0.011831	46,611	53,132,200
02/18/2018	0.014860	0.014860	0.011448	0.011448	39,374	69,250,100
02/17/2018	0.012892	0.015114	0.012458	0.014802	49,733	60,078,200
02/16/2018	0.011623	0.013701	0.011585	0.012890	43,171	54,166,700
02/15/2018	0.010464	0.012310	0.010152	0.011450	30,490	48,763,700
02/14/2018	0.011156	0.011943	0.010414	0.010891	30,293	51,992,700
02/13/2018	0.011287	0.011566	0.010463	0.011174	19,386	52,600,900
02/12/2018	0.010513	0.011683	0.010288	0.011271	32,730	48,992,600
02/11/2018	0.012806	0.012806	0.010288	0.010464	42,000	59,678,400
02/10/2018	0.013396	0.013601	0.010384	0.012822	112,738	62,429,800
02/09/2018	0.010998	0.013673	0.010246	0.013400	193,296	51,253,600
02/08/2018	0.010648	0.012882	0.010084	0.011000	208,060	49,624,200
02/07/2018	0.010252	0.013406	0.009506	0.010671	292,184	47,777,500
02/06/2018	0.009518	0.010702	0.008054	0.010270	137,626	44,354,900
02/05/2018	0.011247	0.012300	0.008998	0.009506	133,369	52,414,900
02/04/2018	0.013740	0.014386	0.011097	0.011330	25,492	64,031,500
02/03/2018	0.012055	0.013962	0.011388	0.013735	37,317	56,181,500
02/02/2018	0.012752	0.013534	0.009991	0.012025	83,478	59,428,900
02/01/2018	0.017266	0.018599	0.011986	0.012780	146,839	80,464,200
01/31/2018	0.013354	0.019327	0.012785	0.017168	106,890	62,234,900
01/30/2018	0.017201	0.021084	0.012907	0.013318	473,002	80,162,600
01/29/2018	0.017469	0.019190	0.015991	0.017005	92,974	81,409,000
01/28/2018	0.021448	0.022231	0.016375	0.017422	280,236	99,955,500
01/27/2018	0.021953	0.022268	0.019652	0.021338	56,012	102,307,000
01/26/2018	0.020317	0.022872	0.018191	0.021954	325,133	94,682,800
01/25/2018	0.019589	0.027549	0.019309	0.020387	534,114	91,288,600
01/24/2018	0.021739	0.023745	0.019021	0.021690	84,424	101,312,000
01/23/2018	0.021457	0.023282	0.019519	0.021759	115,555	99,996,000
01/22/2018	0.024893	0.027688	0.019901	0.021455	143,585	116,011,000
01/21/2018	0.031883	0.031883	0.023968	0.025281	169,430	148,584,000
01/20/2018	0.028104	0.031878	0.025653	0.031823	167,687	130,973,000
01/19/2018	0.025942	0.028724	0.023133	0.027884	892,160	120,898,000
01/18/2018	0.023005	0.027839	0.020239	0.026230	221,298	113,762,000
01/17/2018	0.021132	0.025629	0.012888	0.020708	139,742	104,500,000
01/16/2018	0.033227	0.033227	0.017746	0.021255	219,959	164,312,000
01/15/2018	0.031401	0.039688	0.029280	0.033306	489,934	155,284,000
01/14/2018	0.035231	0.037525	0.028587	0.031555	332,742	174,224,000
01/13/2018	0.037456	0.038913	0.029604	0.036067	626,522	185,225,000
01/12/2018	0.032038	0.039327	0.026410	0.039269	700,075	158,433,000
01/11/2018	0.041735	0.043506	0.029006	0.031841	486,981	206,388,000
01/10/2018	0.047242	0.051280	0.033136	0.041786	633,342	233,622,000
01/09/2018	0.047590	0.051662	0.042757	0.048479	664,811	235,338,000
01/08/2018	0.078728	0.078728	0.035707	0.045359	1,453,390	389,321,000
01/07/2018	0.028776	0.067756	0.024572	0.067315	1,888,080	142,301,000
01/06/2018	0.021619	0.031089	0.020682	0.028904	381,239	106,909,000
01/05/2018	0.020771	0.021425	0.017619	0.021425	152,831	102,715,000
01/04/2018	0.023193	0.023246	0.017268	0.020808	57,799	114,694,000
01/03/2018	0.018340	0.024681	0.016238	0.023126	52,098	90,692,600
01/02/2018	0.017321	0.021060	0.016323	0.018773	104,917	85,655,000
01/01/2018	0.018754	0.019177	0.015990	0.017307	74,702	92,743,500
12/31/2017	0.016831	0.018887	0.015485	0.018738	153,772	83,231,500
12/30/2017	0.017813	0.017867	0.015287	0.016990	85,826	75,618,000
12/29/2017	0.018642	0.018955	0.016588	0.017843	58,842	79,137,900
12/28/2017	0.022274	0.022330	0.016999	0.018511	54,296	94,554,700
12/27/2017	0.019239	0.022397	0.016271	0.022315	53,561	81,674,400
12/26/2017	0.024701	0.025060	0.018244	0.019206	65,872	104,861,000
12/25/2017	0.016134	0.024720	0.016082	0.024720	91,522	68,490,900
12/24/2017	0.018052	0.018052	0.014622	0.015965	55,252	76,632,300
12/23/2017	0.015835	0.018848	0.015835	0.016728	56,532	67,221,100
12/22/2017	0.018058	0.018748	0.012705	0.015703	41,755	76,657,200
12/21/2017	0.018450	0.021311	0.017681	0.018004	73,484	78,322,400
12/20/2017	0.021501	0.022348	0.017567	0.018409	58,440	91,274,900
12/19/2017	0.022549	0.024127	0.018174	0.021523	110,145	95,725,100
12/18/2017	0.025229	0.025258	0.016622	0.022570	150,095	97,010,100
12/17/2017	0.025525	0.027894	0.021998	0.025119	128,087	98,151,900
12/16/2017	0.019364	0.025867	0.017390	0.025500	89,552	74,459,400
12/15/2017	0.016777	0.022090	0.015745	0.019341	56,938	64,510,700
12/14/2017	0.018580	0.019163	0.016041	0.016757	70,736	71,446,500
12/13/2017	0.021045	0.021304	0.016085	0.018695	54,402	80,921,300
12/12/2017	0.034199	0.035788	0.017222	0.021016	141,550	131,503,000
12/11/2017	0.016258	0.034796	0.016258	0.034796	221,648	60,889,500
12/10/2017	0.017470	0.021071	0.014753	0.016348	32,305	65,431,100
12/09/2017	0.016939	0.020046	0.015014	0.017423	131,820	63,442,800
12/08/2017	0.018019	0.018962	0.012984	0.016950	54,252	67,485,600
12/07/2017	0.016035	0.021380	0.015126	0.017988	126,666	60,055,900
12/06/2017	0.014438	0.017805	0.013917	0.016071	80,071	54,072,300
12/05/2017	0.017383	0.020991	0.014046	0.014463	44,451	65,104,700
12/04/2017	0.018217	0.023293	0.016274	0.016934	123,568	65,857,500
12/03/2017	0.021310	0.021923	0.016966	0.018032	36,249	77,042,000
12/02/2017	0.021600	0.022574	0.019526	0.021295	57,270	78,090,500
12/01/2017	0.017649	0.021823	0.016400	0.021613	33,556	63,805,000
11/30/2017	0.018264	0.019724	0.015551	0.017708	37,485	60,548,800
11/29/2017	0.017394	0.021335	0.015165	0.018012	40,763	57,666,700
11/28/2017	0.019042	0.021060	0.016222	0.017366	26,169	63,127,700
11/27/2017	0.021404	0.022350	0.017261	0.019038	47,091	70,959,000
11/26/2017	0.018512	0.023041	0.017115	0.021404	42,065	61,371,600
11/25/2017	0.020821	0.024360	0.015652	0.018495	38,177	69,026,000
11/24/2017	0.021525	0.024321	0.019527	0.021027	67,331	71,361,200
11/23/2017	0.025178	0.025580	0.020139	0.021612	73,988	83,470,400
11/22/2017	0.021583	0.025383	0.021547	0.025123	155,009	71,554,200
11/21/2017	0.021829	0.024183	0.020138	0.021546	49,035	72,368,700
11/20/2017	0.025387	0.028763	0.021061	0.021857	140,254	84,163,300
11/19/2017	0.041776	0.043581	0.024193	0.025625	115,607	138,498,000
11/18/2017	0.023581	0.044999	0.020154	0.041858	147,380	68,703,100
11/17/2017	0.022995	0.026421	0.020412	0.023619	938,499	66,995,400
11/16/2017	0.026622	0.031066	0.022060	0.023025	335,533	77,564,000
11/15/2017	0.029107	0.029657	0.025373	0.027630	183,774	84,803,100
11/14/2017	0.025421	0.032230	0.025421	0.029100	411,470	74,065,200
11/13/2017	0.022805	0.025355	0.021786	0.022995	375,378	66,443,900
11/12/2017	0.023636	0.025393	0.021898	0.022775	43,536	68,864,100
11/11/2017	0.023094	0.029444	0.022474	0.024164	52,212	67,285,400
11/10/2017	0.023629	0.048208	0.017923	0.023164	65,044	68,843,300
11/09/2017	0.025547	0.026767	0.019840	0.023580	36,325	74,431,600
11/08/2017	0.028584	0.030868	0.022761	0.025659	66,577	83,280,800
11/07/2017	0.026147	0.033571	0.022395	0.028570	56,951	76,179,900
11/06/2017	0.023285	0.029469	0.022829	0.026114	240,405	67,842,100
11/05/2017	0.023585	0.024376	0.021639	0.023261	177,256	68,715,100
11/04/2017	0.023984	0.024146	0.013784	0.023565	146,032	69,879,100
11/03/2017	0.020875	0.024266	0.020875	0.023982	322,292	60,818,900
11/02/2017	0.023849	0.026555	0.019542	0.020775	316,084	69,486,100
11/01/2017	0.025202	0.025278	0.023785	0.023785	215,765	73,426,100
10/31/2017	0.027217	0.027554	0.025238	0.025238	318,807	79,298,100
10/30/2017	0.027977	0.028052	0.024378	0.027205	583,766	81,510,600
10/29/2017	0.026859	0.028639	0.026773	0.027999	447,887	78,254,300
10/28/2017	0.027454	0.027527	0.025147	0.026871	1,095,030	79,989,500
10/27/2017	0.028669	0.029546	0.027117	0.027427	2,031,180	83,526,800
10/26/2017	0.054250	0.086482	0.028104	0.028682	1,035,190	158,058,000
10/25/2017	0.045533	0.112940	0.029094	0.054362	1,669,920	132,663,000
10/24/2017	0.032815	0.107138	0.029807	0.054500	2,012,790	95,606,700
10/23/2017	0.026671	0.034599	0.025102	0.028493	3,901,700	77,706,200
10/22/2017	0.028266	0.029315	0.023811	0.026696	19,119,600	82,354,300
10/21/2017	0.030797	0.032835	0.026441	0.028262	14,460,800	86,649,600
10/20/2017	0.033435	0.044244	0.027763	0.030235	3,326,540	94,069,800
10/19/2017	0.045037	0.045037	0.029679	0.033461	331,934	126,712,000
10/18/2017	0.037955	0.045142	0.028865	0.045142	273,838	91,146,200
10/17/2017	0.035459	0.038227	0.031840	0.038000	74,970	85,152,100
10/16/2017	0.035489	0.075757	0.030394	0.035369	187,591	85,224,700
10/15/2017	0.029584	0.042269	0.029584	0.035396	232,100	64,240,600
10/14/2017	0.028978	0.114037	0.027086	0.029498	53,791	62,924,200
10/13/2017	0.025828	0.169312	0.024797	0.028950	49,420	56,084,100
10/12/2017	0.026896	0.027413	0.025199	0.025878	56,588	58,402,700
10/11/2017	0.025969	0.027143	0.022070	0.026896	28,458	56,389,800
10/10/2017	0.025834	0.027325	0.021821	0.025970	127,260	56,097,200
10/09/2017	0.024765	0.027663	0.020380	0.025770	28,251	53,775,400
10/08/2017	0.028031	0.028109	0.023397	0.024763	18,126	60,868,000
10/07/2017	0.027727	0.029119	0.024876	0.028071	17,426	-
10/06/2017	0.025417	0.027775	0.025371	0.027775	26,386	-
10/05/2017	0.026252	0.026253	0.024575	0.025410	576	-
10/04/2017	0.026304	0.026727	0.025058	0.026253	28,018	-
