Date	Open	High	Low	Close	Volume	Market Cap
07/15/2018	0.005008	0.005117	0.004991	0.005083	834	500,665
07/14/2018	0.005001	0.005049	0.004958	0.005009	3,973	499,985
07/13/2018	0.004994	0.005633	0.004945	0.005015	411	499,268
07/12/2018	0.005112	0.005739	0.004933	0.004989	441	511,075
07/11/2018	0.005054	0.005789	0.005054	0.005113	2,843	505,290
07/10/2018	0.005369	0.005957	0.005052	0.005054	1,536	536,759
07/09/2018	0.006032	0.006616	0.005131	0.005370	156	603,042
07/08/2018	0.006757	0.006770	0.005378	0.006033	5,545	675,498
07/07/2018	0.006337	0.006787	0.005782	0.006765	220	633,470
07/06/2018	0.006455	0.007039	0.006330	0.006417	1,349	645,291
07/05/2018	0.006298	0.006751	0.005936	0.006376	5,236	629,589
07/04/2018	0.005942	0.008025	0.005878	0.006284	2,540	594,009
07/03/2018	0.006613	0.008394	0.005822	0.005943	90	661,141
07/02/2018	0.007630	0.008407	0.006106	0.006641	2,670	762,820
07/01/2018	0.007577	0.008159	0.006908	0.007001	4,515	757,472
06/30/2018	0.006110	0.007581	0.006110	0.007557	4,344	610,859
06/29/2018	0.006413	0.006496	0.005317	0.006105	2,212	641,070
06/28/2018	0.006819	0.007241	0.006009	0.006411	728	681,666
06/27/2018	0.006809	0.007360	0.005418	0.006814	6,110	680,706
06/26/2018	0.006890	0.007032	0.006299	0.006814	2,588	688,791
06/25/2018	0.007809	0.007809	0.006246	0.006890	3,376	780,715
06/24/2018	0.007992	0.008004	0.006371	0.007816	6,842	798,972
06/23/2018	0.008229	0.008647	0.006704	0.007993	12,513	822,678
06/22/2018	0.011633	0.011651	0.007544	0.008241	19,831	1,162,950
06/21/2018	0.009429	0.011686	0.009321	0.011048	14,929	942,617
06/20/2018	0.008759	0.009726	0.007873	0.009425	11,064	875,689
06/19/2018	0.008953	0.010140	0.007893	0.008753	14,402	894,991
06/18/2018	0.008337	0.010405	0.007689	0.008955	12,243	833,484
06/17/2018	0.008501	0.008979	0.007214	0.008364	8,739	849,888
06/16/2018	0.008419	0.008724	0.007509	0.008481	6,940	841,689
06/15/2018	0.008990	0.009580	0.007815	0.008438	11,017	898,710
06/14/2018	0.008392	0.009535	0.006172	0.009003	26,037	838,924
06/13/2018	0.008683	0.009912	0.007681	0.008390	18,750	868,014
06/12/2018	0.010932	0.011340	0.008305	0.008659	45,325	1,092,910
06/11/2018	0.011157	0.011646	0.010119	0.010942	29,783	1,115,340
06/10/2018	0.014435	0.014812	0.010741	0.011143	31,315	1,443,040
06/09/2018	0.015837	0.016561	0.014116	0.014440	24,142	1,583,220
06/08/2018	0.014853	0.018982	0.013670	0.015842	115,551	1,484,830
06/07/2018	0.012659	0.016185	0.011531	0.014841	88,799	1,265,530
06/06/2018	0.014637	0.018292	0.011913	0.012646	125,143	1,463,270
06/05/2018	0.015985	0.017259	0.012758	0.015344	141,791	1,598,000
06/04/2018	0.022267	0.022267	0.015494	0.016645	208,827	2,226,000
06/03/2018	0.029035	0.031495	0.020655	0.022228	565,922	2,902,640
06/02/2018	0.022020	0.039899	0.016694	0.028344	1,246,030	2,201,340
06/01/2018	0.012687	0.024989	0.008595	0.022032	549,214	1,268,360
05/31/2018	0.005986	0.016915	0.005966	0.012677	175,780	595,408
05/30/2018	0.005990	0.006426	0.005274	0.006060	1,348	595,860
05/29/2018	0.005636	0.006495	0.005575	0.005988	1,800	557,809
05/28/2018	0.005997	0.006642	0.005395	0.005638	2,768	590,556
05/27/2018	0.006441	0.006673	0.005975	0.005995	1,523	634,287
05/26/2018	0.006552	0.007082	0.005882	0.006437	2,609	641,864
05/25/2018	0.006595	0.006929	0.006256	0.006532	3,464	646,100
05/24/2018	0.006388	0.007005	0.005744	0.006593	4,243	625,830
05/23/2018	0.007114	0.007239	0.005196	0.006390	16,845	696,973
05/22/2018	0.008127	0.011543	0.006631	0.007255	12,000	796,197
05/21/2018	0.007546	0.010183	0.006827	0.008121	14,290	735,513
05/20/2018	0.006656	0.007604	0.006611	0.007542	4,206	648,785
05/19/2018	0.006645	0.007479	0.006539	0.006652	5,235	647,705
05/18/2018	0.007363	0.010056	0.006574	0.007398	4,093	717,688
05/17/2018	0.007497	0.008699	0.007087	0.007360	11,296	728,890
05/16/2018	0.006947	0.011425	0.005518	0.007482	39,151	671,890
05/15/2018	0.006973	0.008168	0.006394	0.006965	7,706	672,650
05/14/2018	0.007391	0.007402	0.006288	0.006983	2,800	712,989
05/13/2018	0.007026	0.007448	0.006141	0.007399	3,343	677,830
05/12/2018	0.007574	0.007577	0.006306	0.007025	2,914	730,651
05/11/2018	0.007972	0.008290	0.006445	0.007588	4,069	769,080
05/10/2018	0.008973	0.012610	0.007527	0.007968	6,883	865,600
05/09/2018	0.007740	0.009074	0.007441	0.008966	701	742,782
05/08/2018	0.007739	0.008337	0.007311	0.007768	4,876	742,712
05/07/2018	0.007853	0.008035	0.007284	0.007730	1,007	753,673
05/06/2018	0.008575	0.009132	0.007011	0.007850	10,702	822,914
05/05/2018	0.009504	0.009622	0.008150	0.008575	10,908	912,113
05/04/2018	0.009325	0.009768	0.007857	0.009512	13,935	894,958
05/03/2018	0.009272	0.010976	0.008221	0.009334	32,771	887,968
05/02/2018	0.008775	0.010558	0.007458	0.009271	54,538	840,405
05/01/2018	0.009552	0.014994	0.006550	0.008788	70,970	857,449
04/30/2018	0.009590	0.012433	0.007849	0.009550	33,274	856,075
04/29/2018	0.009919	0.010678	0.008397	0.009583	8,646	885,512
04/28/2018	0.010047	0.010541	0.009176	0.009921	2,842	896,868
04/27/2018	0.009959	0.010722	0.009401	0.010084	2,239	889,064
04/26/2018	0.010465	0.011404	0.008424	0.009945	2,127	934,186
04/25/2018	0.010694	0.011141	0.009062	0.010414	1,875	954,665
04/24/2018	0.011634	0.018204	0.010534	0.010861	14,560	1,038,590
04/23/2018	0.009284	0.014742	0.008619	0.011601	13,941	828,780
04/22/2018	0.009261	0.009858	0.008555	0.009279	2,914	826,721
04/21/2018	0.009965	0.010688	0.008016	0.009246	7,473	889,540
04/20/2018	0.009394	0.016260	0.008838	0.009957	18,614	838,648
04/19/2018	0.009334	0.009865	0.008207	0.009386	5,308	833,216
04/18/2018	0.007197	0.012526	0.006280	0.009329	14,052	642,491
04/17/2018	0.007418	0.008839	0.006951	0.007257	1,565	662,166
04/16/2018	0.008330	0.008861	0.007089	0.007421	2,416	743,584
04/15/2018	0.007493	0.008976	0.007493	0.008327	4,489	668,881
04/14/2018	0.007158	0.008073	0.006681	0.007491	1,319	638,990
04/13/2018	0.008617	0.009033	0.006364	0.007207	7,657	786,104
04/12/2018	0.007676	0.009042	0.006611	0.008609	8,583	700,252
04/11/2018	0.008755	0.009244	0.006078	0.007700	15,043	798,704
04/10/2018	0.010918	0.010938	0.008127	0.008744	15,958	873,484
04/09/2018	0.010354	0.012642	0.010301	0.010907	11,649	828,294
04/08/2018	0.010683	0.012369	0.009581	0.010331	11,957	854,665
04/07/2018	0.010453	0.012370	0.010343	0.010676	9,619	836,225
04/06/2018	0.010345	0.011770	0.010301	0.010442	8,950	827,609
04/05/2018	0.010953	0.011178	0.009880	0.010372	2,247	876,238
04/04/2018	0.010321	0.013013	0.009823	0.010958	19,100	825,653
04/03/2018	0.009299	0.011155	0.009204	0.010324	4,519	743,925
04/02/2018	0.009553	0.011366	0.008986	0.009295	10,242	764,243
04/01/2018	0.009640	0.011011	0.007993	0.009517	12,626	771,194
03/31/2018	0.009861	0.010281	0.008818	0.009638	3,207	788,906
03/30/2018	0.007899	0.010086	0.007481	0.009863	9,617	631,953
03/29/2018	0.009938	0.009956	0.007348	0.007916	4,742	795,073
03/28/2018	0.008570	0.010454	0.008522	0.009928	909	685,624
03/27/2018	0.009801	0.010325	0.006786	0.008572	2,590	784,100
03/26/2018	0.011810	0.011860	0.009471	0.009812	13,373	944,812
03/25/2018	0.011291	0.012306	0.010417	0.011820	12,738	903,256
03/24/2018	0.012247	0.013317	0.010051	0.011425	33,691	979,787
03/23/2018	0.011273	0.013354	0.009126	0.012082	44,952	901,820
03/22/2018	0.007218	0.015276	0.007207	0.011271	138,831	577,448
03/21/2018	0.006936	0.007856	0.006933	0.007221	982	554,894
03/20/2018	0.006877	0.008263	0.006627	0.006920	621	550,167
03/19/2018	0.007337	0.007618	0.005887	0.006801	1,404	586,930
03/18/2018	0.007617	0.007617	0.005807	0.007359	2,136	609,367
03/17/2018	0.007438	0.009328	0.006480	0.007634	449	595,056
03/16/2018	0.006602	0.007751	0.006439	0.007426	3,593	528,195
03/15/2018	0.006675	0.007768	0.006263	0.006606	1,578	533,982
03/14/2018	0.007764	0.008873	0.006513	0.006677	4,819	621,082
03/13/2018	0.007833	0.012071	0.007069	0.007764	2,076	626,665
03/12/2018	0.010427	0.010832	0.007808	0.007868	2,388	834,129
03/11/2018	0.008624	0.010761	0.007822	0.010386	1,955	689,944
03/10/2018	0.008773	0.009761	0.008587	0.008653	1,457	701,867
03/09/2018	0.009528	0.011231	0.007981	0.008775	8,097	762,246
03/08/2018	0.009650	0.010223	0.006754	0.009562	12,215	771,963
03/07/2018	0.010062	0.010955	0.009372	0.009667	1,706	804,941
03/06/2018	0.010838	0.010838	0.006716	0.010066	4,078	867,067
03/05/2018	0.013697	0.013855	0.011059	0.011062	1,097	1,095,800
03/04/2018	0.013133	0.014329	0.010271	0.011498	3,606	1,050,670
03/03/2018	0.013635	0.014891	0.011616	0.013097	1,119	1,090,810
03/02/2018	0.013242	0.014749	0.010390	0.013668	6,457	1,059,370
03/01/2018	0.011414	0.014143	0.011390	0.013264	2,282	913,107
02/28/2018	0.015119	0.017251	0.009671	0.011382	12,089	1,209,540
02/27/2018	0.015089	0.017333	0.012738	0.015135	3,025	1,207,140
02/26/2018	0.013482	0.016712	0.013167	0.015046	1,875	1,078,560
02/25/2018	0.014969	0.016296	0.013135	0.013465	7,258	1,197,510
02/24/2018	0.022433	0.022655	0.010451	0.014995	6,164	1,794,650
02/23/2018	0.018233	0.022454	0.015642	0.022454	6,690	1,458,660
02/22/2018	0.022240	0.022432	0.016334	0.018252	8,648	1,779,180
02/21/2018	0.020560	0.022385	0.017672	0.022270	2,461	1,644,840
02/20/2018	0.018919	0.025002	0.016480	0.020586	28,677	1,513,480
02/19/2018	0.015064	0.021641	0.014474	0.018905	10,453	1,205,120
02/18/2018	0.022136	0.022136	0.014655	0.015133	7,725	1,770,870
02/17/2018	0.018979	0.026264	0.012258	0.022099	3,364	1,518,300
02/16/2018	0.017280	0.024212	0.013494	0.018974	11,920	1,382,420
02/15/2018	0.017097	0.019116	0.014063	0.017348	7,092	1,367,730
02/14/2018	0.016585	0.018870	0.014561	0.017087	6,588	1,326,800
02/13/2018	0.016411	0.019731	0.013153	0.016635	3,575	1,312,850
02/12/2018	0.016869	0.021783	0.016140	0.016383	8,418	1,349,480
02/11/2018	0.017747	0.019197	0.015731	0.016772	8,695	1,419,800
02/10/2018	0.020380	0.021035	0.017173	0.017730	1,257	1,630,430
02/09/2018	0.019860	0.020460	0.017658	0.019557	4,889	1,588,780
02/08/2018	0.017048	0.020346	0.016385	0.019799	3,671	1,363,880
02/07/2018	0.015452	0.018937	0.015123	0.016819	3,752	1,236,140
02/06/2018	0.015268	0.017360	0.012282	0.015599	2,830	1,221,430
02/05/2018	0.020186	0.021014	0.014737	0.015248	5,921	1,614,870
02/04/2018	0.021711	0.024257	0.019335	0.020384	5,814	1,736,890
02/03/2018	0.023530	0.024292	0.019564	0.021703	15,329	1,882,430
02/02/2018	0.020203	0.023475	0.014810	0.023443	24,355	1,616,280
02/01/2018	0.024252	0.026345	0.015411	0.020256	23,051	1,940,130
01/31/2018	0.024203	0.026026	0.019587	0.024196	49,754	1,936,280
01/30/2018	0.026856	0.028357	0.020933	0.024147	16,170	2,148,460
01/29/2018	0.028795	0.033035	0.026531	0.026901	17,205	2,303,590
01/28/2018	0.024738	0.032309	0.024738	0.028824	20,827	1,979,030
01/27/2018	0.025388	0.029178	0.023105	0.024598	11,817	2,031,070
01/26/2018	0.023971	0.025828	0.021286	0.025402	14,952	1,917,680
01/25/2018	0.025189	0.025828	0.019821	0.024038	21,461	2,015,130
01/24/2018	0.025582	0.026771	0.018202	0.022241	91,241	2,046,540
01/23/2018	0.028489	0.028653	0.023213	0.025594	16,786	2,279,130
01/22/2018	0.029518	0.033158	0.023096	0.028560	26,137	2,361,430
01/21/2018	0.034739	0.035432	0.023157	0.029334	87,056	2,779,110
01/20/2018	0.034350	0.041076	0.031568	0.034660	33,112	2,747,970
01/19/2018	0.030466	0.039381	0.030466	0.034012	25,887	2,437,300
01/18/2018	0.024935	0.035946	0.023829	0.030779	72,965	1,994,770
01/17/2018	0.027893	0.030662	0.021460	0.024808	68,131	2,231,470
01/16/2018	0.031384	0.036532	0.022883	0.027043	45,382	2,510,720
01/15/2018	0.042436	0.046302	0.028813	0.032492	93,591	3,394,840
01/14/2018	0.050027	0.051858	0.033671	0.042678	96,548	4,002,170
01/13/2018	0.047225	0.057657	0.037819	0.050969	326,129	3,778,040
01/12/2018	0.030548	0.046485	0.026499	0.046063	150,986	2,443,810
01/11/2018	0.046506	0.048486	0.025405	0.032462	153,196	3,720,490
01/10/2018	0.058320	0.058904	0.038407	0.044034	157,113	4,665,590
01/09/2018	0.056731	0.066628	0.042457	0.058258	543,216	4,538,440
01/08/2018	0.087457	0.129951	0.051000	0.055932	866,125	6,996,600
01/07/2018	0.061434	0.117278	0.054987	0.093735	1,162,120	4,914,700
01/06/2018	0.070079	0.076597	0.054387	0.063650	155,344	5,606,290
01/05/2018	0.078156	0.087129	0.052623	0.068792	371,116	6,252,490
01/04/2018	0.064690	0.078215	0.044913	0.078215	131,569	5,175,180
01/03/2018	0.063530	0.084759	0.054565	0.066499	174,532	5,082,380
01/02/2018	0.059442	0.085386	0.053661	0.062543	283,879	4,755,330
01/01/2018	0.037440	0.067959	0.032076	0.058537	109,303	2,995,220
12/31/2017	0.023196	0.041995	0.023135	0.037380	79,067	1,855,670
12/30/2017	0.019603	0.028749	0.016112	0.022507	41,849	1,568,220
12/29/2017	0.021017	0.021156	0.017553	0.019534	10,452	1,681,350
12/28/2017	0.019124	0.020848	0.013879	0.020838	14,155	1,529,950
12/27/2017	0.021125	0.022308	0.015629	0.019162	7,194	1,689,980
12/26/2017	0.019149	0.023764	0.017721	0.021097	20,113	1,531,960
12/25/2017	0.021539	0.024096	0.016899	0.019151	7,896	1,723,130
12/24/2017	0.024975	0.024975	0.015887	0.021367	18,967	1,998,030
12/23/2017	0.017283	0.030116	0.015846	0.024692	45,073	1,382,630
12/22/2017	0.031500	0.031734	0.011612	0.019245	45,195	2,520,020
12/21/2017	0.020460	0.037871	0.017866	0.028189	78,321	1,636,800
12/20/2017	0.012714	0.023181	0.011263	0.020477	36,773	1,017,090
12/19/2017	0.011080	0.017061	0.009208	0.012727	53,467	886,361
12/18/2017	0.011314	0.012364	0.008698	0.011072	7,089	905,100
12/17/2017	0.010212	0.012713	0.008575	0.012498	4,268	816,997
12/16/2017	0.009171	0.011723	0.007349	0.010204	5,227	733,655
12/15/2017	0.008044	0.009600	0.006891	0.007647	2,492	643,523
12/14/2017	0.007177	0.011476	0.006589	0.008033	4,745	574,162
12/13/2017	0.008601	0.011225	0.006668	0.007424	11,208	688,041
12/12/2017	0.009045	0.009356	0.006755	0.008593	3,014	723,581
12/11/2017	0.007269	0.009594	0.007253	0.009062	6,722	581,517
12/10/2017	0.008603	0.008603	0.004786	0.007288	4,448	688,240
12/09/2017	0.009499	0.009752	0.005845	0.007559	2,458	759,900
12/08/2017	0.006986	0.009510	0.006202	0.009507	2,552	558,874
12/07/2017	0.006855	0.009678	0.006273	0.006970	4,503	548,417
12/06/2017	0.007651	0.008805	0.005910	0.008109	2,856	612,057
12/05/2017	0.006507	0.007933	0.005438	0.007668	4,181	520,564
12/04/2017	0.007788	0.007897	0.005532	0.006496	2,695	623,050
12/03/2017	0.006281	0.007768	0.004475	0.007763	4,955	502,461
12/02/2017	0.006019	0.008073	0.004661	0.006276	8,174	481,485
12/01/2017	0.006560	0.006703	0.004465	0.006023	357	524,774
11/30/2017	0.005789	0.006663	0.004391	0.006395	3,784	463,106
11/29/2017	0.004787	0.006059	0.003990	0.005702	4,022	382,981
11/28/2017	0.004787	0.005545	0.004585	0.004790	2,206	382,939
11/27/2017	0.004938	0.006879	0.004665	0.004776	2,314	395,050
11/26/2017	0.005172	0.008353	0.004590	0.004939	2,010	413,784
11/25/2017	0.004401	0.005639	0.003993	0.005233	4,667	352,100
11/24/2017	0.004725	0.006600	0.004068	0.004406	17,510	378,006
11/23/2017	0.005084	0.005185	0.004140	0.004735	1,532	406,747
11/22/2017	0.003867	0.005348	0.003859	0.005082	552	309,383
11/21/2017	0.003943	0.005593	0.003417	0.003860	1,890	315,458
11/20/2017	0.006392	0.006611	0.003407	0.003407	4,286	511,366
11/19/2017	0.003773	0.006801	0.003458	0.006702	9,390	301,828
11/18/2017	0.004929	0.004929	0.003749	0.003781	3,053	394,293
11/17/2017	0.003892	0.004954	0.003095	0.004940	967	311,358
11/16/2017	0.004407	0.004483	0.003019	0.003898	5,505	352,547
11/15/2017	0.004023	0.004531	0.003694	0.004387	8,494	321,801
11/14/2017	0.004074	0.004931	0.003569	0.004020	8,721	325,938
11/13/2017	0.003098	0.004475	0.003098	0.004072	8,780	247,821
11/12/2017	0.004254	0.004254	0.003080	0.003093	2,241	340,286
11/11/2017	0.004501	0.004577	0.003519	0.004256	10,212	360,081
11/10/2017	0.004504	0.005114	0.003747	0.004504	11,150	360,314
11/09/2017	0.005783	0.005831	0.004236	0.004497	13,941	462,666
11/08/2017	0.003685	0.006003	0.003558	0.005800	22,890	294,762
11/07/2017	0.004429	0.004935	0.003671	0.003689	12,453	354,299
11/06/2017	0.004883	0.004965	0.003843	0.004425	17,783	390,607
11/05/2017	0.004373	0.005285	0.004107	0.004877	7,042	349,811
11/04/2017	0.005686	0.006006	0.004374	0.004374	18,658	454,887
11/03/2017	0.005184	0.006721	0.003923	0.005691	23,676	414,753
11/02/2017	0.006749	0.007185	0.004032	0.005164	35,674	539,935
11/01/2017	0.008054	0.008070	0.005855	0.006732	19,251	644,324
10/31/2017	0.008811	0.009438	0.006196	0.008068	14,142	704,876
10/30/2017	0.008817	0.011862	0.006455	0.008808	65,964	705,380
10/29/2017	0.011196	0.012005	0.008838	0.008838	29,016	895,699
10/28/2017	0.011914	0.014773	0.008981	0.011201	22,785	953,120
10/27/2017	0.014696	0.020587	0.011845	0.011939	57,962	1,175,650
10/26/2017	0.011899	0.017854	0.011837	0.014703	20,880	951,946
10/25/2017	0.014760	0.023134	0.011621	0.011925	48,118	1,180,790
10/24/2017	0.011813	0.015532	0.011718	0.014747	16,584	945,068
10/23/2017	0.020799	0.020811	0.011173	0.011821	39,510	1,663,910
10/22/2017	0.021118	0.023464	0.017671	0.020811	7,032	1,689,450
10/21/2017	0.023898	0.025534	0.018243	0.021155	21,821	1,911,870
10/20/2017	0.033830	0.039783	0.021600	0.023930	57,026	2,706,390
10/19/2017	0.018682	0.081853	0.015294	0.036674	200,773	1,494,530
10/18/2017	0.015494	0.018741	0.011854	0.018725	25,827	1,239,520
10/17/2017	0.023519	0.035362	0.012358	0.015512	132,155	1,881,480
10/16/2017	0.019697	0.047176	0.014382	0.023474	107,928	1,575,780
10/15/2017	0.028377	0.032637	0.011800	0.019645	22,046	2,270,150
10/14/2017	0.010322	0.028517	0.009941	0.028517	12,714	-
