Date	Open	High	Low	Close	Volume	Market Cap
07/15/2018	0.823343	0.904876	0.798936	0.838881	28,381	4,940,060
07/14/2018	0.835364	0.870320	0.785156	0.830770	70,780	5,012,180
07/13/2018	0.838934	0.921166	0.833467	0.834231	27,258	5,033,600
07/12/2018	0.780987	0.876397	0.740725	0.843483	66,874	4,685,920
07/11/2018	0.800170	0.861441	0.739547	0.781395	13,882	4,801,020
07/10/2018	0.858131	0.926053	0.774904	0.800144	36,963	5,148,790
07/09/2018	0.920296	0.965532	0.829986	0.858645	76,143	5,521,780
07/08/2018	0.874929	0.954511	0.838466	0.920328	36,749	5,249,570
07/07/2018	0.943498	1.03	0.775146	0.875796	671,006	5,660,990
07/06/2018	0.839463	0.944191	0.780798	0.944078	22,649	5,036,780
07/05/2018	0.874841	0.958392	0.809606	0.839671	43,809	5,249,050
07/04/2018	0.917365	0.930215	0.780886	0.872807	29,057	5,504,190
07/03/2018	0.933854	0.973651	0.893799	0.916353	113,506	5,603,120
07/02/2018	0.821610	0.935158	0.759073	0.928904	60,323	4,929,660
07/01/2018	0.916825	0.970541	0.819192	0.821359	42,731	5,500,950
06/30/2018	0.846693	1.05	0.792530	0.916298	27,110	5,080,160
06/29/2018	0.875358	0.948584	0.751374	0.846170	24,238	5,252,150
06/28/2018	0.794108	0.919121	0.737327	0.875069	24,209	4,764,650
06/27/2018	0.879785	0.921341	0.748217	0.796066	27,447	5,278,710
06/26/2018	0.826505	0.899536	0.755320	0.881544	36,668	4,959,030
06/25/2018	0.842380	0.865882	0.758835	0.826505	29,037	5,054,280
06/24/2018	0.856954	0.958534	0.713295	0.843884	49,640	5,141,720
06/23/2018	0.871437	0.901723	0.818797	0.846270	38,695	5,228,620
06/22/2018	0.862378	0.935246	0.826224	0.871323	157,008	5,174,260
06/21/2018	0.992798	1.04	0.847712	0.864624	70,108	5,956,790
06/20/2018	0.913620	1.03	0.877650	1.02	189,022	5,481,720
06/19/2018	0.653628	0.989652	0.641584	0.913344	145,912	3,921,770
06/18/2018	0.560112	0.803163	0.560112	0.653868	53,729	3,360,670
06/17/2018	0.688051	0.799617	0.472027	0.561034	23,483	4,128,310
06/16/2018	0.712701	0.803760	0.521758	0.687242	24,589	4,276,200
06/15/2018	0.535271	0.807861	0.491791	0.727295	42,881	3,211,620
06/14/2018	0.795978	0.824195	0.530434	0.535364	36,665	4,775,870
06/13/2018	0.850481	0.862119	0.744033	0.795565	61,527	5,102,890
06/12/2018	0.847345	0.881075	0.775392	0.848503	46,113	5,084,070
06/11/2018	0.819094	0.891900	0.772304	0.847136	72,060	4,914,560
06/10/2018	0.899880	0.938331	0.779991	0.812492	46,177	5,399,280
06/09/2018	0.982028	1.05	0.891854	0.898469	202,982	5,892,160
06/08/2018	1.07	1.11	0.916112	0.981868	50,666	6,431,220
06/07/2018	1.03	1.08	0.908639	1.05	56,833	6,164,330
06/06/2018	1.06	1.12	0.937714	1.03	48,246	6,376,640
06/05/2018	1.04	1.11	0.992850	1.06	82,774	6,212,990
06/04/2018	1.03	1.12	0.970336	1.04	66,913	6,189,120
06/03/2018	1.03	1.27	1.03	1.03	81,617	6,192,330
06/02/2018	1.13	1.29	1.03	1.03	34,937	6,767,960
06/01/2018	1.12	1.17	1.03	1.13	54,970	6,733,310
05/31/2018	0.967486	1.14	0.937061	1.12	92,837	5,804,920
05/30/2018	1.01	1.12	0.940935	0.967909	44,690	6,066,460
05/29/2018	0.966059	1.11	0.930037	1.01	74,856	5,796,350
05/28/2018	1.04	1.09	0.966368	0.967216	51,796	6,226,280
05/27/2018	1.05	1.25	0.993315	1.04	160,969	6,304,910
05/26/2018	1.07	1.10	0.963191	1.05	45,001	6,409,820
05/25/2018	1.16	1.19	1.03	1.07	64,832	6,934,090
05/24/2018	1.05	1.18	0.934268	1.16	122,667	6,317,370
05/23/2018	1.21	1.24	1.03	1.06	37,883	7,273,010
05/22/2018	1.25	1.30	1.14	1.21	53,694	7,494,110
05/21/2018	1.29	1.40	1.24	1.25	72,509	7,759,260
05/20/2018	1.33	1.38	1.23	1.29	50,311	7,999,280
05/19/2018	1.38	1.38	1.25	1.33	190,634	8,272,740
05/18/2018	1.35	1.42	1.32	1.38	239,564	8,125,430
05/17/2018	1.51	1.56	1.34	1.37	100,451	9,050,020
05/16/2018	1.50	1.53	1.40	1.51	74,811	8,985,870
05/15/2018	1.55	1.60	1.44	1.50	154,255	9,270,180
05/14/2018	1.53	1.59	1.43	1.56	105,829	9,165,360
05/13/2018	1.50	1.57	1.44	1.53	107,580	9,028,190
05/12/2018	1.44	1.52	1.41	1.51	96,303	8,626,810
05/11/2018	1.73	1.73	1.35	1.44	237,376	10,378,400
05/10/2018	1.86	1.91	1.66	1.73	137,724	11,149,700
05/09/2018	1.80	1.99	1.67	1.86	165,464	10,812,300
05/08/2018	1.78	1.86	1.72	1.80	189,134	10,670,900
05/07/2018	1.93	1.99	1.68	1.77	497,542	11,565,200
05/06/2018	1.74	2.02	1.66	1.98	791,768	10,450,700
05/05/2018	1.69	1.80	1.69	1.74	100,842	10,147,300
05/04/2018	1.71	1.73	1.59	1.69	213,964	10,243,000
05/03/2018	1.55	1.75	1.55	1.71	302,772	9,307,630
05/02/2018	1.54	1.60	1.51	1.55	154,741	9,239,560
05/01/2018	1.53	1.60	1.42	1.54	331,377	9,154,020
04/30/2018	1.61	1.62	1.52	1.52	170,946	9,662,900
04/29/2018	1.63	1.68	1.57	1.61	137,125	9,792,620
04/28/2018	1.63	1.70	1.59	1.63	113,391	9,789,040
04/27/2018	1.72	1.72	1.61	1.64	211,495	10,346,900
04/26/2018	1.74	1.74	1.65	1.72	397,804	10,426,900
04/25/2018	1.64	1.74	1.50	1.72	975,272	9,827,300
04/24/2018	1.51	1.67	1.49	1.67	379,253	9,061,380
04/23/2018	1.45	1.55	1.44	1.51	203,247	8,699,080
04/22/2018	1.49	1.62	1.44	1.45	535,191	8,938,940
04/21/2018	1.39	1.59	1.33	1.49	273,153	8,321,560
04/20/2018	1.29	1.42	1.29	1.39	204,191	7,710,970
04/19/2018	1.30	1.33	1.25	1.29	162,157	7,797,380
04/18/2018	1.18	1.30	1.18	1.30	142,956	7,060,030
04/17/2018	1.18	1.27	1.12	1.18	123,078	7,084,720
04/16/2018	1.22	1.23	1.11	1.18	72,277	7,317,060
04/15/2018	1.13	1.32	1.07	1.22	150,991	6,787,120
04/14/2018	1.09	1.16	1.07	1.13	62,932	6,565,600
04/13/2018	0.994947	1.14	0.994181	1.10	289,002	5,969,680
04/12/2018	0.849722	0.995827	0.824530	0.994485	177,910	5,098,330
04/11/2018	0.861251	0.877832	0.830370	0.851404	43,643	5,167,510
04/10/2018	0.824731	0.877566	0.789393	0.860805	113,914	4,948,390
04/09/2018	0.869984	0.905417	0.821772	0.824010	68,724	5,219,900
04/08/2018	0.886667	0.913330	0.855779	0.869205	83,242	5,320,000
04/07/2018	0.844357	0.907300	0.833232	0.883842	36,119	5,066,140
04/06/2018	0.878942	0.892184	0.838926	0.844033	21,546	5,273,650
04/05/2018	0.902827	0.929693	0.824100	0.881421	190,909	5,416,960
04/04/2018	1.03	1.04	0.860540	0.902935	35,241	6,191,390
04/03/2018	0.950740	1.11	0.927453	1.03	167,400	5,704,440
04/02/2018	0.959288	1.02	0.934456	0.950245	58,686	5,755,730
04/01/2018	0.979049	1.03	0.894968	0.956875	60,898	5,874,300
03/31/2018	0.833178	1.06	0.833178	0.991827	72,006	4,999,070
03/30/2018	0.900017	0.950247	0.825827	0.834037	45,460	5,400,100
03/29/2018	1.31	1.33	0.877609	0.901393	72,695	7,880,330
03/28/2018	1.08	1.31	1.06	1.31	48,335	6,454,370
03/27/2018	1.27	1.35	1.06	1.08	99,652	7,616,070
03/26/2018	1.16	1.42	1.11	1.27	58,895	6,939,120
03/25/2018	1.21	1.36	1.07	1.16	133,617	7,262,670
03/24/2018	1.17	1.46	1.12	1.22	103,477	7,001,460
03/23/2018	1.16	1.16	1.07	1.16	105,604	6,952,830
03/22/2018	1.18	1.29	1.11	1.16	61,215	7,059,850
03/21/2018	1.22	1.42	1.15	1.18	140,076	7,326,820
03/20/2018	1.10	1.32	1.10	1.22	217,661	6,592,690
03/19/2018	1.15	1.20	1.07	1.09	154,578	6,877,940
03/18/2018	1.18	1.19	0.978725	1.09	290,077	7,087,800
03/17/2018	1.24	1.30	1.13	1.18	46,951	7,432,840
03/16/2018	1.20	1.33	1.15	1.24	50,104	7,185,150
03/15/2018	1.15	1.26	1.06	1.20	88,980	6,907,090
03/14/2018	1.34	1.58	1.11	1.15	210,871	8,023,930
03/13/2018	1.35	1.39	1.21	1.34	214,155	8,095,780
03/12/2018	1.37	1.45	1.32	1.35	157,296	8,201,990
03/11/2018	1.36	1.42	1.30	1.38	152,274	8,170,300
03/10/2018	1.40	1.48	1.36	1.36	92,215	8,412,730
03/09/2018	1.41	1.43	1.21	1.40	142,722	8,446,610
03/08/2018	1.44	1.57	1.30	1.41	184,460	8,628,370
03/07/2018	1.70	1.74	1.37	1.44	266,751	10,178,100
03/06/2018	1.95	1.95	1.59	1.68	259,875	11,691,900
03/05/2018	2.02	2.03	1.95	1.96	52,509	12,117,200
03/04/2018	2.01	2.04	1.91	2.02	152,242	12,065,800
03/03/2018	2.00	2.04	1.97	2.01	80,530	12,027,200
03/02/2018	2.03	2.11	1.98	2.00	51,301	12,197,400
03/01/2018	1.94	2.07	1.93	2.04	115,830	11,661,700
02/28/2018	2.13	2.22	1.94	1.94	157,860	12,753,100
02/27/2018	2.15	2.22	2.09	2.13	193,396	12,894,900
02/26/2018	1.99	2.23	1.93	2.07	207,222	11,914,100
02/25/2018	1.85	2.06	1.85	1.99	369,867	11,082,500
02/24/2018	2.17	2.19	1.81	1.86	510,509	13,003,100
02/23/2018	1.96	2.21	1.82	2.14	580,729	11,733,100
02/22/2018	2.08	2.22	1.88	1.95	367,026	12,469,000
02/21/2018	2.43	2.51	2.06	2.08	632,598	14,582,300
02/20/2018	2.56	2.60	2.41	2.44	407,133	15,344,400
02/19/2018	2.41	2.60	2.38	2.56	229,813	14,457,500
02/18/2018	2.68	2.70	2.22	2.42	494,552	16,084,000
02/17/2018	2.44	2.70	2.43	2.68	222,723	14,619,000
02/16/2018	2.36	2.45	2.35	2.44	177,385	14,179,200
02/15/2018	2.32	2.44	2.30	2.37	260,102	13,943,900
02/14/2018	2.20	2.37	2.19	2.33	181,202	13,185,300
02/13/2018	2.26	2.26	2.15	2.20	128,922	13,562,700
02/12/2018	2.16	2.29	2.16	2.23	143,171	12,960,200
02/11/2018	2.36	2.37	2.03	2.16	309,019	14,181,100
02/10/2018	2.49	2.55	2.28	2.40	336,204	14,955,300
02/09/2018	2.46	2.56	2.32	2.49	255,409	14,744,300
02/08/2018	2.24	2.54	2.24	2.45	320,668	13,414,200
02/07/2018	2.35	2.68	2.24	2.24	318,191	14,077,100
02/06/2018	2.13	2.37	1.77	2.36	671,834	12,780,000
02/05/2018	2.56	2.70	1.91	2.05	796,749	15,379,900
02/04/2018	3.09	3.11	2.52	2.57	440,760	18,522,700
02/03/2018	2.45	3.10	2.31	3.09	423,256	14,693,600
02/02/2018	2.74	2.74	2.26	2.44	860,016	16,465,900
02/01/2018	3.03	3.10	2.54	2.75	698,870	18,192,800
01/31/2018	3.08	3.14	2.93	3.03	444,581	18,464,600
01/30/2018	3.90	3.93	2.96	3.09	828,730	23,394,600
01/29/2018	4.21	4.26	3.68	3.90	857,061	25,258,800
01/28/2018	4.53	4.62	4.06	4.21	786,317	27,159,600
01/27/2018	4.49	5.58	4.12	4.51	3,587,020	26,964,900
01/26/2018	3.49	8.31	3.32	4.26	1,353,560	20,923,400
01/25/2018	3.76	3.78	3.31	3.49	495,191	22,536,400
01/24/2018	3.55	4.00	3.53	3.73	838,703	21,293,000
01/23/2018	3.22	3.66	3.04	3.54	680,141	19,309,200
01/22/2018	3.42	3.86	2.92	3.22	826,568	20,491,000
01/21/2018	3.99	4.02	3.20	3.31	561,790	23,949,300
01/20/2018	3.19	4.26	3.19	4.01	943,135	19,169,500
01/19/2018	2.94	3.40	2.94	3.20	403,627	17,652,200
01/18/2018	3.24	3.67	2.99	2.99	587,443	19,427,700
01/17/2018	2.82	3.49	2.26	3.27	1,708,550	16,930,800
01/16/2018	4.60	4.60	2.20	2.83	2,525,800	27,610,800
01/15/2018	4.97	5.07	4.53	4.61	365,724	29,818,500
01/14/2018	5.48	5.48	4.63	4.98	1,021,200	32,872,900
01/13/2018	5.50	6.06	5.46	5.46	1,604,970	33,000,200
01/12/2018	5.42	5.96	5.26	5.54	1,295,880	32,497,900
01/11/2018	5.67	6.49	4.22	5.36	2,614,480	34,041,500
01/10/2018	5.99	6.12	4.97	5.67	2,264,760	35,933,800
01/09/2018	5.81	6.73	5.78	5.99	2,973,790	34,887,300
01/08/2018	6.91	6.93	5.21	5.82	3,482,110	41,430,000
01/07/2018	5.94	6.93	5.89	6.93	4,807,510	35,627,700
01/06/2018	4.91	6.60	4.80	5.95	6,664,240	29,463,300
01/05/2018	4.74	5.24	4.61	4.91	2,611,530	28,440,400
01/04/2018	4.94	5.67	4.58	4.73	2,483,210	29,665,800
01/03/2018	4.80	5.23	4.76	4.91	2,188,480	28,812,600
01/02/2018	4.42	4.84	4.25	4.80	2,769,630	26,530,600
01/01/2018	3.77	4.64	3.68	4.41	2,253,130	22,623,200
12/31/2017	3.74	4.01	3.61	3.77	975,868	22,413,300
12/30/2017	4.41	4.41	3.37	3.81	1,610,370	26,489,000
12/29/2017	3.97	4.42	3.84	4.42	924,112	23,799,200
12/28/2017	4.51	4.51	3.65	4.03	995,296	27,051,100
12/27/2017	4.54	4.75	4.16	4.60	1,691,840	27,242,600
12/26/2017	4.53	4.83	4.45	4.53	1,018,200	27,158,700
12/25/2017	4.44	4.90	4.24	4.52	2,673,440	26,623,500
12/24/2017	3.70	5.08	3.26	4.39	5,104,770	22,229,600
12/23/2017	3.06	3.99	3.06	3.61	1,465,890	18,372,100
12/22/2017	4.10	4.19	2.45	3.05	2,379,840	24,625,900
12/21/2017	3.92	4.61	3.86	4.16	2,531,180	23,516,500
12/20/2017	4.17	4.17	3.59	3.92	2,245,530	25,048,600
12/19/2017	4.35	4.44	3.97	4.18	2,514,010	26,089,900
12/18/2017	4.24	4.39	3.89	4.39	1,901,860	25,439,800
12/17/2017	4.45	4.65	4.24	4.26	1,957,750	26,693,100
12/16/2017	4.19	4.46	4.16	4.43	1,874,240	25,167,700
12/15/2017	4.51	4.65	4.03	4.24	2,193,040	27,042,600
12/14/2017	4.15	4.59	3.84	4.56	2,188,560	24,872,400
12/13/2017	4.23	4.27	3.82	4.19	2,116,920	25,358,800
12/12/2017	4.04	4.48	3.91	4.23	2,143,970	24,254,500
12/11/2017	3.94	4.14	3.79	4.06	1,707,700	23,654,100
12/10/2017	4.15	4.29	3.59	3.86	2,336,050	24,909,700
12/09/2017	3.62	5.00	3.36	4.14	3,709,340	21,691,300
12/08/2017	3.29	3.70	2.79	3.61	2,241,000	19,736,900
12/07/2017	4.12	4.14	3.02	3.26	2,307,050	24,722,800
12/06/2017	3.73	5.38	3.73	4.12	6,016,480	22,360,100
12/05/2017	2.98	3.95	2.91	3.76	3,167,920	17,877,200
12/04/2017	2.98	3.07	2.76	2.97	791,434	17,868,700
12/03/2017	2.72	3.06	2.60	2.98	817,351	16,292,500
12/02/2017	2.74	2.84	2.58	2.71	465,805	16,427,000
12/01/2017	2.62	2.85	2.46	2.74	651,726	15,715,900
11/30/2017	2.60	2.77	2.26	2.58	1,102,740	15,588,000
11/29/2017	2.95	3.49	2.46	2.59	2,349,840	17,729,400
11/28/2017	3.06	3.17	2.81	2.92	884,770	18,372,400
11/27/2017	2.88	3.08	2.84	3.03	1,081,200	17,308,900
11/26/2017	3.09	3.18	2.86	2.93	1,034,260	18,541,600
11/25/2017	2.64	3.28	2.62	3.09	1,699,820	15,856,600
11/24/2017	2.63	2.72	2.52	2.64	704,550	15,776,400
11/23/2017	2.74	2.79	2.63	2.63	619,653	16,453,000
11/22/2017	2.68	2.86	2.64	2.74	986,636	16,074,200
11/21/2017	2.35	2.85	2.30	2.68	1,760,330	14,126,400
11/20/2017	2.44	2.49	2.32	2.33	704,766	14,639,700
11/19/2017	2.46	2.53	2.39	2.44	424,398	14,732,500
11/18/2017	2.39	2.52	2.33	2.46	521,972	14,317,100
11/17/2017	2.41	2.46	2.27	2.38	589,613	14,448,400
11/16/2017	2.41	2.53	2.32	2.45	830,076	14,430,200
11/15/2017	2.68	2.73	2.35	2.40	750,336	16,058,200
11/14/2017	2.67	2.76	2.58	2.68	388,258	16,006,800
11/13/2017	2.40	2.79	2.33	2.64	563,419	14,414,000
11/12/2017	2.86	2.88	2.33	2.40	958,396	17,190,000
11/11/2017	2.67	2.91	2.57	2.85	916,100	15,997,300
11/10/2017	3.11	3.26	2.50	2.67	2,031,650	18,671,300
11/09/2017	2.23	3.55	2.21	3.14	4,090,640	13,371,600
11/08/2017	2.01	2.28	1.96	2.22	978,292	12,038,300
11/07/2017	2.01	2.11	1.95	2.01	359,472	12,034,900
11/06/2017	2.11	2.13	1.94	2.01	461,554	12,656,200
11/05/2017	2.16	2.19	2.05	2.10	417,311	12,965,600
11/04/2017	2.22	2.50	2.14	2.16	731,689	13,326,700
11/03/2017	2.01	2.22	1.98	2.22	514,122	12,072,100
11/02/2017	2.18	2.19	1.84	2.01	829,646	13,054,500
11/01/2017	2.31	2.46	2.17	2.17	756,811	13,843,600
10/31/2017	2.49	2.53	2.33	2.33	641,250	14,940,500
10/30/2017	2.55	2.56	2.41	2.49	417,013	15,289,200
10/29/2017	2.61	2.64	2.49	2.55	861,860	15,649,700
10/28/2017	2.65	2.70	2.59	2.62	447,410	15,906,100
10/27/2017	2.75	2.81	2.57	2.65	1,026,220	16,528,200
10/26/2017	2.68	2.70	2.55	2.69	1,126,410	16,086,300
10/25/2017	2.83	2.84	2.56	2.68	470,586	16,953,800
10/24/2017	2.57	3.09	2.46	2.83	1,884,200	15,411,200
10/23/2017	3.02	3.02	2.49	2.54	1,147,570	18,090,600
10/22/2017	3.00	3.18	2.96	3.03	609,674	17,977,500
10/21/2017	3.27	3.42	2.87	3.01	1,416,230	19,648,400
10/20/2017	3.15	3.64	2.91	3.28	4,061,120	18,903,400
10/19/2017	3.16	3.27	2.83	3.10	2,499,080	18,974,200
10/18/2017	3.54	3.54	3.03	3.16	2,015,740	21,217,900
10/17/2017	3.84	3.96	3.35	3.53	3,452,820	23,032,400
10/16/2017	3.37	4.32	3.18	3.88	7,588,060	20,220,700
10/15/2017	3.43	3.49	2.94	3.30	2,995,330	20,577,800
10/14/2017	2.69	3.80	2.69	3.47	5,559,670	16,159,400
10/13/2017	2.64	2.75	2.29	2.67	2,348,200	15,824,800
10/12/2017	3.09	3.15	2.35	2.63	2,614,860	18,560,600
10/11/2017	3.05	3.87	2.91	3.00	2,663,990	18,329,200
10/10/2017	2.99	3.85	2.72	3.04	2,052,760	17,965,800
10/09/2017	2.21	3.24	2.12	2.98	919,112	13,289,500
10/08/2017	2.80	4.72	1.63	2.23	382,801	16,777,600
10/07/2017	3.02	3.55	2.68	2.80	449,751	18,100,200
10/06/2017	2.61	3.16	2.09	3.03	532,097	15,643,600
10/05/2017	2.49	2.98	2.28	2.61	262,112	14,957,700
10/04/2017	2.45	2.80	2.36	2.49	290,915	14,672,800
10/03/2017	2.86	2.89	2.34	2.44	282,220	17,153,000
10/02/2017	2.04	3.01	2.02	2.86	409,480	12,227,000
10/01/2017	2.21	3.18	1.97	2.04	209,407	13,244,600
09/30/2017	2.52	2.60	2.23	2.33	214,631	15,103,800
09/29/2017	2.86	2.98	2.25	2.52	365,606	17,176,100
09/28/2017	1.61	5.30	1.56	2.88	423,938	9,676,640
09/27/2017	1.83	2.03	1.54	1.61	184,002	10,954,000
09/26/2017	1.63	2.11	1.41	1.83	154,573	9,768,660
09/25/2017	1.63	2.06	1.38	1.63	168,621	9,774,960
09/24/2017	1.65	1.85	1.42	1.63	136,225	9,884,980
09/23/2017	1.81	1.88	1.53	1.65	155,541	10,860,200
09/22/2017	1.78	1.98	1.64	1.78	171,003	10,703,300
09/21/2017	1.93	2.62	1.68	1.78	80,379	11,558,000
09/20/2017	2.08	2.18	1.91	1.93	132,839	12,469,100
09/19/2017	1.92	2.26	1.77	2.08	149,390	11,505,800
09/18/2017	2.12	2.66	1.61	1.91	145,930	-
09/17/2017	1.83	2.17	1.70	2.12	80,558	-
09/16/2017	1.94	1.95	1.21	1.82	62,719	-
09/15/2017	1.67	1.93	1.27	1.93	118,999	-
09/14/2017	2.48	2.54	1.63	1.68	188,182	-
09/13/2017	2.71	2.71	2.17	2.48	105,991	-
09/12/2017	2.54	11.09	2.36	2.70	148,727	-
09/11/2017	2.50	2.55	2.08	2.54	408,027	-
09/10/2017	2.78	2.91	2.49	2.49	339,635	-
09/09/2017	3.26	4.43	2.71	2.78	400,770	-
09/08/2017	3.65	4.23	3.04	3.27	305,678	-
09/07/2017	4.40	4.44	3.48	3.66	767,733	-
09/06/2017	4.52	4.54	4.35	4.40	950,718	-
