Date	Open	High	Low	Close	Volume	Market Cap
07/15/2018	0.012724	0.013957	0.009946	0.013907	498,802	-
07/14/2018	0.014786	0.014786	0.012615	0.012732	300,611	-
06/14/2018	0.024100	0.024857	0.023982	0.024705	946,674	-
06/13/2018	0.024261	0.026553	0.023386	0.024085	922,922	-
06/12/2018	0.025173	0.026438	0.023916	0.024180	461,869	-
06/11/2018	0.024729	0.026581	0.024492	0.025177	1,052,280	-
06/10/2018	0.027611	0.027746	0.024353	0.024569	599,739	-
06/09/2018	0.028499	0.028833	0.027596	0.027596	835,950	-
06/08/2018	0.028898	0.029233	0.027264	0.028504	1,158,090	-
06/07/2018	0.029196	0.030698	0.028687	0.028863	824,215	-
06/06/2018	0.030398	0.030991	0.028423	0.029177	1,029,570	-
06/05/2018	0.029925	0.030498	0.029082	0.030423	1,350,960	-
06/04/2018	0.031603	0.032384	0.029825	0.029919	1,573,830	-
06/03/2018	0.031767	0.033493	0.031364	0.031601	2,221,140	-
06/02/2018	0.031040	0.032195	0.030680	0.031772	923,077	-
06/01/2018	0.031139	0.031853	0.030405	0.031104	1,601,060	-
05/31/2018	0.030296	0.031441	0.030025	0.030896	1,691,280	-
05/30/2018	0.030136	0.031184	0.029620	0.030375	1,131,740	-
05/29/2018	0.028840	0.030559	0.027983	0.030037	782,872	-
05/28/2018	0.027828	0.029647	0.026887	0.028881	1,168,340	-
05/27/2018	0.028776	0.028776	0.027090	0.027826	785,813	-
05/26/2018	0.028837	0.029490	0.028000	0.028748	707,960	-
05/25/2018	0.028978	0.029890	0.028101	0.028710	1,609,990	-
05/24/2018	0.028978	0.029561	0.026940	0.028958	1,219,690	-
05/23/2018	0.031664	0.031951	0.028255	0.028772	596,271	-
05/22/2018	0.033759	0.033911	0.031630	0.031630	904,251	-
05/21/2018	0.034005	0.035226	0.033192	0.033760	1,775,730	-
05/20/2018	0.033673	0.035456	0.033067	0.033962	1,588,970	-
05/19/2018	0.033944	0.034532	0.033164	0.033647	1,159,120	-
05/18/2018	0.033177	0.033952	0.032614	0.033880	1,496,560	-
05/17/2018	0.034755	0.035407	0.032780	0.033167	1,533,430	-
05/16/2018	0.035119	0.035285	0.033375	0.034633	1,759,910	-
05/15/2018	0.035881	0.037277	0.034672	0.035130	1,364,400	-
05/14/2018	0.035861	0.037803	0.033758	0.035939	1,583,880	-
05/13/2018	0.034359	0.036566	0.033085	0.035904	2,056,910	-
05/12/2018	0.033176	0.035334	0.032379	0.033993	1,681,200	-
05/11/2018	0.036116	0.036788	0.032628	0.033418	1,097,730	-
05/10/2018	0.035758	0.039077	0.035538	0.036154	1,829,700	-
05/09/2018	0.033595	0.035975	0.030090	0.035839	2,305,460	-
05/08/2018	0.033141	0.036571	0.032136	0.033983	1,110,110	-
05/07/2018	0.035522	0.036342	0.031561	0.032943	1,878,560	-
05/06/2018	0.037574	0.037765	0.032383	0.034900	1,938,190	-
05/05/2018	0.034464	0.037334	0.034374	0.036083	1,180,880	-
05/04/2018	0.035177	0.036700	0.033196	0.034564	1,131,790	-
05/03/2018	0.032542	0.035807	0.028565	0.035169	2,810,200	-
05/02/2018	0.028068	0.031040	0.027241	0.030976	1,705,840	-
05/01/2018	0.025802	0.029169	0.023469	0.028302	2,098,650	-
04/30/2018	0.029379	0.029908	0.026710	0.027343	587,251	-
04/29/2018	0.030282	0.031162	0.027613	0.029568	1,164,350	-
04/28/2018	0.028711	0.030499	0.026144	0.030359	910,687	-
04/27/2018	0.030202	0.030332	0.027692	0.028485	853,319	-
04/26/2018	0.024530	0.031001	0.023928	0.029398	2,682,210	-
04/25/2018	0.029796	0.030219	0.023466	0.024236	1,205,250	-
04/24/2018	0.025107	0.029970	0.025107	0.029920	1,196,210	-
04/23/2018	0.025850	0.026434	0.021930	0.025267	1,816,230	-
04/22/2018	0.022420	0.026335	0.021869	0.025945	1,320,900	-
04/21/2018	0.021745	0.022478	0.021099	0.022478	1,183,640	-
04/20/2018	0.019819	0.021760	0.019553	0.021758	997,530	-
04/19/2018	0.018709	0.019901	0.017957	0.019806	729,448	-
04/18/2018	0.016787	0.018666	0.016446	0.018666	878,924	-
04/17/2018	0.016436	0.017854	0.015958	0.016994	880,753	-
04/16/2018	0.016457	0.017648	0.015902	0.016424	1,518,940	-
04/15/2018	0.017070	0.017901	0.016158	0.016521	866,476	-
04/14/2018	0.016835	0.017644	0.016198	0.017063	822,140	-
04/13/2018	0.016224	0.018115	0.015452	0.016945	385,132	-
04/12/2018	0.013829	0.017967	0.013543	0.015992	669,233	-
04/11/2018	0.013492	0.013936	0.012432	0.013935	1,039,560	-
04/10/2018	0.012326	0.013673	0.012114	0.013430	575,948	-
04/09/2018	0.012509	0.014297	0.012018	0.012358	440,026	-
04/08/2018	0.012555	0.013127	0.012122	0.012420	970,254	-
04/07/2018	0.011388	0.012977	0.011232	0.012492	1,590,820	-
04/06/2018	0.011653	0.012110	0.010730	0.011310	696,290	-
04/05/2018	0.011731	0.012373	0.011023	0.011990	941,987	-
04/04/2018	0.013576	0.013607	0.011556	0.011803	1,093,360	-
04/03/2018	0.012474	0.014028	0.012110	0.013565	454,014	-
04/02/2018	0.012174	0.013296	0.011311	0.012181	615,525	-
04/01/2018	0.012665	0.013124	0.011180	0.012017	1,070,370	-
03/31/2018	0.011135	0.013656	0.011135	0.012410	442,572	-
03/30/2018	0.012289	0.012341	0.010803	0.011135	384,683	-
03/29/2018	0.013975	0.014017	0.011956	0.012321	1,019,980	-
03/28/2018	0.013375	0.015856	0.012061	0.013957	1,221,190	-
03/27/2018	0.013139	0.014150	0.012832	0.013315	1,230,670	-
03/26/2018	0.014809	0.014982	0.012661	0.013155	1,087,020	-
03/25/2018	0.014644	0.015492	0.013106	0.014823	3,487,840	-
03/24/2018	0.016859	0.017132	0.014335	0.014843	595,244	-
03/23/2018	0.016843	0.017552	0.014748	0.016622	424,841	-
03/22/2018	0.015638	0.017948	0.014600	0.016843	1,354,890	-
03/21/2018	0.014584	0.019601	0.013493	0.015665	1,691,140	-
03/20/2018	0.015173	0.016211	0.012996	0.014339	333,219	-
03/19/2018	0.014214	0.015268	0.013435	0.015099	171,386	-
03/18/2018	0.015740	0.015740	0.012376	0.014587	1,389,330	-
03/17/2018	0.017197	0.017284	0.015566	0.015772	1,105,340	-
03/16/2018	0.017447	0.018304	0.016256	0.016996	697,998	-
03/15/2018	0.018440	0.018440	0.016002	0.017291	953,463	-
03/14/2018	0.019653	0.020487	0.017534	0.017895	1,217,780	-
03/13/2018	0.019675	0.020091	0.018230	0.019623	389,860	-
03/12/2018	0.019857	0.021320	0.019347	0.019789	1,187,980	-
03/11/2018	0.018739	0.020999	0.017964	0.019913	1,784,840	-
03/10/2018	0.018952	0.021319	0.018393	0.018807	1,482,940	-
03/09/2018	0.016533	0.018964	0.016015	0.018755	535,732	-
03/08/2018	0.018884	0.021426	0.015377	0.016631	1,101,350	-
03/07/2018	0.024010	0.024353	0.014372	0.019296	1,223,570	-
03/06/2018	0.028525	0.028876	0.023343	0.024213	1,043,020	-
03/05/2018	0.029878	0.030433	0.028354	0.028354	1,482,770	-
03/04/2018	0.029454	0.030373	0.027702	0.029924	862,922	-
03/03/2018	0.026786	0.030007	0.026303	0.029813	468,969	-
03/02/2018	0.030448	0.031330	0.026537	0.026692	2,580,620	-
03/01/2018	0.027746	0.030775	0.027538	0.030305	3,141,080	-
02/28/2018	0.029903	0.032455	0.027684	0.027707	2,378,680	-
02/27/2018	0.028974	0.031710	0.028494	0.029926	1,038,550	-
02/26/2018	0.028799	0.030877	0.027376	0.028884	1,040,790	-
02/25/2018	0.027899	0.029446	0.025973	0.028935	1,140,130	-
02/24/2018	0.027787	0.030095	0.026671	0.027940	1,215,260	-
02/23/2018	0.026280	0.029426	0.025774	0.027872	949,749	-
02/22/2018	0.027412	0.029126	0.024898	0.026410	716,112	-
02/21/2018	0.030348	0.031166	0.026627	0.027480	377,504	-
02/20/2018	0.030173	0.032311	0.029937	0.030294	818,996	-
02/19/2018	0.028624	0.033489	0.028403	0.030154	940,630	-
02/18/2018	0.033145	0.034176	0.028316	0.028490	766,500	-
02/17/2018	0.032667	0.035666	0.031033	0.033171	1,359,550	-
02/16/2018	0.032621	0.033776	0.029729	0.032789	993,419	-
02/15/2018	0.031945	0.033984	0.026881	0.032945	998,043	-
02/14/2018	0.028868	0.032707	0.028394	0.031955	870,894	-
02/13/2018	0.032637	0.032948	0.027455	0.028896	372,547	-
02/12/2018	0.025861	0.033291	0.025827	0.032686	544,120	-
02/11/2018	0.027795	0.030139	0.025010	0.025549	325,971	-
02/10/2018	0.026988	0.029465	0.025721	0.027837	849,823	-
02/09/2018	0.030192	0.030192	0.023869	0.027074	814,570	-
02/08/2018	0.026507	0.036415	0.022400	0.030006	996,180	-
02/07/2018	0.022630	0.029213	0.020923	0.026299	880,343	-
02/06/2018	0.023416	0.026082	0.014176	0.022713	614,892	-
02/05/2018	0.030186	0.031826	0.022041	0.023474	693,567	-
02/04/2018	0.033504	0.035246	0.028106	0.030978	8,191,920	-
02/03/2018	0.034297	0.035709	0.025077	0.033513	920,544	-
02/02/2018	0.035336	0.035477	0.026124	0.033834	766,558	-
02/01/2018	0.039826	0.040610	0.032318	0.035497	186,799	-
01/31/2018	0.039460	0.041390	0.037091	0.039807	251,159	-
01/30/2018	0.046983	0.047086	0.039385	0.039488	244,270	-
01/29/2018	0.047469	0.052399	0.044959	0.046714	388,731	-
01/28/2018	0.046148	0.051228	0.042692	0.047529	291,363	-
01/27/2018	0.047561	0.047876	0.041534	0.046454	499,934	-
01/26/2018	0.044907	0.048327	0.042831	0.047467	305,113	-
01/25/2018	0.042266	0.046922	0.041771	0.045041	299,790	-
01/24/2018	0.041343	0.044612	0.041155	0.042325	431,795	-
01/23/2018	0.042649	0.045601	0.036355	0.040909	516,143	-
01/22/2018	0.046535	0.048437	0.039049	0.042661	665,560	-
01/21/2018	0.053550	0.057758	0.044732	0.045963	515,303	-
01/20/2018	0.049739	0.057566	0.049688	0.053099	610,365	-
01/19/2018	0.059776	0.062402	0.039034	0.049430	1,404,670	-
01/18/2018	0.054062	0.070682	0.047566	0.060725	2,434,140	-
01/17/2018	0.062648	0.064730	0.035727	0.054435	1,520,550	-
01/16/2018	0.079998	0.080056	0.053693	0.061790	1,293,250	-
01/15/2018	0.092119	0.095498	0.077233	0.079871	1,664,110	-
01/14/2018	0.076555	0.094545	0.076555	0.094209	1,391,910	-
