Date	Open	High	Low	Close	Volume	Market Cap
07/15/2018	0.005541	0.005541	0.004844	0.004871	125,613	-
07/14/2018	0.004226	0.005999	0.004226	0.005575	278,475	-
07/13/2018	0.003966	0.004369	0.003950	0.004228	78,252	-
07/12/2018	0.003964	0.003988	0.003805	0.003944	57,199	-
07/11/2018	0.003829	0.004035	0.003804	0.003971	60,911	-
07/10/2018	0.004059	0.004066	0.003792	0.003828	79,001	-
07/09/2018	0.003960	0.004213	0.003918	0.004052	101,055	-
07/08/2018	0.004056	0.004176	0.003936	0.003961	49,165	-
07/07/2018	0.004217	0.004220	0.003851	0.004051	60,670	-
07/06/2018	0.004053	0.004343	0.003779	0.004223	108,951	-
07/05/2018	0.004084	0.004123	0.003845	0.004054	60,610	-
07/04/2018	0.003729	0.004442	0.003680	0.004077	112,258	-
07/03/2018	0.004313	0.004436	0.003729	0.003729	133,260	-
07/02/2018	0.004283	0.004392	0.004003	0.004321	88,847	-
07/01/2018	0.004329	0.004389	0.004158	0.004282	50,431	-
06/30/2018	0.004279	0.004541	0.004239	0.004327	98,109	-
06/29/2018	0.004163	0.004419	0.003879	0.004275	99,028	-
06/28/2018	0.004325	0.004508	0.004141	0.004161	78,099	-
06/27/2018	0.004656	0.004859	0.004260	0.004322	166,061	-
06/26/2018	0.004336	0.004816	0.004213	0.004659	136,528	-
06/25/2018	0.004447	0.004568	0.004146	0.004322	144,822	-
06/24/2018	0.004476	0.004509	0.003793	0.004445	214,053	-
06/23/2018	0.004266	0.004586	0.003922	0.004483	143,297	-
06/22/2018	0.005185	0.005314	0.004284	0.004284	221,691	-
06/21/2018	0.005380	0.005562	0.005048	0.005189	160,756	-
06/20/2018	0.006046	0.006048	0.005390	0.005432	241,758	-
06/19/2018	0.006239	0.006356	0.005952	0.006048	126,308	-
06/18/2018	0.006140	0.006356	0.005941	0.006272	206,807	-
06/17/2018	0.006142	0.006286	0.006063	0.006175	137,347	-
06/16/2018	0.005980	0.006267	0.005978	0.006132	151,315	-
06/15/2018	0.006240	0.006437	0.005984	0.006045	198,211	-
06/14/2018	0.006070	0.006424	0.005889	0.006246	279,564	-
06/13/2018	0.006486	0.006769	0.005849	0.006047	400,255	-
06/12/2018	0.006972	0.007367	0.006434	0.006469	399,559	-
06/11/2018	0.006381	0.007463	0.006369	0.006973	593,462	-
06/10/2018	0.008173	0.008173	0.006332	0.006373	487,234	-
06/09/2018	0.008291	0.008368	0.007161	0.007721	620,802	-
06/08/2018	0.008329	0.008636	0.007989	0.008244	812,227	-
06/07/2018	0.009038	0.009978	0.008003	0.008204	1,974,710	-
06/06/2018	0.010290	0.010652	0.008846	0.009051	1,860,860	-
06/05/2018	0.010647	0.011372	0.010183	0.010382	2,604,320	-
