Date	Open	High	Low	Close	Volume	Market Cap
07/15/2018	0.060002	0.070516	0.052493	0.058269	1,964,020	14,393,700
07/14/2018	0.052951	0.085316	0.049363	0.060151	1,537,060	12,702,400
07/13/2018	0.057352	0.059849	0.052286	0.053040	1,396,880	13,758,200
07/12/2018	0.052631	0.062165	0.051773	0.057959	701,055	12,625,600
07/11/2018	0.065058	0.065469	0.048621	0.051866	682,897	15,606,600
07/10/2018	0.072658	0.072658	0.062866	0.065300	372,323	17,429,800
07/09/2018	0.084958	0.086738	0.071928	0.073471	971,601	20,380,400
07/08/2018	0.082478	0.090971	0.078469	0.084121	760,699	19,785,400
07/07/2018	0.086088	0.087181	0.076786	0.081985	1,334,200	20,651,400
07/06/2018	0.094392	0.097861	0.079783	0.087106	1,214,170	32,150,700
07/05/2018	0.097419	0.106854	0.091071	0.094735	921,988	33,181,500
07/04/2018	0.081283	0.104271	0.076368	0.097118	996,807	19,255,100
07/03/2018	0.088314	0.091264	0.079070	0.082067	696,793	20,920,500
07/02/2018	0.073571	0.096219	0.070968	0.086998	662,975	17,428,000
07/01/2018	0.073600	0.076990	0.070394	0.073919	642,357	17,435,000
06/30/2018	0.072260	0.075930	0.069757	0.074706	349,870	17,117,600
06/29/2018	0.075315	0.075826	0.068005	0.072209	734,857	-
06/28/2018	0.083384	0.083651	0.074639	0.075159	1,124,670	-
06/27/2018	0.078447	0.089264	0.075881	0.083288	1,259,510	-
06/26/2018	0.078553	0.084951	0.078048	0.078471	2,183,060	-
06/25/2018	0.077058	0.080108	0.076579	0.078520	2,428,820	-
06/24/2018	0.091238	0.091495	0.072267	0.077454	2,073,890	-
06/23/2018	0.083790	0.091675	0.082976	0.091254	2,394,310	-
06/22/2018	0.095291	0.095624	0.082090	0.083645	2,390,260	-
06/21/2018	0.093491	0.100169	0.092800	0.095491	3,118,080	-
06/20/2018	0.094726	0.095110	0.090421	0.093771	3,377,150	-
06/19/2018	0.091538	0.095795	0.090990	0.094636	3,623,160	-
06/18/2018	0.089675	0.092564	0.086983	0.091590	3,349,960	-
06/17/2018	0.094670	0.098722	0.088606	0.089623	3,003,510	-
06/16/2018	0.079567	0.096616	0.079567	0.094464	3,326,440	-
06/15/2018	0.090313	0.090568	0.078976	0.079818	3,163,100	-
06/14/2018	0.086028	0.092192	0.083269	0.090228	3,421,840	-
06/13/2018	0.090060	0.093135	0.083403	0.085939	3,095,000	-
06/12/2018	0.102381	0.102739	0.088888	0.089762	3,661,490	-
06/11/2018	0.090963	0.113480	0.088497	0.101926	2,485,360	-
06/10/2018	0.113156	0.118969	0.064999	0.090806	1,063,260	-
06/09/2018	0.122759	0.124678	0.102363	0.111098	1,219,900	-
06/08/2018	0.124351	0.144029	0.114069	0.122163	1,379,390	-
06/07/2018	0.130697	0.136648	0.120409	0.124711	1,446,560	-
06/06/2018	0.128058	0.141155	0.115162	0.129612	1,444,860	-
06/05/2018	0.130358	0.132887	0.122512	0.127740	1,400,130	-
06/04/2018	0.125742	0.136137	0.123746	0.130822	957,558	-
06/03/2018	0.132646	0.138394	0.122996	0.128456	128,556	-
06/02/2018	0.135375	0.145178	0.124948	0.124948	147,709	-
06/01/2018	0.132092	0.143721	0.129056	0.135404	1,651,230	-
05/31/2018	0.138137	0.146826	0.110485	0.133244	1,489,220	-
05/30/2018	0.154153	0.159037	0.129423	0.138269	1,447,330	-
05/29/2018	0.125984	0.156862	0.119358	0.154860	484,949	-
05/28/2018	0.129541	0.139498	0.117052	0.126349	151,103	-
05/27/2018	0.144081	0.152134	0.126652	0.131237	321,675	-
05/26/2018	0.156695	0.162907	0.141851	0.147707	250,014	-
05/25/2018	0.138387	0.166901	0.120960	0.156673	551,761	-
05/24/2018	0.120845	0.140772	0.115653	0.138236	187,407	-
05/23/2018	0.142667	0.143890	0.116482	0.121391	160,729	-
05/22/2018	0.167311	0.171074	0.140896	0.142951	167,308	-
05/21/2018	0.163834	0.176384	0.159386	0.167664	255,739	-
05/20/2018	0.177400	0.179010	0.162607	0.163622	220,637	-
05/19/2018	0.172201	0.179857	0.156142	0.177252	238,406	-
05/18/2018	0.162919	0.172411	0.148856	0.172199	424,936	-
05/17/2018	0.189905	0.199438	0.156192	0.163081	406,983	-
05/16/2018	0.183660	0.194941	0.146028	0.187774	492,516	-
05/15/2018	0.176660	0.191165	0.147552	0.183572	310,865	-
05/14/2018	0.188000	0.204584	0.159605	0.176905	279,892	-
05/13/2018	0.184379	0.221255	0.176215	0.188070	526,399	-
05/12/2018	0.209618	0.222566	0.170065	0.184749	503,057	-
05/11/2018	0.187602	0.209993	0.170184	0.209993	1,779,890	-
