Date	Open	High	Low	Close	Volume	Market Cap
07/15/2018	0.148765	0.148765	0.060003	0.062769	156	486,205
07/14/2018	0.067214	0.148985	0.066842	0.148875	122	219,673
07/13/2018	0.071796	0.072176	0.065832	0.067319	147	234,648
07/12/2018	0.085751	0.085751	0.082714	0.082855	12	280,259
07/11/2018	0.077409	0.085801	0.036828	0.085770	557	252,992
07/10/2018	0.080550	0.081489	0.076578	0.077406	92	263,261
07/09/2018	0.092258	0.092490	0.080263	0.080607	414	301,524
07/08/2018	0.064274	0.111244	0.063879	0.092278	12	210,065
07/07/2018	0.062614	0.064562	0.061984	0.064347	2	204,638
07/06/2018	0.085287	0.086416	0.084284	0.085832	69	278,742
07/05/2018	0.086094	0.090515	0.085208	0.085301	92	281,380
07/04/2018	0.093444	0.093592	0.083290	0.085911	412	305,401
07/03/2018	0.098157	0.103529	0.093097	0.093480	235	320,803
07/02/2018	0.094564	0.098926	0.091742	0.098581	300	309,062
07/01/2018	0.095023	0.095558	0.093691	0.094553	248	310,562
06/30/2018	0.088378	0.095521	0.083594	0.095002	220	288,844
06/29/2018	0.080281	0.089851	0.079368	0.088259	112	262,380
06/28/2018	0.081888	0.093319	0.079777	0.080230	25	267,631
06/27/2018	0.090476	0.098906	0.081591	0.081859	102	295,700
06/26/2018	0.090285	0.092369	0.089680	0.090512	69	295,076
06/25/2018	0.110465	0.110827	0.074965	0.090285	282	361,030
06/24/2018	0.119942	0.120137	0.103759	0.110679	15	392,004
06/23/2018	0.099997	0.120800	0.099823	0.119958	7	326,816
06/22/2018	0.111395	0.117744	0.099631	0.099983	383	364,070
06/21/2018	0.115250	0.115767	0.109799	0.111519	67	376,670
06/20/2018	0.115017	0.115985	0.112147	0.115227	109	375,908
06/19/2018	0.114480	0.115748	0.113179	0.114946	150	374,154
06/18/2018	0.070726	0.114697	0.070726	0.114542	1,894	231,153
06/17/2018	0.114235	0.115097	0.113452	0.114039	125	373,350
06/16/2018	0.125230	0.126077	0.111353	0.113933	731	409,286
06/15/2018	0.126298	0.132026	0.123264	0.125689	149	412,776
06/14/2018	0.126388	0.130893	0.120907	0.126507	133	413,070
06/13/2018	0.131660	0.132454	0.124065	0.126444	670	430,302
06/12/2018	0.137751	0.137751	0.130123	0.131320	891	450,207
06/11/2018	0.135450	0.155700	0.133853	0.137824	387	442,686
06/10/2018	0.141676	0.147578	0.132542	0.135256	198	463,036
06/09/2018	0.167760	0.168171	0.141498	0.141498	321	548,285
06/08/2018	0.162332	0.170855	0.158200	0.167832	668	530,544
06/07/2018	0.149547	0.162951	0.148273	0.162208	372	488,759
06/06/2018	0.148424	0.166140	0.146933	0.149409	404	485,091
06/05/2018	0.264189	0.264471	0.124736	0.148501	2,303	863,441
06/04/2018	0.163814	0.285837	0.136601	0.264817	2,390	535,390
06/03/2018	0.152697	0.164027	0.152019	0.163738	558	499,055
06/02/2018	0.149966	0.153198	0.149125	0.152656	969	490,131
06/01/2018	0.154477	0.161046	0.147196	0.150031	1,667	504,875
05/31/2018	0.148237	0.156488	0.147410	0.154365	419	484,478
05/30/2018	0.127495	0.154125	0.126358	0.148265	2,047	416,690
05/29/2018	0.117588	0.144792	0.116989	0.127410	326	384,311
05/28/2018	0.124272	0.124879	0.102797	0.117635	247	406,155
05/27/2018	0.128989	0.140474	0.123351	0.124243	247	421,570
05/26/2018	0.126241	0.172936	0.125719	0.128930	1,363	412,589
05/25/2018	0.126071	0.140088	0.124646	0.126407	232	412,035
05/24/2018	0.132224	0.134883	0.124464	0.125835	960	432,143
05/23/2018	0.133065	0.140655	0.119651	0.132558	7,042	434,892
05/22/2018	0.146546	0.146658	0.133081	0.133203	799	478,951
05/21/2018	0.170752	0.174017	0.135581	0.146572	4,281	558,065
05/20/2018	0.181086	0.199941	0.166978	0.170539	4,028	591,838
05/19/2018	0.138332	0.257293	0.138098	0.180951	78,451	452,106
05/18/2018	0.145823	0.153399	0.136957	0.138353	38,389	476,589
05/17/2018	0.146017	0.180979	0.133313	0.145695	11,641	477,223
05/16/2018	0.182234	0.182234	0.135818	0.145928	1,203	595,590
05/15/2018	0.273279	0.275700	0.132057	0.182339	40,622	893,149
05/14/2018	0.148359	0.273755	0.131577	0.273755	2,034	484,877
05/13/2018	0.124269	0.149389	0.123010	0.148386	397	406,146
05/12/2018	0.126420	0.135153	0.122451	0.124313	541	413,176
05/11/2018	0.147322	0.147322	0.114092	0.126793	1,159	481,490
05/10/2018	0.133374	0.234414	0.098815	0.147146	45,151	435,904
05/09/2018	0.132442	0.135572	0.127810	0.133412	65	432,858
05/08/2018	0.146685	0.148039	0.110781	0.132645	3,149	479,407
05/07/2018	0.151656	0.151733	0.134293	0.146375	843	495,652
05/06/2018	0.144515	0.153129	0.138599	0.151547	1,718	472,315
05/05/2018	0.153456	0.156299	0.142826	0.144417	2,988	501,535
05/04/2018	0.145843	0.154326	0.143074	0.153513	1,104	476,654
05/03/2018	0.147524	0.152571	0.137800	0.145900	2,005	482,150
05/02/2018	0.133979	0.149313	0.133828	0.147519	337	437,881
05/01/2018	0.144714	0.146257	0.132204	0.134181	4,258	472,966
04/30/2018	0.141023	0.149595	0.133032	0.144550	877	460,901
04/29/2018	0.150195	0.153096	0.139185	0.141070	1,027	490,878
04/28/2018	0.130277	0.170037	0.129947	0.150253	1,493	425,782
04/27/2018	0.169100	0.169100	0.120618	0.130731	1,971	552,664
04/26/2018	0.160398	0.169242	0.131791	0.168866	2,313	524,225
04/25/2018	0.185803	0.186699	0.134337	0.159080	1,669	607,255
04/24/2018	0.213330	0.223324	0.166801	0.187073	2,955	697,222
04/23/2018	0.163373	0.213535	0.155483	0.213149	835	533,946
04/22/2018	0.134154	0.182136	0.125947	0.163703	1,142	438,451
04/21/2018	0.173712	0.174826	0.132606	0.134154	1,213	567,738
04/20/2018	0.144704	0.175267	0.133751	0.173652	1,410	472,933
04/19/2018	0.150106	0.151433	0.130738	0.144609	327	490,588
04/18/2018	0.132996	0.150295	0.132860	0.149995	194	434,668
04/17/2018	0.152263	0.162143	0.132330	0.132873	370	497,638
04/16/2018	0.156018	0.156895	0.135824	0.152187	2,087	509,908
04/15/2018	0.137941	0.156083	0.137941	0.156083	576	450,830
04/14/2018	0.140286	0.153049	0.131158	0.137794	503	458,494
04/13/2018	0.158961	0.181805	0.140144	0.140286	6,310	519,529
04/12/2018	0.156653	0.186573	0.135447	0.158761	3,244	511,984
04/11/2018	0.160387	0.164318	0.138755	0.157032	2,322	524,189
04/10/2018	0.162170	0.163538	0.145783	0.160232	850	530,016
04/09/2018	0.148400	0.176615	0.145349	0.162038	785	485,013
04/08/2018	0.244903	0.269155	0.147928	0.148160	5,523	800,410
04/07/2018	0.160180	0.241010	0.159949	0.239013	2,722	523,512
04/06/2018	0.206992	0.245660	0.133803	0.134983	2,963	676,506
04/05/2018	0.176385	0.221920	0.148995	0.208052	154	576,476
04/04/2018	0.219898	0.220011	0.154431	0.176311	447	718,688
04/03/2018	0.141225	0.222779	0.140770	0.219819	3,078	461,562
04/02/2018	0.115133	0.174712	0.096980	0.141125	12,537	376,287
04/01/2018	0.112193	0.146951	0.103002	0.114570	1,016	366,678
03/31/2018	0.115616	0.176059	0.111849	0.112197	1,542	377,866
03/30/2018	0.113228	0.118896	0.103362	0.115599	107	370,059
03/29/2018	0.131085	0.141393	0.110361	0.113510	5,139	428,421
03/28/2018	0.131804	0.131804	0.119417	0.130928	512	430,772
03/27/2018	0.166710	0.167662	0.129866	0.131834	924	544,855
03/26/2018	0.136060	0.220362	0.120296	0.166899	1,329	444,682
03/25/2018	0.124390	0.188393	0.124390	0.136204	260	406,541
03/24/2018	0.164359	0.208248	0.126235	0.126235	497	537,170
03/23/2018	0.139221	0.175456	0.133761	0.175456	772	455,013
03/22/2018	0.151135	0.154116	0.123137	0.139225	380	493,951
03/21/2018	0.141047	0.156304	0.137500	0.151411	118	460,981
03/20/2018	0.164857	0.164857	0.124630	0.140792	623	538,798
03/19/2018	0.117887	0.163360	0.116015	0.163058	1,662	385,288
03/18/2018	0.118122	0.144450	0.105830	0.118386	32	386,054
03/17/2018	0.124034	0.124034	0.114235	0.118410	166	405,377
03/16/2018	0.122670	0.135512	0.118077	0.123837	215	400,919
03/15/2018	0.120808	0.133408	0.114296	0.122739	386	394,834
03/14/2018	0.142143	0.148359	0.114499	0.120862	2,362	464,563
03/13/2018	0.133459	0.143988	0.129346	0.142123	487	436,180
03/12/2018	0.152360	0.160013	0.129400	0.134228	1,574	497,953
03/11/2018	0.139969	0.156955	0.132631	0.152841	318	457,455
03/10/2018	0.164937	0.179093	0.139193	0.140440	1,098	539,060
03/09/2018	0.163759	0.262392	0.137959	0.164953	485	535,209
03/08/2018	0.160949	0.172185	0.142661	0.164777	623	526,025
03/07/2018	0.167622	0.177250	0.145534	0.161178	4,560	547,835
03/06/2018	0.236425	0.236425	0.166163	0.167839	3,770	772,701
03/05/2018	0.259156	0.260780	0.236188	0.237080	3,369	846,992
03/04/2018	0.241952	0.259346	0.233938	0.259346	568	790,765
03/03/2018	0.232435	0.260659	0.232435	0.242370	3,485	759,662
03/02/2018	0.236797	0.260604	0.227923	0.232720	2,810	773,919
03/01/2018	0.216810	0.245266	0.215124	0.237387	375	708,594
02/28/2018	0.236960	0.267595	0.216300	0.216492	1,987	774,451
02/27/2018	0.228066	0.279156	0.225912	0.237240	5,501	745,381
02/26/2018	0.261903	0.262540	0.219843	0.227409	720	855,969
02/25/2018	0.240868	0.273892	0.226515	0.261567	3,697	787,223
02/24/2018	0.244258	0.258678	0.216531	0.241234	1,471	798,301
02/23/2018	0.248914	0.271341	0.219581	0.243838	1,180	813,519
02/22/2018	0.264983	0.282334	0.198387	0.248963	4,113	866,036
02/21/2018	0.291673	0.298559	0.260101	0.265252	1,330	953,269
02/20/2018	0.282273	0.335956	0.282273	0.292037	1,197	922,545
02/19/2018	0.295037	0.323909	0.280248	0.282017	3,213	964,261
02/18/2018	0.339607	0.340603	0.295705	0.296399	2,740	1,109,930
02/17/2018	0.300104	0.341094	0.296242	0.338612	3,720	980,822
02/16/2018	0.300897	0.326999	0.264088	0.300173	4,098	983,414
02/15/2018	0.281689	0.302519	0.253155	0.302188	1,144	920,638
02/14/2018	0.255833	0.282245	0.240649	0.281537	3,087	836,131
02/13/2018	0.258875	0.274261	0.238752	0.256592	1,897	846,074
02/12/2018	0.272960	0.291551	0.258405	0.258405	3,872	892,108
02/11/2018	0.333984	0.333984	0.264333	0.271243	7,556	1,091,550
02/10/2018	0.355102	0.390084	0.328883	0.334271	6,386	1,160,570
02/09/2018	0.268504	0.355940	0.236153	0.354845	8,980	877,545
02/08/2018	0.225525	0.307009	0.217385	0.267684	6,133	737,077
02/07/2018	0.197087	0.293597	0.186274	0.226430	8,607	644,136
02/06/2018	0.170944	0.207472	0.129851	0.199079	2,363	558,691
02/05/2018	0.211429	0.214237	0.155835	0.170728	1,872	691,009
02/04/2018	0.259150	0.259150	0.197894	0.213500	7,870	846,973
02/03/2018	0.231182	0.270043	0.203531	0.259037	3,434	755,564
02/02/2018	0.275379	0.275395	0.181246	0.230375	9,033	900,013
02/01/2018	0.353810	0.370923	0.270977	0.275949	4,366	1,156,350
01/31/2018	0.258131	0.407263	0.244125	0.352990	17,417	843,644
01/30/2018	0.308479	0.338506	0.257854	0.257854	6,883	1,008,200
01/29/2018	0.360688	0.369363	0.306148	0.308481	9,984	1,178,830
01/28/2018	0.455914	0.463031	0.350117	0.361036	6,700	1,490,060
01/27/2018	0.498530	0.539071	0.368851	0.453591	56,186	1,629,340
01/26/2018	0.475279	0.517277	0.425660	0.498862	15,513	1,553,350
01/25/2018	0.470180	0.576908	0.466157	0.476552	11,773	1,536,680
01/24/2018	0.497363	0.541998	0.462249	0.462689	12,483	1,625,520
01/23/2018	0.513755	0.531983	0.460023	0.497598	6,363	1,679,100
01/22/2018	0.524089	0.574203	0.470569	0.515113	13,957	1,712,870
01/21/2018	0.599446	0.602193	0.500374	0.517174	5,139	1,959,160
01/20/2018	0.556149	0.617570	0.517746	0.575300	9,533	1,817,650
01/19/2018	0.538522	0.620259	0.503751	0.550183	14,619	1,760,040
01/18/2018	0.568624	0.646415	0.382107	0.544232	38,033	1,858,420
01/17/2018	0.485483	0.572098	0.343651	0.566411	28,976	1,586,700
01/16/2018	0.682439	0.723585	0.423262	0.487955	52,796	2,230,420
01/15/2018	0.847946	0.859968	0.627089	0.681576	32,268	2,771,340
01/14/2018	0.854943	0.958626	0.755510	0.854107	61,405	2,794,210
01/13/2018	0.908277	0.966892	0.641745	0.854382	85,740	2,968,520
01/12/2018	0.903491	1.04	0.656772	0.909293	116,529	2,952,880
01/11/2018	1.21	1.38	0.596026	0.897438	172,470	3,951,970
01/10/2018	1.19	1.70	0.932398	1.27	236,987	3,881,670
01/09/2018	0.902332	1.18	0.897047	1.18	167,577	2,949,090
01/08/2018	1.02	1.10	0.655100	1.00	154,405	3,343,030
01/07/2018	0.554496	1.07	0.458608	1.02	223,943	1,812,260
01/06/2018	0.385966	0.578122	0.289628	0.545947	74,274	1,261,450
01/05/2018	0.467886	0.540727	0.384998	0.385521	33,829	1,529,190
01/04/2018	0.265488	0.489808	0.263385	0.474157	102,627	867,697
01/03/2018	0.236742	0.288458	0.198030	0.262557	23,722	773,747
01/02/2018	0.218436	0.252889	0.181242	0.237581	17,963	713,919
01/01/2018	0.238740	0.238740	0.150818	0.218376	4,144	780,277
12/31/2017	0.234150	0.245640	0.157919	0.237860	19,483	765,277
12/30/2017	0.239250	0.239454	0.164864	0.236500	20,058	781,945
12/29/2017	0.240882	0.344872	0.209619	0.239841	40,991	787,278
12/28/2017	0.147036	0.238457	0.126840	0.238457	32,342	480,558
12/27/2017	0.104316	0.149217	0.098474	0.147338	10,844	340,936
12/26/2017	0.093234	0.124343	0.093144	0.104238	10,537	304,718
12/25/2017	0.091819	0.102075	0.079672	0.093325	6,909	300,095
12/24/2017	0.086806	0.092537	0.075757	0.090876	4,572	283,709
12/23/2017	0.082249	0.095469	0.079816	0.085857	15,787	268,817
12/22/2017	0.095539	0.096439	0.052696	0.081480	21,963	312,252
12/21/2017	0.097381	0.107669	0.081740	0.095207	5,753	318,273
12/20/2017	0.104908	0.120217	0.084715	0.097128	10,738	342,872
12/19/2017	0.076159	0.121281	0.063922	0.105011	22,561	252,495
12/18/2017	0.079424	0.114481	0.042703	0.076142	12,307	263,322
12/17/2017	0.081899	0.109075	0.075139	0.079229	3,550	271,527
12/16/2017	0.095002	0.113078	0.081226	0.081794	1,737	314,968
12/15/2017	0.087897	0.104883	0.070543	0.094870	4,511	291,410
12/14/2017	0.084059	0.113508	0.060364	0.087779	8,282	278,686
12/13/2017	0.072965	0.089595	0.053925	0.070267	5,167	241,907
12/12/2017	0.108984	0.109131	0.072838	0.072905	7,566	361,322
12/11/2017	0.115115	0.126118	0.105620	0.108682	4,066	381,648
12/10/2017	0.149631	0.149631	0.096430	0.115952	5,663	496,082
12/09/2017	0.150270	0.164919	0.094383	0.144421	4,332	498,199
12/08/2017	0.181999	0.181999	0.092745	0.149058	8,528	603,396
12/07/2017	0.160043	0.190148	0.128609	0.181556	4,930	530,603
12/06/2017	0.170634	0.190484	0.128368	0.132138	8,028	565,717
12/05/2017	0.194568	0.195235	0.163659	0.171013	15,293	645,065
12/04/2017	0.179439	0.194188	0.154436	0.194188	9,904	594,909
12/03/2017	0.181249	0.190382	0.167404	0.179209	2,583	600,907
12/02/2017	0.212153	0.222747	0.165362	0.181076	21,356	703,367
12/01/2017	0.199942	0.223207	0.169201	0.212328	6,266	662,883
11/30/2017	0.153945	0.212302	0.152962	0.200936	2,466	510,386
11/29/2017	0.207838	0.217867	0.136530	0.151618	10,887	689,060
11/28/2017	0.207356	0.221721	0.182508	0.208040	1,814	687,461
11/27/2017	0.215760	0.236717	0.155914	0.206836	7,978	715,325
11/26/2017	0.214897	0.253510	0.180870	0.215720	35,929	712,463
11/25/2017	0.198125	0.257493	0.194935	0.214969	11,105	656,857
11/24/2017	0.212654	0.218339	0.194586	0.198524	3,790	705,027
11/23/2017	0.213661	0.221722	0.204091	0.212945	4,660	708,367
11/22/2017	0.221693	0.224254	0.203276	0.213730	24,204	734,996
11/21/2017	0.221871	0.230979	0.201327	0.204770	4,070	735,586
11/20/2017	0.247111	0.257587	0.228223	0.248693	8,262	819,265
11/19/2017	0.265402	0.295191	0.225493	0.253137	30,542	879,905
11/18/2017	0.237673	0.299346	0.221219	0.296468	76,323	787,975
11/17/2017	0.263973	0.271954	0.238520	0.238520	80,501	875,169
11/16/2017	0.249220	0.277694	0.231532	0.263778	62,634	826,256
11/15/2017	0.217449	0.255443	0.196764	0.239775	66,329	720,925
11/14/2017	0.226947	0.231378	0.187722	0.217293	38,667	752,415
11/13/2017	0.187313	0.234295	0.157405	0.226142	88,137	621,011
11/12/2017	0.232300	0.246958	0.177600	0.199608	15,874	770,161
11/11/2017	0.171606	0.311440	0.171398	0.231970	102,838	568,939
11/10/2017	0.174715	0.210377	0.158804	0.172219	71,009	579,244
11/09/2017	0.174910	0.177525	0.140663	0.174198	90,320	579,892
11/08/2017	0.154767	0.175091	0.126286	0.175091	3,793	513,109
11/07/2017	0.167060	0.190040	0.151975	0.155254	12,382	553,865
11/06/2017	0.170029	0.189821	0.148300	0.167327	14,840	563,708
11/05/2017	0.157028	0.178862	0.154607	0.169652	15,602	520,608
11/04/2017	0.134522	0.187504	0.133574	0.157322	741	445,989
11/03/2017	0.181328	0.240171	0.131130	0.134860	5,813	601,170
11/02/2017	0.141160	0.190044	0.131130	0.181563	2,075	467,998
11/01/2017	0.183639	0.184083	0.105244	0.141005	7,279	608,831
10/31/2017	0.200906	0.236944	0.135008	0.183776	11,317	666,080
10/30/2017	0.233796	0.236754	0.199972	0.201578	837	775,122
10/29/2017	0.245755	0.277418	0.227292	0.235143	8,646	814,769
10/28/2017	0.227797	0.273784	0.217908	0.246089	8,714	755,230
10/27/2017	0.254003	0.284944	0.183613	0.227073	12,409	842,115
10/26/2017	0.221687	0.321481	0.207823	0.259333	35,615	734,976
10/25/2017	0.150263	0.231393	0.150002	0.221739	38,904	498,179
10/24/2017	0.179080	0.181301	0.149370	0.150203	889	593,715
10/23/2017	0.225041	0.225788	0.152541	0.179455	13,700	746,094
10/22/2017	0.151045	0.201700	0.126962	0.197630	9,258	500,772
10/21/2017	0.150672	0.156666	0.124528	0.150878	2,375	499,535
10/20/2017	0.205873	0.206296	0.147254	0.151050	8,781	682,545
10/19/2017	0.183541	0.218205	0.162457	0.205815	73,142	608,507
10/18/2017	0.164662	0.184328	0.143770	0.183446	13,005	545,914
10/17/2017	0.196213	0.199089	0.150538	0.164650	6,359	650,521
10/16/2017	0.165088	0.199618	0.150324	0.196183	8,466	547,328
10/15/2017	0.195953	0.202494	0.131964	0.165064	5,110	649,658
10/14/2017	0.214040	0.216717	0.167512	0.195604	6,164	709,623
10/13/2017	0.207818	0.239314	0.197431	0.213982	7,281	688,993
10/12/2017	0.224658	0.243893	0.187614	0.207177	6,275	744,826
10/11/2017	0.218274	0.236160	0.186698	0.224468	10,001	723,661
10/10/2017	0.237770	0.242385	0.185268	0.218311	16,652	788,298
10/09/2017	0.225508	0.249379	0.224563	0.237787	4,994	747,641
10/08/2017	0.277884	0.289641	0.224700	0.225451	19,272	921,290
10/07/2017	0.248736	0.324839	0.214152	0.278628	53,713	824,653
10/06/2017	0.141767	0.334253	0.141621	0.248657	91,554	470,011
10/05/2017	0.162067	0.165920	0.144029	0.149835	13,389	537,312
10/04/2017	0.179516	0.179627	0.151819	0.161921	4,529	595,162
10/03/2017	0.175882	0.185771	0.154533	0.179101	8,301	583,115
10/02/2017	0.186626	0.211255	0.154429	0.175875	7,076	618,733
10/01/2017	0.144146	0.194218	0.129585	0.186692	14,423	477,897
09/30/2017	0.155780	0.184298	0.114983	0.144068	11,368	516,469
09/29/2017	0.210017	0.237552	0.105764	0.155760	24,447	696,283
09/28/2017	0.243937	0.264591	0.210178	0.210178	17,068	808,741
09/27/2017	0.308755	0.316543	0.167424	0.243928	29,940	1,023,640
09/26/2017	0.327063	0.330101	0.284250	0.300539	20,142	1,084,330
09/25/2017	0.287069	0.345718	0.273946	0.326938	90,922	951,741
09/24/2017	0.287965	0.369239	0.220297	0.290338	123,299	954,710
09/23/2017	0.188154	0.461927	0.188016	0.340881	3,016,480	-
