Date	Open	High	Low	Close	Volume	Market Cap
07/15/2018	0.011844	0.018379	0.011805	0.018299	238	365,986
07/14/2018	0.015689	0.017338	0.011805	0.011847	555	484,798
07/13/2018	0.018479	0.019159	0.015216	0.015712	7,605	571,019
07/12/2018	0.015862	0.020255	0.015204	0.018439	12,151	490,135
07/11/2018	0.021092	0.021417	0.015835	0.015864	13,083	651,756
07/10/2018	0.031899	0.031996	0.019311	0.021091	19,662	985,692
07/09/2018	0.033792	0.034549	0.027206	0.031922	46,203	1,044,180
07/08/2018	0.034117	0.034621	0.033615	0.033833	55,558	1,054,210
07/07/2018	0.033464	0.034256	0.032399	0.034256	52,428	1,034,050
07/06/2018	0.035144	0.035196	0.027343	0.033066	72,141	1,085,970
07/05/2018	0.034698	0.035947	0.032295	0.035155	69,816	1,072,170
07/04/2018	0.034460	0.035982	0.033894	0.034601	72,909	1,064,840
07/03/2018	0.033874	0.035459	0.033359	0.034712	58,492	1,046,720
07/02/2018	0.028230	0.034822	0.027834	0.034001	63,844	872,313
07/01/2018	0.027091	0.028354	0.025924	0.028217	50,306	837,127
06/30/2018	0.025536	0.027155	0.025536	0.027073	45,845	789,061
06/29/2018	0.024761	0.025776	0.023904	0.025509	53,628	765,110
06/28/2018	0.025518	0.037326	0.023124	0.024440	43,756	788,508
06/27/2018	0.029576	0.074819	0.025097	0.025485	27,285	913,891
06/26/2018	0.029765	0.030969	0.028566	0.029634	58,450	919,749
06/25/2018	0.031830	0.032357	0.028794	0.029763	53,687	983,569
06/24/2018	0.032001	0.033208	0.030098	0.031845	76,064	988,832
06/23/2018	0.031552	0.032590	0.031288	0.031932	84,723	974,970
06/22/2018	0.035780	0.035905	0.030878	0.031479	71,610	1,105,620
06/21/2018	0.036737	0.038121	0.031287	0.035694	103,603	1,135,180
06/20/2018	0.040855	0.041555	0.036714	0.036744	100,409	1,262,450
06/19/2018	0.039681	0.042898	0.039372	0.040839	119,668	1,226,140
06/18/2018	0.038970	0.041275	0.038000	0.039780	90,050	1,195,540
06/17/2018	0.046359	0.050902	0.038467	0.039049	100,769	1,422,240
06/16/2018	0.046507	0.050526	0.046195	0.046301	89,754	1,426,770
06/15/2018	0.050470	0.058045	0.045976	0.046658	103,794	1,548,340
06/14/2018	0.048932	0.050784	0.046150	0.050510	90,815	1,501,170
06/13/2018	0.049535	0.050587	0.046720	0.048907	102,857	1,519,680
06/12/2018	0.052203	0.052663	0.046866	0.049377	98,040	1,601,520
06/11/2018	0.058852	0.058852	0.050235	0.052615	111,220	1,805,520
06/10/2018	0.056982	0.064270	0.052281	0.058761	114,004	1,748,130
06/09/2018	0.057920	0.060912	0.056690	0.056891	101,214	1,776,920
06/08/2018	0.061679	0.067978	0.053365	0.057923	104,489	1,892,240
06/07/2018	0.062437	0.073333	0.060424	0.061604	108,236	1,915,480
06/06/2018	0.061479	0.065099	0.060964	0.062419	101,937	1,275,960
06/05/2018	0.056181	0.069497	0.055211	0.061550	109,478	1,166,000
06/04/2018	0.059040	0.059438	0.055614	0.056170	102,815	1,225,330
06/03/2018	0.057813	0.061336	0.057322	0.059071	102,569	1,199,870
06/02/2018	0.058923	0.061827	0.057839	0.057839	96,247	1,222,900
06/01/2018	0.060066	0.061033	0.058133	0.058940	104,200	1,246,640
05/31/2018	0.061830	0.061946	0.056498	0.059970	105,861	1,283,250
05/30/2018	0.057580	0.060664	0.057506	0.060246	119,697	1,195,040
05/29/2018	0.054350	0.082605	0.054157	0.057543	108,781	1,128,000
05/28/2018	0.057608	0.059249	0.052504	0.054424	102,027	1,195,620
05/27/2018	0.063260	0.063260	0.057300	0.057605	109,367	1,312,920
05/26/2018	0.057402	0.072050	0.056994	0.063193	125,093	1,191,350
05/25/2018	0.058613	0.060160	0.056327	0.057443	114,653	1,216,480
05/24/2018	0.054688	0.058893	0.053415	0.058524	110,200	1,135,020
05/23/2018	0.070444	0.070843	0.054157	0.054880	103,675	1,462,020
05/22/2018	0.075728	0.075863	0.063009	0.070551	122,227	1,571,680
05/21/2018	0.077405	0.080483	0.075301	0.075813	110,085	1,606,490
05/20/2018	0.077375	0.083512	0.073481	0.077307	115,307	1,605,870
05/19/2018	0.085093	0.085338	0.076956	0.077313	106,358	1,766,060
05/18/2018	0.092745	0.093919	0.077303	0.085098	135,357	1,924,870
05/17/2018	0.060575	0.093468	0.060575	0.092745	224,408	1,174,350
05/16/2018	0.052165	0.062045	0.048683	0.060365	191,238	1,011,300
05/15/2018	0.051974	0.056539	0.050707	0.052173	145,000	1,007,600
05/14/2018	0.043350	0.059138	0.042913	0.052053	208,252	840,404
05/13/2018	0.030028	0.043742	0.029588	0.043361	191,274	582,135
05/12/2018	0.029300	0.030355	0.026908	0.030071	92,232	568,024
05/11/2018	0.030505	0.030980	0.028695	0.029366	113,357	591,379
05/10/2018	0.032757	0.033437	0.030444	0.030476	106,931	635,034
05/09/2018	0.030735	0.032746	0.029653	0.032746	116,905	-
05/08/2018	0.030661	0.031220	0.029326	0.030777	101,928	-
05/07/2018	0.035332	0.035444	0.027170	0.030523	112,111	-
05/06/2018	0.038278	0.039432	0.028379	0.035311	107,648	-
05/05/2018	0.041879	0.042639	0.036753	0.038272	114,746	-
05/04/2018	0.046458	0.047094	0.036232	0.041871	113,770	-
05/03/2018	0.037605	0.051179	0.023980	0.046515	107,045	-
05/02/2018	0.040875	0.055446	0.037428	0.037608	39,765	-
05/01/2018	0.053887	0.053947	0.040300	0.040937	955	-
