Date	Open	High	Low	Close	Volume	Market Cap
07/15/2018	296,081	323,433	293,429	317,782	84	300,818
07/14/2018	287,122	296,892	282,551	296,361	78	291,716
07/12/2018	221,462	223,806	211,650	211,650	21	225,005
07/11/2018	228,850	230,752	215,879	220,992	22	232,512
07/10/2018	231,678	233,049	228,636	228,636	23	235,385
07/08/2018	320,517	329,450	320,221	327,572	4	325,645
07/07/2018	306,279	320,801	298,749	320,616	4	311,179
07/06/2018	310,078	310,078	288,788	307,703	3	315,039
07/05/2018	313,750	319,014	297,496	310,326	6	318,770
07/04/2018	285,285	317,760	274,169	301,967	3	289,850
07/03/2018	287,298	305,436	282,513	285,126	3	291,895
07/02/2018	142,854	289,106	140,553	286,940	3	145,140
07/01/2018	311,865	318,416	138,470	141,383	8	316,855
06/30/2018	314,579	314,579	314,579	314,579	551	319,612
06/28/2018	301,476	306,083	301,476	302,468	3	306,299
06/27/2018	297,891	305,954	290,863	302,538	3	302,657
06/26/2018	312,728	316,153	297,990	299,006	3	317,731
06/25/2018	137,666	146,135	135,896	143,570	205	139,868
06/24/2018	139,952	140,696	124,317	137,409	197	142,191
06/23/2018	313,650	317,012	137,960	140,659	201	318,668
06/22/2018	361,820	361,820	302,917	313,788	9	367,609
06/21/2018	364,982	368,727	357,620	359,197	11	370,822
06/20/2018	364,840	366,495	352,812	365,328	4	370,677
06/19/2018	377,451	380,882	362,720	365,194	4	383,490
06/18/2018	368,618	385,450	360,815	377,729	22	374,516
06/17/2018	247,981	373,999	245,961	368,727	61	251,949
06/16/2018	360,835	374,910	247,374	248,285	65	366,608
06/15/2018	182,534	378,539	179,696	360,656	37	185,454
06/14/2018	382,887	409,168	181,045	181,643	194	389,013
06/13/2018	380,045	389,160	364,776	381,151	109	386,125
06/12/2018	406,251	406,755	371,117	375,875	107	412,751
06/11/2018	396,346	413,342	356,826	408,749	186	402,688
06/10/2018	206,702	445,933	189,860	396,590	266	210,009
06/09/2018	477,783	480,607	208,654	208,654	11	485,428
06/08/2018	328,776	332,186	317,963	321,019	1,348	334,037
06/07/2018	328,195	337,791	323,138	327,226	1,374	333,446
06/06/2018	340,304	344,208	320,111	328,632	1,380	345,749
06/05/2018	434,555	479,745	336,243	338,739	375	441,508
06/04/2018	466,892	471,560	427,577	433,833	12	474,363
06/03/2018	381,695	467,924	381,695	466,318	13	387,802
06/02/2018	351,946	382,832	349,658	381,687	7	357,577
06/01/2018	297,874	354,849	297,616	352,285	10	302,640
05/31/2018	319,583	402,988	140,552	297,484	8,084	324,697
05/30/2018	433,871	777,879	313,264	319,248	11,006	440,813
05/29/2018	437,992	441,445	432,721	434,201	182	445,000
05/28/2018	564,707	579,727	533,590	535,930	27	573,743
05/27/2018	558,824	573,389	545,565	564,221	28	567,765
05/26/2018	514,975	570,457	505,208	555,580	779	523,214
05/24/2018	522,257	559,188	522,257	538,190	11	530,613
05/23/2018	605,634	619,367	507,072	520,479	10	615,324
05/22/2018	757,443	827,382	605,535	605,535	79	769,562
05/21/2018	840,115	841,497	86005.60	756,413	88,351	853,556
05/20/2018	900,460	936,684	837,439	837,935	101	914,868
05/19/2018	883,904	931,763	865,573	899,493	9	898,046
05/18/2018	688,450	888,056	668,686	884,720	33	699,465
05/17/2018	789,084	829,526	677,895	686,254	7	801,710
05/16/2018	794,629	794,629	752,419	788,559	8	807,343
05/15/2018	727,618	847,777	726,302	797,325	15	739,260
05/14/2018	744,704	748,703	687,048	726,290	139	756,619
05/13/2018	710,627	962,775	690,432	746,561	17	721,997
05/12/2018	697,185	731,268	630,783	701,493	147	708,340
05/11/2018	772,703	795,314	677,528	702,591	92	785,066
05/10/2018	882,920	889,007	582,392	768,450	1,996	897,046
05/09/2018	650,617	650,828	604,456	632,317	13	661,027
05/08/2018	650,903	678,773	632,530	651,652	13	661,317
05/07/2018	955,292	959,210	619,116	650,258	13	970,576
05/06/2018	937,669	965,766	931,874	955,549	96	952,672
05/05/2018	730,106	764,203	727,322	735,048	22	741,788
05/04/2018	746,312	759,108	718,103	730,928	22	758,253
05/03/2018	768,974	781,703	728,925	745,230	66	781,278
05/02/2018	736,146	999,881	726,061	767,898	1,882	747,925
05/01/2018	898,776	937,088	701,610	736,199	1,371	913,156
04/30/2018	903,041	1,022,500	841,429	892,904	18	917,490
04/29/2018	851,502	922,838	771,232	900,402	2,260	865,126
04/28/2018	791,718	859,611	787,277	851,440	17	804,385
04/27/2018	947,753	978,909	795,075	795,075	796	962,917
04/26/2018	646,670	948,294	632,915	948,294	275	657,016
04/25/2018	850,764	1,001,520	647,948	647,948	64	864,376
04/24/2018	1,022,100	1,050,600	814,951	847,394	2,565	1,038,450
04/23/2018	836,199	1,025,950	832,005	1,019,650	5,271	849,578
04/22/2018	634,723	879,196	617,386	832,010	620	644,879
04/21/2018	891,992	971,897	553,102	630,341	341	906,264
04/20/2018	827,656	944,275	814,048	890,252	2,911	840,898
04/19/2018	802,016	827,506	659,999	827,506	1,240	814,849
04/18/2018	639,813	809,466	639,813	802,237	2,115	650,050
04/17/2018	587,124	646,283	586,239	639,800	521	596,518
04/16/2018	626,961	628,011	403,114	586,488	277	636,992
04/15/2018	523,808	631,482	523,808	625,635	311	532,189
04/14/2018	529,472	546,850	499,564	526,276	653	537,944
04/13/2018	595,438	684,430	512,815	532,714	286	604,965
04/12/2018	516,889	594,353	502,422	594,353	702	525,159
04/11/2018	706,860	710,180	485,472	516,131	554	718,170
04/10/2018	840,837	845,242	678,920	706,145	108	854,291
04/09/2018	247,366	839,629	235,494	839,629	17	251,324
04/08/2018	250,694	602,185	245,299	246,966	2	254,705
04/07/2018	601,742	1,225,220	249,028	250,458	448	611,370
04/06/2018	736,578	759,645	463,745	601,783	829	748,364
04/05/2018	456,371	739,535	447,212	735,346	728	463,673
04/04/2018	504,554	504,554	447,977	457,138	37	512,627
04/03/2018	488,720	540,525	488,720	503,831	40	496,539
04/02/2018	645,458	748,019	425,830	488,626	1,768	655,786
04/01/2018	733,388	743,540	563,559	643,090	164	745,122
03/31/2018	409,190	1,202,420	409,079	733,315	123	415,737
03/30/2018	414,131	430,113	391,381	410,418	57	420,757
03/29/2018	462,193	466,030	408,496	413,305	104	469,588
03/28/2018	467,508	491,266	456,231	462,540	478	474,988
03/27/2018	481,944	768,981	443,962	467,378	877	489,656
03/26/2018	516,007	522,194	454,468	482,951	5,506	524,264
03/25/2018	485,575	869,434	481,516	517,127	5,982	493,344
03/24/2018	417,560	512,653	405,072	491,996	93	424,241
03/23/2018	403,848	416,141	384,901	416,141	29	410,310
03/22/2018	401,308	431,518	386,556	404,498	28	407,729
03/21/2018	462,016	510,716	399,009	399,962	2,684	469,408
03/20/2018	590,126	640,967	426,303	463,308	1,310	599,568
03/19/2018	323,931	590,507	318,168	590,507	177	329,114
03/18/2018	407,973	421,064	284,970	323,558	38	414,501
03/17/2018	475,865	582,984	384,533	406,256	2,230	483,479
03/16/2018	501,044	694,984	399,634	479,124	1,025	509,061
03/15/2018	453,445	510,444	422,592	501,725	1,249	460,700
03/14/2018	672,225	753,869	443,903	453,708	3,103	682,981
03/13/2018	653,884	766,107	647,879	668,558	503	664,346
03/12/2018	719,712	765,929	627,784	652,603	2,469	731,227
03/11/2018	719,892	750,167	673,024	717,892	489	731,410
03/10/2018	774,932	816,318	720,949	725,364	75	787,331
03/09/2018	640,466	914,667	628,038	774,421	9,668	650,714
03/08/2018	1,001,870	1,063,550	630,045	638,974	3,845	1,017,900
03/07/2018	868,478	1,100,130	804,413	1,005,800	10,387	882,373
03/06/2018	977,322	985,997	865,693	870,169	3,810	992,960
03/05/2018	846,893	977,358	828,804	977,358	7,557	860,444
03/04/2018	812,358	843,852	788,299	843,852	42	825,356
03/03/2018	903,424	922,656	778,338	811,829	1,623	917,879
03/02/2018	892,121	954,718	802,500	901,782	933	906,395
03/01/2018	859,462	983,455	821,482	894,010	1,420	873,213
02/28/2018	769,315	905,363	766,662	856,245	3,562	781,624
02/27/2018	758,973	778,963	744,732	770,157	531	771,117
02/26/2018	739,038	766,914	717,247	758,935	76	750,863
02/25/2018	769,991	783,410	722,896	737,620	90	782,311
02/24/2018	811,092	840,226	759,862	771,809	64	824,070
02/23/2018	780,316	845,330	762,915	811,412	95	792,801
02/22/2018	815,476	834,966	723,913	778,060	640	828,524
02/21/2018	895,969	895,969	808,972	816,558	147	910,304
02/20/2018	916,497	946,600	890,348	897,000	250	931,161
02/19/2018	816,717	916,609	811,090	916,609	272	829,785
02/18/2018	948,702	956,216	798,533	820,073	234	963,882
02/17/2018	849,739	984,764	840,235	949,586	1,328	863,334
02/16/2018	875,921	883,576	791,053	849,653	531	889,936
02/15/2018	942,795	956,185	836,362	879,509	808	957,880
02/14/2018	771,884	946,136	768,702	944,799	989	784,234
02/13/2018	882,817	887,182	743,691	769,304	5,299	896,942
02/12/2018	772,086	899,092	761,108	883,000	418	784,439
02/11/2018	854,127	1,087,290	729,623	769,344	735	867,794
02/10/2018	908,546	970,548	810,054	858,009	1,582	923,083
02/09/2018	843,415	921,419	775,824	903,614	637	856,910
02/08/2018	768,737	882,726	740,485	847,190	793	781,037
02/07/2018	652,126	893,588	645,313	769,778	3,464	662,560
02/06/2018	682,179	731,522	549,932	653,748	1,691	693,094
02/05/2018	1,111,370	1,221,380	601,996	678,096	2,591	1,129,150
02/04/2018	1,450,670	2,462,910	1,069,270	1,120,460	488	1,473,880
02/03/2018	924,069	1,463,120	824,579	1,446,790	492	938,854
02/02/2018	739,821	993,303	598,329	923,176	3,079	751,658
02/01/2018	891,479	909,587	685,807	744,194	67	905,742
01/31/2018	1,024,100	1,837,920	882,087	895,423	2,966	1,040,480
01/30/2018	1,569,500	1,712,710	834,782	1,024,090	5,306	1,594,610
01/29/2018	1,169,670	1,732,350	1,068,020	1,569,870	1,330	1,188,390
01/28/2018	1,319,460	2,095,400	1,070,990	1,170,780	5,327	1,340,570
01/27/2018	1,157,580	1,404,790	1,157,580	1,315,150	1,896	1,176,110
01/26/2018	1,042,780	1,277,290	945,845	1,159,080	492	1,059,460
01/25/2018	974,422	1,078,150	974,264	1,035,010	2,943	990,012
01/24/2018	921,400	1,054,810	908,145	968,592	2,908	936,142
01/23/2018	888,556	1,355,630	790,670	925,987	1,025	902,773
01/22/2018	1,041,470	1,079,060	820,798	895,454	386	1,058,130
01/21/2018	1,087,590	1,121,070	935,557	1,041,770	805	1,104,990
01/20/2018	901,761	1,112,590	899,471	1,087,530	1,588	916,190
01/19/2018	699,240	943,175	645,953	891,925	1,190	710,428
01/18/2018	809,730	815,421	660,815	695,637	2,002	822,686
01/17/2018	863,804	865,932	583,489	815,219	5,222	877,625
01/16/2018	949,028	991,499	735,057	871,550	6,789	964,212
01/15/2018	1,443,550	1,500,800	938,163	945,442	14,425	1,466,650
01/14/2018	790,798	1,453,240	767,154	1,447,240	4,168	803,451
01/13/2018	652,532	792,171	630,856	791,652	7,043	662,973
01/12/2018	638,336	855,615	622,452	654,561	11,120	648,550
01/11/2018	675,592	1,162,040	599,249	636,315	3,687	686,401
01/10/2018	696,770	698,770	584,247	673,932	1,561	707,918
01/09/2018	739,435	787,819	691,751	695,537	1,252	751,266
01/08/2018	803,181	803,181	640,173	790,390	7,395	816,032
01/07/2018	826,674	906,134	781,799	803,145	3,661	839,900
01/06/2018	765,081	888,044	759,299	828,765	5,040	777,322
01/05/2018	800,668	862,295	598,786	762,994	3,314	813,479
01/04/2018	873,028	927,886	783,099	802,925	3,810	886,997
01/03/2018	911,014	929,255	772,520	878,283	21,436	925,591
01/02/2018	714,385	1,223,690	714,385	912,138	3,959	725,815
01/01/2018	675,722	1,035,270	675,722	711,897	1,641	686,533
12/31/2017	668,761	706,896	623,142	677,042	9,795	679,461
12/30/2017	574,631	692,275	573,864	671,153	700	583,826
12/29/2017	542,725	882,613	541,501	572,516	1,950	551,409
12/28/2017	922,919	926,441	484,644	540,599	7,772	937,685
12/27/2017	647,418	924,637	591,561	924,637	449	657,776
12/26/2017	629,570	738,870	591,009	646,933	1,398	639,643
12/25/2017	863,083	902,843	556,631	630,059	7,803	876,892
12/24/2017	558,073	857,614	521,720	855,766	2,156	567,002
12/23/2017	775,032	1,046,060	564,187	564,187	5,995	787,433
12/22/2017	712,407	833,329	443,676	767,966	6,191	723,805
12/21/2017	789,058	914,075	681,757	708,855	5,355	801,683
12/20/2017	497,845	786,933	444,480	786,933	8,458	505,811
12/19/2017	664,225	667,371	462,117	498,215	3,623	674,852
12/18/2017	460,291	673,919	443,806	664,487	4,659	467,656
12/17/2017	519,396	539,872	446,213	459,994	1,462	527,706
12/16/2017	389,920	558,727	380,260	519,164	1,953	396,159
12/15/2017	351,353	471,832	292,806	389,554	2,419	356,975
12/14/2017	426,245	631,444	246,469	348,723	6,997	433,065
12/13/2017	437,221	460,867	400,184	424,879	3,003	444,217
12/12/2017	416,668	707,111	407,148	435,499	1,567	423,335
12/11/2017	380,455	474,486	362,575	415,307	1,554	386,543
12/10/2017	589,439	671,303	348,662	379,886	3,957	598,870
12/09/2017	723,939	734,164	455,111	585,445	808	735,522
12/08/2017	543,650	724,310	385,572	724,257	10,276	552,349
12/07/2017	404,635	924,081	396,951	543,768	12,887	411,109
12/06/2017	373,780	559,063	359,008	404,862	6,221	379,761
12/05/2017	395,538	401,154	359,614	373,818	1,257	401,867
12/04/2017	345,681	435,296	335,314	396,396	3,454	351,212
12/03/2017	314,802	353,449	310,530	343,920	1,252	319,839
12/02/2017	302,379	323,497	283,742	314,961	1,157	307,217
12/01/2017	277,821	312,390	270,300	302,002	1,557	282,266
11/30/2017	266,014	287,431	258,074	279,802	350	270,271
11/23/2017	291,237	482,870	289,906	481,580	578	295,897
11/22/2017	232,803	307,154	227,596	291,330	61	236,528
11/21/2017	219,958	259,893	207,641	233,403	1,078	223,477
11/20/2017	213,441	242,150	210,424	219,767	578	216,856
11/19/2017	209,233	239,811	209,233	213,084	321	212,581
11/18/2017	226,889	401,731	200,668	209,595	565	230,519
11/17/2017	192,027	229,299	183,024	227,720	11	195,100
11/16/2017	207,635	212,992	192,058	197,538	4	210,957
11/15/2017	198,096	223,890	198,096	206,754	393	201,266
11/14/2017	184,135	214,601	180,048	199,217	221	187,081
11/13/2017	167,017	186,032	161,047	186,032	162	169,689
11/11/2017	159,282	179,815	158,447	175,919	797	161,830
11/10/2017	187,794	187,794	151,964	159,204	724	190,799
11/09/2017	165,123	196,475	163,867	188,115	401	167,765
11/08/2017	206,651	212,923	160,616	164,998	857	209,958
11/07/2017	190,964	228,145	131,741	206,919	190	194,019
11/06/2017	196,892	211,723	189,662	191,022	2,236	200,043
11/05/2017	199,595	206,621	194,330	196,622	29	202,789
11/04/2017	190,548	202,712	186,554	199,518	419	193,597
11/03/2017	248,482	251,797	181,961	191,059	274	252,458
11/02/2017	115,814	250,786	107,905	248,455	176	117,667
11/01/2017	206,059	214,509	115,085	115,115	397	209,356
10/31/2017	257,710	261,956	199,144	206,953	155	261,833
10/30/2017	169,814	260,323	169,814	258,794	3	172,531
10/29/2017	259,633	260,971	167,380	170,779	5	263,787
10/28/2017	381,994	382,878	258,613	259,683	663	388,106
10/27/2017	157,890	160,264	154,505	155,917	16	160,416
10/26/2017	163,508	163,844	155,445	158,041	217	166,124
10/25/2017	161,198	163,838	155,171	163,613	335	163,777
10/24/2017	149,283	159,806	147,969	158,334	8	151,671
10/23/2017	209,569	219,937	92776.50	149,184	1,466	212,922
10/22/2017	148,714	211,153	134,074	209,109	454	151,094
10/21/2017	206,942	211,632	148,572	150,404	61	210,253
10/20/2017	189,401	212,352	177,543	208,832	336	192,431
10/19/2017	222,380	308,436	222,380	307,597	111	225,938
10/18/2017	343,258	343,258	216,151	222,438	742	348,750
10/17/2017	226,935	365,621	221,517	343,225	1,141	230,566
10/16/2017	216,952	264,531	183,103	226,935	1,325	220,423
10/15/2017	195,271	235,915	195,271	216,937	208	198,395
10/14/2017	200,960	205,584	147,130	195,261	1,015	204,175
10/13/2017	195,620	206,281	189,426	200,931	346	198,750
10/12/2017	169,611	295,044	169,175	195,208	1,107	172,325
10/11/2017	151,033	171,335	151,033	169,468	271	153,450
10/10/2017	96500.90	151,043	96500.90	151,032	475	98,045
10/09/2017	137,273	144,223	96012.50	96505.70	278	139,470
10/08/2017	124,341	137,273	114,716	137,273	111	126,330
10/07/2017	128,928	129,515	118,633	119,198	61	130,991
10/06/2017	116,246	161,888	109,308	128,910	155	118,106
10/05/2017	115,655	129,537	111,058	116,246	95	117,506
10/04/2017	129,289	130,705	113,335	115,628	156	131,358
10/03/2017	142,375	144,630	118,720	129,197	405	144,653
10/02/2017	171,237	175,185	142,306	142,374	310	173,977
10/01/2017	205,546	206,610	170,070	171,278	3,011	208,835
09/30/2017	194,520	195,256	141,654	162,777	2	197,633
09/29/2017	195,581	199,352	167,643	194,497	27	198,710
09/28/2017	185,875	196,925	182,637	195,650	1,046	188,849
09/27/2017	171,937	186,171	171,600	185,872	418	174,688
09/26/2017	207,410	208,289	165,246	172,255	398	210,728
09/25/2017	117,841	207,841	117,835	207,423	483	119,726
09/24/2017	118,304	118,304	117,711	117,855	1,298	120,197
09/23/2017	117,592	118,414	117,462	118,305	1,303	119,473
09/22/2017	117,643	118,190	117,327	117,630	1,296	119,525
09/21/2017	120,850	120,850	117,555	117,659	1,296	122,784
09/17/2017	121,689	121,689	112,280	112,280	385	123,636
09/16/2017	129,895	140,231	114,310	121,445	417	131,973
09/15/2017	187,896	190,330	74786.00	128,842	1,419	190,903
09/14/2017	140,264	215,819	140,262	187,776	349	142,508
09/13/2017	135,403	142,055	135,403	140,268	358	137,570
09/09/2017	128,399	141,980	126,844	127,279	1	130,454
09/08/2017	156,190	174,310	125,925	128,399	1,825	158,689
09/07/2017	215,141	215,141	152,394	156,442	25	218,583
09/06/2017	143,178	290,106	143,178	214,204	1,294	145,468
09/05/2017	198,228	224,143	143,178	143,178	175	201,400
09/04/2017	134,398	203,256	101,072	198,757	4,049	136,549
09/03/2017	137,106	144,285	137,106	144,285	65	139,300
09/02/2017	158,648	172,148	135,785	137,106	111	161,186
09/01/2017	135,876	163,866	135,805	158,648	211	138,050
08/31/2017	134,494	148,707	130,722	135,876	438	136,646
08/30/2017	123,817	145,680	116,234	134,501	2,186	125,798
08/29/2017	132,549	135,238	119,804	123,833	609	134,670
08/28/2017	111,501	181,662	106,525	132,554	869	113,285
08/27/2017	110,792	111,528	104,513	111,476	506	112,564
08/26/2017	105,526	110,907	95595.40	110,806	298	107,215
08/25/2017	93950.30	107,542	93950.30	105,458	463	95,454
08/24/2017	108,545	110,646	93955.10	93968.70	1,389	110,282
08/23/2017	116,822	123,574	105,696	108,545	25	118,692
08/22/2017	97882.60	117,023	92000.00	117,023	159	99,449
08/21/2017	120,146	128,076	97029.30	97882.60	328	122,068
08/20/2017	110,129	122,988	99379.20	120,603	4	111,891
08/19/2017	91360.50	110,249	76414.50	110,214	263	92,822
08/18/2017	98796.40	100,693	92698.10	92699.00	35	100,377
08/17/2017	107,648	108,388	85473.90	98912.90	235	109,371
08/16/2017	105,706	109,164	102,904	107,696	493	107,397
08/15/2017	114,128	114,128	101,935	105,673	947	115,954
08/14/2017	116,202	116,748	105,613	113,962	169	118,061
08/13/2017	124,661	127,273	112,768	116,175	452	-
08/12/2017	130,568	136,834	122,471	124,696	438	-
08/11/2017	119,887	134,090	119,722	130,572	117	-
08/10/2017	107,176	126,980	106,359	119,889	435	-
08/09/2017	110,517	113,124	106,179	107,176	53	-
08/08/2017	111,015	119,344	109,344	110,517	272	-
08/07/2017	112,140	118,185	104,770	110,955	240	-
08/06/2017	166,013	171,123	111,938	112,140	203	-
08/05/2017	117,314	166,183	112,039	165,987	32	-
08/04/2017	103,688	117,739	96653.20	117,739	316	-
08/03/2017	97341.70	99479.00	96479.60	98961.30	189	-
08/02/2017	91519.90	101,574	90787.70	97694.10	186	-
08/01/2017	91583.40	91583.40	88178.20	88178.20	193	-
07/31/2017	91247.80	91320.40	89680.50	90525.80	198	-
07/30/2017	91730.10	93086.40	87107.50	91135.60	200	-
07/29/2017	94743.80	94743.80	88036.50	91712.00	261	-
07/28/2017	131,414	136,763	92945.10	94537.80	141	-
07/27/2017	97845.40	132,191	93142.10	131,100	6,249	-
07/26/2017	107,650	108,982	89238.90	92394.40	24	-
07/25/2017	118,281	119,639	104,220	107,739	133	-
07/24/2017	117,915	137,878	112,238	118,278	2,346	-
07/23/2017	104,725	123,515	92502.90	117,958	720	-
07/22/2017	78850.70	105,932	74475.70	104,725	204	-
07/21/2017	46807.40	95019.90	44469.60	78850.70	422	-
07/20/2017	65382.20	83504.30	42472.90	46807.40	47,681	-
07/19/2017	76521.40	88229.20	65382.20	65382.20	769	-
07/18/2017	71614.60	79472.00	71500.10	76521.40	5,469	-
