Date	Open	High	Low	Close	Volume	Market Cap
07/15/2018	6989.82	7429.54	6715.89	7349.94	2,616	364,363
07/14/2018	7027.57	7116.54	6598.97	6992.99	29	366,331
07/13/2018	6975.01	7045.03	6513.22	7028.80	384	363,591
07/12/2018	6929.13	6993.28	6712.74	6936.86	150	361,200
07/11/2018	6829.66	7453.53	6829.66	6916.00	206	356,014
07/10/2018	7423.56	7511.40	6824.17	6824.17	332	386,973
07/08/2018	8005.11	8221.48	7997.97	8186.16	1,271	417,288
07/07/2018	7477.31	8011.99	7196.83	8007.51	1,244	389,775
07/06/2018	7257.30	7880.10	6804.98	7512.35	9,186	378,306
07/05/2018	7347.33	7506.66	6683.75	7247.21	824	382,999
07/04/2018	6945.11	7496.65	6761.44	7317.54	675	362,033
07/03/2018	7039.72	9340.44	6842.84	6948.15	616	366,964
07/02/2018	6311.12	7067.56	6150.05	7027.77	266	328,984
07/01/2018	6378.09	6463.97	6097.05	6285.13	117	332,475
06/30/2018	6332.54	6568.60	6080.09	6396.07	45	330,101
06/29/2018	5909.48	6410.64	5641.58	6337.69	1,121	308,048
06/28/2018	5960.32	6282.96	5848.08	5887.56	128	310,698
06/27/2018	6127.17	6209.14	5873.30	5980.34	57	319,395
06/26/2018	6123.41	6416.17	6055.11	6145.26	355	319,200
06/25/2018	6130.98	6435.08	6007.52	6123.41	1,150	319,594
06/24/2018	6314.34	6354.68	5502.06	6124.54	4,950	329,152
06/23/2018	6714.61	6733.51	5998.80	6336.14	214	350,017
06/22/2018	7147.90	7209.37	6269.24	6721.77	5,985	372,603
06/21/2018	7334.57	7355.20	7076.40	7167.40	1	382,334
06/20/2018	7143.48	7371.72	6935.70	7336.00	204	372,373
06/19/2018	7124.37	7193.14	7014.34	7150.42	277	371,377
06/18/2018	6903.16	7298.20	6666.71	7125.18	842	359,846
06/17/2018	6726.06	7003.93	6671.26	6905.20	31	350,614
06/16/2018	6537.08	6890.33	5972.25	6734.30	139	340,763
06/15/2018	7234.76	7234.76	6508.54	6534.03	280	377,132
06/14/2018	6865.83	7406.34	6759.81	7223.04	169	357,900
06/13/2018	7217.91	7374.96	6366.12	6837.21	12,215	376,253
06/12/2018	8196.34	8196.34	6175.72	7140.89	999	427,256
06/11/2018	7830.60	8339.36	7051.05	8246.74	396,861	404,069
06/10/2018	8447.52	8467.40	7428.67	7817.85	5,948	432,021
06/09/2018	8965.88	8965.88	8331.28	8527.29	353	458,553
06/08/2018	8762.96	9093.86	8331.05	8975.21	908	448,175
06/07/2018	8648.81	8999.88	7239.65	8723.46	284	442,352
06/06/2018	9164.80	9559.79	8643.98	8660.19	4,655	466,866
06/05/2018	7977.30	9151.07	7599.00	9122.65	1,990	409,858
06/04/2018	8302.75	8416.24	7905.05	7969.78	1,497	426,579
06/03/2018	8960.05	9476.01	7845.88	8299.61	1,551	461,456
06/02/2018	8905.43	8979.16	8371.89	8958.70	874	458,669
06/01/2018	8172.74	8980.52	8172.74	8913.63	426	420,932
05/31/2018	8123.34	8760.61	8004.66	8162.04	106	418,430
05/30/2018	8081.85	8590.33	7972.07	8114.84	1,071	416,292
05/29/2018	8035.03	9017.94	8035.03	8087.96	1,785	412,276
05/28/2018	8363.76	8609.14	7860.12	8028.48	1,324	428,622
05/27/2018	8412.38	8528.45	8050.37	8365.31	396	431,114
05/26/2018	8771.72	9312.60	8303.92	8366.93	1,767	447,950
05/25/2018	8637.27	8940.75	8041.10	8732.64	112	445,404
05/24/2018	9012.32	9679.07	8198.77	8651.37	1,138	464,768
05/23/2018	8850.42	9427.91	8158.62	8983.33	15,752	460,619
05/22/2018	9333.37	9911.81	8851.62	8851.62	7,245	487,723
05/21/2018	9293.43	9519.30	9025.43	9330.61	3,630	483,808
05/20/2018	9173.30	9696.49	8850.88	9282.61	385	477,123
05/19/2018	9346.24	9926.63	9064.95	9165.28	1,018	485,850
05/18/2018	9051.62	9434.53	7974.91	9356.09	3,260	470,474
05/17/2018	9219.33	9957.09	8912.91	9022.74	1,316	478,471
05/16/2018	9751.51	9779.15	9020.99	9209.12	699	505,603
05/15/2018	8779.51	10688.00	8779.51	9778.58	1,253	455,171
05/14/2018	10028.60	10599.70	8519.71	8772.65	636	519,955
05/13/2018	10338.00	10507.30	8712.19	10051.70	2,351	535,580
05/12/2018	9608.55	10213.60	8636.49	10207.80	9,692	491,561
05/11/2018	9598.14	10668.00	8808.23	9667.08	31,394	490,716
05/10/2018	10158.50	10757.10	9548.26	9548.26	1,319	518,743
05/09/2018	10234.70	10738.50	9598.39	10135.40	4,418	522,593
05/08/2018	11778.20	11860.30	7742.49	10251.00	1,130	599,597
05/07/2018	12514.20	12559.20	11453.50	11772.00	1,834	637,062
05/06/2018	11848.10	12635.40	10852.10	12511.10	1,952	603,154
05/05/2018	11999.40	12401.60	11345.80	11878.60	347	610,771
05/04/2018	9004.95	12584.10	8899.76	12011.30	826	458,350
05/03/2018	13323.60	13776.40	8988.91	8992.38	21,373	644,858
05/02/2018	15129.90	15551.50	13106.50	13305.20	11,389	713,373
05/01/2018	10849.60	15914.90	9829.24	15131.00	1,477	508,626
04/30/2018	17588.30	22594.50	10621.10	10779.60	58,439	739,097
04/29/2018	14368.80	20183.10	14304.90	17519.10	882	603,812
04/28/2018	12679.50	14394.20	10784.00	14368.30	1	532,822
04/27/2018	13851.00	14150.50	12731.70	12731.70	553	582,052
04/26/2018	15161.40	16235.90	12657.90	13858.90	250	637,120
04/25/2018	14432.00	16388.00	13185.70	15194.20	2,137	606,467
04/24/2018	17614.10	17614.10	14311.60	14469.40	930	740,188
04/23/2018	13781.90	17680.50	12714.50	17571.90	1,153	579,148
04/22/2018	13918.00	14485.60	13499.20	13772.50	782	584,870
04/21/2018	13974.00	14435.50	12838.30	13863.80	787	587,223
04/20/2018	12247.10	13975.20	12247.10	13943.40	3,357	514,651
04/19/2018	11504.00	12240.30	11333.40	12240.30	116	483,428
04/18/2018	10616.60	11600.00	10616.60	11512.00	51	446,133
04/17/2018	11011.30	11491.40	10384.80	10619.60	47	462,720
04/16/2018	11483.10	11525.30	10126.80	10996.00	912	482,546
04/15/2018	9536.30	11689.30	9536.30	11445.80	5,532	400,738
04/14/2018	10111.50	10111.50	9026.81	9568.98	446	424,911
04/13/2018	9649.45	10350.30	9492.65	10163.80	1,941	405,493
04/12/2018	8451.82	10292.70	8184.01	9626.44	211	355,166
04/11/2018	9078.30	9911.65	7820.10	8437.68	10	381,492
04/10/2018	7513.15	9857.58	7513.15	9079.29	0	315,720
04/09/2018	9300.77	10192.00	7430.54	7489.14	48	390,841
04/08/2018	9533.53	9711.34	7590.89	9297.17	4	400,622
04/07/2018	9350.07	9774.53	7701.73	9520.34	3	392,912
04/06/2018	8081.89	9439.13	7396.45	9354.47	5,625	339,620
04/05/2018	7583.47	8816.60	7439.91	8094.72	22	318,676
04/04/2018	9960.09	9961.79	7428.72	7592.71	132	418,547
04/03/2018	8157.41	10266.10	7952.84	9946.20	2,900	342,794
04/02/2018	7882.60	9725.19	7850.34	8155.84	3,010	331,246
04/01/2018	8513.83	8562.18	7820.51	7890.17	709	357,772
03/31/2018	7933.06	8738.60	7793.91	8500.40	676	333,389
03/30/2018	8809.40	8809.40	7622.44	7950.41	268	370,218
03/29/2018	9457.43	9535.96	8035.98	8836.78	130	397,451
03/28/2018	8897.13	9547.76	8740.77	9464.53	36	373,905
03/27/2018	9799.70	9915.85	8798.83	8894.66	35	411,835
03/26/2018	9980.09	10100.90	8783.38	9820.16	551	419,416
03/25/2018	10035.70	10298.90	9608.32	10001.90	2,570	421,754
03/24/2018	10332.90	10522.40	9859.84	10052.90	14	434,242
03/23/2018	9958.28	10661.20	9491.08	10296.50	31	418,500
03/22/2018	10207.30	10705.70	9719.54	9974.29	310	428,964
03/21/2018	9932.14	10894.00	9718.83	10192.00	307	417,401
03/20/2018	9611.57	10563.20	9257.87	9963.33	2,759	403,929
03/19/2018	8766.62	9897.34	8593.54	9613.23	1,713	368,420
03/18/2018	8993.22	9247.84	5583.42	8774.74	7,717	377,943
03/17/2018	9722.20	9759.31	8585.00	8965.91	358	408,579
03/16/2018	9402.65	9931.54	9156.93	9794.30	105	395,149
03/15/2018	9714.97	10092.30	8950.88	9416.29	545	408,274
03/14/2018	10799.70	10997.30	9083.89	9725.28	358	453,859
03/13/2018	10623.70	11039.60	10417.20	10754.30	1,629	446,466
03/12/2018	11009.50	11964.30	10190.80	10605.90	2,115	462,678
03/11/2018	10390.20	11654.90	9903.44	10982.70	24,080	436,649
03/10/2018	10450.40	10937.60	9974.36	10440.40	783	439,179
03/09/2018	10632.00	10800.90	9309.62	10422.10	3,603	446,812
03/08/2018	11727.50	12115.50	10282.30	10588.70	1,957	492,852
03/07/2018	12114.10	12739.90	10862.60	11745.10	14,000	509,098
03/06/2018	12256.40	13111.00	11575.90	12137.30	12,961	515,080
03/05/2018	14197.30	14197.30	12277.30	12277.30	5,852	596,644
03/04/2018	13539.40	14132.10	12935.00	14132.10	0	568,998
03/03/2018	12310.30	13521.70	11641.80	13518.20	24,031	517,346
03/02/2018	12412.80	12799.70	11940.90	12288.00	359	521,651
03/01/2018	11572.50	12852.30	11532.90	12439.10	3,696	486,337
02/28/2018	11700.30	12608.30	11246.80	11528.30	7,527	491,708
02/27/2018	12061.80	12196.30	11465.00	11711.30	3,633	508,107
02/25/2018	11811.40	11980.70	11745.80	11953.80	450	497,560
02/24/2018	11997.10	12815.60	11674.20	11836.10	446	505,382
02/23/2018	11723.10	12850.10	11300.60	11998.80	468	493,837
02/22/2018	12997.00	14735.10	11133.20	11680.70	4,909	547,503
02/21/2018	13343.60	13841.90	12193.90	13028.40	3,669	562,102
02/20/2018	15089.00	15216.80	12730.20	13357.40	5,966	635,629
02/19/2018	11000.60	15064.90	10910.10	15064.90	122	463,402
02/18/2018	11644.60	12134.70	10756.50	11044.60	237	490,532
02/17/2018	11660.80	12806.30	11469.40	11652.50	3,353	491,218
02/16/2018	14684.00	14789.00	10835.60	11657.10	472,348	618,749
02/15/2018	12913.90	14808.10	11025.60	14743.00	2,389	545,130
02/14/2018	10395.10	13166.30	10070.30	12940.30	9,122	438,364
02/13/2018	12546.70	12604.10	8892.65	10363.10	711	602,082
02/12/2018	8967.77	12738.40	8962.86	12549.60	5,820	407,328
02/11/2018	10090.50	10132.30	8953.28	8953.28	862	437,102
02/10/2018	12329.20	12777.50	9097.37	10123.10	4,037	540,400
02/09/2018	9906.25	12931.40	8972.90	12264.10	3,643	420,845
02/08/2018	8923.00	10540.00	8923.00	9921.66	755	379,517
02/07/2018	8628.46	9899.69	7743.20	8934.52	6,293	365,721
02/06/2018	8688.08	9101.93	6489.35	8646.57	46,766	396,546
02/05/2018	7596.01	10057.50	7439.80	8656.52	16,493	346,742
02/02/2018	10929.90	10929.90	7074.59	7492.66	29,567	498,926
02/01/2018	11299.90	11901.30	10006.90	10994.20	43,434	515,806
01/31/2018	11106.30	12019.60	10033.60	11299.10	47,460	519,781
01/30/2018	11083.20	12164.30	9872.06	11127.30	12,278	523,890
01/28/2018	13875.00	14145.70	12798.60	13153.90	42,117	655,856
01/27/2018	12630.50	14552.10	12370.90	13838.80	44,308	595,930
01/26/2018	14702.10	14702.10	12134.30	12644.50	30,293	683,170
01/25/2018	13214.70	15452.00	13214.70	14590.60	37,294	604,144
01/24/2018	12036.00	14084.80	11822.10	13210.50	35,703	538,338
01/23/2018	12911.50	14630.30	11456.90	12095.00	88,225	612,242
01/22/2018	13410.70	14203.50	11207.70	13062.70	26,653	639,589
01/21/2018	14758.30	15029.10	12455.50	13487.70	17,254	705,335
01/20/2018	13427.10	15764.70	13407.30	14797.10	40,408	642,626
01/19/2018	13281.20	14599.30	12521.40	13271.60	27,260	625,021
01/18/2018	15354.00	15354.00	11576.20	13191.50	21,885	721,796
01/17/2018	13522.50	15865.10	10417.10	15424.70	62,381	627,628
01/16/2018	14968.30	15377.80	9560.84	13705.50	141,492	750,255
01/15/2018	15436.70	16908.50	14622.50	14910.30	27,847	807,767
01/14/2018	16135.60	16813.00	14004.20	15465.80	142,771	846,563
01/13/2018	15406.20	16507.70	15060.20	16157.70	21,139	808,353
01/12/2018	14920.60	16847.70	14548.90	15472.40	17,054	782,128
01/11/2018	16196.10	17134.80	14287.40	14885.30	22,538	852,491
01/10/2018	15983.80	16906.60	14017.00	16112.80	85,995	832,073
01/09/2018	16955.60	18224.90	15872.20	15947.10	54,983	891,395
01/08/2018	18153.50	18455.60	16046.90	17075.00	77,410	945,278
01/07/2018	17536.10	18576.10	17158.50	18141.40	29,645	934,349
01/06/2018	18440.90	20586.80	17585.80	17585.80	44,537	984,101
01/05/2018	16865.20	19043.00	15331.30	18343.50	173,033	881,535
01/04/2018	17442.70	17761.60	14890.20	16948.10	67,880	892,539
01/03/2018	18644.00	19127.90	16016.40	17599.30	34,214	968,811
01/02/2018	15478.80	18757.90	14061.00	18668.50	124,966	806,594
01/01/2018	15273.90	16798.20	14533.40	15408.00	87,016	754,650
12/31/2017	15709.20	16769.20	13685.70	15332.50	20,209	767,909
12/30/2017	16396.60	18102.00	13769.30	15807.80	79,543	743,304
12/29/2017	16083.40	19810.70	15437.00	16321.50	52,184	733,244
12/28/2017	17024.20	18233.80	14966.50	16027.70	24,896	796,818
12/27/2017	17956.60	19891.90	16259.90	16985.20	17,071	833,355
12/26/2017	16078.10	18854.80	15213.60	17940.30	146,096	693,282
12/25/2017	16598.50	18309.40	15189.00	16078.90	64,247	710,260
12/24/2017	15740.60	17657.40	14722.70	16458.00	22,492	695,400
12/23/2017	16570.40	19735.70	14532.50	15965.50	98,584	795,787
12/22/2017	16813.30	18320.90	12943.30	16450.80	128,670	754,249
12/21/2017	17132.60	20320.20	15865.90	16726.80	9,027	737,475
12/20/2017	18747.00	25819.90	16463.40	17162.10	41,856	914,336
12/19/2017	20997.00	22894.50	17682.90	18785.70	46,304	1,052,790
12/18/2017	18706.70	23569.90	18677.50	21050.20	55,381	855,097
12/17/2017	21150.10	24661.00	18680.50	18700.20	4,987	970,470
12/16/2017	17619.60	24078.20	17519.40	21139.30	19,569	834,740
12/15/2017	20284.00	22367.50	15274.90	17615.70	67,718	959,683
12/14/2017	17001.30	21982.50	15639.10	20039.90	31,736	789,918
12/13/2017	20727.10	22177.10	16694.30	16925.30	7,531	965,100
12/12/2017	17252.20	22900.90	16779.10	20657.40	15,482	797,094
12/11/2017	14425.60	19739.70	14058.40	17188.00	8,562	670,874
12/10/2017	15421.40	18370.00	14122.80	14309.70	75,327	737,568
12/09/2017	17131.50	18360.10	15151.80	15305.50	17,140	807,300
12/08/2017	17479.70	20341.00	15663.30	17025.30	30,112	833,334
12/07/2017	11492.20	22393.10	11492.20	17469.20	68,049	581,934
12/06/2017	12223.40	16228.70	11068.60	11495.60	13,162	621,764
12/05/2017	12225.30	13833.00	11778.20	12237.80	8,492	645,837
12/04/2017	12510.70	15086.50	11779.00	12253.60	58,347	635,241
12/03/2017	12885.10	13620.30	11366.40	12459.60	21,633	649,201
12/02/2017	11919.40	13213.10	11520.80	12901.00	14,329	598,550
12/01/2017	12573.80	12573.80	9968.15	11893.60	8,550	640,797
11/30/2017	10825.10	12754.90	9841.36	12669.70	15,431	537,819
11/29/2017	11630.70	12309.20	10311.40	10856.50	40,489	580,802
11/28/2017	11084.60	12097.60	10424.20	11568.50	20,288	551,313
11/27/2017	9897.04	11320.40	9688.51	11035.00	5,701	497,155
11/26/2017	9828.29	10267.90	9497.74	9897.86	4,924	487,918
11/25/2017	8717.92	10435.90	8331.34	9815.54	1,726	427,351
11/24/2017	8563.93	10778.00	7635.77	8744.47	3,825	426,320
11/23/2017	8088.35	8735.26	7785.10	8527.58	631	402,499
11/22/2017	7327.30	8213.54	7278.86	8093.83	17,225	381,920
11/21/2017	8381.06	10693.50	7190.46	7316.88	27,626	414,098
11/20/2017	8429.67	9123.08	7555.29	8349.49	18,722	416,616
11/19/2017	8107.33	9446.67	8107.33	8415.99	2,215	394,803
11/18/2017	8393.69	9430.51	7965.15	8117.30	22,802	393,734
11/17/2017	8328.38	9103.88	7530.00	8381.33	11,716	383,631
11/16/2017	7027.57	8763.22	7027.57	8558.01	50,102	351,453
11/15/2017	7010.21	8146.65	6879.30	7003.19	14,476	358,955
11/14/2017	7361.27	7491.78	6398.36	7046.66	7,856	361,911
11/13/2017	6565.37	7433.37	6358.44	7433.37	14,284	325,227
11/12/2017	7111.05	7342.15	6061.63	6525.67	5,311	345,919
11/11/2017	6986.94	7318.82	6740.29	7091.20	23,776	327,145
11/10/2017	8298.12	8298.12	6823.88	7007.71	24,039	382,665
11/09/2017	7989.77	8356.78	7594.84	8290.96	70,674	343,264
11/08/2017	7878.10	8825.95	7194.11	8001.10	93,997	356,113
11/07/2017	7701.42	8254.98	7611.47	7884.81	30,270	340,573
11/06/2017	8067.35	8156.98	7637.59	7707.51	13,734	355,572
11/05/2017	7467.13	8260.43	7012.85	8073.62	13,101	330,389
11/04/2017	7774.83	7861.36	7221.97	7458.71	26,329	336,497
11/03/2017	7564.57	8278.82	7374.39	7789.06	61,204	341,915
11/02/2017	6707.29	7661.48	6609.02	7546.80	153,215	304,291
11/01/2017	6839.55	8185.34	6582.70	6691.72	30,737	344,112
10/31/2017	6200.80	7829.89	6200.80	6866.60	39,656	280,559
10/30/2017	6290.58	6538.13	5845.34	6205.08	6,125	284,590
10/29/2017	5830.03	6317.58	5798.23	6306.51	19,795	264,487
10/28/2017	6137.88	6232.26	5774.77	5832.84	8,683	278,453
10/27/2017	6012.18	6386.37	5980.56	6135.94	5,248	273,640
10/26/2017	5643.41	6478.78	5610.92	6015.86	8,997	256,465
10/25/2017	6385.62	6423.50	5419.98	5652.91	6,725	292,498
10/24/2017	6348.32	6656.34	6261.60	6388.59	19,353	288,520
10/23/2017	6984.38	6984.38	6047.63	6350.40	13,137	317,852
10/22/2017	6500.39	7014.14	5805.36	6979.82	8,749	296,100
10/21/2017	6485.69	6851.70	6395.93	6545.71	46,687	297,300
10/20/2017	6192.59	6695.97	5130.07	6510.80	38,153	281,359
10/19/2017	5627.36	6217.58	5627.36	6196.48	14,157	261,661
10/18/2017	5815.17	6333.98	5346.80	5642.85	14,335	268,067
10/17/2017	5597.63	5955.55	5597.63	5815.48	16,673	260,436
10/16/2017	5787.54	5892.58	5456.35	5592.23	26,841	272,178
10/15/2017	5676.53	5808.69	4997.66	5782.21	5,282	266,288
10/14/2017	6011.80	6116.26	5627.93	5667.34	5,898	285,707
10/13/2017	5477.89	6282.04	5343.63	6010.43	53,978	262,634
10/12/2017	4788.80	5656.17	4770.48	5470.67	31,795	230,085
10/11/2017	4886.90	6007.10	3931.64	4786.95	15,261	235,287
10/10/2017	4937.01	5182.26	3674.09	4880.60	20,136	234,378
10/09/2017	4551.78	5005.56	4462.52	4936.83	47,348	229,075
10/08/2017	4431.16	4722.06	3932.62	4544.67	89,899	225,545
10/07/2017	4502.55	4684.54	4321.25	4434.11	33,856	226,348
10/06/2017	4424.92	4616.45	4293.98	4501.57	91,091	213,992
10/05/2017	4332.11	4857.67	4123.37	4437.39	16,332	219,417
10/04/2017	4486.71	4850.42	4235.17	4332.09	21,192	217,666
10/03/2017	4663.64	4752.54	4163.53	4482.99	37,842	234,988
10/02/2017	4568.82	5474.89	3390.98	4660.76	7,932	234,191
10/01/2017	4476.92	6432.91	3024.48	4568.41	36,889	229,480
09/30/2017	4353.53	4761.97	4175.50	4475.74	83,400	215,890
09/29/2017	4342.49	4899.65	4075.42	4352.20	38,085	215,310
09/28/2017	4202.49	5240.84	3529.57	4337.94	32,759	208,728
09/27/2017	3774.29	4367.52	3712.83	4204.28	39,056	187,382
09/26/2017	3897.36	4352.25	3448.66	3774.81	25,660	193,258
09/25/2017	3712.49	3896.54	2639.51	3896.54	27,788	187,412
09/24/2017	3751.42	3769.20	3691.38	3712.26	60,679	189,377
09/23/2017	3646.48	3751.34	3631.32	3751.34	61,024	184,080
09/22/2017	3634.56	3702.03	3609.99	3648.98	60,488	183,479
09/21/2017	4023.42	4023.42	3628.40	3634.71	60,501	205,476
09/17/2017	3548.42	3548.42	3378.06	3385.26	67,637	181,218
09/16/2017	3960.59	4139.81	3435.45	3546.68	70,110	199,937
09/15/2017	3262.79	4011.23	2673.48	3942.83	63,306	183,539
09/14/2017	3891.36	3954.84	3252.34	3252.34	14,649	218,820
09/13/2017	4036.04	4036.04	3845.00	3892.06	14,859	227,561
09/12/2017	4132.38	4388.08	4132.38	4243.50	13,281	232,993
09/11/2017	4082.21	4253.20	3940.90	4129.73	13,147	230,164
09/10/2017	4266.40	4324.27	3950.25	4077.57	14,244	240,549
09/09/2017	4103.89	4363.16	4092.99	4271.04	5,705	227,283
09/08/2017	4735.55	5024.93	2910.41	4100.57	29,174	267,132
09/07/2017	4676.97	5043.11	4092.08	4743.84	9,279	263,828
09/06/2017	4347.34	4683.39	4317.00	4657.23	35,604	245,234
09/05/2017	4196.20	4520.54	4014.53	4344.23	13,918	235,432
09/04/2017	4570.09	5017.66	4057.30	4191.41	48,744	263,036
09/03/2017	4579.18	4982.24	4332.40	4569.77	12,402	262,186
09/02/2017	4964.23	5089.47	4455.34	4571.44	19,443	284,140
09/01/2017	4712.96	4960.89	3627.24	4960.89	49,608	270,189
08/31/2017	4649.93	4784.49	4488.14	4712.16	36,052	265,645
08/30/2017	4763.16	4819.35	4296.80	4650.32	11,482	271,161
08/29/2017	4439.33	5340.68	4334.75	4767.91	26,073	254,724
08/28/2017	4421.69	4615.83	4297.44	4440.20	28,687	252,203
08/27/2017	4417.58	4771.38	4179.33	4421.56	14,367	252,995
08/26/2017	4469.98	4677.96	4282.36	4412.83	31,032	257,945
08/25/2017	3991.23	4702.51	3991.23	4466.05	46,054	229,272
08/24/2017	4033.18	4545.14	3381.59	3992.05	23,593	240,357
08/23/2017	3890.89	4436.33	3793.72	4055.54	15,098	232,220
08/22/2017	3962.92	4110.57	3715.45	3901.35	33,882	231,668
08/21/2017	4074.84	4587.54	3706.63	3954.23	14,326	241,764
08/20/2017	4177.45	4483.25	3777.91	4098.03	13,999	243,777
08/19/2017	4224.88	4530.75	3786.76	4177.38	69,416	297,984
08/18/2017	4340.58	4505.12	4115.09	4218.74	27,690	305,059
08/17/2017	4390.36	4617.28	4099.14	4343.47	46,018	311,324
08/16/2017	4108.75	4631.10	3940.26	4395.42	26,702	296,652
08/15/2017	4329.91	4380.48	3958.36	4115.51	44,765	325,717
08/14/2017	4140.19	4383.59	4013.10	4319.75	43,189	308,734
08/13/2017	3669.77	4473.56	3561.12	4142.02	71,461	273,332
08/12/2017	3683.31	4125.74	3622.93	3678.37	26,353	267,342
08/11/2017	3487.39	3772.86	3297.43	3688.81	50,378	248,344
08/10/2017	3345.24	3764.70	3295.42	3488.33	25,744	237,526
08/09/2017	3409.87	3795.99	3153.14	3348.71	21,236	242,125
08/08/2017	3292.29	3486.64	3189.70	3407.71	6,786	233,578
08/07/2017	3266.19	3452.20	3164.82	3292.36	14,572	232,050
08/06/2017	3191.34	3351.00	3069.94	3269.05	5,375	228,835
08/05/2017	2818.10	3259.10	2787.76	3198.41	15,326	202,495
08/04/2017	2780.62	2857.13	1879.53	2821.83	9,616	203,170
08/03/2017	2698.64	2753.03	2695.99	2751.30	5,202	197,180
08/02/2017	2832.81	2849.04	2619.02	2698.42	5,168	215,482
08/01/2017	2348.78	2879.86	2348.78	2833.48	23,324	172,550
07/31/2017	3174.87	3258.97	2188.25	2371.06	20,157	233,238
07/30/2017	3224.86	3749.81	2047.50	3166.93	20,168	236,910
07/29/2017	2810.46	3232.99	2358.44	3223.78	18,518	205,483
07/28/2017	2640.23	2857.78	2638.63	2816.17	17,457	194,188
07/27/2017	2509.05	2900.16	1981.14	2641.43	8,927	185,281
07/26/2017	2755.98	2999.12	2123.56	2505.74	5,346	204,713
07/25/2017	2794.21	2921.33	2592.15	2763.61	14,607	207,705
07/24/2017	2684.37	2799.06	2486.59	2792.29	17,378	199,540
07/23/2017	2789.10	2874.43	2579.94	2681.56	7,614	208,720
07/22/2017	2677.71	3067.42	2613.48	2789.94	21,987	201,187
07/21/2017	2996.98	3008.49	2649.94	2675.49	11,803	224,876
07/20/2017	2538.64	3162.74	2429.88	2979.50	16,621	190,484
07/19/2017	2189.62	2656.33	2135.79	2534.93	13,183	166,488
07/18/2017	2255.65	2452.18	2037.19	2180.66	18,522	171,509
07/17/2017	2213.03	2415.67	1999.71	2251.95	12,684	166,057
07/16/2017	2246.33	2261.42	2173.75	2214.37	42,922	171,923
07/15/2017	2336.39	2336.75	2248.59	2248.59	43,312	181,152
07/14/2017	2384.69	2389.33	2311.10	2337.11	44,616	184,898
07/13/2017	2422.71	2607.22	2374.66	2385.86	45,353	190,268
07/12/2017	2371.80	2430.09	2346.41	2420.04	45,589	186,270
07/11/2017	2457.99	2585.58	2218.92	2377.24	45,202	205,181
07/10/2017	2644.09	2716.37	2354.91	2457.98	60,492	241,866
07/09/2017	2507.60	2848.17	2467.23	2642.33	96,842	234,777
07/08/2017	2464.64	2506.07	2296.67	2506.07	22,843	231,136
07/07/2017	2678.14	2702.82	2458.63	2467.01	22,631	252,348
07/06/2017	2578.51	2703.38	2551.00	2681.31	23,092	244,154
07/05/2017	2561.74	2593.23	2319.64	2577.93	25,361	242,566
07/04/2017	2572.61	2646.02	2514.85	2562.51	32,102	243,595
07/03/2017	2295.62	2605.97	2095.07	2574.76	19,127	217,368
07/02/2017	2466.84	2708.59	2240.42	2297.22	122,091	233,966
07/01/2017	2531.24	2607.17	2298.58	2468.04	18,129	242,604
06/30/2017	2459.68	2680.62	2336.45	2515.04	34,833	238,206
06/29/2017	2591.84	2687.45	2435.68	2457.70	91,565	251,992
06/28/2017	2533.11	2684.14	2473.46	2594.14	22,697	251,272
06/27/2017	2516.16	2585.81	2277.78	2521.51	58,021	251,402
06/26/2017	2583.70	2718.55	2404.72	2516.16	77,541	257,892
06/25/2017	2507.45	2641.81	2449.98	2584.85	71,749	250,281
06/24/2017	2766.89	2993.27	2485.79	2506.01	35,046	276,591
06/23/2017	2638.90	2965.10	2356.08	2765.87	78,758	263,798
06/22/2017	2659.84	2728.04	2434.78	2636.69	41,137	263,231
06/21/2017	2667.04	2673.43	2527.65	2650.90	28,050	271,038
06/20/2017	2612.76	2709.35	2550.82	2666.34	51,153	265,522
06/19/2017	2546.95	2681.05	2467.02	2613.27	60,849	259,088
06/18/2017	2562.32	2714.24	2538.61	2544.45	54,804	260,268
06/17/2017	2396.48	2800.50	2352.44	2563.93	53,699	243,183
06/16/2017	2406.52	2637.40	2254.15	2396.35	39,988	244,924
06/15/2017	2494.51	2662.07	1983.53	2399.11	49,409	254,378
06/14/2017	3423.99	3736.92	2378.32	2493.56	107,282	340,944
06/13/2017	2682.95	3424.10	2289.84	3424.02	377,726	267,155
06/12/2017	2997.75	3169.85	2655.16	2684.57	135,514	298,847
06/11/2017	2964.64	3074.50	2822.37	2995.95	41,384	296,864
06/10/2017	2874.98	3095.09	2713.22	2965.25	164,796	228,920
06/09/2017	2957.35	3204.17	2707.92	2874.51	135,111	191,119
06/08/2017	2793.49	2995.04	2510.43	2958.42	84,392	167,401
06/07/2017	2929.25	3167.64	2542.22	2792.76	60,164	175,551
06/06/2017	2809.45	3069.30	2674.29	2932.60	79,044	170,479
06/05/2017	2539.29	2757.04	2450.91	2657.69	69,138	161,702
06/04/2017	2547.82	2761.20	2518.47	2540.01	87,267	162,245
06/03/2017	2395.35	2645.87	2354.86	2548.02	34,285	154,692
06/02/2017	2397.74	2807.36	2332.50	2394.17	72,770	153,647
06/01/2017	2418.41	2575.37	2131.70	2393.38	45,339	155,214
05/31/2017	2296.47	2631.54	1713.75	2417.99	64,111	147,387
05/30/2017	2306.18	2553.11	1720.75	2293.79	83,335	148,011
05/29/2017	2209.85	2546.77	2077.31	2300.60	86,922	137,629
05/28/2017	2118.16	2394.74	1954.31	2212.08	148,436	140,495
05/27/2017	2363.35	2534.01	1586.15	2113.17	164,289	173,754
05/26/2017	2562.75	2941.40	2074.73	2365.22	194,873	205,033
05/25/2017	2513.87	3279.15	2224.97	2567.76	116,699	198,948
05/24/2017	2572.02	2650.24	2256.90	2509.50	42,308	193,262
05/23/2017	2353.66	2700.02	2197.39	2568.75	31,534	176,854
05/22/2017	2194.38	2411.88	2013.60	2350.08	60,479	164,886
05/21/2017	2167.93	2339.07	1984.11	2192.22	51,988	133,957
05/20/2017	2479.44	2532.93	2079.55	2167.26	76,239	140,808
05/19/2017	2203.47	2531.66	2080.78	2444.17	14,407	121,830
05/18/2017	1872.04	2196.26	1872.04	2196.26	2,783	102,944
05/17/2017	1870.31	1998.65	1773.83	1875.03	3,267	104,719
05/16/2017	1831.71	1968.59	1746.56	1843.72	9,333	102,558
05/15/2017	1892.88	1911.84	1781.12	1820.39	5,411	104,047
05/14/2017	1891.00	1934.80	1806.63	1889.54	5,911	98,450
05/13/2017	1817.34	1929.89	1751.35	1888.78	1,539	94,657
05/12/2017	1896.83	1991.46	1777.98	1823.79	1,431	98,797
05/11/2017	1865.40	2015.40	1732.62	1905.29	4,314	97,160
05/10/2017	1999.10	2174.77	1790.68	1862.91	2,128	104,124
05/09/2017	1920.99	2205.67	1612.71	2015.07	5,638	100,055
05/08/2017	1750.17	2119.83	1598.19	1893.57	14,778	88,358
05/07/2017	1929.32	1931.52	1490.60	1753.12	9,693	92,579
05/06/2017	1889.85	2078.75	1514.00	1916.25	10,272	91,252
05/05/2017	1751.87	2051.49	1676.89	1884.82	12,405	81,699
05/04/2017	1619.62	1761.87	1615.59	1751.05	2,053	74,965
05/03/2017	1484.95	1714.52	1474.06	1619.62	290	70,061
05/02/2017	1535.48	1663.22	1461.31	1484.47	1,982	71,830
05/01/2017	1499.27	1723.80	1459.78	1537.54	2,190	71,936
04/30/2017	1515.59	1603.49	1450.86	1498.88	4,862	72,082
04/29/2017	1492.96	1657.92	1469.08	1512.58	1,994	69,588
04/28/2017	1460.18	1538.60	1447.89	1494.78	298	68,060
04/27/2017	1428.42	1469.72	1358.16	1457.40	382	66,751
04/26/2017	1420.11	1448.64	1376.72	1427.99	2,903	66,547
04/25/2017	1407.81	1439.32	1391.92	1423.62	1,437	64,169
04/24/2017	1406.42	1464.53	1325.10	1410.99	3,698	62,699
04/23/2017	1425.75	1440.00	1318.33	1406.16	320	63,561
04/22/2017	1345.02	1432.98	1335.57	1426.36	2,108	60,432
04/21/2017	1355.54	1398.15	1273.31	1343.81	5,560	54,236
04/20/2017	1376.57	1396.64	1302.74	1353.79	1,058	57,858
04/19/2017	1439.15	1440.25	1056.25	1379.10	5,530	59,409
04/18/2017	1289.40	1449.76	1267.40	1439.69	47	53,227
04/17/2017	1292.64	1350.08	1248.24	1291.33	20	53,361
04/16/2017	1325.91	1432.47	1287.95	1290.64	1,913	55,000
04/15/2017	1315.56	1544.66	1315.56	1329.36	594	52,176
04/14/2017	1286.64	1383.09	1265.82	1313.76	236	51,685
04/13/2017	1357.93	1413.67	1279.52	1285.08	754	52,536
04/12/2017	1251.00	1368.95	1240.78	1358.37	46	48,399
04/11/2017	1246.78	1298.25	1216.72	1250.94	11	48,235
04/10/2017	1287.73	1287.73	1218.95	1246.70	411	49,820
04/09/2017	1182.99	1413.30	1165.55	1288.60	372	45,507
04/08/2017	1159.78	1195.86	1142.46	1187.32	189	44,614
04/07/2017	1181.53	1194.68	1130.37	1162.15	185	45,451
04/06/2017	1247.94	1270.19	1151.28	1181.37	188	48,133
04/05/2017	1231.05	1281.58	1187.97	1253.03	200	47,376
04/04/2017	1324.54	1363.44	1200.26	1226.27	438	57,127
04/03/2017	1208.73	1496.59	1071.75	1309.07	9,019	51,576
04/02/2017	1157.94	1636.68	1156.50	1210.96	11,385	50,544
04/01/2017	1145.90	1224.89	1097.22	1156.59	0	50,019
03/31/2017	1196.80	1305.50	1067.71	1143.53	1,342	51,403
03/30/2017	1156.57	1217.06	1101.13	1200.12	96	49,316
03/29/2017	1050.74	1266.57	1029.87	1154.75	4,061	45,679
03/28/2017	1068.64	1109.11	1042.64	1051.40	610	46,457
03/27/2017	1030.89	1098.47	1014.59	1072.42	1,204	44,854
03/26/2017	1047.68	1078.68	987.08	1027.33	67	45,585
03/25/2017	1028.03	1058.35	963.23	1047.29	359	44,771
03/24/2017	1072.98	1139.08	1009.22	1026.68	985	46,503
03/23/2017	1185.39	1185.67	1067.46	1078.71	1,159	50,071
03/22/2017	1175.59	1201.16	1066.27	1184.44	1,074	49,772
03/21/2017	1153.86	1247.62	1117.91	1177.65	1,302	51,748
03/20/2017	1163.75	1278.50	1135.99	1151.25	1,093	52,124
03/19/2017	1024.64	1187.46	1002.47	1163.46	757	45,893
03/18/2017	1302.59	1329.84	1007.61	1027.40	12,556	50,158
03/17/2017	1514.12	1583.94	1278.47	1304.03	2,115	58,831
03/16/2017	1447.87	1636.06	1411.28	1521.64	1,246	56,619
03/15/2017	1593.00	1593.00	1315.06	1470.26	1,877	62,629
03/14/2017	1262.96	1610.35	1227.54	1598.72	483	49,556
03/13/2017	1307.54	1347.49	1227.03	1262.82	504	51,541
03/12/2017	1171.47	1355.12	1169.80	1305.84	8	46,259
03/11/2017	969.02	1207.85	967.08	1171.02	508	38,263
03/10/2017	1324.75	1345.29	954.88	971.35	414	52,309
03/09/2017	1255.73	1337.73	1236.15	1326.61	26	49,787
03/08/2017	1290.04	1328.88	1255.26	1256.50	20	50,937
03/07/2017	1319.16	1364.19	1284.07	1290.15	58	52,087
03/06/2017	1414.16	1461.65	1275.52	1310.48	370	56,545
03/05/2017	1401.54	1454.00	1325.47	1416.31	526	57,059
03/04/2017	1375.75	3727.82	1307.96	1399.21	941	55,821
03/03/2017	1427.02	1427.02	1311.89	1375.45	179	58,050
03/02/2017	1325.63	1430.33	1266.41	1409.00	850	54,253
03/01/2017	1238.33	1380.65	1225.85	1319.95	154	51,278
02/28/2017	1265.79	1377.21	1029.69	1227.39	5,074	55,028
02/27/2017	1201.94	1270.10	1201.59	1264.56	209	52,398
02/26/2017	1239.25	1250.93	1200.80	1202.65	10	54,025
02/25/2017	1253.46	1268.19	1133.89	1237.17	423	54,624
02/24/2017	1241.80	1256.54	1205.43	1250.55	153	54,066
02/23/2017	1184.50	1247.06	1167.07	1239.73	364	51,571
02/22/2017	1192.10	1192.10	1097.78	1172.99	1,277	51,727
02/21/2017	1121.44	1203.40	1108.39	1191.90	403	48,868
02/20/2017	1100.04	1122.88	1093.20	1121.90	2	47,937
02/19/2017	1113.13	1134.11	1089.29	1098.88	3	48,508
02/18/2017	1130.57	1267.27	1093.85	1113.04	15	49,250
02/17/2017	1095.86	1134.37	1080.77	1130.57	1	47,738
02/16/2017	1144.53	1168.84	1094.68	1096.76	7	49,858
02/15/2017	1084.03	1149.44	1060.43	1142.10	52	47,222
02/14/2017	1038.10	1099.84	1025.27	1083.05	7	45,221
02/13/2017	1056.43	1076.04	1005.85	1037.58	0	46,020
02/12/2017	1083.53	1083.53	1055.60	1056.84	2	47,200
02/11/2017	1079.22	1104.00	1038.33	1084.26	2	47,013
02/10/2017	1060.83	1137.15	1051.60	1078.95	534	46,213
02/09/2017	1131.39	1151.73	1016.70	1062.91	22	49,457
02/08/2017	1142.74	1178.92	1117.15	1130.62	39	49,953
02/07/2017	1138.61	1165.49	1126.72	1142.23	70	49,772
02/06/2017	1083.60	1110.15	1083.60	1089.15	0	47,368
02/05/2017	1087.18	1087.19	1062.73	1082.86	3	47,633
02/04/2017	1039.48	1102.17	1039.48	1089.42	255	45,512
02/03/2017	1051.00	1087.82	1035.19	1036.41	412	46,406
02/02/2017	1042.94	1054.31	1021.18	1051.09	18	46,051
02/01/2017	1005.24	1043.51	988.80	1043.51	207	44,508
01/31/2017	969.17	1040.92	969.17	1008.08	28	42,925
01/30/2017	989.90	996.81	956.46	969.54	357	44,685
01/29/2017	958.33	994.73	944.73	990.29	677	43,024
01/28/2017	944.50	995.11	925.54	958.31	111	42,310
01/27/2017	972.18	976.72	943.02	944.54	5	43,577
01/26/2017	928.08	1009.31	914.47	972.64	2	41,598
01/25/2017	933.46	972.95	918.63	925.45	813	41,841
01/24/2017	889.91	997.89	884.30	930.17	116	39,898
01/23/2017	888.95	906.42	872.07	890.14	41	39,855
01/22/2017	912.51	918.50	871.77	889.26	41	40,911
01/21/2017	932.42	935.21	893.54	912.54	42	41,804
01/20/2017	931.33	935.05	913.47	932.41	43	41,755
01/19/2017	922.86	933.36	903.48	931.41	43	40,444
01/18/2017	921.19	931.92	891.77	921.82	162	40,371
01/17/2017	906.04	925.45	889.03	920.75	162	39,707
01/16/2017	881.55	915.47	878.43	905.00	159	38,634
01/15/2017	993.48	998.88	871.20	883.92	156	42,559
01/14/2017	959.99	997.77	937.48	992.47	1,777	41,125
01/13/2017	970.92	990.88	945.26	958.01	1,715	41,593
01/12/2017	892.70	1013.62	868.13	969.21	1,735	38,242
01/11/2017	986.25	1007.28	867.11	893.17	1,599	42,250
01/10/2017	965.93	1015.84	957.62	986.32	1,766	41,379
01/09/2017	1029.00	1043.02	961.34	966.27	1,730	43,299
01/08/2017	966.70	1030.91	957.47	1029.19	310	40,746
01/07/2017	970.66	1029.98	895.25	966.05	256	40,622
01/06/2017	1056.03	1123.25	962.84	969.70	389	43,312
01/05/2017	1308.39	1431.05	972.29	1054.85	168	53,043
01/04/2017	1077.76	1329.93	1055.81	1308.38	3,839	45,421
01/03/2017	1104.34	1153.50	1065.22	1079.30	895	46,939
01/02/2017	1098.89	1193.12	1047.73	1105.90	14	46,707
01/01/2017	996.29	1100.31	970.82	1098.89	1	41,699
12/31/2016	989.69	1009.63	974.06	996.22	2	41,422
12/30/2016	982.26	1003.47	975.00	987.79	3	41,111
12/29/2016	996.85	1003.39	963.09	982.35	1	41,722
12/28/2016	1035.59	1048.19	981.02	1000.08	64	43,343
12/27/2016	1005.11	1058.16	978.64	1034.92	10,034	41,512
12/26/2016	956.26	1008.50	913.57	1004.86	955	40,403
12/25/2016	964.89	967.46	921.84	956.75	587	40,861
12/24/2016	3485.28	3485.28	959.65	964.77	54	147,593
12/23/2016	984.93	3544.83	911.23	3486.87	14	40,724
12/22/2016	853.76	989.46	841.00	984.08	179	35,309
12/21/2016	864.25	932.88	839.15	856.54	688	35,971
12/20/2016	843.61	892.37	842.74	866.30	85	34,901
12/19/2016	866.71	896.22	830.41	843.64	10	35,858
12/18/2016	822.02	871.14	805.74	866.44	132	34,009
12/17/2016	830.56	864.96	822.39	822.39	99	34,444
12/16/2016	831.85	840.87	820.68	830.47	2	34,556
12/14/2016	778.51	780.22	759.67	766.09	0	32,441
12/13/2016	792.52	800.51	774.76	776.87	0	33,025
12/12/2016	811.01	838.80	783.95	792.63	274	33,795
12/11/2016	827.98	828.61	807.07	811.45	4	34,503
12/10/2016	803.56	837.14	801.22	828.05	1	33,485
12/09/2016	821.12	826.48	797.72	803.39	9	34,216
12/08/2016	822.89	917.15	786.10	821.27	11	34,284
12/07/2016	804.90	923.36	804.90	818.43	376	33,344
12/06/2016	840.00	861.26	790.52	803.27	694	34,860
12/05/2016	825.30	865.48	825.03	839.82	806	37,840
12/04/2016	813.63	828.03	799.43	825.05	84	37,381
12/03/2016	801.49	839.97	778.63	811.89	563	36,681
12/02/2016	775.60	862.49	766.47	801.37	5,852	39,134
12/01/2016	752.43	826.36	746.34	772.07	1,420	38,668
11/30/2016	747.45	761.38	747.45	752.41	392	38,412
11/29/2016	733.66	755.14	731.98	745.98	311	37,703
11/28/2016	732.18	819.83	726.77	734.22	159	37,923
11/27/2016	738.82	746.04	731.92	731.92	60	38,266
11/26/2016	739.10	745.61	727.79	738.99	770	38,503
11/25/2016	761.04	770.78	734.69	738.48	696	39,646
11/24/2016	764.45	768.55	748.97	761.00	0	39,823
11/23/2016	762.80	766.49	756.52	764.70	1	39,737
11/22/2016	760.05	767.39	756.65	762.53	240	39,594
11/21/2016	752.75	766.55	743.39	759.84	239	39,214
11/20/2016	775.75	786.75	748.32	752.75	101	40,536
11/19/2016	774.10	777.63	765.03	775.55	15	40,450
11/18/2016	760.79	793.97	742.05	773.98	36	39,754
11/17/2016	760.50	817.94	749.27	760.26	1,082	39,637
11/16/2016	725.25	782.05	716.49	762.51	496	37,800
11/15/2016	712.21	725.57	710.89	725.57	395	37,121
11/14/2016	716.89	727.03	707.07	711.87	190	37,365
11/13/2016	732.16	733.81	705.39	716.92	210	38,160
11/12/2016	727.88	762.24	711.19	732.23	245	38,927
11/11/2016	729.30	731.24	724.33	727.94	6	39,003
11/10/2016	726.69	737.17	723.21	735.85	11	38,900
11/09/2016	715.06	770.43	706.23	726.22	460	38,117
11/08/2016	707.81	721.51	707.73	715.22	41	37,305
11/07/2016	718.11	723.30	702.25	706.83	531	37,471
11/06/2016	716.52	722.48	707.62	717.79	636	37,639
11/05/2016	708.39	724.33	696.20	716.55	453	37,460
11/04/2016	690.44	726.68	686.83	707.05	529	36,704
11/03/2016	740.27	763.65	685.78	690.45	1,486	39,158
11/02/2016	734.33	764.61	725.93	738.74	458	38,851
11/01/2016	710.34	779.77	710.34	733.96	912	37,973
10/31/2016	675.39	727.04	655.01	710.42	672	35,843
10/30/2016	722.36	749.56	668.01	675.30	4,332	37,541
10/29/2016	669.34	740.53	637.82	722.21	5,947	36,867
10/28/2016	702.28	820.48	664.44	669.72	151	38,425
10/27/2016	674.63	719.88	674.63	703.96	1,814	37,114
10/26/2016	674.13	693.93	669.39	674.84	715	37,289
10/25/2016	654.83	682.31	653.32	673.91	257	36,222
10/24/2016	663.75	680.02	655.01	655.01	15	36,715
10/23/2016	658.38	673.98	657.14	666.45	259	36,793
10/22/2016	635.64	665.81	632.58	657.96	40	35,523
10/21/2016	636.82	638.77	622.21	635.73	344	35,625
10/20/2016	629.55	654.67	624.48	636.87	331	35,377
10/19/2016	664.87	684.04	626.35	629.57	151	37,295
10/18/2016	659.18	787.96	645.95	662.74	188	36,779
10/17/2016	643.98	711.98	616.66	659.24	6,167	37,058
10/16/2016	672.98	769.08	639.87	644.30	41	38,592
10/15/2016	658.99	675.28	651.67	672.50	407	37,724
10/14/2016	645.39	855.35	639.42	660.24	510	36,945
10/13/2016	659.01	661.81	635.43	643.02	187	37,725
10/12/2016	636.27	660.32	636.27	659.03	513	36,296
10/11/2016	631.14	644.06	620.04	635.96	577	35,435
10/10/2016	614.42	634.72	609.83	628.79	55	34,496
10/09/2016	628.93	678.53	614.69	614.69	802	35,280
10/08/2016	625.52	634.18	617.50	628.91	563	35,088
10/07/2016	619.63	631.61	616.61	625.34	3	34,758
10/06/2016	622.13	622.28	618.61	619.64	493	34,898
10/05/2016	616.92	623.87	616.09	622.15	0	34,575
10/04/2016	614.61	627.02	609.76	616.99	1	34,415
10/03/2016	620.92	637.14	613.46	614.87	236	34,520
10/02/2016	625.90	629.47	619.94	622.58	440	34,797
10/01/2016	617.83	626.07	611.81	625.75	813	34,434
09/29/2016	616.82	617.58	616.82	617.12	132	34,471
09/28/2016	615.37	617.67	608.39	616.89	185	34,390
09/27/2016	622.82	623.43	604.74	615.47	587	34,750
09/26/2016	598.61	623.13	586.42	622.57	2	33,399
09/25/2016	611.48	612.19	580.75	600.51	307	34,130
09/24/2016	617.74	638.64	614.59	638.13	2	34,479
09/23/2016	618.87	623.41	611.57	620.13	118	34,604
09/22/2016	627.45	629.71	616.50	618.85	66	35,084
09/21/2016	623.16	882.92	609.85	615.75	15	34,856
09/20/2016	621.65	631.73	618.09	618.57	1,035	34,461
09/19/2016	660.83	660.83	611.90	621.64	5	36,633
09/18/2016	616.27	661.12	615.07	660.86	3	34,163
09/17/2016	618.41	631.36	609.41	616.38	568	34,887
09/16/2016	633.97	636.12	614.06	618.16	242	35,628
09/15/2016	678.00	711.29	620.29	634.19	720	38,780
09/14/2016	624.61	682.37	616.12	682.11	0	35,574
09/13/2016	649.19	656.16	614.25	625.38	4,704	37,611
09/12/2016	611.72	677.37	610.22	649.08	2	35,379
09/11/2016	641.57	658.00	608.04	614.42	160	36,934
09/10/2016	626.53	656.72	615.55	641.04	308	35,768
09/09/2016	687.29	697.21	621.14	628.39	1	39,236
09/08/2016	606.16	702.84	599.91	689.30	512	34,605
09/07/2016	613.18	618.19	600.15	606.16	150	35,006
09/06/2016	618.35	624.63	604.96	611.97	669	36,043
09/05/2016	692.58	693.25	591.03	617.15	1,211	40,831
09/04/2016	586.86	703.33	507.33	692.12	3,047	33,659
09/03/2016	569.66	610.70	545.15	586.41	267	32,673
09/02/2016	563.48	583.93	561.21	569.66	57	32,320
09/01/2016	587.41	593.90	562.36	563.53	1,261	33,605
08/31/2016	610.89	621.42	573.24	587.48	2,269	34,948
08/30/2016	594.39	636.98	573.77	609.42	972	32,221
08/29/2016	601.09	686.09	570.46	600.18	2,076	32,672
08/28/2016	581.54	620.18	581.03	601.30	133	31,609
08/27/2016	585.45	616.50	575.54	581.90	834	31,822
08/26/2016	625.12	625.12	584.96	585.38	105	33,985
08/25/2016	587.84	630.89	586.23	626.42	312	31,958
08/24/2016	567.20	589.01	564.51	588.06	2	30,835
08/23/2016	616.14	619.02	564.76	567.31	1,376	32,270
08/22/2016	627.53	630.84	596.01	616.23	605	32,616
08/21/2016	621.91	632.56	608.95	627.09	18	32,000
08/20/2016	601.54	637.18	601.54	621.66	139	30,952
08/19/2016	624.65	629.71	601.43	601.63	164	32,141
08/18/2016	599.77	630.47	587.50	624.51	882	30,861
08/17/2016	614.82	658.89	575.33	600.11	2,347	30,265
08/16/2016	576.56	620.51	576.36	614.75	455	28,150
08/15/2016	599.60	622.96	574.17	576.65	7	29,281
08/14/2016	587.68	607.81	579.04	599.65	2	28,699
08/13/2016	591.50	688.63	583.75	587.25	5,573	27,762
08/12/2016	632.45	632.45	590.25	591.57	1	29,684
08/11/2016	621.59	635.44	588.83	631.67	521	28,615
08/10/2016	609.63	658.67	606.95	622.47	1,159	28,107
08/09/2016	638.50	671.59	602.94	609.37	23	29,438
08/08/2016	625.42	639.34	598.57	638.45	194	28,901
08/07/2016	642.69	644.20	614.15	626.12	488	29,149
08/06/2016	611.01	644.62	587.02	643.27	1,375	28,171
08/05/2016	602.22	613.87	586.07	610.94	2	27,163
08/04/2016	590.28	601.24	553.20	600.78	14	26,625
08/03/2016	573.78	596.57	566.45	590.35	15	26,452
08/02/2016	618.61	629.43	555.72	573.03	691	28,705
08/01/2016	650.86	660.88	617.49	617.49	1,549	30,852
07/31/2016	687.03	688.91	632.44	652.09	1,480	32,360
07/30/2016	697.27	698.82	680.29	687.09	5	33,052
07/29/2016	699.96	714.49	694.25	697.22	152	33,669
07/28/2016	695.42	715.64	693.16	700.12	5	33,451
07/27/2016	668.77	708.66	663.01	695.70	357	32,383
07/26/2016	650.21	688.04	646.94	670.18	1,615	31,601
07/25/2016	685.11	685.73	654.70	654.70	10	32,955
07/24/2016	679.89	686.13	675.59	685.09	213	32,704
07/23/2016	704.05	707.59	696.48	707.59	21	33,866
07/22/2016	714.91	715.22	686.21	703.96	21	35,104
07/21/2016	688.22	715.51	669.58	715.15	693	33,795
07/20/2016	739.96	767.04	683.12	688.26	2,586	35,497
07/19/2016	686.10	743.60	667.54	741.81	0	32,842
07/18/2016	668.30	745.64	660.00	684.31	494	31,829
07/17/2016	715.72	741.95	668.27	668.90	47	34,091
07/16/2016	720.24	766.13	693.13	716.36	7	34,306
07/15/2016	699.96	725.40	676.25	720.88	437	33,347
07/14/2016	701.66	720.60	657.80	701.14	790	33,373
07/13/2016	709.44	788.40	681.10	700.56	2,924	32,203
07/12/2016	730.10	741.84	683.10	705.99	1,113	32,658
07/11/2016	707.29	744.67	686.77	730.15	343	31,779
07/10/2016	713.80	770.68	658.24	707.74	1,934	31,572
07/09/2016	727.66	727.66	696.45	716.31	129	34,368
07/08/2016	690.61	730.85	688.13	730.85	149	32,618
07/07/2016	638.05	690.02	634.00	690.02	223	30,136
07/06/2016	716.53	722.11	683.13	712.43	15	34,129
07/05/2016	715.87	719.19	677.56	716.48	247	34,097
07/04/2016	688.12	720.88	673.36	720.84	269	32,775
07/03/2016	741.17	751.24	676.37	684.26	291	35,895
07/02/2016	709.66	752.20	702.07	740.69	32	33,378
07/01/2016	742.34	747.74	676.82	709.29	476	34,959
06/30/2016	696.42	773.72	652.90	743.80	1,239	32,748
06/29/2016	678.31	759.28	646.32	701.37	2,098	32,155
06/28/2016	698.64	778.33	652.94	678.53	7,023	31,838
06/27/2016	678.69	708.68	672.13	695.45	416	30,943
06/26/2016	686.31	737.96	663.13	678.23	1,003	31,361
06/25/2016	685.29	734.46	668.92	686.35	422	30,971
06/24/2016	673.55	730.14	668.18	682.54	435	30,382
06/23/2016	673.02	677.83	589.02	672.72	2,338	29,955
06/22/2016	693.59	761.59	659.66	659.66	1,331	30,930
06/21/2016	788.90	852.12	676.28	693.17	988	34,531
06/20/2016	827.24	836.15	762.63	792.65	433	36,499
06/19/2016	802.09	889.78	779.86	826.74	1,315	36,029
06/18/2016	807.16	822.93	775.30	807.00	226	36,285
06/17/2016	797.51	841.47	735.59	807.14	3,043	36,016
06/16/2016	732.23	820.15	706.60	797.57	1,329	33,550
06/15/2016	717.88	732.69	667.57	727.17	538	32,978
06/14/2016	742.62	791.65	703.23	715.73	1,453	33,864
06/13/2016	744.33	778.98	690.50	742.83	776	33,899
06/12/2016	631.98	766.87	631.98	744.09	2,472	29,520
06/11/2016	600.63	628.33	593.31	627.04	213	27,875
06/10/2016	605.14	615.16	583.97	600.88	656	27,965
06/09/2016	634.99	638.94	594.59	607.77	529	29,382
06/08/2016	596.89	643.26	582.21	636.16	27	27,619
06/07/2016	614.45	617.29	589.54	596.86	444	28,486
06/06/2016	626.44	628.50	593.81	614.39	999	28,428
06/05/2016	614.45	626.52	593.60	626.52	625	27,699
06/04/2016	579.60	614.89	579.60	614.33	407	26,325
06/03/2016	579.58	593.21	549.28	579.45	51	26,324
06/02/2016	552.02	582.77	549.45	580.35	195	24,954
06/01/2016	575.44	602.04	544.70	555.18	42	26,013
05/31/2016	551.74	602.22	519.58	575.48	1,296	25,656
05/30/2016	548.50	562.56	545.95	552.21	778	24,642
05/29/2016	562.12	606.48	498.92	548.49	3,307	26,853
05/28/2016	536.15	600.35	519.78	562.10	2,043	24,529
05/27/2016	469.77	538.44	460.48	536.35	4,728	22,526
05/26/2016	475.09	480.77	418.20	469.76	388	22,893
05/25/2016	436.49	487.53	436.49	474.05	246	21,257
05/24/2016	453.20	462.85	433.65	436.10	73	22,070
05/23/2016	438.85	453.39	436.23	453.33	50	21,371
05/22/2016	442.94	448.32	437.78	438.96	61	21,571
05/21/2016	451.55	455.08	422.94	442.95	21	21,990
05/20/2016	473.95	476.29	449.89	451.33	168	23,081
05/19/2016	462.67	475.17	454.27	474.26	11	22,531
05/18/2016	488.11	488.52	456.31	461.42	305	23,771
05/17/2016	463.18	531.16	461.96	487.89	17	22,695
05/16/2016	464.04	464.90	451.98	463.01	276	22,738
05/15/2016	466.85	488.03	456.45	463.79	68	22,875
05/14/2016	452.87	470.40	451.57	466.69	34	22,114
05/13/2016	451.30	468.93	448.82	452.19	340	22,082
05/12/2016	461.97	491.41	450.17	450.72	2	22,604
05/11/2016	470.15	470.15	450.64	461.58	174	23,289
05/10/2016	493.41	504.85	465.62	469.97	220	24,638
05/09/2016	461.84	497.30	438.25	493.50	435	23,586
05/08/2016	467.35	489.62	458.08	461.51	97	23,844
05/07/2016	503.38	503.58	448.77	467.26	899	25,086
05/06/2016	443.76	503.88	439.59	503.88	712	22,682
05/05/2016	459.31	459.88	434.78	443.92	28	23,500
05/04/2016	459.62	466.29	451.08	459.06	76	23,516
05/03/2016	486.52	486.62	446.83	449.07	631	24,373
05/02/2016	488.59	535.64	439.17	486.14	864	24,721
05/01/2016	463.00	499.21	451.27	488.25	578	23,079
04/30/2016	461.49	481.70	452.76	463.29	61	23,038
04/29/2016	486.72	494.84	437.19	460.59	90	24,316
04/28/2016	451.01	513.74	437.40	486.77	314	22,853
04/27/2016	474.92	495.23	449.31	450.42	390	23,636
04/26/2016	522.67	522.67	458.23	474.93	233	26,361
04/25/2016	501.81	530.66	446.29	521.67	3,169	27,950
04/24/2016	450.17	505.20	427.31	501.79	848	25,065
04/23/2016	493.31	497.99	445.74	450.08	788	27,557
04/22/2016	444.29	493.25	441.76	493.25	1,399	26,042
04/21/2016	446.45	460.85	441.68	443.74	561	26,459
04/20/2016	460.44	462.35	425.56	444.28	65	27,293
04/19/2016	431.80	1247.52	429.66	460.64	93	25,553
04/18/2016	458.01	467.35	425.04	431.68	1	26,892
04/17/2016	463.50	489.95	433.63	457.80	891	26,982
04/16/2016	418.50	510.98	414.17	462.42	2,169	25,058
04/15/2016	433.32	450.14	418.27	418.27	1,963	26,206
04/14/2016	418.45	439.35	414.81	432.86	148	25,307
04/13/2016	433.28	443.94	416.79	418.86	176	26,204
04/12/2016	419.71	448.86	409.85	437.06	532	25,232
04/11/2016	420.89	425.85	396.97	419.64	987	25,685
04/10/2016	428.26	435.56	405.04	420.80	1,822	25,561
04/09/2016	431.72	438.15	413.05	428.73	571	25,635
04/08/2016	433.40	437.60	424.45	431.24	1,089	26,319
04/07/2016	432.76	438.61	425.28	433.23	212	26,280
04/06/2016	435.01	440.16	417.49	432.78	224	26,417
04/05/2016	428.01	439.16	424.23	434.98	183	25,991
04/04/2016	448.25	466.99	423.64	427.64	828	27,466
04/03/2016	435.05	460.93	415.91	448.03	1,339	25,872
04/02/2016	432.13	440.17	415.41	433.01	494	25,525
04/01/2016	434.45	448.54	428.23	432.98	327	25,680
03/31/2016	437.28	439.58	426.92	434.84	640	25,829
03/30/2016	437.14	453.05	402.47	435.69	278	25,780
03/29/2016	444.14	448.25	422.91	436.63	322	25,970
03/28/2016	463.63	463.63	417.86	444.75	619	26,729
03/27/2016	454.80	472.86	413.06	466.44	904	26,515
03/26/2016	444.01	476.55	436.54	455.99	1,073	25,746
03/25/2016	447.51	468.61	426.55	447.03	260	25,901
03/24/2016	450.58	450.58	416.24	447.50	841	26,971
03/23/2016	432.98	447.36	420.10	445.48	504	25,822
03/22/2016	444.50	449.38	415.92	434.39	193	26,634
03/21/2016	431.51	467.38	423.55	446.74	731	25,424
03/20/2016	426.43	442.92	418.69	432.72	787	25,338
03/19/2016	465.68	465.68	394.48	426.49	1,334	27,204
03/18/2016	419.97	467.23	372.36	464.36	4,567	26,752
03/17/2016	411.88	435.88	407.95	423.19	1,782	27,192
03/16/2016	414.02	438.17	408.92	413.82	1,110	27,072
03/15/2016	418.17	440.76	402.20	416.36	1,443	27,553
03/14/2016	399.94	430.84	382.17	414.78	4,472	27,506
03/13/2016	455.80	468.14	403.55	414.55	2,363	31,803
03/12/2016	420.45	436.69	404.58	416.44	1,327	28,914
03/11/2016	423.43	448.81	382.60	421.46	3,097	27,374
03/10/2016	417.43	485.37	386.77	416.10	7,136	23,035
03/09/2016	413.12	420.34	404.52	416.38	1,102	22,648
03/08/2016	417.99	423.03	405.03	412.18	1,051	22,999
03/07/2016	411.63	429.82	398.06	411.49	922	24,101
03/06/2016	324.32	446.00	321.92	399.47	2,642	18,064
03/05/2016	412.90	422.51	376.48	381.78	1,362	22,874
03/04/2016	425.50	432.89	413.15	414.24	1,010	24,257
03/03/2016	420.60	430.32	416.15	427.10	602	23,957
03/02/2016	436.19	440.71	420.22	422.02	1,673	24,675
03/01/2016	438.99	442.74	430.62	433.11	929	24,636
02/29/2016	438.41	445.57	434.11	437.35	1,230	22,679
02/28/2016	427.49	440.43	418.80	436.03	270	22,015
02/27/2016	433.77	435.87	423.85	432.15	79	22,339
02/26/2016	425.51	431.59	420.98	429.87	283	22,305
02/25/2016	425.05	429.71	418.50	422.54	379	22,247
02/24/2016	416.36	429.21	416.02	427.03	311	21,689
02/23/2016	434.75	441.66	413.82	418.74	822	22,368
02/22/2016	438.27	447.13	429.79	438.31	1	22,549
02/21/2016	438.95	457.85	434.69	441.57	778	22,715
02/20/2016	418.01	443.42	411.31	441.18	385	21,632
02/19/2016	422.48	432.71	417.32	427.28	735	22,049
02/18/2016	429.62	436.69	420.26	427.13	277	22,437
02/17/2016	412.44	440.60	403.55	425.89	1,349	21,540
02/16/2016	407.88	422.31	388.60	412.70	1,280	20,498
02/15/2016	414.58	419.48	398.19	399.41	152	20,704
02/14/2016	407.66	419.24	402.51	419.24	470	20,334
02/13/2016	384.42	411.05	380.11	394.88	902	19,431
02/12/2016	396.63	469.44	374.73	384.61	1,356	19,728
02/11/2016	382.37	390.14	375.36	385.64	479	18,961
02/10/2016	384.69	393.74	376.94	387.35	827	19,122
02/08/2016	380.58	384.63	370.67	377.76	117	18,956
02/07/2016	405.89	405.89	374.85	381.48	553	20,419
02/06/2016	384.69	386.50	380.96	382.95	130	19,353
02/05/2016	392.25	400.17	384.83	394.65	720	19,694
02/04/2016	374.25	395.94	370.93	392.19	355	19,114
02/03/2016	374.48	375.53	363.35	367.78	335	18,951
02/02/2016	374.28	381.32	363.90	372.67	1,089	19,091
02/01/2016	376.38	376.40	368.56	369.90	2	19,198
01/31/2016	378.82	388.25	368.96	370.21	1,886	18,479
01/30/2016	384.33	394.16	369.53	373.62	330	18,653
01/29/2016	366.04	387.99	365.42	374.11	327	17,665
01/28/2016	412.50	447.50	366.98	391.34	960	19,538
01/27/2016	398.34	422.83	383.68	408.67	333	18,708
01/26/2016	401.75	430.68	385.69	400.77	2,217	34,336
01/25/2016	399.66	413.31	389.93	393.63	1,954	34,385
01/24/2016	394.64	408.83	386.42	407.94	740	34,376
01/23/2016	397.10	399.08	383.69	393.54	303	18,587
01/22/2016	389.04	394.16	384.71	387.55	224	18,210
01/21/2016	420.63	423.71	408.06	411.27	3	19,260
01/20/2016	386.02	430.24	376.32	425.44	399	17,954
01/19/2016	388.50	391.06	380.72	383.66	164	18,175
01/18/2016	384.17	393.21	380.79	389.09	580	18,409
01/17/2016	389.18	391.59	377.35	386.58	250	19,017
01/16/2016	374.13	390.16	343.10	386.69	250	17,424
01/15/2016	412.80	418.65	376.67	377.03	1,450	19,087
01/14/2016	459.19	459.19	420.78	426.88	1,932	19,980
01/13/2016	444.58	448.93	426.69	443.15	670	18,716
01/12/2016	454.54	470.81	441.80	449.65	27	18,994
01/10/2016	448.95	459.81	439.27	457.48	37	18,705
01/09/2016	469.87	477.24	437.39	463.88	362	19,491
01/08/2016	461.66	472.03	447.53	472.03	56	18,966
01/07/2016	446.10	536.20	400.69	472.53	4,888	22,084
01/06/2016	430.67	435.24	418.61	431.51	547	20,926
01/05/2016	428.02	432.88	427.41	432.11	70	20,423
01/04/2016	432.93	433.52	428.34	430.98	111	20,639
01/03/2016	429.00	430.41	421.34	426.56	173	20,452
01/02/2016	433.90	439.78	431.77	432.33	1	20,685
01/01/2016	435.64	438.28	429.70	433.10	41	20,768
12/31/2015	424.92	430.74	413.03	427.17	506	20,183
12/30/2015	424.49	431.43	423.99	425.59	662	19,573
12/29/2015	435.22	440.44	425.31	432.01	663	20,068
12/28/2015	423.06	430.57	418.76	423.60	30	19,507
12/27/2015	420.98	427.18	410.82	422.35	0	19,317
12/26/2015	419.54	420.88	406.94	414.02	597	19,219
12/25/2015	460.84	463.76	445.45	454.65	3	21,111
12/24/2015	476.22	1626.05	444.36	454.18	346	21,262
12/23/2015	441.21	460.72	439.57	454.79	94	19,699
12/22/2015	444.57	447.63	432.87	437.62	187	19,746
12/21/2015	444.12	450.09	428.47	441.69	119	19,726
12/20/2015	476.58	476.58	439.33	446.75	334	21,460
12/19/2015	473.19	478.62	467.12	470.56	2	21,308
12/18/2015	459.68	477.70	455.97	470.72	30	20,711
12/17/2015	456.51	463.24	453.85	461.13	46	20,559
12/16/2015	477.48	477.48	452.35	460.39	769	21,270
12/15/2015	456.91	470.32	451.04	470.32	270	19,854
12/14/2015	443.30	452.61	439.72	452.61	23	19,286
12/13/2015	441.69	449.79	429.07	439.66	63	19,316
12/12/2015	431.67	441.11	411.44	438.21	110	18,882
12/11/2015	441.11	459.31	434.88	452.86	30	19,295
12/10/2015	430.47	431.70	413.74	420.93	433	18,302
12/09/2015	412.28	441.63	411.93	430.43	98	17,529
12/08/2015	395.67	422.32	391.67	405.71	210	16,695
12/07/2015	398.91	409.09	392.90	395.81	9	16,785
12/06/2015	394.94	407.72	393.19	398.99	129	16,746
12/05/2015	373.18	394.44	370.61	393.79	2,175	16,160
12/04/2015	366.49	400.15	360.07	368.50	85	15,431
12/03/2015	368.31	372.79	361.01	369.12	1,018	15,590
12/02/2015	357.61	365.54	353.60	364.02	0	15,173
12/01/2015	365.81	369.77	363.19	365.61	369	15,429
11/30/2015	387.50	391.18	379.00	382.20	76	16,339
11/29/2015	359.23	375.22	358.31	370.82	547	15,100
11/28/2015	359.57	369.23	353.00	359.21	263	15,271
11/27/2015	359.45	369.58	349.82	365.44	645	15,290
11/26/2015	346.89	364.98	341.88	364.98	446	14,775
11/25/2015	321.59	331.84	317.39	329.63	218	13,505
11/24/2015	326.07	330.08	318.61	323.62	564	15,323
11/23/2015	326.14	330.96	323.52	330.96	7	15,335
10/13/2015	246.05	246.24	240.99	242.75	4	10,624
10/12/2015	384.53	402.84	244.19	244.19	4	16,604
10/11/2015	370.87	395.66	368.56	383.85	67	15,987
10/10/2015	367.91	373.13	366.78	372.26	9	15,859
10/07/2015	324.39	339.77	324.39	336.61	101	13,983
10/06/2015	239.04	327.95	229.32	326.26	98	10,304
10/05/2015	238.82	259.44	229.11	239.98	363	10,468
10/03/2015	264.26	274.38	262.28	270.00	127	11,583
10/02/2015	262.29	276.57	245.78	264.44	125	11,713
10/01/2015	270.50	277.92	263.54	267.55	23	12,080
09/30/2015	284.78	290.09	266.17	269.44	24	12,717
09/29/2015	271.90	286.08	259.30	286.08	52	12,142
09/28/2015	273.02	273.93	253.19	269.69	94	12,973
09/27/2015	342.12	430.18	272.23	272.99	558	16,272
09/26/2015	305.07	331.47	305.07	311.51	119	14,509
09/25/2015	305.13	305.25	301.82	304.90	117	14,512
09/22/2015	306.31	306.31	258.89	262.06	207	14,236
09/21/2015	407.38	484.93	272.46	461.73	1,615	18,953
09/20/2015	360.87	415.88	360.11	413.96	33	16,753
09/19/2015	317.57	332.72	306.14	322.71	37	14,746
09/18/2015	307.75	323.85	268.44	316.77	802	14,100
09/17/2015	297.37	304.29	285.82	300.61	25	13,625
09/16/2015	317.08	330.99	280.80	296.20	54	14,469
09/13/2015	276.39	276.89	263.44	263.73	26	12,612
09/12/2015	278.15	280.80	272.59	276.07	27	12,695
09/10/2015	277.82	289.32	275.35	279.94	141	12,680
09/09/2015	257.77	287.36	253.83	278.21	140	11,893
09/08/2015	271.57	274.59	257.72	257.72	179	12,530
09/07/2015	279.95	305.99	271.28	279.69	41	13,057
09/06/2015	391.38	396.74	279.87	279.87	150	18,108
09/05/2015	300.36	411.28	298.97	393.55	49	13,886
08/27/2015	229.71	229.71	223.31	228.99	1	10,619
08/26/2015	229.30	232.96	226.19	229.46	1	10,601
08/25/2015	214.04	214.22	199.85	206.90	0	9,895
08/24/2015	227.27	230.75	211.68	214.21	0	10,507
08/23/2015	249.96	253.03	245.33	251.48	25	11,556
08/22/2015	258.94	263.06	246.55	249.04	25	11,996
08/21/2015	277.16	277.58	256.48	258.80	24	12,867
08/20/2015	270.19	277.18	268.02	277.07	13	12,543
08/19/2015	261.77	286.59	261.77	284.96	25	12,152
08/18/2015	295.39	297.23	264.59	264.59	23	13,688
08/16/2015	286.37	286.52	286.37	286.40	14	13,270
08/15/2015	308.08	312.92	279.94	286.36	14	14,276
08/14/2015	320.54	334.15	302.87	308.81	713	14,834
08/13/2015	268.39	320.29	262.83	320.29	27	12,398
08/12/2015	273.42	276.57	267.85	270.10	0	12,630
08/11/2015	261.38	276.03	258.38	276.03	2	12,074
08/10/2015	268.38	274.33	259.76	261.33	1	12,398
08/09/2015	262.50	271.74	262.50	268.44	3	12,124
08/07/2015	276.77	278.74	271.95	275.94	26	12,783
08/06/2015	304.37	307.96	274.37	277.48	27	14,084
08/05/2015	307.83	316.80	300.86	304.38	95	14,335
08/04/2015	314.63	317.16	307.08	307.21	82	14,652
08/03/2015	321.91	322.05	281.76	282.30	0	15,077
08/02/2015	308.90	322.25	299.21	321.89	862	14,478
08/01/2015	286.72	310.20	281.94	309.03	184	13,438
07/31/2015	287.56	292.23	280.49	287.38	5	13,601
07/30/2015	284.86	291.37	283.24	288.12	5	13,473
07/29/2015	322.36	322.61	313.62	317.24	32	15,252
07/28/2015	314.84	323.81	311.37	321.76	253	15,112
07/27/2015	335.18	336.64	326.50	326.50	1,149	16,123
07/26/2015	312.93	338.40	302.80	335.19	3,484	15,042
07/25/2015	317.53	325.32	311.53	312.96	526	15,817
07/24/2015	311.55	320.37	307.85	317.63	58	15,520
07/23/2015	280.59	317.39	275.37	311.46	58	13,977
07/21/2015	290.93	301.08	287.62	291.55	285	14,492
07/20/2015	303.87	313.89	285.82	291.03	298	15,449
07/19/2015	306.08	314.75	299.36	303.61	102	15,669
07/18/2015	306.87	310.52	303.48	305.97	409	15,718
07/17/2015	326.10	339.28	322.58	326.06	6	16,703
07/16/2015	317.44	351.66	273.23	326.21	291	16,280
07/15/2015	325.70	326.81	288.35	291.96	1	16,721
07/14/2015	317.66	330.71	317.20	326.52	30	16,309
07/13/2015	343.80	343.80	278.47	293.93	5	17,651
07/12/2015	326.16	345.87	321.50	344.13	50	16,781
07/11/2015	302.75	326.73	292.26	321.41	410	15,983
07/10/2015	277.03	321.79	277.01	303.88	72	14,687
07/08/2015	273.53	279.40	267.83	274.89	13	14,501
07/07/2015	271.31	325.10	257.82	273.55	219	14,448
07/06/2015	272.29	277.65	265.54	271.40	1	14,500
07/05/2015	262.01	274.89	254.08	272.14	330	14,190
07/04/2015	257.08	263.83	250.79	262.03	52	13,923
07/03/2015	255.65	258.34	251.10	257.74	3,453	13,846
07/02/2015	251.06	254.81	245.32	245.88	13	13,597
07/01/2015	246.69	253.98	246.69	251.01	14	13,360
06/30/2015	258.95	266.78	254.46	260.54	1,119	14,025
06/29/2015	268.55	275.76	256.15	259.88	1,117	14,544
06/28/2015	251.52	271.35	251.52	269.02	130	13,622
06/25/2015	227.06	234.06	220.68	229.42	12	12,316
06/24/2015	246.92	251.51	222.40	227.06	24	13,539
06/23/2015	234.13	249.75	233.96	246.93	531	12,865
06/22/2015	244.44	253.25	244.43	251.58	52	13,431
06/21/2015	251.16	257.49	237.54	244.39	1,836	13,867
06/20/2015	247.43	261.19	231.16	250.42	25	13,690
06/19/2015	260.09	273.84	245.03	245.03	905	14,924
06/18/2015	247.62	266.51	245.92	256.72	220	14,200
06/17/2015	273.67	327.25	273.67	293.25	130	15,694
06/16/2015	248.78	273.58	245.79	273.58	57	14,267
06/14/2015	241.97	247.04	239.08	246.85	5	13,876
06/13/2015	229.02	244.11	226.37	241.62	244	12,904
06/12/2015	229.00	233.68	219.48	229.05	399	12,903
06/11/2015	240.70	240.96	226.88	229.04	2,451	13,556
06/10/2015	267.35	271.31	238.55	240.70	464	15,016
06/09/2015	233.48	292.25	229.94	264.52	132	13,156
06/08/2015	245.06	253.64	236.93	245.53	511	13,630
06/07/2015	244.66	257.15	223.16	245.83	79	13,529
06/06/2015	245.67	256.02	243.96	244.66	155	13,429
06/05/2015	251.77	260.06	240.22	245.62	84	13,676
06/04/2015	249.77	252.51	247.10	251.78	19	13,567
06/03/2015	246.05	251.03	230.56	248.54	580	13,166
06/02/2015	224.56	248.20	218.85	245.59	162	12,040
06/01/2015	245.75	245.75	220.84	224.29	2	13,176
05/31/2015	234.18	257.88	234.11	245.87	92	12,480
05/30/2015	269.98	276.10	229.72	234.20	2,056	14,387
05/29/2015	244.76	267.28	231.56	267.28	2,705	13,141
05/28/2015	274.48	296.14	230.93	244.84	7,057	14,250
05/27/2015	264.53	289.09	264.53	273.38	4,296	13,658
05/26/2015	239.25	251.01	236.85	241.96	0	12,116
05/25/2015	251.81	265.06	236.24	239.64	324	12,741
05/24/2015	231.54	231.54	202.53	223.48	573	11,723
05/23/2015	250.72	295.57	231.45	231.45	2,393	12,230
05/22/2015	248.56	296.86	234.95	249.29	600	12,185
05/21/2015	260.65	262.97	239.94	247.48	414	12,613
05/20/2015	280.80	283.92	256.81	260.55	31	13,574
05/19/2015	252.61	255.97	251.34	254.81	10	12,211
05/18/2015	249.60	258.37	246.59	252.61	10	12,066
05/17/2015	242.05	252.68	238.97	249.61	281	11,643
05/16/2015	321.22	321.39	234.34	242.10	96	15,562
05/15/2015	244.97	328.61	235.46	321.19	196	11,865
05/14/2015	237.36	254.31	236.84	244.97	245	11,895
05/13/2015	283.21	469.67	237.47	237.47	422	14,192
05/12/2015	243.45	297.95	239.41	283.25	2,417	13,040
05/11/2015	257.89	267.84	244.31	244.37	1	13,814
05/10/2015	274.92	274.92	253.15	258.47	124	14,727
05/09/2015	285.09	285.13	235.27	243.30	0	15,271
05/08/2015	272.12	289.05	271.64	285.07	10	14,576
05/07/2015	250.44	257.92	249.00	257.92	8	13,470
05/06/2015	265.38	276.39	250.11	250.15	41	14,278
05/05/2015	265.56	276.26	259.35	265.38	858	14,288
05/04/2015	242.65	272.50	233.03	266.52	656	13,429
05/02/2015	242.35	245.86	238.25	243.01	121	13,412
05/01/2015	236.04	268.01	233.73	242.01	127	13,053
04/30/2015	242.87	244.59	229.01	236.51	888	14,258
04/29/2015	243.47	262.19	228.34	243.48	413	14,276
04/28/2015	302.88	304.62	242.96	243.39	254	17,786
04/27/2015	230.29	303.43	225.97	303.43	771	13,540
04/26/2015	244.37	265.23	221.32	230.25	4	14,680
04/25/2015	237.33	263.17	231.93	244.42	594	14,319
04/24/2015	238.81	272.22	232.20	237.35	623	14,765
04/23/2015	238.63	249.72	237.34	238.94	1,089	14,653
04/22/2015	261.90	267.23	236.51	238.56	1,977	16,135
04/21/2015	228.92	253.93	225.66	248.25	466	14,101
04/20/2015	229.32	282.39	226.53	228.91	308	14,846
04/19/2015	233.55	236.47	229.06	229.44	499	14,787
04/18/2015	231.32	234.54	229.79	233.61	389	14,269
04/17/2015	238.01	239.79	225.44	231.31	1,026	14,675
04/16/2015	246.46	250.80	229.50	237.29	427	15,483
04/15/2015	221.00	249.10	221.00	247.00	1,649	14,267
04/14/2015	236.93	237.58	218.46	220.98	2,442	16,755
04/13/2015	243.62	256.69	236.83	236.93	4,500	16,023
04/12/2015	253.66	264.59	240.70	243.45	3	16,683
04/11/2015	241.06	257.14	226.21	253.75	707	16,189
04/10/2015	262.30	264.32	232.55	241.53	282	17,833
04/09/2015	255.22	255.22	249.60	251.66	880	17,366
04/08/2015	280.00	280.25	255.38	255.38	1,708	19,608
04/07/2015	259.05	287.85	252.69	280.05	4,188	17,856
04/06/2015	262.68	270.11	252.91	259.34	646	17,838
04/05/2015	271.83	272.13	258.35	262.26	4	18,463
04/04/2015	272.54	313.57	265.93	271.85	283	18,649
04/03/2015	269.74	277.16	260.05	272.28	1,064	18,668
04/02/2015	253.63	274.53	246.28	269.44	1,451	17,284
04/01/2015	263.81	274.61	249.24	253.65	6	17,978
03/31/2015	250.88	266.31	250.88	263.78	190	17,124
03/30/2015	267.58	270.20	245.11	251.07	318	18,753
03/29/2015	296.57	310.74	267.55	267.57	828	20,934
03/28/2015	253.07	297.20	251.95	296.60	1,540	17,727
03/27/2015	284.76	288.25	251.30	253.56	3	19,945
03/26/2015	261.10	286.70	254.75	286.70	1,036	18,593
03/25/2015	235.04	268.29	217.84	261.10	551	16,749
03/24/2015	278.12	281.53	235.57	238.76	570	19,680
03/23/2015	274.79	283.50	243.07	275.08	1,750	18,765
03/22/2015	302.75	302.75	262.40	274.55	4,332	19,885
03/21/2015	267.91	288.59	262.47	271.16	317	18,024
03/20/2015	269.07	278.36	265.44	267.91	456	19,853
03/19/2015	259.59	272.60	251.00	269.65	107	19,556
03/18/2015	293.24	293.24	254.26	259.23	1,500	21,788
03/17/2015	301.40	307.80	292.10	293.07	289	22,478
03/16/2015	287.76	301.88	280.92	301.01	742	20,905
03/15/2015	284.67	290.21	275.30	288.18	0	21,765
03/14/2015	287.54	308.47	277.57	284.69	3,266	21,855
03/13/2015	296.98	300.61	281.23	284.52	322	23,894
03/12/2015	306.47	306.54	292.39	297.13	2,673	24,066
03/11/2015	296.08	307.20	291.88	304.68	2,887	21,553
03/10/2015	306.26	324.75	292.99	295.50	2,001	22,418
03/09/2015	290.05	308.95	274.45	306.31	999	21,317
03/08/2015	276.04	310.34	275.26	290.55	6,198	21,147
03/07/2015	281.07	283.16	275.84	278.61	28	21,577
03/06/2015	276.88	286.40	276.85	281.05	73	21,255
03/05/2015	248.28	281.13	243.98	276.86	48	18,223
03/04/2015	253.66	261.44	247.51	248.30	626	18,619
03/03/2015	265.87	271.35	248.65	257.63	650	19,515
03/02/2015	252.51	266.19	251.62	266.19	672	18,540
03/01/2015	260.00	266.21	243.85	254.57	954	18,963
02/28/2015	261.79	269.32	254.33	259.59	782	18,516
02/27/2015	229.06	283.23	222.15	263.49	5,041	14,468
02/26/2015	238.59	258.81	223.72	229.05	3,470	14,237
02/25/2015	238.48	263.44	226.59	238.64	2,566	14,181
02/24/2015	248.43	266.52	229.97	236.50	4,324	15,356
02/23/2015	246.65	251.67	229.33	246.71	5,415	13,906
02/22/2015	252.79	260.42	244.49	246.68	1,774	14,130
02/21/2015	254.98	259.02	246.52	251.98	769	13,573
02/20/2015	259.19	266.25	248.34	255.16	599	13,830
02/19/2015	237.73	289.64	236.57	259.25	1,517	12,047
02/18/2015	246.24	287.27	233.99	237.38	554	13,011
02/17/2015	233.42	282.23	225.14	246.14	9	12,327
02/16/2015	233.11	239.57	219.68	233.42	552	12,531
02/15/2015	249.95	314.47	223.59	232.50	3,537	12,942
02/14/2015	235.72	275.63	231.11	250.07	4,004	13,956
02/13/2015	224.91	237.32	223.92	237.32	1,332	13,354
02/12/2015	220.15	225.74	213.61	225.18	731	13,542
02/11/2015	218.55	224.87	212.70	213.01	53	13,444
02/10/2015	219.80	219.80	197.05	218.62	474	13,475
02/09/2015	226.46	227.47	204.94	219.77	328	13,600
02/08/2015	217.54	227.84	205.85	226.75	1,106	12,977
02/07/2015	225.77	228.14	214.78	217.54	2,382	13,299
02/06/2015	220.63	226.13	219.62	225.79	1	12,997
02/05/2015	232.00	233.21	218.77	220.91	695	13,637
02/04/2015	228.83	232.97	221.46	231.97	1,422	12,744
02/03/2015	238.18	244.73	225.48	228.10	1,747	12,548
02/02/2015	228.71	238.41	223.06	238.02	38	12,049
02/01/2015	216.40	230.72	211.98	228.95	165	11,274
01/31/2015	234.22	236.25	215.50	215.70	253	11,936
01/30/2015	236.07	246.52	228.57	234.33	763	13,159
01/29/2015	237.09	245.01	221.92	236.18	575	14,094
01/28/2015	262.72	271.70	229.91	236.91	947	15,449
01/27/2015	271.03	274.08	249.31	265.25	979	15,936
01/26/2015	255.04	309.97	255.04	271.06	3,199	14,139
01/25/2015	247.59	258.18	244.22	255.08	557	13,231
01/24/2015	235.75	241.38	225.77	241.35	1	12,599
01/23/2015	230.64	237.95	229.93	234.90	1	12,327
01/20/2015	216.32	225.45	212.58	216.30	2	11,434
01/19/2015	207.50	216.89	205.05	216.23	107	10,968
01/18/2015	202.09	216.32	194.83	207.14	54	10,681
01/17/2015	210.70	213.10	191.82	201.88	13	11,137
01/16/2015	214.34	226.42	200.55	205.32	40	11,764
01/15/2015	181.16	231.16	181.16	214.82	1,150	10,805
01/14/2015	219.24	226.54	172.56	180.90	86	13,198
01/13/2015	270.00	272.32	219.12	219.12	528	16,103
01/12/2015	267.05	276.01	264.43	269.49	38	15,930
01/11/2015	280.33	282.46	275.21	278.41	14	16,722
01/10/2015	290.40	292.29	274.51	280.31	14	17,323
01/09/2015	287.04	293.01	279.08	290.39	1,508	15,695
01/08/2015	281.29	288.94	275.92	287.29	47	15,380
01/07/2015	283.38	284.79	277.09	281.34	2,468	14,426
01/06/2015	280.26	283.39	272.55	283.39	3	14,267
01/05/2015	260.87	282.13	260.87	280.91	220	13,111
01/04/2015	281.67	289.86	258.77	263.41	419	16,149
01/03/2015	296.42	296.42	283.83	283.83	0	16,994
01/02/2015	318.33	320.50	313.68	316.46	1,533	18,450
01/01/2015	325.12	331.02	312.81	318.47	1,561	18,843
12/31/2014	314.67	326.76	309.92	326.52	343	18,238
12/30/2014	312.51	319.40	304.87	314.66	321	18,351
12/29/2014	315.15	317.39	311.20	312.52	0	18,506
12/28/2014	316.64	322.42	309.67	316.32	205	18,594
12/27/2014	321.64	328.10	314.33	316.62	2,696	17,363
12/26/2014	322.05	329.52	315.31	328.52	165	16,599
12/25/2014	324.18	328.71	316.20	322.12	198	16,514
12/24/2014	336.38	344.31	321.63	323.64	115	17,017
12/23/2014	335.86	349.65	318.62	336.17	38	16,947
12/22/2014	324.19	353.67	319.27	338.41	1,382	15,092
12/21/2014	331.64	335.76	319.69	323.96	81	15,357
12/20/2014	315.39	340.27	314.42	328.98	101	15,376
12/19/2014	314.62	329.70	306.23	315.43	788	14,569
12/18/2014	322.08	329.61	300.36	311.69	531	14,920
12/17/2014	335.96	336.63	320.97	321.93	549	15,896
12/16/2014	348.51	351.45	329.53	336.53	380	16,129
12/15/2014	354.82	359.27	338.78	347.57	21	16,417
12/14/2014	354.82	355.60	344.73	354.48	415	16,874
12/13/2014	357.06	357.06	354.46	354.46	298	16,981
12/12/2014	356.73	419.44	344.39	359.70	303	16,965
12/11/2014	354.18	354.18	353.67	353.67	265	16,844
12/10/2014	351.57	361.57	344.95	353.50	0	16,720
12/09/2014	350.12	359.36	340.44	354.71	48	16,651
12/08/2014	379.22	382.56	368.22	371.39	0	18,341
12/07/2014	380.15	384.64	377.76	378.04	0	18,386
12/06/2014	376.95	379.20	341.05	372.22	4	18,645
12/05/2014	369.71	379.34	355.75	377.55	4	18,287
12/04/2014	378.15	384.23	365.68	371.48	1	18,704
12/03/2014	380.09	381.60	377.63	378.02	1	18,800
12/01/2014	382.89	399.82	373.53	381.95	138	19,020
11/30/2014	312.86	383.55	312.86	382.79	1,905	15,530
11/29/2014	381.94	381.94	308.56	312.86	1,381	18,167
11/28/2014	369.84	383.27	359.44	381.79	1	17,556
11/27/2014	369.34	389.61	364.48	369.95	1,117	17,026
11/26/2014	387.86	391.14	365.50	368.42	37	18,267
11/25/2014	385.42	407.19	381.05	389.53	1,779	18,004
11/24/2014	379.07	394.01	378.54	394.01	428	17,374
11/23/2014	346.86	377.07	341.90	373.22	847	16,010
11/22/2014	356.67	372.33	341.37	346.90	1,912	16,506
11/21/2014	353.44	385.41	332.57	356.61	327	16,321
11/20/2014	380.44	384.71	349.75	352.93	218	17,340
11/19/2014	371.12	401.96	365.54	377.58	754	17,701
11/18/2014	377.42	392.31	346.55	370.37	106	18,212
11/17/2014	389.29	409.41	362.65	380.02	1,671	19,322
11/16/2014	384.45	389.33	379.25	389.26	1,740	18,275
11/14/2014	423.37	423.37	379.82	391.46	4,538	20,126
11/13/2014	440.51	475.01	410.22	421.01	4,881	16,741
11/12/2014	398.16	444.06	397.80	440.40	2,173	16,385
11/11/2014	374.84	375.24	360.78	363.73	385	15,429
11/10/2014	371.34	379.49	369.00	375.00	592	14,488
11/09/2014	345.20	349.39	334.94	343.43	0	13,468
11/08/2014	341.23	370.75	337.74	345.23	0	13,313
11/07/2014	348.37	358.76	340.04	341.68	4	13,592
11/06/2014	342.58	354.04	322.18	348.15	470	13,610
11/05/2014	328.77	352.83	322.17	340.52	507	13,538
11/04/2014	327.72	338.20	312.43	326.12	0	13,495
11/03/2014	320.77	340.24	316.49	327.26	16	14,460
11/02/2014	322.74	362.18	311.07	321.39	16	14,533
11/01/2014	344.87	344.87	309.00	320.67	1,871	15,028
10/31/2014	348.71	360.08	321.13	347.05	448	14,681
10/30/2014	336.04	349.95	308.63	347.39	561	15,849
10/29/2014	349.69	351.71	325.45	341.44	1	18,647
10/24/2014	365.83	382.86	345.94	371.86	8	19,505
10/23/2014	377.81	385.54	340.40	367.23	8	20,104
10/22/2014	393.92	403.65	370.36	377.56	332	20,936
10/21/2014	384.52	414.41	374.23	390.69	513	20,158
10/20/2014	389.99	406.00	353.87	386.23	1,252	20,839
10/19/2014	391.92	404.03	376.50	390.14	5,525	20,836
10/18/2014	384.61	398.60	374.12	392.57	1,016	20,416
10/17/2014	382.54	397.84	371.88	381.71	1,201	20,115
10/16/2014	394.65	420.05	375.47	382.57	21	20,750
10/15/2014	404.17	406.59	380.26	394.67	1,717	22,342
10/14/2014	390.33	408.12	389.65	402.68	1,662	22,268
10/13/2014	370.10	390.34	369.50	389.99	98	21,114
10/12/2014	364.46	375.10	349.99	368.58	3	20,792
10/11/2014	357.45	371.13	350.98	363.75	383	19,674
10/10/2014	366.86	377.23	354.83	361.07	601	20,192
10/09/2014	352.21	380.08	342.32	365.95	711	19,421
10/08/2014	329.27	353.04	322.48	336.42	19	18,156
10/07/2014	340.61	342.13	325.64	328.79	2,323	17,419
10/06/2014	321.74	336.50	306.69	331.92	292	16,454
10/05/2014	338.63	347.44	298.37	320.77	285	17,318
10/04/2014	368.52	368.52	337.44	341.40	467	18,847
10/03/2014	376.26	384.53	369.07	369.22	37	19,242
10/02/2014	381.13	387.48	374.26	376.26	38	19,679
10/01/2014	386.67	394.25	379.20	381.69	1,934	19,811
09/30/2014	378.17	392.73	375.26	386.69	642	19,149
09/29/2014	382.44	390.86	373.06	377.91	839	19,298
09/28/2014	397.73	404.57	381.84	383.82	37	20,070
09/27/2014	405.19	421.64	385.40	397.18	389	20,446
09/26/2014	416.08	451.16	397.87	405.37	375	20,665
09/25/2014	427.90	432.31	411.44	416.15	572	37,317
09/24/2014	432.17	433.87	414.42	428.01	616	37,689
09/23/2014	406.55	433.29	393.09	433.29	60	35,454
