Date	Open	High	Low	Close	Volume	Market Cap
07/15/2018	0.155378	0.156581	0.152320	0.153032	13,080,900	29,078,700
07/14/2018	0.157715	0.157715	0.154669	0.155792	10,652,300	28,978,200
07/13/2018	0.160925	0.162223	0.156939	0.158192	12,769,400	30,036,800
07/12/2018	0.161624	0.162285	0.157207	0.160543	13,361,900	30,595,700
07/11/2018	0.158216	0.163768	0.157211	0.161547	20,174,800	30,531,600
07/10/2018	0.156723	0.163763	0.156697	0.157886	25,476,500	29,295,800
07/09/2018	0.156287	0.160077	0.156070	0.157025	8,105,690	29,214,300
07/08/2018	0.159017	0.162463	0.155672	0.156017	9,147,300	29,724,600
07/07/2018	0.158544	0.160199	0.156738	0.159165	11,594,400	29,088,200
07/06/2018	0.161023	0.161023	0.155834	0.159002	14,023,600	29,274,100
07/05/2018	0.158177	0.161874	0.155552	0.161216	17,686,700	28,701,800
07/04/2018	0.155231	0.163685	0.155231	0.157725	20,025,600	27,236,200
07/03/2018	0.163375	0.163375	0.154528	0.155313	15,906,200	27,544,900
07/02/2018	0.167023	0.169447	0.160297	0.163638	17,784,400	26,926,600
07/01/2018	0.168132	0.170343	0.165593	0.166740	10,653,100	26,701,900
06/30/2018	0.171717	0.172340	0.165715	0.168395	11,735,700	26,806,100
06/29/2018	0.164124	0.172040	0.163495	0.169879	13,719,500	25,805,400
06/28/2018	0.167645	0.168920	0.163080	0.163978	10,758,700	26,287,600
06/27/2018	0.166227	0.169421	0.165246	0.167555	9,205,960	26,030,900
06/26/2018	0.167598	0.172917	0.166094	0.166688	11,905,200	26,470,800
06/25/2018	0.168283	0.173064	0.166294	0.167921	12,745,600	26,368,000
06/24/2018	0.168381	0.178664	0.164002	0.168272	20,069,200	30,649,500
06/23/2018	0.171631	0.171631	0.166173	0.168667	10,701,400	31,294,500
06/22/2018	0.164922	0.172717	0.162902	0.171880	17,992,100	31,603,500
06/21/2018	0.165489	0.168787	0.164586	0.165248	10,000,400	31,744,500
06/20/2018	0.165260	0.168662	0.164394	0.165491	12,238,100	31,804,100
06/19/2018	0.170139	0.171566	0.164167	0.165092	13,401,700	32,545,100
06/18/2018	0.169233	0.172412	0.165312	0.170236	13,423,400	32,245,200
06/17/2018	0.169018	0.173692	0.168734	0.171255	11,340,900	32,181,800
06/16/2018	0.168795	0.171737	0.166610	0.168922	11,123,900	32,145,500
06/15/2018	0.172520	0.175448	0.167994	0.169253	11,987,000	32,703,000
06/14/2018	0.174013	0.176581	0.168569	0.172089	17,125,400	32,970,300
06/13/2018	0.171378	0.173980	0.168747	0.173666	14,643,800	33,235,700
06/12/2018	0.177049	0.177049	0.167675	0.170288	9,365,770	34,463,500
06/11/2018	0.171743	0.178678	0.165360	0.177658	16,699,100	35,611,900
06/10/2018	0.161543	0.171639	0.155225	0.171639	21,179,000	35,999,400
06/09/2018	0.160941	0.162663	0.159696	0.161621	4,907,540	35,948,900
06/08/2018	0.160855	0.162100	0.159688	0.161151	5,814,430	35,757,700
06/07/2018	0.160583	0.164145	0.159850	0.160495	6,233,540	35,568,200
06/06/2018	0.164652	0.164922	0.159308	0.160628	9,350,110	36,531,900
06/05/2018	0.159663	0.167391	0.157463	0.164287	11,666,100	35,191,200
06/04/2018	0.165486	0.167809	0.158947	0.159519	11,827,500	36,401,300
06/03/2018	0.166801	0.170928	0.165477	0.165477	12,817,100	36,737,400
06/02/2018	0.169520	0.172403	0.165539	0.166972	10,622,300	36,533,400
06/01/2018	0.167487	0.171186	0.167399	0.169646	9,746,940	35,914,200
05/31/2018	0.169119	0.170457	0.166333	0.167325	8,818,990	36,030,100
05/30/2018	0.168065	0.170656	0.165675	0.168885	10,182,400	35,562,500
05/29/2018	0.164574	0.172787	0.164574	0.168457	12,814,400	34,668,000
05/28/2018	0.165026	0.169012	0.161131	0.165096	12,202,900	34,931,500
05/27/2018	0.166560	0.168699	0.164275	0.165323	10,043,300	35,261,000
05/26/2018	0.169357	0.170503	0.165727	0.166231	10,253,600	35,599,800
05/25/2018	0.172222	0.173765	0.166490	0.169013	13,066,400	36,403,300
05/24/2018	0.165752	0.179152	0.161060	0.172739	26,874,800	36,063,900
05/23/2018	0.158435	0.170958	0.153914	0.165286	31,373,900	36,645,500
05/22/2018	0.161063	0.163312	0.156832	0.159250	18,612,500	38,305,000
05/21/2018	0.160850	0.163963	0.158912	0.161474	18,389,000	38,301,200
05/20/2018	0.160501	0.164023	0.159257	0.160610	17,680,400	37,903,500
05/19/2018	0.162286	0.162849	0.159011	0.160151	19,774,400	38,033,900
05/18/2018	0.158990	0.162032	0.157474	0.162032	21,880,100	37,289,100
05/17/2018	0.160602	0.162553	0.158163	0.158704	26,367,500	37,450,700
05/16/2018	0.158824	0.161296	0.156922	0.160709	32,489,800	36,984,500
05/15/2018	0.159809	0.164550	0.157781	0.158588	39,270,000	37,030,400
05/14/2018	0.162220	0.165146	0.157437	0.159906	22,892,800	37,776,100
05/13/2018	0.168677	0.169152	0.161703	0.162113	9,156,850	38,574,400
05/12/2018	0.164665	0.168444	0.155484	0.167056	38,006,600	39,126,400
05/11/2018	0.157968	0.168570	0.147367	0.166087	46,345,100	41,740,200
05/10/2018	0.156181	0.158544	0.152271	0.153361	11,215,800	41,134,100
05/09/2018	0.155567	0.159221	0.152950	0.156111	16,843,000	40,978,900
05/08/2018	0.154792	0.158428	0.152331	0.155585	15,717,200	41,260,500
05/07/2018	0.160191	0.161329	0.150379	0.154587	29,583,200	42,699,700
05/06/2018	0.152172	0.161998	0.151345	0.160237	32,463,500	43,184,800
05/05/2018	0.153539	0.155946	0.151642	0.152288	16,096,400	43,260,300
05/04/2018	0.153537	0.155944	0.152518	0.153958	17,099,700	43,006,300
05/03/2018	0.157792	0.159002	0.152643	0.153281	18,095,800	43,173,100
05/02/2018	0.159756	0.159756	0.153488	0.157197	11,188,500	42,756,800
05/01/2018	0.157692	0.167581	0.144771	0.159583	22,629,100	41,589,700
04/30/2018	0.164475	0.173650	0.151035	0.156744	25,694,600	40,573,400
04/29/2018	0.162806	0.175173	0.157712	0.164038	25,093,700	37,711,100
04/28/2018	0.165216	0.166000	0.160863	0.162738	17,074,400	37,540,700
04/27/2018	0.166044	0.166044	0.160803	0.164186	19,173,200	36,449,200
04/26/2018	0.159412	0.168888	0.159412	0.165918	25,003,100	34,776,800
04/25/2018	0.159808	0.167735	0.155407	0.159018	36,160,100	36,572,800
04/24/2018	0.162275	0.166951	0.158645	0.159590	20,003,600	35,118,000
04/23/2018	0.162582	0.164362	0.159609	0.162050	14,358,100	34,166,900
04/22/2018	0.164435	0.168037	0.161369	0.162184	28,140,900	34,556,400
04/21/2018	0.160788	0.169170	0.154069	0.163552	29,449,100	33,260,900
04/20/2018	0.161479	0.163180	0.157461	0.160466	21,776,000	31,706,200
04/19/2018	0.165509	0.166787	0.159502	0.161512	16,646,600	30,342,000
04/18/2018	0.159674	0.173762	0.159674	0.165975	15,380,000	29,272,300
04/17/2018	0.165783	0.170146	0.159491	0.159695	2,939,470	30,013,300
04/16/2018	0.173813	0.175582	0.158880	0.165562	5,124,230	31,122,600
04/15/2018	0.172312	0.189935	0.166197	0.173287	7,575,530	29,242,800
04/14/2018	0.172606	0.178237	0.162356	0.173058	5,179,370	28,757,200
04/13/2018	0.178609	0.179011	0.163758	0.173665	6,857,270	28,160,300
04/12/2018	0.174368	0.188534	0.165324	0.178256	5,046,620	26,908,700
04/11/2018	0.172376	0.175946	0.171548	0.174785	17,764,000	26,494,100
04/10/2018	0.170210	0.173858	0.169234	0.172194	16,882,100	26,300,900
04/09/2018	0.173929	0.174984	0.169346	0.170206	16,182,500	27,081,700
04/08/2018	0.171367	0.175013	0.169830	0.173657	7,770,120	26,615,100
04/07/2018	0.173196	0.174579	0.169730	0.171432	16,691,000	26,918,400
04/06/2018	0.174176	0.175586	0.170618	0.173096	16,547,400	27,087,600
04/05/2018	0.171584	0.174894	0.169076	0.174780	19,192,200	26,907,000
04/04/2018	0.170995	0.175892	0.166249	0.171575	14,256,100	27,007,700
04/03/2018	0.171911	0.176264	0.170360	0.170885	18,036,200	27,105,500
04/02/2018	0.170407	0.175344	0.168437	0.172190	10,751,700	26,826,500
04/01/2018	0.169588	0.172863	0.167363	0.169733	8,379,980	26,601,400
03/31/2018	0.167726	0.173594	0.167328	0.169939	9,390,670	26,214,600
03/30/2018	0.168254	0.171414	0.163687	0.167895	10,900,700	26,490,600
03/29/2018	0.163311	0.170353	0.146373	0.168627	10,695,200	25,889,000
03/28/2018	0.166000	0.169529	0.160195	0.163336	2,512,970	26,480,000
03/27/2018	0.174989	0.177321	0.165998	0.165998	6,491,550	27,995,100
03/26/2018	0.170940	0.176043	0.166183	0.174475	7,523,080	27,692,200
03/25/2018	0.170949	0.174770	0.169010	0.171143	6,870,370	27,674,500
03/24/2018	0.176287	0.177343	0.167391	0.171645	7,461,980	28,597,500
03/23/2018	0.173213	0.177530	0.169452	0.175742	6,385,070	28,150,300
03/22/2018	0.172739	0.176210	0.169400	0.174101	8,125,180	28,224,200
03/21/2018	0.169461	0.175611	0.165187	0.172327	7,428,950	27,790,600
03/20/2018	0.175153	0.176499	0.167790	0.169573	7,677,360	28,585,800
03/19/2018	0.178688	0.179936	0.169362	0.174284	12,539,900	29,469,700
03/18/2018	0.175443	0.185230	0.168745	0.178737	19,247,000	29,907,300
03/17/2018	0.175356	0.178442	0.170007	0.175119	13,052,300	30,059,500
03/16/2018	0.176502	0.180728	0.174298	0.175650	17,160,400	30,268,000
03/15/2018	0.175607	0.184916	0.172407	0.176689	22,861,500	30,418,900
03/14/2018	0.178136	0.180334	0.170121	0.175658	15,745,500	31,626,600
03/13/2018	0.177048	0.179433	0.174726	0.178024	17,109,900	31,398,300
03/12/2018	0.175614	0.179213	0.172489	0.177198	19,013,300	31,305,600
03/11/2018	0.172022	0.179114	0.168849	0.175579	24,762,000	31,243,800
03/10/2018	0.173292	0.175074	0.167327	0.172646	21,269,400	31,906,400
03/09/2018	0.174194	0.178343	0.170488	0.173669	36,372,400	32,792,000
03/08/2018	0.170821	0.176356	0.167697	0.174285	39,277,700	33,874,100
03/07/2018	0.166221	0.175441	0.163081	0.171196	40,619,900	34,838,300
03/06/2018	0.158793	0.167288	0.156953	0.166565	41,242,100	36,053,100
03/05/2018	0.160531	0.160916	0.158060	0.158282	32,860,600	36,023,700
03/04/2018	0.160477	0.161287	0.158387	0.160362	35,150,800	35,863,000
03/03/2018	0.157855	0.161712	0.155914	0.160606	33,515,800	35,555,500
03/02/2018	0.159191	0.160418	0.157632	0.158211	32,385,600	35,548,800
03/01/2018	0.161077	0.163420	0.158723	0.159477	35,540,600	35,822,700
02/28/2018	0.165917	0.165917	0.160208	0.160953	30,182,800	36,894,700
02/27/2018	0.167553	0.169089	0.164753	0.165588	23,244,600	37,968,500
02/26/2018	0.164942	0.170843	0.164284	0.167562	24,900,700	37,376,900
02/25/2018	0.165872	0.167991	0.164124	0.165287	32,191,000	37,587,600
02/24/2018	0.167005	0.168932	0.163927	0.166058	33,293,900	37,706,200
02/23/2018	0.170251	0.170294	0.164424	0.167125	42,156,600	38,199,500
02/22/2018	0.174339	0.174796	0.166264	0.169835	48,687,200	39,388,000
02/21/2018	0.158575	0.175124	0.157036	0.174976	47,384,000	37,260,300
02/20/2018	0.159863	0.160824	0.156156	0.158277	32,325,800	37,468,300
02/19/2018	0.158366	0.163930	0.157866	0.160062	37,579,100	36,874,600
02/18/2018	0.165650	0.166082	0.155311	0.158801	32,358,700	38,260,600
02/17/2018	0.164469	0.167071	0.162510	0.165181	29,104,900	36,773,900
02/16/2018	0.164264	0.165834	0.160062	0.164432	23,796,900	36,339,000
02/15/2018	0.164385	0.166630	0.161068	0.164810	37,732,900	36,034,300
02/14/2018	0.161751	0.165871	0.161188	0.163431	49,410,400	34,838,900
02/13/2018	0.163885	0.165668	0.161657	0.162199	43,735,900	35,064,100
02/12/2018	0.165083	0.167371	0.161564	0.164178	44,277,400	34,943,100
02/11/2018	0.168444	0.170991	0.163823	0.165239	43,170,100	35,433,000
02/10/2018	0.173422	0.173776	0.166506	0.168400	46,041,100	36,147,900
02/09/2018	0.174464	0.178446	0.170999	0.172997	53,667,400	35,402,100
02/08/2018	0.167296	0.175015	0.165888	0.174551	54,759,700	32,957,500
02/07/2018	0.176202	0.177161	0.164190	0.167929	54,774,400	33,199,900
02/06/2018	0.172198	0.193863	0.163814	0.176059	102,487,000	39,776,900
02/05/2018	0.161898	0.190784	0.149102	0.173179	83,543,100	71,334,600
02/04/2018	0.154932	0.169964	0.152399	0.165897	36,986,200	68,265,200
02/03/2018	0.153933	0.160070	0.152147	0.154520	38,305,600	67,824,900
02/02/2018	0.150827	0.169442	0.144085	0.153600	48,501,700	66,456,300
02/01/2018	0.151610	0.156475	0.146172	0.151817	43,682,200	66,299,600
01/31/2018	0.148776	0.155087	0.147559	0.151832	44,493,200	64,549,200
01/30/2018	0.152534	0.157828	0.139811	0.148664	49,040,000	63,788,700
01/29/2018	0.148480	0.152530	0.146990	0.152172	31,138,300	62,093,200
01/28/2018	0.150856	0.152086	0.145864	0.149128	37,690,100	63,086,800
01/27/2018	0.147952	0.153670	0.145353	0.150796	52,079,000	61,490,600
01/26/2018	0.153745	0.153745	0.143651	0.148173	55,224,000	57,354,000
01/25/2018	0.152002	0.156141	0.149781	0.153161	60,545,800	56,728,200
01/24/2018	0.156618	0.167889	0.145158	0.151658	49,443,900	53,164,900
01/23/2018	0.164637	0.173341	0.155496	0.157056	29,026,400	53,162,200
01/22/2018	0.163737	0.174049	0.143370	0.166458	38,342,100	54,125,800
01/21/2018	0.155234	0.165891	0.147664	0.164356	26,090,400	50,148,800
01/20/2018	0.163521	0.163521	0.150485	0.155181	30,063,100	48,480,400
01/19/2018	0.163928	0.172856	0.151670	0.161689	28,098,900	47,708,100
01/18/2018	0.179092	0.179092	0.157187	0.163320	34,218,300	48,145,700
01/17/2018	0.183368	0.193089	0.142906	0.181944	68,631,400	59,417,500
01/16/2018	0.138858	0.186637	0.128163	0.186637	81,922,700	63,368,400
01/15/2018	0.153756	0.156794	0.137944	0.138435	27,817,400	68,718,900
01/14/2018	0.142239	0.160193	0.139981	0.154052	55,136,900	72,410,400
01/13/2018	0.138334	0.160561	0.132244	0.142268	24,751,900	69,350,700
01/12/2018	0.135668	0.144464	0.132694	0.138627	99,445,600	68,284,600
01/11/2018	0.138713	0.148593	0.128554	0.135092	61,918,500	69,485,300
01/10/2018	0.132027	0.141656	0.130706	0.138210	85,016,600	77,854,400
01/09/2018	0.135390	0.138230	0.131477	0.132215	58,869,300	79,741,900
01/08/2018	0.137011	0.140031	0.132806	0.136038	86,716,700	81,537,400
01/07/2018	0.138949	0.139773	0.135691	0.137146	46,377,800	80,422,400
01/06/2018	0.135920	0.141273	0.134648	0.139339	61,602,700	76,921,500
01/05/2018	0.138983	0.139727	0.132831	0.135819	54,330,600	75,838,400
01/04/2018	0.146306	0.146306	0.137082	0.139114	55,202,100	76,556,600
01/03/2018	0.138883	0.147015	0.135922	0.146620	48,055,400	67,332,400
01/02/2018	0.141588	0.145339	0.131249	0.138891	42,433,000	63,014,500
01/01/2018	0.140546	0.147684	0.137675	0.141421	30,923,100	58,181,300
12/31/2017	0.141167	0.143996	0.130478	0.140806	26,475,700	56,614,300
12/30/2017	0.138702	0.144885	0.125426	0.141966	57,346,300	52,497,400
12/29/2017	0.141378	0.147308	0.135364	0.138174	50,459,500	49,700,800
12/28/2017	0.136697	0.143508	0.131787	0.140616	65,248,000	49,563,700
12/27/2017	0.141368	0.141630	0.134079	0.136712	34,105,600	50,661,600
12/26/2017	0.142130	0.145610	0.138716	0.141212	41,167,100	50,307,700
12/25/2017	0.142562	0.149020	0.138122	0.142010	45,154,300	48,740,800
12/24/2017	0.137515	0.145085	0.134063	0.141640	48,629,900	46,571,800
12/23/2017	0.129911	0.151868	0.129911	0.137738	44,424,800	43,534,500
12/22/2017	0.142764	0.146424	0.120964	0.129167	100,598,000	51,395,700
12/21/2017	0.145053	0.148305	0.140025	0.142362	49,044,700	46,146,400
12/20/2017	0.146986	0.157736	0.134197	0.144988	58,452,000	40,317,500
12/19/2017	0.149667	0.152305	0.140051	0.147281	38,997,400	35,326,600
12/18/2017	0.144025	0.150156	0.143467	0.149850	30,436,100	31,851,500
12/17/2017	0.150831	0.151358	0.144072	0.144147	21,091,600	29,782,600
12/16/2017	0.145299	0.165411	0.141800	0.150658	27,864,200	25,638,100
12/15/2017	0.151357	0.153637	0.140473	0.145015	26,900,600	24,128,500
12/14/2017	0.147696	0.151378	0.143781	0.150681	29,847,400	19,981,900
12/13/2017	0.155242	0.158192	0.141390	0.147220	19,202,800	19,397,900
12/12/2017	0.147607	0.155808	0.141415	0.155052	18,521,300	17,596,400
12/11/2017	0.140910	0.147274	0.137579	0.147274	1,631,340	16,275,500
12/10/2017	0.142106	0.146372	0.133081	0.140099	3,227,230	16,102,300
12/09/2017	0.146802	0.151855	0.135648	0.141256	3,987,520	15,940,900
12/08/2017	0.143857	0.149109	0.132964	0.145821	4,507,250	15,463,800
12/07/2017	0.136408	0.149333	0.133365	0.144132	4,560,420	14,075,200
12/06/2017	0.151797	0.171888	0.132474	0.134744	6,120,160	14,430,900
12/05/2017	0.151608	0.160839	0.144413	0.151112	2,737,310	13,977,800
12/04/2017	0.149931	0.167869	0.144960	0.153272	4,753,720	12,378,300
12/03/2017	0.145881	0.151462	0.143014	0.149576	1,979,470	11,854,600
12/02/2017	0.148106	0.155199	0.142738	0.146625	2,632,480	11,988,400
12/01/2017	0.143582	0.151889	0.140281	0.147894	2,406,850	11,637,800
11/30/2017	0.144159	0.163983	0.135192	0.144726	3,949,180	11,585,600
11/29/2017	0.153557	0.155288	0.126020	0.144107	5,333,100	12,092,600
11/28/2017	0.148926	0.152960	0.140734	0.152751	2,186,270	11,911,700
11/27/2017	0.144559	0.150567	0.140936	0.149009	2,103,190	11,163,700
11/26/2017	0.144676	0.149933	0.143369	0.144336	927,511	11,001,400
11/25/2017	0.137731	0.159443	0.137096	0.144505	1,095,020	10,183,900
11/24/2017	0.131881	0.146392	0.128738	0.138149	1,627,440	9,568,160
11/23/2017	0.134212	0.138289	0.125306	0.131494	1,251,210	9,535,600
11/22/2017	0.125046	0.135665	0.120994	0.134302	1,321,720	8,523,600
11/21/2017	0.134233	0.153893	0.124199	0.125008	6,567,350	8,531,380
11/20/2017	0.140413	0.144475	0.131745	0.133588	3,021,250	8,018,190
11/19/2017	0.140433	0.143750	0.138616	0.140927	1,811,410	7,786,820
11/18/2017	0.141408	0.144887	0.138230	0.141147	2,493,810	7,190,360
11/17/2017	0.133579	0.146923	0.127313	0.142041	1,939,100	6,610,810
11/16/2017	0.147376	0.148208	0.132574	0.137091	805,905	7,155,290
11/15/2017	0.146921	0.151377	0.142574	0.146859	1,035,450	7,122,530
11/14/2017	0.145694	0.152004	0.142104	0.147611	670,968	7,064,340
11/13/2017	0.147182	0.150511	0.134731	0.147045	985,291	7,368,810
11/12/2017	0.142415	0.151692	0.131380	0.146295	1,083,750	7,372,760
11/11/2017	0.140760	0.150169	0.135572	0.142020	1,133,950	7,156,170
11/10/2017	0.148679	0.150720	0.134831	0.140810	1,000,680	7,490,360
11/09/2017	0.147161	0.151714	0.140196	0.148453	1,392,260	7,164,190
11/08/2017	0.146709	0.155982	0.143818	0.147013	960,084	7,024,560
11/07/2017	0.147398	0.154190	0.142880	0.146456	744,028	6,891,970
11/06/2017	0.150322	0.153588	0.145243	0.147060	805,654	6,876,110
11/05/2017	0.148474	0.151493	0.147385	0.150228	718,980	6,811,790
11/04/2017	0.147752	0.151928	0.141344	0.148362	641,731	6,549,250
11/03/2017	0.147362	0.175674	0.141395	0.148090	932,753	6,507,080
11/02/2017	0.141936	0.161232	0.141936	0.146715	1,336,960	6,134,540
11/01/2017	0.146277	0.159744	0.141190	0.141255	699,520	6,126,150
10/31/2017	0.151387	0.169180	0.146443	0.147154	721,423	6,257,840
10/30/2017	0.151286	0.159186	0.148518	0.151861	292,085	6,177,260
10/29/2017	0.145852	0.152634	0.145852	0.152065	308,663	6,021,070
10/28/2017	0.148019	0.150332	0.145485	0.145683	133,263	6,080,460
10/27/2017	0.149017	0.158666	0.146483	0.148465	161,847	6,106,510
10/26/2017	0.152984	0.153548	0.147721	0.149215	155,560	6,276,120
10/25/2017	0.157931	0.159240	0.146348	0.153143	190,761	6,399,460
10/24/2017	0.150256	0.164576	0.147861	0.158079	211,782	6,090,340
10/23/2017	0.152893	0.166540	0.144692	0.150326	208,234	6,170,380
10/22/2017	0.153972	0.155407	0.145502	0.152654	151,971	6,208,750
10/21/2017	0.153959	0.160088	0.149412	0.155605	407,312	6,192,570
10/20/2017	0.154291	0.157217	0.148919	0.155025	242,308	6,213,020
10/19/2017	0.153244	0.157474	0.148468	0.154370	281,327	6,255,960
10/18/2017	0.147990	0.171322	0.146235	0.154140	928,423	6,216,680
10/17/2017	0.148381	0.154021	0.142096	0.147845	388,670	6,176,960
10/16/2017	0.143945	0.154018	0.128665	0.148370	860,090	5,787,510
10/15/2017	0.147290	0.151128	0.143321	0.143926	291,176	5,831,530
10/14/2017	0.145614	0.154245	0.139754	0.147249	184,568	5,820,420
10/13/2017	0.148210	0.152641	0.139808	0.145597	507,750	5,851,170
10/12/2017	0.145253	0.152412	0.142278	0.148144	258,463	5,712,750
10/11/2017	0.148804	0.159591	0.144239	0.145247	218,427	5,810,880
10/10/2017	0.150580	0.153747	0.134899	0.148739	457,168	5,958,360
10/09/2017	0.150400	0.168172	0.145577	0.150577	2,155,270	7,152,020
10/08/2017	0.147399	0.161539	0.145551	0.150393	362,332	7,199,150
10/07/2017	0.147255	0.152905	0.144505	0.147458	235,880	7,189,380
10/06/2017	0.142542	0.152450	0.109610	0.147264	362,745	6,898,200
10/05/2017	0.137674	0.152349	0.136325	0.142615	493,092	6,669,290
10/04/2017	0.145902	0.162004	0.134984	0.137670	1,946,820	8,387,750
10/03/2017	0.147637	0.165022	0.139459	0.145881	1,329,290	8,732,990
10/02/2017	0.146554	0.154949	0.144217	0.147623	798,770	8,516,850
10/01/2017	0.147473	0.149701	0.144551	0.146555	371,190	8,501,820
09/30/2017	0.146787	0.149180	0.133514	0.147430	516,188	8,430,660
09/29/2017	0.145818	0.154430	0.142729	0.146783	407,413	8,377,080
09/28/2017	0.152152	0.157038	0.143791	0.145836	385,388	8,689,220
09/27/2017	0.149804	0.154150	0.145811	0.152156	617,334	8,583,260
09/26/2017	0.150499	0.174244	0.146806	0.149847	337,037	8,630,520
09/25/2017	0.160866	0.161313	0.142176	0.150494	459,830	7,942,690
09/24/2017	0.160920	0.160971	0.160716	0.160869	4,996,820	7,945,360
09/23/2017	0.160580	0.160935	0.160524	0.160919	4,998,740	7,928,540
09/22/2017	0.160560	0.160768	0.160456	0.160587	4,995,800	7,927,570
09/21/2017	0.183806	0.183806	0.160538	0.160562	4,995,540	9,088,360
09/17/2017	0.149848	0.149848	0.137708	0.137708	4,776,570	7,409,320
09/16/2017	0.178308	0.191132	0.139234	0.149480	5,195,720	8,803,840
09/15/2017	0.115682	0.203149	0.115682	0.177039	5,507,810	9,066,990
09/14/2017	0.146742	0.159077	0.116026	0.116026	380,575	11,488,000
09/13/2017	0.179474	0.179474	0.142123	0.146741	455,309	14,010,300
09/12/2017	0.179602	0.206659	0.179109	0.195494	1,633,440	14,020,300
09/11/2017	0.154365	0.184463	0.154079	0.179464	1,501,730	12,096,500
09/10/2017	0.160141	0.185558	0.143206	0.153891	1,257,620	12,727,600
09/09/2017	0.154803	0.175008	0.137455	0.160153	1,563,660	11,540,900
09/08/2017	0.153846	0.176821	0.145297	0.154784	2,818,340	12,746,600
09/07/2017	0.162935	0.162935	0.144339	0.153868	825,609	13,364,100
09/06/2017	0.150877	0.164589	0.136128	0.160884	2,141,570	11,803,600
09/05/2017	0.150870	0.174272	0.140414	0.150887	1,643,670	11,625,500
09/04/2017	0.155110	0.174003	0.144128	0.150902	3,322,680	14,807,700
09/03/2017	0.148730	0.158034	0.145372	0.155102	699,292	14,253,400
09/02/2017	0.150053	0.161887	0.136423	0.148729	1,041,830	14,183,400
09/01/2017	0.149929	0.152902	0.139181	0.150041	654,704	13,983,400
08/31/2017	0.150739	0.162213	0.148306	0.149930	382,941	13,866,100
08/30/2017	0.149305	0.154229	0.142855	0.150750	982,568	13,373,900
08/29/2017	0.147635	0.151691	0.143081	0.149319	762,134	13,079,800
08/28/2017	0.145865	0.149870	0.140984	0.147635	672,910	12,755,500
08/27/2017	0.147040	0.148185	0.143191	0.145859	864,753	12,825,300
08/26/2017	0.147895	0.148797	0.141729	0.147055	607,013	12,800,600
08/25/2017	0.133794	0.154322	0.133794	0.147865	398,501	11,580,200
08/24/2017	0.145514	0.151676	0.133802	0.133880	338,432	12,621,700
08/23/2017	0.145141	0.149058	0.137946	0.145468	549,934	12,104,700
08/22/2017	0.143355	0.149230	0.138342	0.145161	478,360	11,994,300
08/21/2017	0.146052	0.151100	0.138042	0.143368	587,193	12,104,800
08/20/2017	0.144317	0.149192	0.125355	0.146123	306,527	11,974,100
08/19/2017	0.145322	0.148062	0.130234	0.144336	498,756	12,047,900
08/18/2017	0.143346	0.152628	0.138158	0.145327	963,813	11,671,400
08/17/2017	0.145652	0.149027	0.117957	0.143407	462,373	11,751,200
08/16/2017	0.141736	0.148443	0.138866	0.145658	271,882	11,360,400
08/15/2017	0.139932	0.147962	0.139556	0.141716	328,309	11,192,400
08/14/2017	0.143088	0.148858	0.138446	0.139902	783,206	11,462,300
08/13/2017	0.144549	0.150685	0.133609	0.143091	711,907	11,712,900
08/12/2017	0.142197	0.153346	0.140664	0.144776	1,117,360	11,449,100
08/11/2017	0.144600	0.150283	0.136737	0.142211	1,074,170	11,474,600
08/10/2017	0.140454	0.152362	0.125053	0.144601	1,643,440	10,643,100
08/09/2017	0.143737	0.148591	0.138637	0.140459	716,006	10,927,100
08/08/2017	0.140700	0.155775	0.137125	0.143736	512,319	10,561,600
08/07/2017	0.140031	0.148231	0.137214	0.140699	396,393	10,397,300
08/06/2017	0.145308	0.150712	0.135323	0.140047	821,971	10,610,500
08/05/2017	0.150039	0.159131	0.134242	0.145289	1,026,430	10,468,300
08/04/2017	0.150836	0.155650	0.134655	0.150594	962,347	10,035,300
08/03/2017	0.145422	0.155611	0.144447	0.150874	439	9,675,090
08/02/2017	0.144135	0.151879	0.136701	0.145989	650,355	9,422,420
08/01/2017	0.144561	0.154916	0.134552	0.144136	534,390	9,547,860
07/31/2017	0.146706	0.149420	0.139633	0.144491	2,208	9,689,560
07/30/2017	0.142681	0.150808	0.138464	0.146662	248,945	9,391,910
07/29/2017	0.141136	0.147998	0.134849	0.142678	368,734	9,414,970
07/28/2017	0.141975	0.145928	0.137990	0.141144	678,161	9,426,460
07/27/2017	0.140598	0.148373	0.136278	0.141841	1,121,420	8,905,160
07/26/2017	0.139610	0.158551	0.131833	0.140582	568,962	9,369,900
07/25/2017	0.142675	0.157373	0.129654	0.139708	928,031	9,593,500
07/24/2017	0.142993	0.147671	0.135786	0.142674	736,323	9,695,400
07/23/2017	0.140879	0.155469	0.128961	0.142995	1,692,530	9,336,820
07/22/2017	0.139961	0.146725	0.130525	0.140624	2,376,470	8,793,140
07/21/2017	0.142641	0.150514	0.136033	0.139959	1,154,790	8,788,160
07/20/2017	0.133813	0.149365	0.132390	0.142336	1,379,370	7,554,050
07/19/2017	0.140951	0.148857	0.133802	0.133873	1,025,740	7,999,200
07/18/2017	0.141998	0.148735	0.129791	0.140964	1,330,440	7,531,450
07/17/2017	0.143406	0.147728	0.136171	0.141968	1,705,750	7,094,400
07/16/2017	0.143436	0.143476	0.143325	0.143405	3,965,370	8,500,380
07/15/2017	0.143741	0.143935	0.143264	0.143441	3,963,100	9,932,970
07/14/2017	0.143975	0.144150	0.143236	0.143747	4,077,610	10,183,100
07/13/2017	0.143742	0.163731	0.143733	0.143989	4,422,370	10,168,000
07/12/2017	0.143633	0.143762	0.143594	0.143737	3,969,950	10,337,700
07/11/2017	0.141204	0.159057	0.130265	0.143644	3,982,730	11,435,100
07/10/2017	0.147551	0.150308	0.136024	0.140612	1,522,060	12,089,300
07/09/2017	0.144274	0.168450	0.139381	0.147551	572,232	11,739,800
07/08/2017	0.144600	0.144605	0.110694	0.144268	2,154,960	12,004,200
07/07/2017	0.144793	0.150137	0.142664	0.144568	2,799,460	11,340,400
07/06/2017	0.143557	0.149845	0.143309	0.144768	2,872,260	11,341,200
07/05/2017	0.142943	0.152271	0.140794	0.143545	2,954,590	12,056,900
07/04/2017	0.140103	0.147166	0.124867	0.142946	1,376,220	11,806,900
07/03/2017	0.143776	0.146446	0.132510	0.140110	1,728,710	11,561,300
07/02/2017	0.140139	0.150477	0.130656	0.143793	3,783,430	12,043,100
07/01/2017	0.138617	0.145829	0.135790	0.140143	702,657	11,959,900
06/30/2017	0.144012	0.146568	0.138016	0.138608	464,508	12,277,600
06/29/2017	0.136904	0.148196	0.133608	0.143995	2,181,470	11,371,700
06/28/2017	0.138057	0.143157	0.134662	0.136957	2,967,500	11,185,800
06/27/2017	0.138270	0.143789	0.120850	0.138486	4,021,390	11,250,300
06/26/2017	0.134736	0.148622	0.131753	0.138270	4,400,650	12,981,500
06/25/2017	0.136761	0.142342	0.128300	0.134753	707,256	12,850,600
06/24/2017	0.140387	0.142344	0.134111	0.136801	2,441,430	13,160,900
06/23/2017	0.135991	0.140456	0.130237	0.140373	1,700,860	12,582,300
06/22/2017	0.134062	0.141463	0.133071	0.135975	640,895	13,428,200
06/21/2017	0.132062	0.138951	0.126315	0.134039	1,228,270	11,612,300
06/20/2017	0.134812	0.144507	0.127370	0.131165	1,756,390	11,767,400
06/19/2017	0.133144	0.140957	0.131293	0.134944	1,383,450	11,454,500
06/18/2017	0.137407	0.146459	0.132868	0.133142	1,333,060	11,428,200
06/17/2017	0.132883	0.150936	0.131226	0.137460	1,583,920	9,607,110
06/16/2017	0.141311	0.147506	0.130589	0.132880	1,093,650	9,532,160
06/15/2017	0.135497	0.146158	0.129843	0.141309	3,665,640	7,968,190
06/14/2017	0.130945	0.142888	0.130945	0.135496	1,713,230	6,979,370
06/13/2017	0.138910	0.151419	0.119085	0.130953	923,565	6,598,880
06/12/2017	0.133048	0.163165	0.125109	0.138919	2,066,000	5,946,710
06/11/2017	0.136977	0.148413	0.108750	0.133056	2,272,030	5,566,310
06/10/2017	0.138411	0.156181	0.114469	0.136980	2,132,310	4,831,300
06/09/2017	0.136380	0.152957	0.124240	0.138397	3,479,300	4,553,170
06/08/2017	0.142397	0.147507	0.123303	0.136394	1,627,520	4,669,520
06/07/2017	0.141862	0.149059	0.140279	0.142383	558,556	4,537,000
06/06/2017	0.140606	0.147969	0.133908	0.141863	589,986	4,381,110
06/05/2017	0.143747	0.145789	0.127814	0.140564	861,904	4,504,040
06/04/2017	0.141622	0.156981	0.134759	0.143744	840,443	4,324,270
06/03/2017	0.139340	0.154752	0.134092	0.141638	600,849	4,118,880
06/02/2017	0.135276	0.145046	0.131474	0.139336	484,570	3,907,410
06/01/2017	0.139009	0.149193	0.132034	0.135257	406,544	3,928,170
05/31/2017	0.140462	0.141482	0.132757	0.138995	277,978	3,566,860
05/30/2017	0.138109	0.145729	0.133282	0.140377	484,749	3,475,960
05/29/2017	0.138266	0.143580	0.131471	0.138069	339,355	3,399,120
05/28/2017	0.135474	0.145996	0.129598	0.138313	904,331	3,390,510
05/27/2017	0.138330	0.162132	0.121332	0.135433	1,319,300	3,720,160
05/26/2017	0.146103	0.157596	0.134580	0.138317	718,848	4,261,230
05/25/2017	0.139808	0.154735	0.130318	0.146164	1,178,390	4,222,730
05/24/2017	0.141090	0.147922	0.089184	0.139823	609,281	4,073,010
05/23/2017	0.141683	0.146388	0.132321	0.141073	571,757	4,011,870
05/22/2017	0.137737	0.150772	0.125700	0.141680	793,044	3,861,060
05/21/2017	0.149724	0.151700	0.114450	0.137686	708,371	3,429,820
05/20/2017	0.156971	0.156971	0.134597	0.149724	972,874	3,220,070
05/19/2017	0.167713	0.167713	0.134950	0.155085	729,538	2,161,170
05/18/2017	0.136320	0.167699	0.136320	0.167699	524,656	1,726,820
05/17/2017	0.144432	0.148460	0.131355	0.136677	459,263	1,757,580
05/16/2017	0.142930	0.153199	0.129300	0.142058	604,508	1,724,580
05/15/2017	0.142802	0.153452	0.137028	0.141108	172,380	1,736,570
05/14/2017	0.135227	0.148431	0.135227	0.142192	468,410	1,775,950
05/13/2017	0.140231	0.144564	0.130092	0.135005	200,846	1,858,920
05/12/2017	0.142854	0.154779	0.136467	0.140841	274,968	1,912,720
05/11/2017	0.145140	0.168556	0.129962	0.143858	304,166	1,837,720
05/10/2017	0.135802	0.152977	0.130012	0.145310	491,049	1,728,050
05/09/2017	0.163026	0.165154	0.109213	0.137311	825,961	1,750,740
05/08/2017	0.160820	0.176146	0.124578	0.160038	608,690	1,503,590
05/07/2017	0.149429	0.161532	0.119607	0.161161	564,542	1,170,690
05/06/2017	0.149702	0.156966	0.138155	0.148565	304,618	1,022,060
05/05/2017	0.148615	0.197158	0.131547	0.149254	645,360	899,345
05/04/2017	0.146646	0.149057	0.139920	0.148419	243,334	871,736
05/03/2017	0.144118	0.146857	0.142083	0.146567	90,358	834,943
05/02/2017	0.142078	0.150707	0.134899	0.144138	139,927	805,294
05/01/2017	0.141820	0.148971	0.135605	0.142295	214,190	763,596
04/30/2017	0.145941	0.150376	0.137715	0.141845	250,967	733,190
04/29/2017	0.143329	0.153959	0.139338	0.145763	90,480	700,364
04/28/2017	0.144378	0.145850	0.138043	0.143473	24,080	682,281
04/27/2017	0.142915	0.145533	0.139579	0.144105	20,255	670,323
04/26/2017	0.142116	0.150400	0.139466	0.142917	159,815	641,504
04/25/2017	0.146786	0.147066	0.137563	0.142669	89,135	635,156
04/24/2017	0.140593	0.147120	0.137865	0.147120	99,765	583,451
04/23/2017	0.140233	0.144451	0.137436	0.140506	77,636	556,646
04/22/2017	0.139167	0.143425	0.137208	0.140268	51,656	530,560
04/21/2017	0.139162	0.144074	0.132393	0.139020	63,452	508,238
04/20/2017	0.140304	0.143399	0.134396	0.138973	106,142	513,205
04/19/2017	0.142560	0.148124	0.138981	0.140605	100,905	504,571
04/18/2017	0.138547	0.145412	0.135019	0.142612	54,545	487,918
04/17/2017	0.143789	0.145103	0.136552	0.138762	82,071	481,421
04/16/2017	0.142599	0.147610	0.140116	0.143491	37,696	456,394
04/15/2017	0.141191	0.152348	0.138936	0.143163	77,882	430,921
04/14/2017	0.142015	0.147956	0.140008	0.140961	18,247	412,936
04/13/2017	0.141912	0.145195	0.139498	0.141845	83,247	386,801
04/12/2017	0.142771	0.145240	0.141002	0.141949	22,204	381,952
04/11/2017	0.148279	0.148335	0.140585	0.142772	8,354	335,478
04/10/2017	0.141621	0.148283	0.140088	0.148266	46,407	310,440
04/09/2017	0.140258	0.147220	0.131843	0.141801	195,486	296,510
04/08/2017	0.137622	0.141623	0.135696	0.140713	34,320	290,681
04/07/2017	0.140090	0.141499	0.134316	0.137878	33,698	292,649
04/06/2017	0.147288	0.149841	0.136857	0.140127	34,162	287,509
04/05/2017	0.148113	0.150982	0.139065	0.147833	36,088	276,674
04/04/2017	0.148294	0.154423	0.142213	0.147679	71,653	243,064
04/03/2017	0.147946	0.170031	0.132800	0.147048	79,929	238,057
04/02/2017	0.144281	0.211775	0.138840	0.148132	143,183	224,780
04/01/2017	0.145842	0.147951	0.137672	0.144188	4,607	216,915
03/31/2017	0.146100	0.154984	0.137763	0.145469	31,454	210,336
03/30/2017	0.142031	0.148154	0.135600	0.146443	18,210	183,061
03/29/2017	0.144837	0.155976	0.136387	0.141819	54,966	218,201
03/28/2017	0.143573	0.146700	0.138993	0.144914	11,846	215,954
03/27/2017	0.139117	0.150316	0.139117	0.143811	9,398	206,052
03/26/2017	0.133714	0.145232	0.133714	0.138929	10,046	199,386
03/25/2017	0.136559	0.147681	0.130176	0.133677	22,882	213,210
03/24/2017	0.141453	0.146312	0.135035	0.136395	26,922	209,833
03/23/2017	0.146187	0.146187	0.139095	0.142235	17,480	198,699
03/22/2017	0.142092	0.149272	0.130310	0.146069	39,004	188,700
03/21/2017	0.141296	0.148488	0.134130	0.142309	61,985	177,059
03/20/2017	0.142628	0.160052	0.138143	0.141178	38,296	179,516
03/19/2017	0.136322	0.146689	0.134872	0.142621	34,209	157,511
03/18/2017	0.141057	0.145549	0.134110	0.136713	54,820	165,949
03/17/2017	0.144258	0.153381	0.137090	0.141347	71,723	153,250
03/16/2017	0.158352	0.183651	0.143178	0.144901	52,211	164,507
03/15/2017	0.147054	0.163693	0.141035	0.163693	25,488	154,376
03/14/2017	0.141186	0.149646	0.139433	0.147866	12,050	148,322
03/13/2017	0.141614	0.145958	0.139862	0.141175	24,878	147,586
03/12/2017	0.138573	0.142693	0.137990	0.141148	7,556	139,858
03/11/2017	0.139305	0.145649	0.136827	0.138524	3,101	139,705
03/10/2017	0.136660	0.144661	0.127344	0.139499	16,994	137,203
03/09/2017	0.140776	0.142659	0.135123	0.136747	18,396	156,919
03/08/2017	0.143942	0.145931	0.137001	0.140916	7,035	162,477
03/07/2017	0.145475	0.147275	0.139432	0.143930	6,866	164,033
03/06/2017	0.142795	0.145502	0.141144	0.144512	7,011	160,212
03/05/2017	0.142376	0.143976	0.134728	0.142920	2,262	153,478
03/04/2017	0.141172	0.297170	0.136899	0.142298	3,457	153,182
03/03/2017	0.145100	0.145405	0.135773	0.141053	8,404	153,417
03/02/2017	0.139864	0.145324	0.138983	0.143901	6,640	145,973
03/01/2017	0.140586	0.143112	0.134310	0.139286	20,358	143,959
02/28/2017	0.143168	0.143956	0.123537	0.139770	17,039	146,399
02/27/2017	0.141719	0.143901	0.140712	0.143027	7,272	142,792
02/26/2017	0.144300	0.145359	0.139713	0.141827	4,022	144,817
02/25/2017	0.144522	0.145758	0.142153	0.144212	7,441	142,481
02/24/2017	0.143498	0.145729	0.138332	0.144349	8,103	140,139
02/23/2017	0.143159	0.145525	0.141119	0.143329	6,053	163,878
02/22/2017	0.140715	0.142878	0.136253	0.142510	10,314	144,343
02/21/2017	0.144486	0.145928	0.139808	0.140724	9,149	158,942
02/20/2017	0.143540	0.144702	0.125410	0.144563	10,173	157,321
02/19/2017	0.142039	0.147261	0.140574	0.143254	9,738	152,391
02/18/2017	0.143405	0.179711	0.136496	0.141914	23,819	151,816
02/17/2017	0.144452	0.145670	0.142065	0.143263	19,538	134,863
02/16/2017	0.147356	0.148043	0.141689	0.144560	8,229	136,134
02/15/2017	0.146096	0.147496	0.144052	0.147262	3,552	149,857
02/14/2017	0.143138	0.147010	0.141605	0.146080	12,507	146,422
02/13/2017	0.142281	0.147279	0.141127	0.143038	20,752	145,488
02/12/2017	0.146806	0.147558	0.142316	0.142316	13,598	150,086
02/11/2017	0.144188	0.147643	0.142941	0.146792	21,308	147,124
02/10/2017	0.144877	0.155233	0.142666	0.144155	7,843	145,961
02/09/2017	0.148819	0.148819	0.136511	0.145182	14,501	154,145
02/08/2017	0.146132	0.170203	0.141718	0.148715	9,408	152,261
02/07/2017	0.144390	0.150736	0.144390	0.146066	12,435	149,825
02/06/2017	0.144299	0.146519	0.141947	0.144314	8,426	149,730
02/05/2017	0.148748	0.148748	0.141387	0.144195	4,554	151,695
02/04/2017	0.144123	0.149300	0.142392	0.149300	4,242	147,699
02/03/2017	0.146966	0.147842	0.143233	0.143863	1,275	150,692
02/02/2017	0.149932	0.151808	0.145248	0.146929	11,550	152,263
02/01/2017	0.147895	0.149993	0.146382	0.149993	1,792	150,371
01/31/2017	0.148507	0.149940	0.143760	0.148288	11,549	150,919
01/30/2017	0.151404	0.151404	0.143439	0.148536	3,277	152,857
01/29/2017	0.143933	0.152361	0.143560	0.151477	12,256	145,618
01/28/2017	0.144282	0.146995	0.141695	0.143928	8,178	144,168
01/27/2017	0.144562	0.145763	0.141522	0.144289	8,236	141,272
01/26/2017	0.143269	0.148689	0.140657	0.144422	9,036	139,289
01/25/2017	0.143313	0.144734	0.139751	0.142875	6,432	139,332
01/24/2017	0.143507	0.146618	0.141878	0.142859	546	134,552
01/23/2017	0.143622	0.145320	0.141827	0.143563	6,547	134,659
01/22/2017	0.145855	0.147321	0.141109	0.143591	6,443	136,753
01/21/2017	0.146480	0.148111	0.143814	0.145859	6,549	137,339
01/20/2017	0.146578	0.146784	0.144164	0.146479	6,615	137,431
01/19/2017	0.152877	0.154257	0.144467	0.146605	6,618	140,816
01/18/2017	0.151561	0.153444	0.147552	0.152808	7,434	139,604
01/17/2017	0.151701	0.155393	0.145984	0.151503	7,447	139,733
01/16/2017	0.147108	0.153665	0.146476	0.151499	7,370	135,502
01/15/2017	0.146416	0.147683	0.141185	0.147604	7,181	133,639
01/14/2017	0.141498	0.146653	0.138397	0.146318	18,176	129,150
01/13/2017	0.143140	0.146027	0.139548	0.141384	17,207	130,649
01/12/2017	0.131857	0.149326	0.128765	0.143052	17,595	120,350
01/11/2017	0.145380	0.148364	0.128221	0.131903	16,259	132,693
01/10/2017	0.142424	0.149093	0.141480	0.145402	17,899	129,995
01/09/2017	0.142311	0.144636	0.139072	0.142468	17,418	142,742
01/08/2017	0.144341	0.148556	0.138093	0.142342	16,114	164,088
01/07/2017	0.133204	0.153815	0.131842	0.144232	12,256	156,263
01/06/2017	0.144492	0.144492	0.132191	0.133092	29,655	176,980
01/05/2017	0.136196	0.145206	0.127337	0.144348	27,110	166,521
01/04/2017	0.138887	0.142649	0.132401	0.136189	28,085	180,495
01/03/2017	0.136004	0.142009	0.133771	0.139180	9,574	181,410
01/02/2017	0.144009	0.144263	0.134494	0.136186	4,406	191,875
01/01/2017	0.137383	0.144184	0.133775	0.143959	2,453	183,225
12/31/2016	0.139580	0.141838	0.133115	0.138028	2,433	184,759
12/30/2016	0.140766	0.145833	0.134013	0.139571	10,195	187,948
12/29/2016	0.141351	0.142343	0.135446	0.140838	10,507	186,467
12/28/2016	0.140306	0.141856	0.134740	0.141761	6,307	187,499
12/27/2016	0.139898	0.142595	0.136523	0.140211	8,037	184,884
12/26/2016	0.139313	0.141746	0.137253	0.139865	15,026	181,324
12/25/2016	0.138963	0.140704	0.133844	0.139391	24,232	180,313
12/24/2016	0.142179	0.143796	0.136841	0.138948	15,384	185,062
12/23/2016	0.142453	0.145638	0.139108	0.141815	5,572	145,930
12/22/2016	0.141005	0.145201	0.139106	0.142321	6,705	143,629
12/21/2016	0.135911	0.143224	0.134131	0.141416	3,735	138,048
12/20/2016	0.127866	0.142065	0.127866	0.136221	3,634	131,788
12/19/2016	0.140196	0.141603	0.109507	0.127878	7,504	144,130
12/18/2016	0.140091	0.144145	0.138787	0.140161	1,773	143,034
12/17/2016	0.139996	0.141883	0.138709	0.140152	1,368	142,167
12/16/2016	0.144724	0.144724	0.139494	0.139975	1,993	146,824
12/15/2016	0.141858	0.144729	0.138531	0.144729	2,326	146,463
12/14/2016	0.141856	0.143170	0.138475	0.141634	5,105	141,950
12/13/2016	0.142121	0.143980	0.139285	0.141776	571	133,417
12/12/2016	0.141901	0.144108	0.136671	0.142142	2,160	132,239
12/11/2016	0.142019	0.143325	0.140911	0.142014	329	132,775
12/10/2016	0.143518	0.144695	0.140773	0.142072	1,142	135,458
12/09/2016	0.140635	0.143330	0.139829	0.143257	1,587	131,422
12/08/2016	0.153578	0.153578	0.141217	0.141250	2,571	142,204
12/07/2016	0.146593	0.153795	0.139512	0.152530	15,639	146,948
12/06/2016	0.140059	0.147622	0.140059	0.146300	13,104	156,757
12/05/2016	0.137349	0.149606	0.135795	0.140023	17,544	165,933
12/04/2016	0.140035	0.142032	0.134724	0.137320	13,768	182,439
12/03/2016	0.141504	0.144999	0.138942	0.139581	7,894	194,541
12/02/2016	0.142085	0.144860	0.138236	0.141483	18,172	213,785
12/01/2016	0.143586	0.145647	0.138823	0.141205	22,647	236,654
11/30/2016	0.144243	0.145368	0.139750	0.143579	6,066	231,014
11/29/2016	0.137555	0.145303	0.137037	0.143937	15,316	234,073
11/28/2016	0.140523	0.142175	0.137462	0.137462	4,179	239,528
11/27/2016	0.144677	0.144677	0.140135	0.140468	10,575	255,575
11/26/2016	0.142629	0.144863	0.137170	0.144708	4,461	260,609
11/25/2016	0.139103	0.143036	0.138079	0.142451	5,731	257,966
11/24/2016	0.142618	0.143342	0.137239	0.139098	6,517	268,766
11/23/2016	0.140537	0.142913	0.139528	0.142670	14,815	273,322
11/22/2016	0.140469	0.143805	0.140099	0.140565	12,590	283,152
11/21/2016	0.140479	0.144032	0.138351	0.140432	14,149	287,296
11/20/2016	0.140047	0.148841	0.137738	0.140480	9,887	284,952
11/19/2016	0.137750	0.142445	0.136638	0.140008	1,058	280,637
11/18/2016	0.141804	0.141804	0.137373	0.137755	236	288,896
11/17/2016	0.136012	0.143177	0.136012	0.141720	1,221	276,896
11/16/2016	0.143963	0.144847	0.134029	0.137361	3,536	292,454
11/15/2016	0.142473	0.144444	0.140411	0.143963	2,666	288,857
11/14/2016	0.147659	0.150805	0.140111	0.142423	923	299,283
11/13/2016	0.145334	0.148223	0.141596	0.147662	670	294,624
11/12/2016	0.142819	0.148497	0.141333	0.145345	766	286,843
11/11/2016	0.143944	0.146849	0.142215	0.142841	949	289,099
11/10/2016	0.143784	0.148013	0.140617	0.144206	1,154	288,968
11/09/2016	0.143997	0.146320	0.140531	0.143726	1,018	288,554
11/08/2016	0.143955	0.148024	0.143045	0.144019	1,366	288,830
11/07/2016	0.143413	0.148586	0.140324	0.146800	1,801	287,312
11/06/2016	0.145909	0.170134	0.141773	0.143273	1,931	291,744
11/05/2016	0.148373	0.150572	0.142712	0.145917	3,214	294,687
11/04/2016	0.147750	0.152712	0.140855	0.147885	4,935	292,563
11/03/2016	0.145483	0.148129	0.141845	0.147744	2,372	286,268
11/02/2016	0.142145	0.146742	0.140610	0.145200	1,079	279,544
11/01/2016	0.142586	0.145750	0.138813	0.142075	1,466	279,541
10/31/2016	0.150251	0.150677	0.141935	0.142611	873	293,335
10/30/2016	0.143549	0.152888	0.140801	0.150074	10,332	277,753
10/29/2016	0.140658	0.146675	0.137755	0.143517	7,085	270,190
10/28/2016	0.142214	0.146670	0.139653	0.140778	5,527	272,879
10/27/2016	0.142734	0.148444	0.140435	0.142698	9,377	273,434
10/26/2016	0.144050	0.148348	0.141815	0.142775	2,437	275,955
10/25/2016	0.147446	0.148260	0.143595	0.144004	3,923	282,328
10/24/2016	0.144209	0.148735	0.143079	0.147475	1,328	276,130
10/23/2016	0.146584	0.146839	0.140877	0.144981	1,819	280,678
10/22/2016	0.146251	0.149159	0.145288	0.146596	9,098	277,027
10/21/2016	0.150407	0.150581	0.145697	0.146047	4,649	300,618
10/20/2016	0.146230	0.163848	0.144727	0.150430	8,475	295,841
10/19/2016	0.147788	0.151852	0.144157	0.146233	3,204	289,812
10/18/2016	0.146987	0.151483	0.140477	0.147526	7,045	290,777
10/17/2016	0.148057	0.149119	0.141022	0.146999	23,793	312,471
10/16/2016	0.149488	0.149779	0.141775	0.148128	3,328	307,382
10/15/2016	0.142929	0.149362	0.141904	0.149362	19,219	307,102
10/14/2016	0.147036	0.149232	0.141863	0.143421	17,722	312,810
10/13/2016	0.145754	0.149652	0.143105	0.146062	8,893	300,599
10/12/2016	0.142922	0.149049	0.141905	0.145698	12,092	302,113
10/11/2016	0.151684	0.151684	0.142714	0.142714	5,729	328,294
10/10/2016	0.146696	0.154578	0.145318	0.150937	1,323	314,333
10/09/2016	0.147976	0.149878	0.144753	0.146764	10,104	325,077
10/08/2016	0.147998	0.149523	0.145484	0.147978	3,981	316,514
10/07/2016	0.145346	0.149460	0.143076	0.147956	6,248	308,881
10/06/2016	0.147725	0.149809	0.143319	0.145337	6,932	307,637
10/05/2016	0.146304	0.150015	0.141736	0.147730	459	303,631
10/04/2016	0.146869	0.150117	0.143490	0.146391	2,020	301,186
10/03/2016	0.146351	0.151355	0.143991	0.146894	425	299,995
10/02/2016	0.148021	0.149994	0.145900	0.146361	76	303,418
10/01/2016	0.143824	0.152346	0.143824	0.147977	2,444	293,371
09/30/2016	0.149976	0.150289	0.142927	0.143809	947	305,920
09/29/2016	0.074698	0.150885	0.071348	0.149953	931	152,382
09/28/2016	0.151233	0.151298	0.070141	0.074693	1,280	310,649
09/27/2016	0.151364	0.155890	0.149488	0.151229	3,946	308,445
09/26/2016	0.149384	0.151908	0.142512	0.151385	727	300,362
09/25/2016	0.150056	0.155695	0.144147	0.149392	306	300,721
09/24/2016	0.149419	0.150076	0.149338	0.150053	1,961	293,483
09/23/2016	0.149580	0.149934	0.149095	0.149436	2,232	292,632
09/22/2016	0.150020	0.151289	0.147440	0.149576	246	290,151
09/21/2016	0.150644	0.151101	0.145661	0.150046	732	302,859
09/20/2016	0.152287	0.155922	0.147798	0.150689	2,966	313,845
09/19/2016	0.154763	0.155440	0.150543	0.152284	305	317,309
09/18/2016	0.151738	0.156033	0.147540	0.154767	958	309,553
09/17/2016	0.149180	0.153396	0.148386	0.151747	936	299,573
09/16/2016	0.151598	0.153219	0.148393	0.149165	13,715	303,116
09/15/2016	0.154968	0.155157	0.150447	0.151666	4,324	305,462
09/14/2016	0.151021	0.162188	0.148656	0.152358	4,073	296,927
09/13/2016	0.151541	0.159920	0.147419	0.151067	9,206	292,827
09/12/2016	0.144563	0.161959	0.144563	0.151502	4,581	276,308
09/11/2016	0.148631	0.193582	0.142812	0.144521	9,865	293,276
09/10/2016	0.145987	0.152869	0.145987	0.148561	2,306	299,701
09/09/2016	0.155799	0.236816	0.135663	0.146234	25,845	317,523
09/08/2016	0.150627	0.159386	0.147943	0.155825	1,311	304,843
09/07/2016	0.150406	0.153447	0.147183	0.150623	339	303,534
09/06/2016	0.150624	0.150988	0.149506	0.150399	1,943	304,547
09/05/2016	0.152458	0.157733	0.148234	0.150620	540	305,381
09/04/2016	0.149463	0.152681	0.149343	0.152448	3,934	303,458
09/03/2016	0.150403	0.163808	0.149392	0.149451	2,111	293,769
09/02/2016	0.150173	0.151525	0.149115	0.150411	1,924	288,964
09/01/2016	0.148052	0.150480	0.144013	0.150163	719	284,291
08/31/2016	0.148535	0.148794	0.146058	0.148037	1,322	283,926
08/30/2016	0.147647	0.149640	0.147647	0.148550	4,464	277,694
08/29/2016	0.147267	0.150409	0.146800	0.147742	8,689	285,115
08/28/2016	0.147705	0.150282	0.131092	0.147241	1,724	283,235
08/27/2016	0.152297	0.152297	0.147741	0.147742	154	289,603
08/26/2016	0.149695	0.152855	0.147320	0.151545	2,423	285,389
08/25/2016	0.145669	0.153615	0.145593	0.150157	2,673	268,172
08/24/2016	0.149593	0.150630	0.144780	0.145929	4,841	268,741
08/23/2016	0.150416	0.151512	0.146402	0.149755	10,088	268,324
08/22/2016	0.151405	0.154134	0.148296	0.150338	2,812	270,527
08/21/2016	0.149887	0.153136	0.147321	0.151086	2,276	264,952
08/20/2016	0.149271	0.162778	0.148695	0.149796	4,830	261,742
08/19/2016	0.154183	0.154328	0.147699	0.149275	4,847	272,699
08/18/2016	0.149381	0.155834	0.146611	0.154258	2,008	263,808
08/17/2016	0.149103	0.160813	0.146890	0.149467	14,113	259,156
08/16/2016	0.145671	0.153633	0.145671	0.149129	2,942	250,880
08/15/2016	0.149389	0.153490	0.144433	0.145675	3,190	254,324
08/14/2016	0.148894	0.154248	0.146715	0.149403	1,167	251,055
08/13/2016	0.153773	0.166837	0.145167	0.148761	13,023	258,881
08/12/2016	0.149359	0.154089	0.148063	0.153557	4,489	254,926
08/11/2016	0.147939	0.155971	0.146241	0.149328	1,665	247,236
08/10/2016	0.150017	0.152545	0.147787	0.148233	2,654	248,910
08/09/2016	0.154722	0.154767	0.148258	0.149985	8,413	256,608
08/08/2016	0.148101	0.154717	0.144580	0.154708	1,210	245,227
08/07/2016	0.157734	0.157734	0.147493	0.148337	4,781	259,821
08/06/2016	0.150588	0.158438	0.145524	0.157937	3,426	247,583
08/05/2016	0.152494	0.152565	0.148216	0.150573	2,136	254,610
08/04/2016	0.152598	0.153660	0.147814	0.152160	4,741	256,729
08/03/2016	0.165609	0.165609	0.147713	0.152615	13,747	258,911
08/02/2016	0.145416	0.165531	0.142616	0.165531	13,869	227,771
08/01/2016	0.150946	0.153461	0.145720	0.145853	8,197	235,577
07/31/2016	0.150535	0.153849	0.142981	0.151391	7,728	238,270
07/30/2016	0.150307	0.151688	0.148512	0.150536	667	236,837
07/29/2016	0.152488	0.153853	0.148183	0.150304	1,454	239,420
07/28/2016	0.148191	0.155551	0.147646	0.152510	592	229,635
07/27/2016	0.149740	0.153699	0.147757	0.148243	6,484	228,100
07/26/2016	0.149099	0.152299	0.147072	0.150167	3,348	225,708
07/25/2016	0.152153	0.152313	0.147148	0.149870	5,590	228,505
07/24/2016	0.150370	0.152846	0.148517	0.152176	4,811	224,035
07/23/2016	0.148598	0.152242	0.147521	0.150570	3,296	218,843
07/22/2016	0.151275	0.154963	0.145675	0.148581	5,598	219,079
07/21/2016	0.148833	0.156766	0.145899	0.151370	8,564	211,629
07/20/2016	0.154897	0.156777	0.146374	0.148834	19,393	216,706
07/19/2016	0.149722	0.155428	0.146916	0.155168	9,838	205,835
07/18/2016	0.146534	0.154647	0.144516	0.149444	11,030	194,667
07/17/2016	0.149932	0.151266	0.146613	0.146730	7,776	195,873
07/16/2016	0.151203	0.153256	0.145942	0.150054	14,304	189,764
07/15/2016	0.148809	0.152780	0.145120	0.151528	13,943	185,162
07/14/2016	0.149603	0.156404	0.144682	0.149665	17,554	176,294
07/13/2016	0.149712	0.159141	0.144676	0.149265	26,240	170,413
07/12/2016	0.136154	0.154416	0.136154	0.147640	15,096	151,993
07/11/2016	0.148659	0.153497	0.129904	0.133765	8,436	163,975
07/10/2016	0.151531	0.331646	0.146590	0.148747	44,801	168,213
07/09/2016	0.150960	0.152852	0.145940	0.152115	2,279	167,519
07/08/2016	0.147835	0.159299	0.142563	0.152210	3,689	158,575
07/07/2016	0.148336	0.154530	0.142099	0.147771	5,267	157,806
07/06/2016	0.149568	0.151472	0.146436	0.148538	2,664	158,843
07/05/2016	0.154759	0.155310	0.148227	0.149574	6,077	164,224
07/04/2016	0.153710	0.175510	0.143862	0.155449	3,867	147,417
07/03/2016	0.149019	0.156028	0.143588	0.152664	6,271	136,341
07/02/2016	0.154774	0.155205	0.146643	0.149064	2,100	141,273
07/01/2016	0.152403	0.156502	0.145773	0.154694	1,692	139,703
06/30/2016	0.167369	0.167369	0.146210	0.152498	2,452	151,481
06/29/2016	0.146055	0.181482	0.138200	0.168914	2,022	132,687
06/28/2016	0.150370	0.171885	0.140938	0.146111	13,671	139,100
06/27/2016	0.147502	0.154736	0.143015	0.150192	3,398	135,407
06/26/2016	0.146685	0.153628	0.115520	0.147280	5,563	122,115
06/25/2016	0.147262	0.155564	0.146352	0.146685	2,884	120,159
06/24/2016	0.157136	0.160150	0.144322	0.146474	974	129,857
06/23/2016	0.143283	0.158420	0.138490	0.156861	1,445	118,767
06/22/2016	0.130266	0.160098	0.129407	0.140273	371	101,928
06/21/2016	0.145712	0.164359	0.126845	0.129792	1,104	112,746
06/20/2016	0.154810	0.156381	0.144054	0.146467	306	119,863
06/19/2016	0.151430	0.166194	0.145270	0.154711	765	117,453
06/18/2016	0.157836	0.158092	0.144449	0.153089	1,347	123,282
06/17/2016	0.150117	0.158482	0.140588	0.157808	1,868	117,845
06/16/2016	0.148285	0.155153	0.146949	0.150139	1,255	117,000
06/15/2016	0.153680	0.154176	0.142401	0.147058	3,862	122,333
06/14/2016	0.145340	0.160817	0.143863	0.153096	5,682	110,535
06/13/2016	0.156838	0.156930	0.144010	0.145387	2,380	118,416
06/12/2016	0.153287	0.161581	0.148163	0.156900	2,050	114,856
06/11/2016	0.147874	0.154006	0.145423	0.153605	1,522	110,703
06/10/2016	0.149718	0.152725	0.146114	0.147973	3,915	112,413
06/09/2016	0.149568	0.152604	0.144353	0.150754	1,752	110,049
06/08/2016	0.151292	0.152528	0.149497	0.149843	2,409	98,606
06/07/2016	0.149031	0.155840	0.146879	0.151285	703	97,718
06/06/2016	0.150033	0.152142	0.146215	0.149017	2,212	99,788
06/05/2016	0.151837	0.155435	0.148173	0.150054	3,521	98,049
06/04/2016	0.148457	0.155169	0.145662	0.151737	770	95,718
06/03/2016	0.147790	0.150189	0.147179	0.148428	110	94,454
06/02/2016	0.155678	0.157751	0.146908	0.147948	248	99,324
06/01/2016	0.147056	0.160164	0.145793	0.156569	797	93,741
05/31/2016	0.142391	0.153209	0.141878	0.147065	839	90,728
05/30/2016	0.147710	0.152143	0.139850	0.142492	521	94,339
05/29/2016	0.153517	0.155604	0.132767	0.147723	1,225	98,017
05/28/2016	0.145373	0.155630	0.140837	0.153511	1,474	92,804
05/27/2016	0.149461	0.152469	0.142584	0.145425	1,221	93,978
05/26/2016	0.148385	0.157723	0.141524	0.149459	202	92,857
05/25/2016	0.148701	0.163113	0.146534	0.148011	1,960	93,681
05/24/2016	0.147219	0.155652	0.139199	0.148525	994	90,426
05/23/2016	0.147585	0.154854	0.145740	0.147325	1,564	91,101
05/22/2016	0.150479	0.156366	0.147325	0.147636	1,237	93,643
05/21/2016	0.149286	0.155238	0.144138	0.150462	1,488	93,263
05/20/2016	0.154290	0.156626	0.144915	0.149207	858	95,945
05/19/2016	0.160480	0.160480	0.150434	0.154388	2,631	102,442
05/18/2016	0.152215	0.162111	0.147566	0.159764	613	94,685
05/17/2016	0.154077	0.154503	0.150711	0.152056	286	96,854
05/16/2016	0.154335	0.155859	0.149930	0.153749	1,422	96,121
05/15/2016	0.152056	0.159979	0.150117	0.154164	411	94,549
05/14/2016	0.156543	0.161837	0.149693	0.152009	758	93,093
05/13/2016	0.156702	0.162138	0.154281	0.156178	532	92,874
05/12/2016	0.153335	0.158461	0.152011	0.156501	327	90,879
05/11/2016	0.152606	0.165995	0.151751	0.153105	1,331	91,438
05/10/2016	0.144046	0.159289	0.143661	0.152545	428	86,309
05/09/2016	0.153776	0.154867	0.141491	0.144073	1,151	92,157
05/08/2016	0.155496	0.158300	0.152383	0.153649	324	95,072
05/07/2016	0.153404	0.156726	0.146468	0.155468	915	100,619
05/06/2016	0.152397	0.155326	0.145480	0.153556	349	97,987
05/05/2016	0.153586	0.158279	0.146518	0.152491	299	98,890
05/04/2016	0.149258	0.154446	0.147652	0.153581	27	96,103
05/03/2016	0.150905	0.150929	0.143726	0.149262	7	97,164
05/02/2016	0.150765	0.164112	0.148442	0.150792	464	97,074
05/01/2016	0.154966	0.156771	0.147666	0.150680	119	99,719
04/30/2016	0.155344	0.159475	0.154097	0.155071	346	100,614
04/29/2016	0.149969	0.155104	0.148094	0.154830	223	97,132
04/28/2016	0.150576	0.154859	0.140915	0.149989	1,592	100,236
04/27/2016	0.154603	0.158111	0.147808	0.150379	2,581	104,462
04/26/2016	0.150983	0.159587	0.147663	0.154606	1,512	103,943
04/25/2016	0.152149	0.158676	0.094328	0.150680	4,989	104,235
04/24/2016	0.157072	0.157619	0.149387	0.152135	880	107,007
04/23/2016	0.155041	0.161959	0.145515	0.157039	795	106,539
04/22/2016	0.148516	0.157040	0.145888	0.152649	1,996	103,992
04/21/2016	0.147788	0.154989	0.146097	0.148219	746	103,558
04/20/2016	0.152154	0.159199	0.147608	0.147608	953	105,966
04/19/2016	0.155009	0.155898	0.150908	0.152409	96	106,749
04/18/2016	0.149880	0.156833	0.148513	0.154966	1,568	104,981
04/17/2016	0.149741	0.156585	0.148146	0.149819	107	104,779
04/16/2016	0.149737	0.162387	0.147178	0.149467	416	100,554
04/15/2016	0.154161	0.156584	0.147719	0.149648	3,954	118,270
04/14/2016	0.153366	0.155842	0.148143	0.154607	4,660	121,482
04/13/2016	0.155130	0.160197	0.148566	0.153498	6,234	121,559
04/12/2016	0.154220	0.159714	0.146880	0.154814	5,669	118,887
04/11/2016	0.154775	0.157027	0.148339	0.156101	4,697	113,186
04/10/2016	0.154842	0.157212	0.147473	0.151049	5,236	107,726
04/09/2016	0.154222	0.156852	0.153704	0.154872	1,351	107,409
04/08/2016	0.154744	0.157229	0.150363	0.154135	4,156	108,189
04/07/2016	0.159820	0.162157	0.153286	0.154556	4,205	108,989
04/06/2016	0.154286	0.165690	0.152272	0.160079	2,192	105,987
04/05/2016	0.156440	0.156926	0.154039	0.154272	2,884	107,200
04/04/2016	0.156021	0.201934	0.155737	0.161324	947	107,366
04/03/2016	0.158260	0.164286	0.154890	0.156018	1,639	107,561
04/02/2016	0.159090	0.167202	0.154006	0.158400	1,165	107,880
04/01/2016	0.153900	0.159244	0.149822	0.158318	620	105,023
03/31/2016	0.153987	0.161537	0.151559	0.154079	932	90,761
03/30/2016	0.152200	0.163441	0.150180	0.153454	1,425	87,484
03/29/2016	0.157765	0.158548	0.149995	0.151995	10,834	101,479
03/28/2016	0.161388	0.162150	0.150972	0.157933	773	103,648
03/27/2016	0.168002	0.173555	0.153684	0.161946	1,113	105,888
03/26/2016	0.170944	0.178226	0.163644	0.168309	389	107,315
03/25/2016	0.164962	0.174726	0.163199	0.171436	246	103,560
03/24/2016	0.169841	0.175049	0.154468	0.164959	312	107,300
03/23/2016	0.157624	0.171152	0.155087	0.170074	1,818	98,767
03/22/2016	0.176836	0.176836	0.155836	0.157942	2,483	110,692
03/21/2016	0.165415	0.211120	0.153522	0.186280	4,024	102,183
03/20/2016	0.192121	0.332444	0.162262	0.165721	1,326	118,680
03/19/2016	0.275265	0.635552	0.129953	0.192156	1,149	170,041
03/18/2016	0.134440	1.00	0.133818	0.173622	1,943	84,687
03/17/2016	0.129977	0.160406	0.129977	0.151821	1,153	81,673
03/16/2016	0.184939	0.184939	0.148260	0.148260	4,597	113,435
03/15/2016	0.184565	0.184585	0.147815	0.152273	3,486	114,178
03/14/2016	0.165706	0.165782	0.137845	0.149243	4,065	103,506
03/13/2016	0.182466	0.182930	0.150262	0.152820	699	113,719
03/12/2016	0.166780	0.168161	0.145918	0.148800	1,664	102,942
03/11/2016	0.183648	0.183648	0.142616	0.150172	19,315	107,257
03/10/2016	0.126552	0.177825	0.126552	0.152673	32,273	67,859
03/09/2016	0.140773	0.156418	0.140712	0.152807	13,500	70,595
03/08/2016	0.186367	0.186664	0.141065	0.151723	4,079	93,229
03/07/2016	0.163087	0.163132	0.136068	0.155993	1,198	83,351
03/06/2016	0.154316	0.165118	0.149086	0.151412	1,194	78,251
03/05/2016	0.150413	0.158983	0.149086	0.151230	465	76,167
03/04/2016	0.151591	0.155204	0.147141	0.152847	938	75,277
03/03/2016	0.143549	0.154527	0.142323	0.152973	3,543	69,848
03/02/2016	0.168044	0.168348	0.143742	0.143742	12	87,649
03/01/2016	0.153383	0.169559	0.153006	0.168035	15	86,290
02/29/2016	0.151395	0.156054	0.139330	0.140144	1,651	86,843
02/28/2016	0.156732	0.156770	0.151369	0.153683	2	77,569
02/27/2016	0.154490	0.169075	0.154490	0.156761	3	76,460
02/26/2016	0.154609	0.156155	0.144896	0.148696	62	72,994
02/25/2016	0.165732	0.166810	0.146041	0.153157	0	77,416
02/24/2016	0.167700	0.169971	0.150702	0.153820	69	76,659
02/23/2016	0.169456	0.173307	0.161848	0.163508	22	77,461
02/22/2016	0.179587	0.179688	0.149433	0.153742	264	84,051
02/21/2016	0.181997	0.182479	0.160302	0.172671	39	85,179
02/20/2016	0.154880	0.253288	0.150186	0.165373	122	72,487
02/19/2016	0.756622	1.07	0.149150	0.153210	23	354,119
02/18/2016	0.154748	0.756403	0.154748	0.164336	78	72,194
02/17/2016	0.224114	0.224448	0.146146	0.151871	427	109,732
02/16/2016	0.179800	0.205542	0.154643	0.205542	74	88,009
02/15/2016	0.163929	0.223550	0.154527	0.166538	128	80,076
02/14/2016	0.195487	0.227318	0.156366	0.158241	127	94,123
02/13/2016	0.146415	0.768713	0.146415	0.169426	377	70,482
02/12/2016	0.166731	0.184192	0.146579	0.148049	3,067	80,562
02/11/2016	0.165222	0.167556	0.145043	0.149447	415	80,050
02/10/2016	0.165453	0.166980	0.146634	0.150020	529	79,812
02/09/2016	0.164317	0.164757	0.144612	0.149580	59	79,593
02/08/2016	0.151024	0.151784	0.145576	0.149617	1,221	73,460
02/07/2016	0.161641	0.161641	0.147959	0.151499	644	77,744
02/05/2016	0.150716	0.155394	0.150313	0.153435	1,698	73,166
02/04/2016	0.151224	0.154156	0.147233	0.149360	796	73,908
02/03/2016	0.169962	0.170051	0.130482	0.146119	161	83,057
02/02/2016	0.149762	0.174979	0.148315	0.148315	101	73,185
02/01/2016	0.919453	1.06	0.919453	1.06	3	449,315
01/31/2016	0.151064	0.156541	0.149076	0.155393	674	74,003
01/30/2016	0.146356	0.152677	0.141311	0.147188	829	71,821
01/29/2016	0.117730	0.153507	0.114093	0.145693	145	57,366
01/28/2016	0.124452	0.169222	0.124452	0.151576	2,492	60,542
01/27/2016	0.143083	0.164328	0.130727	0.151775	1,961	68,959
01/26/2016	0.176277	0.176700	0.144924	0.151634	1,600	82,471
01/25/2016	0.151980	0.152651	0.148185	0.149611	2,322	70,846
01/24/2016	0.151988	0.153964	0.149495	0.151625	412	70,857
01/23/2016	0.151315	0.155145	0.149515	0.152474	1,775	73,129
01/22/2016	0.151310	0.155290	0.149761	0.152559	3,704	73,051
01/21/2016	0.124602	0.152380	0.122701	0.151379	3,130	59,347
01/20/2016	0.210983	0.212018	0.145471	0.148070	26	100,278
01/19/2016	0.150314	0.153763	0.148640	0.152052	443	71,443
01/18/2016	0.106206	0.151853	0.106049	0.149772	183	50,609
01/17/2016	0.151150	0.153040	0.146706	0.150763	440	72,458
01/16/2016	0.220084	0.226409	0.136395	0.152459	585	105,652
01/15/2016	0.171510	0.172179	0.149473	0.151526	335	82,586
01/14/2016	0.743116	1.06	0.147802	0.153341	532	341,965
01/13/2016	0.136985	0.742839	0.136985	0.152042	306	62,907
01/12/2016	0.119273	0.158822	0.118352	0.150512	4	54,416
01/11/2016	0.178748	0.179814	0.118057	0.149849	45	81,550
01/10/2016	0.136649	0.178632	0.136644	0.178632	1	62,343
01/09/2016	0.145956	0.155816	0.143724	0.150160	31	66,589
01/08/2016	0.136953	0.157680	0.136953	0.146820	571	63,086
01/07/2016	0.151571	0.153168	0.119569	0.145032	2,464	69,754
01/06/2016	0.153337	0.154068	0.148010	0.151160	637	71,441
01/05/2016	0.153377	0.153648	0.150975	0.152577	61	71,460
01/04/2016	0.065061	0.152966	0.065061	0.150938	225	30,407
01/03/2016	0.152208	0.153779	0.064365	0.104251	0	71,136
01/02/2016	0.173299	0.173989	0.152208	0.152208	0	80,993
01/01/2016	0.172227	0.174062	0.170578	0.173155	0	80,492
12/31/2015	0.056602	0.492053	0.042011	0.172215	1	26,057
12/30/2015	0.154244	0.154244	0.042590	0.113119	55	70,992
12/29/2015	0.042330	0.154465	0.042312	0.152657	228	19,483
12/28/2015	0.035868	0.042664	0.035511	0.042337	0	16,508
12/27/2015	0.155397	0.158370	0.152429	0.156998	319	71,290
12/26/2015	0.154532	0.156742	0.149903	0.152990	542	70,584
12/25/2015	0.152859	0.154535	0.149297	0.150190	18	70,033
12/24/2015	0.183256	0.189693	0.152841	0.152841	0	82,654
12/23/2015	0.180832	0.181796	0.148427	0.154360	455	81,471
12/22/2015	0.043867	0.167186	0.043746	0.166714	5	19,763
12/21/2015	0.153494	0.156137	0.145160	0.151932	149	71,935
12/20/2015	0.152729	0.153493	0.152729	0.153493	0	71,577
12/19/2015	0.192039	0.192838	0.149905	0.150693	31	91,267
12/18/2015	0.177870	0.192686	0.161974	0.164160	130	84,747
12/17/2015	0.154535	0.154946	0.151462	0.153856	1,515	75,329
12/16/2015	0.153492	0.156346	0.152166	0.152881	233	74,820
12/15/2015	0.135342	0.155422	0.135250	0.152380	437	65,973
12/14/2015	0.160038	0.161809	0.150032	0.152120	223	78,203
12/13/2015	0.134849	0.136867	0.132143	0.136867	2	67,229
12/12/2015	0.140475	0.155641	0.127412	0.153387	190	70,034
12/11/2015	0.156127	0.162535	0.147823	0.153251	220	77,837
12/10/2015	0.158669	0.159407	0.147789	0.155975	1,026	79,025
12/09/2015	0.162070	0.162282	0.144109	0.144121	1,445	75,381
12/08/2015	0.155834	0.165458	0.151988	0.152975	1,675	72,013
12/07/2015	0.159812	0.163819	0.152476	0.153397	223	73,037
12/06/2015	0.174836	0.178478	0.152615	0.154520	15	79,728
12/05/2015	0.165105	0.168395	0.151741	0.155605	2,115	74,792
12/04/2015	0.166079	0.173162	0.154352	0.156297	1,113	76,934
12/03/2015	0.861525	0.888123	0.155845	0.158103	521	399,088
12/02/2015	0.162329	1.35	0.155508	0.289088	866	75,034
12/01/2015	0.198094	0.198759	0.156554	0.158066	156	89,551
11/30/2015	0.157187	0.197775	0.156729	0.188652	35	71,058
11/29/2015	0.156396	0.160331	0.153803	0.155899	478	78,732
11/28/2015	0.156403	0.161510	0.153897	0.156647	1,048	79,671
11/27/2015	0.156483	0.161551	0.155720	0.158260	2,681	85,095
11/26/2015	0.145885	0.161962	0.145885	0.161648	1,348	71,504
11/25/2015	0.156504	0.171535	0.145470	0.146416	38	75,926
11/24/2015	0.156204	0.159672	0.154335	0.157449	640	75,816
11/23/2015	0.156129	0.159404	0.155575	0.159404	184	73,282
11/22/2015	0.198912	0.198912	0.156061	0.157494	399	93,480
11/21/2015	0.156459	0.209168	0.155490	0.158276	193	68,835
11/20/2015	0.156500	0.162913	0.154301	0.157952	267	68,149
11/19/2015	0.156654	0.157765	0.153689	0.156713	336	68,132
11/18/2015	0.156784	0.158305	0.153618	0.154114	1,574	67,663
11/17/2015	0.157010	0.159159	0.151400	0.156387	688	67,760
11/16/2015	0.157617	0.157746	0.156607	0.157628	31	67,962
11/15/2015	0.156984	0.157691	0.156984	0.157691	2	67,689
11/14/2015	0.157012	0.158234	0.156964	0.156984	2	67,701
11/13/2015	0.157035	0.157695	0.156926	0.156992	2	67,711
11/12/2015	0.157046	0.157046	0.157044	0.157044	0	67,716
11/11/2015	0.157274	0.157274	0.157132	0.157132	0	67,814
11/10/2015	0.698029	0.906265	0.157242	0.157242	0	300,979
11/09/2015	1.29	1.30	0.698081	0.698081	1	558,371
11/08/2015	0.157440	15.52	0.157440	1.30	65	67,886
11/07/2015	0.157935	0.768219	0.141682	0.157440	0	68,099
11/06/2015	0.160752	0.161436	0.157499	0.157897	0	69,314
11/05/2015	0.160837	0.160837	0.160757	0.160807	0	69,350
11/01/2015	0.151772	0.151956	0.151772	0.151956	0	65,442
10/31/2015	0.151772	0.151772	0.151772	0.151772	0	65,442
10/23/2015	0.314686	0.314916	0.314615	0.314916	0	135,688
10/22/2015	0.314677	0.314677	0.314592	0.314592	0	135,684
10/19/2015	0.157902	0.158040	0.157902	0.158040	1	68,085
10/18/2015	0.157428	0.157891	0.157419	0.157891	1	67,881
10/17/2015	0.157626	0.157783	0.157415	0.157415	2	67,966
10/14/2015	0.271064	0.272803	0.266674	0.269776	2,108	116,879
10/13/2015	0.156301	0.279317	0.140880	0.270985	2,118	66,473
10/12/2015	0.155467	0.157266	0.154388	0.155486	2,690	69,149
10/11/2015	0.157425	0.161520	0.150722	0.155487	615	70,020
10/10/2015	0.157236	0.175510	0.154548	0.158015	771	70,681
10/09/2015	0.159465	0.161799	0.157182	0.157251	1	72,210
10/08/2015	0.151591	0.163528	0.151055	0.160032	1,650	67,086
10/07/2015	0.148193	0.156481	0.148193	0.150810	31	65,559
10/06/2015	0.156660	0.159379	0.141782	0.149045	176	69,308
10/05/2015	0.151137	0.162709	0.146146	0.157278	12,411	68,495
10/04/2015	0.153545	0.157307	0.148977	0.150460	23	69,586
10/03/2015	0.158885	0.163137	0.152727	0.153570	2,153	71,641
10/02/2015	0.267035	0.279896	0.141963	0.158994	1,216	124,271
10/01/2015	0.157696	0.267287	0.152235	0.267253	3	73,387
09/30/2015	0.157456	0.158712	0.153454	0.157075	2,729	69,687
09/29/2015	0.157852	0.162317	0.148690	0.158178	2,372	67,496
09/28/2015	0.154710	0.160432	0.148063	0.156573	10,575	68,684
09/27/2015	0.162441	0.162441	0.154265	0.154693	19,633	69,884
09/26/2015	0.157172	0.170454	0.152796	0.161896	32	67,618
09/25/2015	0.158077	0.164003	0.152144	0.157090	31	68,007
09/24/2015	0.166721	0.167653	0.145549	0.158592	1,832	71,712
09/23/2015	0.156444	0.171486	0.150946	0.167096	86	67,330
09/22/2015	0.152895	0.163176	0.146722	0.155602	2,315	65,247
09/21/2015	0.160807	0.161714	0.148876	0.153094	2,076	67,217
09/20/2015	0.160278	0.176105	0.152399	0.163399	2,390	68,511
09/19/2015	0.161288	0.164579	0.150323	0.160951	19,522	62,279
09/18/2015	0.163649	0.169401	0.151378	0.160885	829	65,143
09/17/2015	0.166036	0.166306	0.152253	0.165081	3,656	63,088
09/16/2015	0.159199	0.166392	0.147077	0.165387	32,050	58,088
09/15/2015	0.152879	0.174927	0.152693	0.159660	1,995	54,151
09/14/2015	0.162191	0.162191	0.153134	0.153515	1,597	59,626
09/13/2015	0.156477	0.164228	0.153349	0.162641	17,461	58,968
09/12/2015	0.155780	0.163473	0.154328	0.156297	4,694	58,726
09/11/2015	0.159798	0.165013	0.155248	0.155884	162	60,911
09/10/2015	0.160446	0.167070	0.151845	0.158288	992	63,344
09/09/2015	0.156185	0.164520	0.140837	0.160658	450	64,057
09/08/2015	0.155049	0.168602	0.148328	0.156153	9,766	64,288
09/07/2015	0.141649	0.167508	0.141649	0.155112	6,657	59,316
09/06/2015	0.158254	0.176639	0.141609	0.141609	2,932	68,201
09/05/2015	0.160997	0.213260	0.153415	0.159133	16,614	69,440
09/04/2015	0.156536	0.160268	0.152793	0.160178	4,879	68,625
09/03/2015	0.157935	0.159613	0.151663	0.156452	578	69,176
09/02/2015	0.156450	0.161516	0.153344	0.157843	2,090	70,198
09/01/2015	0.159233	0.160635	0.153928	0.156692	1,224	71,826
08/31/2015	0.157885	0.159548	0.151484	0.157641	13,141	71,223
08/30/2015	0.155663	0.159726	0.150801	0.157793	12,988	71,908
08/29/2015	0.161128	0.166166	0.146839	0.155613	263	74,973
08/28/2015	0.154597	0.176697	0.149722	0.161455	2,472	71,361
08/27/2015	0.157462	0.158816	0.151597	0.154593	1,488	72,788
08/26/2015	0.156426	0.165859	0.139454	0.157290	4,677	70,287
08/25/2015	0.157790	0.168894	0.150705	0.156089	6,912	71,495
08/24/2015	0.159686	0.161503	0.150782	0.157920	29,687	88,587
08/23/2015	0.159390	0.161348	0.156391	0.159677	0	88,449
08/22/2015	0.157327	0.160174	0.149243	0.158807	2,958	85,154
08/21/2015	0.161898	0.164274	0.155836	0.157244	4,223	89,782
08/20/2015	0.157920	0.164188	0.151300	0.161846	19,157	118,738
08/19/2015	0.141118	0.165298	0.141118	0.157969	8,657	119,882
08/18/2015	0.157021	0.160237	0.142641	0.142641	640	134,710
08/17/2015	0.157379	0.159491	0.152333	0.156883	148	135,246
08/16/2015	0.154876	0.159517	0.152374	0.157452	283	133,284
08/15/2015	0.152770	0.160491	0.151640	0.154869	832	132,089
08/14/2015	0.164481	0.167648	0.145790	0.153045	1,092	142,795
08/13/2015	0.154659	0.164570	0.149786	0.164352	111,047	124,271
08/12/2015	0.165598	0.168289	0.155639	0.155639	13,290	133,521
08/11/2015	0.154664	0.166280	0.153595	0.165214	3,195	124,715
08/10/2015	0.162946	0.167863	0.153325	0.154635	335	131,472
08/09/2015	0.157790	0.175753	0.157547	0.162984	1,411	130,489
08/08/2015	0.168186	0.168563	0.156307	0.157755	310	139,206
08/07/2015	0.161852	0.181504	0.160325	0.168161	13,527	136,736
08/06/2015	0.162107	0.164292	0.159012	0.162276	32,958	133,196
08/05/2015	0.159425	0.164802	0.157518	0.162115	5,414	131,017
08/04/2015	0.160298	0.164005	0.158551	0.159102	61	134,628
08/03/2015	0.163793	0.165305	0.159818	0.160366	340	137,531
08/02/2015	0.163903	0.163965	0.159261	0.163786	3,073	137,459
08/01/2015	0.163369	0.164593	0.159950	0.163971	558	136,522
07/31/2015	0.159977	0.164988	0.155404	0.163343	460	133,858
07/30/2015	0.155419	0.163389	0.155334	0.160287	1,157	132,673
07/29/2015	0.158883	0.159057	0.154502	0.155157	62	135,630
07/28/2015	0.155844	0.158590	0.150481	0.158590	154	133,036
07/27/2015	0.164881	0.165601	0.154365	0.155662	10,315	144,004
07/26/2015	0.160089	0.167501	0.156242	0.164888	7,785	140,522
07/25/2015	0.161484	0.166021	0.157573	0.160102	392	141,923
07/24/2015	0.164261	0.168132	0.159577	0.161534	416	144,717
07/23/2015	0.165355	0.168391	0.157544	0.164212	372	145,603
07/22/2015	0.174929	0.176865	0.158786	0.165375	33	154,034
07/21/2015	0.157380	0.174527	0.155876	0.174025	89	138,579
07/20/2015	0.170393	0.171311	0.157436	0.157436	202	150,037
07/19/2015	0.162657	0.171544	0.157604	0.170247	181	143,235
07/18/2015	0.165280	0.169380	0.151235	0.162599	749	145,520
07/17/2015	0.167684	0.174450	0.157591	0.165290	2,290	146,921
07/16/2015	0.160318	0.196879	0.152263	0.167741	65,337	152,888
07/15/2015	0.162628	0.164909	0.156699	0.158910	1,338	155,070
07/14/2015	0.155093	0.167470	0.154420	0.163039	53,793	166,636
07/13/2015	0.159158	0.160427	0.150886	0.155084	89	171,096
07/12/2015	0.163175	0.165979	0.153365	0.159315	97	175,382
07/11/2015	0.157404	0.168676	0.155096	0.160801	6,542	171,423
07/10/2015	0.162489	0.171174	0.148772	0.158155	9,109	177,179
07/09/2015	0.160222	0.167655	0.156276	0.162874	5,940	174,586
07/08/2015	0.165771	0.169328	0.160350	0.160350	695	183,398
07/07/2015	0.160478	0.167115	0.155099	0.165785	5,826	181,356
07/06/2015	0.162837	0.165590	0.158926	0.160528	2,581	184,143
07/05/2015	0.172142	0.212873	0.159088	0.162747	450	194,305
07/04/2015	0.163300	0.173196	0.158813	0.172147	508	184,324
07/03/2015	0.154714	0.164100	0.153309	0.163719	3,039	174,745
07/02/2015	0.164267	0.166720	0.154101	0.154734	23,680	187,085
07/01/2015	0.163746	0.166219	0.160010	0.164231	184	186,322
06/30/2015	0.162389	0.167007	0.159294	0.163120	0	184,778
06/29/2015	0.160741	0.168245	0.158635	0.162968	156	183,094
06/28/2015	0.158538	0.164544	0.151283	0.161025	259	180,626
06/27/2015	0.159123	0.164567	0.154859	0.158399	500	181,307
06/26/2015	0.167494	0.171214	0.157326	0.159073	1,082	191,197
06/25/2015	0.155677	0.169664	0.154354	0.167883	2,410	180,446
06/24/2015	0.160959	0.165340	0.155658	0.155677	5,426	185,124
06/23/2015	0.162225	0.163325	0.150859	0.160964	3,057	186,378
06/22/2015	0.159693	0.166445	0.157113	0.162274	268	183,580
06/21/2015	0.160822	0.165264	0.155456	0.159660	3,811	184,878
06/20/2015	0.161562	0.175427	0.155992	0.160350	3,869	182,848
06/19/2015	0.160653	0.169336	0.153809	0.159995	796	181,541
06/18/2015	0.159752	0.168623	0.157126	0.160416	17,019	176,794
06/17/2015	0.164762	0.168935	0.154054	0.154054	117,662	181,672
06/16/2015	0.163584	0.169359	0.158277	0.164711	139,046	161,706
06/15/2015	0.159153	0.164033	0.153639	0.163398	429	159,499
06/14/2015	0.161900	0.163207	0.156356	0.159101	16,690	160,232
06/13/2015	0.162584	0.168376	0.160123	0.161661	23,374	157,765
06/12/2015	0.162424	0.165895	0.155664	0.162603	3,475	156,252
06/11/2015	0.165936	0.166071	0.157817	0.162455	6,557	159,565
06/10/2015	0.159938	0.166604	0.153368	0.165943	2,031	153,165
06/09/2015	0.164365	0.166059	0.154190	0.158249	2,488	158,241
06/08/2015	0.162280	0.169747	0.159573	0.164868	1,190	156,351
06/07/2015	0.160187	0.168189	0.151014	0.162790	7,581	153,941
06/06/2015	0.163542	0.166151	0.157771	0.160185	3,643	158,298
06/05/2015	0.161082	0.165334	0.158266	0.163511	3,349	155,917
06/04/2015	0.155342	0.162693	0.152267	0.161087	90	150,361
06/03/2015	0.170647	0.172353	0.153483	0.154317	3,324	165,477
06/02/2015	0.161941	0.173060	0.155793	0.170115	8,002	155,609
06/01/2015	0.162497	0.173528	0.151770	0.161746	1,652	160,531
05/31/2015	0.159426	0.176122	0.155316	0.162575	15,559	151,223
05/30/2015	0.173894	0.174887	0.148954	0.159439	88,078	164,366
05/29/2015	0.161309	0.172157	0.153260	0.172157	104,903	132,792
05/28/2015	0.162942	0.173936	0.156451	0.161357	5,133	136,102
05/27/2015	0.161503	0.167660	0.158368	0.162286	3,506	135,227
05/26/2015	0.161468	0.169682	0.159130	0.160622	2,362	135,826
05/25/2015	0.167406	0.170284	0.155886	0.161726	14,156	141,261
05/24/2015	0.159154	0.174951	0.153905	0.167743	5,356	133,234
05/23/2015	0.167957	0.175748	0.152567	0.159091	79,107	125,407
05/22/2015	0.169583	0.176096	0.155606	0.167762	159,225	102,412
05/21/2015	0.164989	0.168847	0.159976	0.168847	1,730	100,423
05/20/2015	0.161638	0.168274	0.155778	0.162837	1,535	98,085
05/19/2015	0.162770	0.173027	0.157025	0.162287	10,501	90,681
05/18/2015	0.162748	0.166778	0.159156	0.162773	1,515	90,849
05/17/2015	0.165787	0.167528	0.162756	0.162756	28	92,579
05/16/2015	0.163117	0.166471	0.156524	0.165824	3,368	90,427
05/15/2015	0.164962	0.165508	0.156977	0.163103	3,561	90,406
05/14/2015	0.160364	0.166288	0.155172	0.164962	13,191	87,434
05/13/2015	0.158382	0.164413	0.154698	0.160423	6,170	88,394
05/12/2015	0.161863	0.170208	0.155519	0.158403	4,415	94,577
05/11/2015	0.162644	0.166623	0.156999	0.162476	1,523	94,901
05/10/2015	0.165284	0.165670	0.158909	0.163015	1,837	99,170
05/09/2015	0.162414	0.166270	0.156854	0.165376	4,231	97,325
05/08/2015	0.165031	0.173554	0.160838	0.162397	834	100,227
05/07/2015	0.162660	0.172179	0.158107	0.164679	4,575	104,942
05/06/2015	0.162091	0.167233	0.160611	0.162653	2,187	108,853
05/05/2015	0.161289	0.169186	0.160457	0.162091	608	108,820
05/04/2015	0.164853	0.167538	0.154687	0.161876	4,785	122,299
05/03/2015	0.164624	0.167795	0.161757	0.164845	2,888	122,082
05/02/2015	0.163475	0.169365	0.160656	0.164379	4,557	120,991
05/01/2015	0.163551	0.170753	0.160013	0.163243	1,982	126,595
04/30/2015	0.165132	0.167712	0.157673	0.163907	8,124	125,424
04/29/2015	0.160690	0.168865	0.153774	0.167933	14,991	119,151
04/28/2015	0.165426	0.166374	0.159979	0.160653	10,883	122,107
04/27/2015	0.159285	0.166995	0.157276	0.165722	2,266	120,287
04/26/2015	0.161852	0.167126	0.156721	0.161686	3,223	117,460
04/25/2015	0.164060	0.164424	0.159252	0.161880	2,959	117,228
04/24/2015	0.164203	0.164203	0.158393	0.164083	3,174	120,683
04/23/2015	0.162115	0.165794	0.160170	0.164291	65,700	119,940
04/22/2015	0.168251	0.168509	0.161243	0.162066	7,918	123,952
04/21/2015	0.162158	0.167898	0.159922	0.167898	1,705	121,505
04/20/2015	0.163433	0.163612	0.159425	0.162152	1,998	121,814
04/19/2015	0.163716	0.167136	0.160273	0.163532	2,558	121,122
04/18/2015	0.164789	0.167037	0.161568	0.163759	3,983	126,344
04/17/2015	0.166547	0.166887	0.156405	0.164777	7,832	130,815
04/16/2015	0.165104	0.168464	0.161536	0.166019	1,255	129,524
04/15/2015	0.162708	0.165403	0.162208	0.165079	508	127,644
04/14/2015	0.158415	0.163965	0.157895	0.162698	72,264	99,957
04/13/2015	0.167630	0.170423	0.156435	0.158378	9,029	105,800
04/12/2015	0.161437	0.168243	0.159068	0.167515	1,226	102,271
04/11/2015	0.164774	0.167054	0.155923	0.161493	30,396	73,850
04/10/2015	0.162074	0.183605	0.156026	0.165253	41,831	105,034
04/09/2015	0.164928	0.164928	0.159138	0.162209	3,352	107,431
04/08/2015	0.164687	0.166039	0.158214	0.165033	1,254	107,471
04/07/2015	0.166056	0.166056	0.159034	0.164714	33,576	120,514
04/06/2015	0.163697	0.167065	0.157690	0.166242	5,750	117,321
04/05/2015	0.163467	0.166218	0.157314	0.163456	1,388	116,788
04/04/2015	0.161402	0.163514	0.157696	0.163421	850	114,710
04/03/2015	0.159490	0.163693	0.159157	0.161204	4,300	109,301
04/02/2015	0.164640	0.165624	0.154721	0.159249	4,203	112,805
04/01/2015	0.163756	0.171481	0.160391	0.164642	708	112,123
03/31/2015	0.161868	0.167093	0.156502	0.163744	3,842	110,393
03/30/2015	0.163301	0.164071	0.157446	0.161966	2,279	111,366
03/29/2015	0.166346	0.171726	0.158205	0.163291	449	113,124
03/28/2015	0.165332	0.177339	0.162574	0.166360	7,422	112,289
03/27/2015	0.167186	0.173073	0.160435	0.165568	11,372	116,897
03/26/2015	0.162267	0.168361	0.158956	0.168361	1,479	114,877
03/25/2015	0.139686	0.180972	0.129342	0.162270	5,820	98,230
03/24/2015	0.164012	0.167889	0.140002	0.141923	4,490	115,336
03/23/2015	0.167731	0.167987	0.142157	0.162222	3,610	117,958
03/22/2015	0.155757	0.167739	0.152567	0.167512	2,494	112,764
03/21/2015	0.160238	0.165635	0.149694	0.155756	7,626	118,244
03/20/2015	0.156156	0.164256	0.155102	0.160279	4,800	115,232
03/19/2015	0.156669	0.167912	0.152041	0.156852	8,385	108,659
03/18/2015	0.155003	0.162542	0.142928	0.156396	3,751	105,963
03/17/2015	0.161584	0.165166	0.151225	0.154438	1,694	110,462
03/16/2015	0.158900	0.162431	0.150969	0.161371	1,742	108,627
03/15/2015	0.169499	0.178031	0.157791	0.159273	1,434	114,772
03/14/2015	0.159729	0.174766	0.155099	0.169511	4,713	108,232
03/13/2015	0.160716	0.172098	0.154459	0.159778	166	108,960
03/12/2015	0.162034	0.162669	0.157781	0.160799	6,581	108,963
03/11/2015	0.156400	0.162700	0.156400	0.162010	65,805	112,812
03/10/2015	0.162238	0.163875	0.154598	0.156056	11,766	127,154
03/09/2015	0.157104	0.169080	0.156303	0.162225	3,564	125,361
03/08/2015	0.160882	0.163277	0.153109	0.157389	3,834	128,376
03/07/2015	0.158858	0.164752	0.154591	0.160875	497	127,813
03/06/2015	0.159893	0.164701	0.156485	0.158878	13,826	129,172
03/05/2015	0.148756	0.162952	0.146181	0.159821	9,979	125,918
03/04/2015	0.151986	0.156647	0.148300	0.148773	6,581	128,652
03/03/2015	0.159297	0.162580	0.148980	0.154361	6,828	134,840
03/02/2015	0.160585	0.162179	0.154391	0.159492	7,055	136,683
03/01/2015	0.161619	0.164000	0.152096	0.162535	3,583	137,142
02/28/2015	0.158149	0.163700	0.156301	0.161476	4,764	136,400
02/27/2015	0.159642	0.166199	0.154827	0.159177	1,484	138,516
02/26/2015	0.170230	0.170230	0.155920	0.159636	14,967	148,473
02/25/2015	0.157106	0.181041	0.154558	0.170264	153,217	144,050
02/24/2015	0.164053	0.170629	0.153435	0.155796	9,391	150,473
02/23/2015	0.159013	0.163276	0.152930	0.162914	2,514	146,601
02/22/2015	0.158402	0.172430	0.153169	0.159033	973	146,038
02/21/2015	0.164076	0.166677	0.155469	0.157894	7,739	150,569
02/20/2015	0.162091	0.170700	0.158658	0.164189	1,557	149,109
02/19/2015	0.162625	0.166484	0.160938	0.162127	40	149,601
02/18/2015	0.163843	0.163992	0.153908	0.162382	4,502	150,852
02/17/2015	0.158031	0.169047	0.153537	0.163778	9,421	149,418
02/16/2015	0.159995	0.164202	0.153333	0.158030	2,223	152,686
02/15/2015	0.162406	0.167379	0.148351	0.159577	7,789	151,695
02/14/2015	0.165215	0.178211	0.156031	0.162484	1,305	155,305
02/13/2015	0.161674	0.170200	0.150746	0.166336	4,558	149,537
02/12/2015	0.158467	0.163146	0.154953	0.161868	13,244	142,247
02/11/2015	0.159151	0.162679	0.150883	0.158304	58,486	149,855
02/10/2015	0.160401	0.162922	0.141950	0.159202	865	151,198
02/09/2015	0.160011	0.162657	0.148015	0.160387	1,314	151,023
02/08/2015	0.152357	0.163025	0.144136	0.160211	6,026	144,613
02/07/2015	0.157396	0.157518	0.150406	0.152361	1,825	148,356
02/06/2015	0.154484	0.158335	0.153771	0.157410	1,181	144,325
02/05/2015	0.163657	0.163817	0.153181	0.154678	6,161	128,346
02/04/2015	0.159422	0.163786	0.157628	0.163613	7,021	126,616
02/03/2015	0.159902	0.162661	0.155356	0.159200	564	126,656
02/02/2015	0.160877	0.163562	0.157817	0.159918	2,321	123,441
02/01/2015	0.157164	0.164457	0.156757	0.161114	3,518	118,687
01/31/2015	0.161519	0.164192	0.156157	0.156726	195	121,976
01/30/2015	0.161342	0.164216	0.157891	0.161591	28	121,842
01/29/2015	0.160350	0.164130	0.154334	0.161414	3,904	120,178
01/28/2015	0.160936	0.163752	0.154124	0.160473	3,535	120,617
01/27/2015	0.159895	0.164111	0.157684	0.162500	7,328	120,747
01/26/2015	0.160984	0.167091	0.155637	0.160057	18,839	119,649
01/25/2015	0.161357	0.165832	0.158995	0.160992	901	120,250
01/24/2015	0.162543	0.166576	0.157128	0.161348	7,906	124,964
01/23/2015	0.161472	0.163184	0.159106	0.162591	3,338	111,735
01/22/2015	0.161415	0.161472	0.161415	0.161472	482	111,695
01/21/2015	0.164945	0.173314	0.161306	0.161403	1,178	114,138
01/20/2015	0.163749	0.170733	0.161364	0.164963	4,219	113,491
01/19/2015	0.158646	0.165809	0.156767	0.163680	12,454	109,108
01/18/2015	0.163624	0.175892	0.154766	0.158366	9,894	112,436
01/17/2015	0.161388	0.164558	0.155474	0.163457	9,126	112,002
01/16/2015	0.164636	0.170847	0.152982	0.161349	4,110	114,832
01/15/2015	0.164903	0.176868	0.156486	0.165001	8,444	117,189
01/14/2015	0.157831	0.173038	0.146324	0.164693	8,725	130,996
01/13/2015	0.161385	0.168174	0.152125	0.157935	51,844	127,493
01/12/2015	0.162102	0.163983	0.157756	0.160871	29,405	114,113
01/11/2015	0.163071	0.164464	0.159880	0.162040	1,047	114,809
01/10/2015	0.162275	0.163982	0.160013	0.163058	221	114,249
01/09/2015	0.162464	0.166158	0.158730	0.162271	788	114,382
01/08/2015	0.163162	0.164264	0.159620	0.162608	1,624	115,680
01/07/2015	0.161783	0.164520	0.160962	0.163195	4,006	117,961
01/06/2015	0.163522	0.163602	0.159097	0.161758	294	119,229
01/05/2015	0.159837	0.167095	0.157935	0.163695	3,397	116,809
01/04/2015	0.157614	0.165551	0.156047	0.161394	10,406	164,833
01/03/2015	0.160663	0.163999	0.158821	0.158821	2,348	168,021
01/02/2015	0.162790	0.164129	0.159683	0.160406	1,092	170,358
01/01/2015	0.168369	0.171280	0.160965	0.162797	9,563	179,706
12/31/2014	0.161550	0.168305	0.159782	0.168177	11,641	172,428
12/30/2014	0.159833	0.163829	0.157992	0.161540	9,026	174,467
12/29/2014	0.162345	0.163771	0.159438	0.159826	1,069	180,946
12/28/2014	0.161312	0.164264	0.158876	0.162312	1,411	180,007
12/27/2014	0.161313	0.163975	0.159221	0.161303	65,143	71,495
12/26/2014	0.162764	0.164891	0.160107	0.161266	83	72,134
12/25/2014	0.161080	0.164089	0.158540	0.162770	4,164	70,158
12/24/2014	0.160684	0.167222	0.159279	0.161043	500	71,223
12/23/2014	0.162309	0.168950	0.154002	0.160613	6,256	73,061
12/22/2014	0.161286	0.172915	0.157979	0.163144	8,183	73,331
12/21/2014	0.162951	0.164103	0.156461	0.161205	2,824	74,088
12/20/2014	0.160676	0.169711	0.157935	0.161643	423	73,054
12/19/2014	0.161477	0.169200	0.157657	0.160693	319	73,418
12/18/2014	0.161538	0.164812	0.155269	0.159968	1,242	73,446
12/17/2014	0.163038	0.168340	0.156882	0.160958	2,434	74,128
12/16/2014	0.161156	0.163496	0.156805	0.163126	5,469	73,272
12/15/2014	0.162452	0.164687	0.155881	0.161094	3,545	73,865
12/14/2014	0.163323	0.164888	0.159089	0.162368	4,058	74,343
12/13/2014	0.163122	0.165820	0.158081	0.163366	144	74,252
12/12/2014	0.162983	0.190095	0.157137	0.164330	7,084	74,187
12/11/2014	0.162757	0.168588	0.159376	0.161618	220	74,084
12/10/2014	0.161911	0.165640	0.158578	0.163118	4,018	70,383
12/09/2014	0.163812	0.175283	0.148257	0.162700	30,640	60,564
12/08/2014	0.163659	0.166191	0.160831	0.164260	1,456	60,520
12/07/2014	0.162339	0.166807	0.159462	0.163145	7,887	61,766
12/06/2014	0.163513	0.164654	0.148942	0.162150	4,222	57,647
12/05/2014	0.161348	0.164806	0.156715	0.163776	6,930	56,884
12/04/2014	0.163026	0.165749	0.158176	0.162347	1,042	57,572
12/03/2014	0.161776	0.164979	0.159994	0.162970	15,504	56,814
12/02/2014	0.163475	0.166878	0.161245	0.161733	1,727	57,411
12/01/2014	0.165939	0.172583	0.160000	0.164161	12,083	57,249
11/30/2014	0.135075	0.165909	0.135075	0.165894	4,433	45,780
11/29/2014	0.164502	0.164518	0.132964	0.135075	18,754	55,715
11/28/2014	0.159019	0.165262	0.158094	0.164197	2,839	56,349
11/27/2014	0.162583	0.171029	0.157199	0.158925	71	57,627
11/26/2014	0.167060	0.172160	0.161312	0.162178	244	60,885
11/25/2014	0.162790	0.167315	0.160676	0.167017	9,278	59,329
11/24/2014	0.165384	0.166404	0.158531	0.163753	73	60,274
11/23/2014	0.161401	0.169080	0.159097	0.164249	5	58,823
11/22/2014	0.164163	0.173380	0.158964	0.161421	1,230	59,829
11/21/2014	0.162437	0.178246	0.155672	0.164135	1,766	64,073
11/20/2014	0.160166	0.165407	0.149299	0.162420	1,918	69,428
11/19/2014	0.160157	0.173182	0.157864	0.161393	2,896	69,459
11/18/2014	0.160409	0.166116	0.149741	0.159877	1,275	70,691
11/17/2014	0.158708	0.166255	0.147407	0.161496	831	69,941
11/16/2014	0.158180	0.161442	0.154919	0.158703	514	69,709
11/15/2014	0.154910	0.158180	0.154910	0.158180	165	68,268
11/14/2014	0.165800	0.165800	0.151105	0.154903	729	73,067
11/13/2014	0.168097	0.170019	0.158915	0.164975	210	74,079
11/12/2014	0.164535	0.169288	0.160377	0.167357	299	72,550
11/11/2014	0.165444	0.166754	0.162397	0.164576	160	72,951
11/10/2014	0.163221	0.165529	0.162272	0.163305	1,617	71,971
11/09/2014	0.157626	0.169434	0.157349	0.163223	1,849	48,745
11/08/2014	0.163883	0.176649	0.155038	0.157630	256	50,680
11/07/2014	0.164685	0.171365	0.160890	0.164099	0	50,928
11/06/2014	0.166396	0.168392	0.155682	0.164582	293	51,477
11/05/2014	0.162583	0.176240	0.161084	0.165110	244	56,131
11/04/2014	0.165514	0.168635	0.155195	0.162540	24	57,143
11/03/2014	0.164332	0.168653	0.157742	0.165282	1,300	59,011
11/02/2014	0.163115	0.182259	0.160067	0.164516	51	58,574
11/01/2014	0.168253	0.169731	0.157496	0.161895	3,873	62,724
10/31/2014	0.166368	0.173851	0.154677	0.169317	168	62,097
10/30/2014	0.162687	0.173466	0.151408	0.165442	2,457	80,115
10/29/2014	0.164148	0.167486	0.156482	0.165299	3	80,835
10/27/2014	0.151763	0.151763	0.151763	0.151763	2	74,717
10/26/2014	0.151916	0.151921	0.151916	0.151921	2	74,792
10/24/2014	0.152016	0.169264	0.151923	0.167866	2	50,698
10/23/2014	0.161325	0.162979	0.151903	0.152015	156	53,798
10/22/2014	0.155654	0.168284	0.155370	0.161404	468	52,216
10/21/2014	0.163258	0.173879	0.155334	0.155571	329	54,443
10/20/2014	0.165241	0.172038	0.151884	0.163952	695	55,571
10/19/2014	0.165839	0.169493	0.157473	0.164509	5,600	57,864
10/18/2014	0.164080	0.167905	0.160323	0.165857	52	57,304
10/17/2014	0.165460	0.168586	0.158861	0.163002	3,844	57,786
10/16/2014	0.164182	0.171251	0.158053	0.165476	13,300	57,339
10/15/2014	0.148833	0.167985	0.147031	0.164190	3,324	52,020
10/14/2014	0.164064	0.169110	0.148539	0.148724	796	57,343
10/13/2014	0.163497	0.167111	0.162582	0.164855	298	57,145
10/12/2014	0.166197	0.174066	0.158177	0.162740	307	58,089
10/11/2014	0.161123	0.166538	0.157375	0.165924	2,129	56,863
10/10/2014	0.157395	0.166278	0.157395	0.162695	4,134	54,466
10/09/2014	0.160023	0.166186	0.157277	0.157367	10	55,375
10/08/2014	0.164205	0.165825	0.157728	0.159657	899	57,861
10/07/2014	0.161816	0.164370	0.161335	0.164066	312	57,019
10/06/2014	0.163835	0.164930	0.160580	0.161672	519	57,731
10/05/2014	0.163324	0.171091	0.159196	0.163625	459	57,551
10/04/2014	0.162415	0.217213	0.159663	0.164196	7,822	57,238
10/03/2014	0.161909	0.166428	0.160159	0.162851	424	57,098
10/02/2014	0.158923	0.165830	0.158879	0.161907	337	56,045
10/01/2014	0.162252	0.164315	0.158870	0.158934	591	57,219
09/30/2014	0.164008	0.167983	0.160572	0.162261	5,496	57,838
09/29/2014	0.163600	0.165374	0.156619	0.163894	341	58,012
09/28/2014	0.163874	0.167548	0.158787	0.163772	7,570	58,338
09/27/2014	0.162385	0.169908	0.159116	0.163647	372	57,906
09/26/2014	0.165106	0.176478	0.159343	0.162457	7,607	58,876
09/25/2014	0.163522	0.166190	0.160869	0.165136	10	74,772
09/24/2014	0.168477	0.168477	0.157987	0.163563	24	77,038
09/23/2014	0.164120	0.172028	0.159980	0.168912	2,209	75,046
