Date	Open	High	Low	Close	Volume	Market Cap
07/15/2018	0.175109	0.196209	0.174556	0.187113	7,889	4,056,070
07/14/2018	0.168071	0.186549	0.167939	0.175147	8,484	3,893,050
07/13/2018	0.165077	0.176703	0.164949	0.168398	5,142	3,823,700
07/12/2018	0.172692	0.174240	0.162831	0.165021	2,726	4,000,080
07/11/2018	0.175455	0.179928	0.172315	0.172730	2,830	4,064,080
07/10/2018	0.183632	0.183731	0.173073	0.175351	4,610	4,253,490
07/09/2018	0.185373	0.186572	0.182285	0.183757	3,409	4,293,810
07/08/2018	0.185341	0.189870	0.183335	0.185381	1,496	4,293,070
07/07/2018	0.187248	0.188060	0.180384	0.185534	1,536	4,337,240
07/06/2018	0.181255	0.188469	0.180287	0.187551	3,681	4,198,430
07/05/2018	0.185883	0.187845	0.180248	0.181240	4,134	4,305,630
07/04/2018	0.178578	0.192468	0.176437	0.185732	8,242	4,137,260
07/03/2018	0.179002	0.186027	0.176144	0.179471	5,333	4,147,090
07/02/2018	0.169363	0.180221	0.168667	0.179639	3,410	3,923,770
07/01/2018	0.173362	0.175855	0.166672	0.169334	2,198	4,016,420
06/30/2018	0.166216	0.176814	0.166209	0.173331	5,087	3,850,860
06/29/2018	0.161316	0.166912	0.156462	0.166033	2,026	3,737,340
06/28/2018	0.167600	0.169893	0.158782	0.161236	6,042	3,882,930
06/27/2018	0.167208	0.175076	0.164961	0.167527	5,076	3,873,840
06/26/2018	0.168554	0.174908	0.163735	0.167278	4,081	3,905,020
06/25/2018	0.164489	0.172479	0.162226	0.168601	4,738	3,810,850
06/24/2018	0.170306	0.170560	0.154716	0.164682	5,726	3,945,630
06/23/2018	0.159593	0.173933	0.159593	0.170328	9,997	3,697,420
06/22/2018	0.182633	0.182782	0.159214	0.159586	11,092	4,231,220
06/21/2018	0.182893	0.187624	0.177164	0.182820	3,095	4,238,760
06/20/2018	0.183041	0.187284	0.179228	0.182866	2,863	4,242,190
06/19/2018	0.183756	0.183857	0.176006	0.183082	3,709	4,258,760
06/18/2018	0.172685	0.183863	0.170865	0.183863	3,945	4,002,180
06/17/2018	0.180489	0.186290	0.172698	0.173230	17,175	4,183,050
06/16/2018	0.171683	0.185218	0.171683	0.180060	1,386	3,978,960
06/15/2018	0.179259	0.186684	0.174547	0.174547	1,817	4,154,540
06/14/2018	0.163108	0.186590	0.163108	0.179542	7,671	3,780,220
06/13/2018	0.187121	0.195526	0.160263	0.163767	25,557	4,336,760
06/12/2018	0.203782	0.207723	0.186122	0.186889	4,766	4,722,880
06/11/2018	0.201300	0.211906	0.195060	0.203941	19,139	4,665,350
06/10/2018	0.238683	0.238683	0.200109	0.201024	36,238	5,531,760
06/09/2018	0.240253	0.246868	0.238455	0.238455	5,016	5,568,140
06/08/2018	0.240008	0.252249	0.236989	0.240359	14,693	5,562,470
06/07/2018	0.240164	0.246541	0.236030	0.239826	6,653	5,566,070
06/06/2018	0.250093	0.254047	0.234916	0.239954	3,475	5,796,190
06/05/2018	0.247341	0.250302	0.231688	0.250302	9,489	5,732,410
06/04/2018	0.256499	0.256499	0.242737	0.247267	5,014	5,944,660
06/03/2018	0.249841	0.256641	0.247977	0.250064	7,630	5,790,360
06/02/2018	0.245045	0.257373	0.243035	0.249780	14,583	5,679,210
06/01/2018	0.244761	0.251068	0.241193	0.245142	20,626	5,672,630
05/31/2018	0.241578	0.248825	0.236653	0.244597	10,025	5,598,840
05/30/2018	0.254922	0.259492	0.236489	0.241603	24,125	5,908,110
05/29/2018	0.242233	0.257693	0.241505	0.255544	8,412	5,614,030
05/28/2018	0.263527	0.265610	0.241998	0.242312	11,090	6,107,530
05/27/2018	0.267981	0.271476	0.261169	0.263474	17,299	6,210,770
05/26/2018	0.276251	0.281619	0.266512	0.269798	6,826	6,402,450
05/25/2018	0.280753	0.283847	0.270459	0.276595	5,457	6,506,780
05/24/2018	0.278685	0.287218	0.257272	0.280374	10,832	6,458,850
05/23/2018	0.309842	0.309842	0.276042	0.279345	10,629	7,180,940
05/22/2018	0.323459	0.323459	0.304580	0.305787	23,791	7,496,540
05/21/2018	0.329237	0.336533	0.316837	0.319011	20,088	7,630,460
05/20/2018	0.321046	0.337771	0.314920	0.326899	18,307	7,440,610
05/19/2018	0.325648	0.337287	0.316395	0.320851	13,257	7,547,280
05/18/2018	0.312149	0.329411	0.307916	0.326074	18,065	7,234,420
05/17/2018	0.334456	0.342758	0.311873	0.312100	15,035	7,751,400
05/16/2018	0.357061	0.357061	0.317977	0.337199	21,018	8,275,310
05/15/2018	0.369741	0.376024	0.349935	0.357246	30,399	8,569,180
05/14/2018	0.350451	0.395170	0.323666	0.370405	60,092	8,122,110
05/13/2018	0.331937	0.355042	0.329123	0.350505	10,988	7,693,030
05/12/2018	0.338490	0.344696	0.325119	0.332008	13,453	7,844,900
05/11/2018	0.371117	0.371117	0.334083	0.339415	20,563	8,601,060
05/10/2018	0.382711	0.386756	0.369253	0.370744	12,374	8,869,760
05/09/2018	0.382126	0.387924	0.366232	0.382844	19,486	8,856,210
05/08/2018	0.389459	0.401965	0.368438	0.382705	21,055	9,026,160
05/07/2018	0.405010	0.405770	0.382382	0.388917	21,155	9,386,570
05/06/2018	0.415724	0.437786	0.394999	0.404669	37,212	9,634,900
05/05/2018	0.395652	0.458676	0.395066	0.415454	128,867	9,169,680
05/04/2018	0.405170	0.414759	0.392805	0.392805	30,470	9,390,290
05/03/2018	0.401177	0.416118	0.393313	0.405498	36,882	9,297,750
05/02/2018	0.392780	0.404158	0.385039	0.399059	23,358	9,104,160
05/01/2018	0.396419	0.396658	0.379739	0.393400	44,924	9,188,490
04/30/2018	0.407928	0.410513	0.383034	0.396085	29,045	9,455,270
04/29/2018	0.398345	0.418554	0.394496	0.409805	19,581	9,233,130
04/28/2018	0.373851	0.407586	0.371565	0.398450	20,177	8,665,390
04/27/2018	0.392806	0.402576	0.370862	0.375027	20,673	9,104,760
04/26/2018	0.381576	0.402966	0.366763	0.392335	38,813	8,844,460
04/25/2018	0.438895	0.438895	0.377455	0.381242	39,562	10,173,000
04/24/2018	0.416704	0.443875	0.416471	0.443875	67,685	9,658,670
04/23/2018	0.393049	0.423325	0.374763	0.421574	192,822	9,110,380
04/22/2018	0.400517	0.414423	0.389506	0.395114	59,111	9,283,490
04/21/2018	0.420374	0.428766	0.394325	0.405733	50,193	9,743,760
04/20/2018	0.396524	0.426592	0.387797	0.420740	44,796	9,190,920
04/19/2018	0.382273	0.401965	0.373907	0.396292	84,425	8,860,610
04/18/2018	0.359522	0.390018	0.359522	0.381995	70,108	8,333,260
04/17/2018	0.364181	0.382004	0.354711	0.359239	116,603	8,441,260
04/16/2018	0.408482	0.412145	0.358726	0.367815	135,333	9,468,100
04/15/2018	0.324341	0.489248	0.321542	0.408511	865,969	7,517,820
04/14/2018	0.313471	0.335496	0.313471	0.324050	44,485	7,265,880
04/13/2018	0.303421	0.328264	0.302340	0.314260	31,366	7,032,920
04/12/2018	0.277573	0.310463	0.268450	0.309242	60,261	6,433,790
04/11/2018	0.248264	0.280887	0.247264	0.278204	50,700	5,754,460
04/10/2018	0.230324	0.251054	0.228061	0.248037	25,703	5,338,610
04/09/2018	0.235436	0.243042	0.224744	0.230116	7,478	5,457,110
04/08/2018	0.231424	0.239902	0.230108	0.235047	6,061	5,364,120
04/07/2018	0.230742	0.239620	0.229589	0.231215	6,505	5,348,320
04/06/2018	0.231483	0.237631	0.222876	0.230867	14,947	5,365,490
04/05/2018	0.247802	0.255583	0.232350	0.232350	29,062	5,744,860
04/04/2018	0.262842	0.268244	0.245260	0.247714	21,977	6,093,530
04/03/2018	0.249946	0.266513	0.241389	0.263021	21,987	5,794,570
04/02/2018	0.224728	0.252630	0.223044	0.249756	22,618	5,209,920
04/01/2018	0.239260	0.242793	0.217127	0.223983	7,502	5,546,840
03/31/2018	0.228333	0.247203	0.226665	0.239266	16,639	5,293,500
03/30/2018	0.239650	0.244147	0.224275	0.228345	8,696	5,555,880
03/29/2018	0.266050	0.268474	0.236956	0.240620	26,813	6,167,900
03/28/2018	0.268714	0.277527	0.263162	0.266179	6,223	6,229,670
03/27/2018	0.282048	0.287257	0.261970	0.268739	24,134	6,538,790
03/26/2018	0.298448	0.308952	0.271827	0.282509	17,536	6,919,010
03/25/2018	0.294954	0.304213	0.291982	0.298668	14,183	6,838,000
03/24/2018	0.310799	0.326227	0.296258	0.298966	7,435	7,205,340
03/23/2018	0.318621	0.320651	0.291118	0.306509	10,875	7,386,690
03/22/2018	0.322071	0.333220	0.304601	0.317791	6,623	7,466,670
03/21/2018	0.315773	0.334281	0.311662	0.320670	25,387	7,320,660
03/20/2018	0.313591	0.329604	0.299999	0.315329	35,472	7,270,070
03/19/2018	0.284321	0.320935	0.280870	0.319178	16,859	6,591,500
03/18/2018	0.288668	0.290430	0.256035	0.285284	48,871	6,692,260
03/17/2018	0.313748	0.315958	0.286007	0.290063	15,627	7,273,700
03/16/2018	0.310781	0.324514	0.296940	0.313237	31,526	7,204,910
03/15/2018	0.331752	0.335536	0.297264	0.314870	60,425	7,691,100
03/14/2018	0.357385	0.371814	0.296147	0.331906	79,639	8,285,350
03/13/2018	0.342466	0.372449	0.339517	0.359951	25,249	7,939,470
03/12/2018	0.364103	0.386180	0.334141	0.353119	24,819	8,441,110
03/11/2018	0.346153	0.370393	0.333253	0.365087	15,014	8,024,950
03/10/2018	0.381013	0.388870	0.340258	0.347097	37,453	8,833,120
03/09/2018	0.375111	0.391282	0.334861	0.367349	94,230	8,696,300
03/08/2018	0.400685	0.483075	0.380348	0.396184	201,670	9,289,200
03/07/2018	0.483867	0.488473	0.395558	0.401265	88,359	11,217,600
03/06/2018	0.498491	0.499927	0.472121	0.483952	20,597	11,556,700
03/05/2018	0.501601	0.508061	0.488264	0.496319	41,283	11,628,700
03/04/2018	0.517105	0.520272	0.485702	0.501807	38,035	11,988,200
03/03/2018	0.482211	0.525162	0.482211	0.517820	56,988	11,179,200
03/02/2018	0.474282	0.507438	0.470537	0.482463	52,989	10,995,400
03/01/2018	0.452160	0.489926	0.447882	0.474456	30,445	10,483,100
02/28/2018	0.465166	0.490483	0.450253	0.451664	43,337	10,784,700
02/27/2018	0.473703	0.480855	0.455964	0.465549	53,035	10,982,600
02/26/2018	0.459044	0.492245	0.454767	0.472192	49,329	10,642,700
02/25/2018	0.442983	0.461714	0.431244	0.454322	47,010	10,270,300
02/24/2018	0.458156	0.486223	0.434647	0.447328	37,831	10,622,100
02/23/2018	0.460923	0.464400	0.432904	0.454376	46,223	10,686,300
02/22/2018	0.492829	0.499041	0.436339	0.460933	52,201	11,426,000
02/21/2018	0.516190	0.516271	0.461034	0.492382	48,693	11,967,600
02/20/2018	0.560202	0.573099	0.508327	0.516779	103,875	12,988,000
02/19/2018	0.565106	0.588278	0.544900	0.558396	116,542	13,101,700
02/18/2018	0.642037	0.648706	0.566435	0.567009	49,240	14,885,300
02/17/2018	0.603708	0.639479	0.588413	0.636168	72,914	13,996,700
02/16/2018	0.609769	0.639000	0.575633	0.604228	144,679	14,137,200
02/15/2018	0.573783	0.649720	0.551945	0.615908	185,963	13,302,900
02/14/2018	0.513627	0.582056	0.502903	0.573481	154,711	11,908,200
02/13/2018	0.579949	0.587932	0.508620	0.515044	220,731	13,445,800
02/12/2018	0.459427	0.621664	0.453464	0.577086	456,614	10,651,600
02/11/2018	0.490416	0.491774	0.441593	0.457122	50,809	11,370,100
02/10/2018	0.521951	0.554321	0.481622	0.490633	88,695	12,101,200
02/09/2018	0.465358	0.532133	0.443893	0.530625	171,813	10,789,100
02/08/2018	0.392823	0.466476	0.392319	0.464641	58,437	9,107,410
02/07/2018	0.399849	0.450166	0.360640	0.389623	58,351	9,270,320
02/06/2018	0.344433	0.404943	0.283568	0.402064	92,287	7,985,520
02/05/2018	0.490940	0.499352	0.334042	0.343567	127,970	11,382,200
02/04/2018	0.567276	0.595420	0.473683	0.495115	69,210	13,152,000
02/03/2018	0.515792	0.590195	0.471649	0.567048	102,374	11,958,400
02/02/2018	0.542524	0.542524	0.404631	0.512891	156,767	12,578,200
02/01/2018	0.674746	0.689179	0.521683	0.542358	140,093	15,645,400
01/31/2018	0.672294	0.705502	0.637511	0.682278	253,001	15,588,500
01/30/2018	0.788941	0.819589	0.678975	0.685147	126,721	18,293,200
01/29/2018	0.845598	0.853268	0.779656	0.788581	202,194	19,606,900
01/28/2018	0.874012	0.917998	0.839720	0.844668	240,110	20,265,800
01/27/2018	0.901097	0.966033	0.845735	0.871331	421,365	20,893,800
01/26/2018	0.873950	0.909208	0.723155	0.905522	572,898	20,264,300
01/25/2018	0.943394	0.968847	0.847210	0.876411	245,303	21,874,500
01/24/2018	0.900678	0.966740	0.884964	0.928526	121,447	20,884,100
01/23/2018	0.900401	0.946488	0.817504	0.901227	272,895	20,877,700
01/22/2018	1.04	1.12	0.835836	0.902269	386,869	24,052,400
01/21/2018	1.28	1.28	0.977754	1.02	305,514	29,698,400
01/20/2018	1.13	1.33	1.13	1.28	667,856	26,231,500
01/19/2018	1.02	1.20	0.956791	1.12	641,781	23,695,900
01/18/2018	0.913575	1.21	0.884354	1.04	743,173	21,183,100
01/17/2018	0.940296	0.996139	0.685826	0.916784	572,388	21,802,700
01/16/2018	1.59	1.68	0.780216	0.948076	2,021,670	36,856,000
01/15/2018	1.51	1.65	1.47	1.58	1,565,630	34,972,100
01/14/2018	1.59	1.91	1.45	1.54	4,428,440	36,942,200
01/13/2018	1.25	1.74	1.23	1.59	3,364,070	28,907,600
01/12/2018	1.17	1.25	1.12	1.25	674,037	27,194,900
01/11/2018	1.27	1.30	1.10	1.16	465,042	29,480,700
01/10/2018	1.30	1.35	1.05	1.28	1,129,320	30,149,800
01/09/2018	1.06	1.49	1.05	1.30	2,410,120	24,528,300
01/08/2018	1.09	1.12	0.976148	1.06	384,696	25,352,900
01/07/2018	1.10	1.15	1.06	1.10	334,237	25,566,200
01/06/2018	0.989646	1.11	0.973748	1.08	291,411	22,947,000
01/05/2018	0.974088	1.06	0.951211	0.989722	627,942	22,591,600
01/04/2018	0.951655	1.01	0.915395	0.957731	795,203	22,071,300
01/03/2018	0.957711	0.969133	0.874635	0.946904	648,970	22,211,700
01/02/2018	0.994788	1.03	0.851907	0.958353	895,177	23,071,700
01/01/2018	0.923727	1.00	0.892312	0.992326	657,369	21,423,600
12/31/2017	0.802718	0.963032	0.795427	0.923382	622,639	18,617,100
12/30/2017	0.905327	0.919961	0.792515	0.813963	773,506	20,996,800
12/29/2017	0.907613	0.977449	0.806164	0.913304	1,052,670	21,049,800
12/28/2017	0.798592	0.898157	0.695712	0.898157	829,905	18,521,400
12/27/2017	0.801459	0.997392	0.775460	0.789895	1,890,720	18,587,900
12/26/2017	0.838017	0.877964	0.748646	0.794296	832,533	19,435,700
12/25/2017	0.762228	1.09	0.710656	0.827030	1,671,040	17,678,000
12/24/2017	0.753126	0.760047	0.662374	0.746176	388,111	17,466,900
12/23/2017	0.700580	0.824006	0.686028	0.748117	545,893	16,248,200
12/22/2017	0.690075	0.776505	0.465458	0.698295	1,337,160	16,004,600
12/21/2017	0.620544	0.765136	0.585528	0.685178	1,209,140	14,392,000
12/20/2017	0.631015	0.631333	0.564866	0.618076	371,127	14,634,800
12/19/2017	0.665221	0.690157	0.602368	0.628170	553,878	15,428,200
12/18/2017	0.594120	0.679991	0.571223	0.667469	1,440,300	13,779,200
12/17/2017	0.617179	0.662090	0.590251	0.611494	478,024	14,314,000
12/16/2017	0.471704	0.670863	0.470779	0.613461	3,843,570	10,940,000
12/15/2017	0.476018	0.536242	0.429524	0.464662	7,645,510	11,040,100
12/14/2017	0.461065	0.487602	0.452076	0.475864	179,992	10,693,300
12/13/2017	0.461226	0.521519	0.431323	0.460624	293,722	10,697,000
12/12/2017	0.398240	0.489940	0.381806	0.459064	237,813	9,236,200
12/11/2017	0.363814	0.475605	0.361617	0.391908	318,245	8,437,760
12/10/2017	0.376272	0.397489	0.332543	0.366484	80,706	8,726,690
12/09/2017	0.426275	0.449090	0.371607	0.376907	105,213	9,886,400
12/08/2017	0.407606	0.430914	0.331316	0.418930	210,145	9,453,420
12/07/2017	0.442758	0.478140	0.370915	0.406648	276,637	10,268,700
12/06/2017	0.408472	0.446530	0.395796	0.443513	256,223	9,473,500
12/05/2017	0.382717	0.415078	0.373093	0.407350	111,555	8,876,170
12/04/2017	0.356203	0.385227	0.347625	0.376408	113,114	8,261,240
12/03/2017	0.353575	0.386917	0.331815	0.355026	147,027	8,200,300
12/02/2017	0.348856	0.354449	0.330189	0.352426	50,986	8,090,860
12/01/2017	0.322043	0.363676	0.305023	0.349153	67,352	7,479,770
11/30/2017	0.332672	0.360560	0.280788	0.323651	78,532	7,726,630
11/29/2017	0.351257	0.383205	0.309540	0.318963	147,285	8,158,290
11/28/2017	0.349877	0.357513	0.341772	0.350995	188,486	8,126,240
11/27/2017	0.356912	0.370729	0.334424	0.349048	174,406	8,289,640
11/26/2017	0.349758	0.374867	0.338024	0.356844	175,656	8,123,470
11/25/2017	0.331136	0.361792	0.325681	0.349902	80,533	7,690,960
11/24/2017	0.311018	0.343464	0.294586	0.331806	201,602	7,223,710
11/23/2017	0.296596	0.315004	0.290312	0.309461	117,927	6,888,730
11/22/2017	0.287534	0.326051	0.284120	0.296386	101,108	6,678,270
11/21/2017	0.291079	0.303956	0.270286	0.288215	52,128	6,760,600
11/20/2017	0.299457	0.306567	0.279785	0.290560	113,875	6,955,200
11/19/2017	0.294944	0.323139	0.290605	0.303890	108,990	6,850,380
11/18/2017	0.293356	0.300818	0.281565	0.295492	60,533	6,813,490
11/17/2017	0.305897	0.311162	0.288450	0.292932	47,915	7,104,770
11/16/2017	0.310697	0.313853	0.294937	0.308489	41,680	7,216,260
11/15/2017	0.294522	0.315192	0.294522	0.309078	88,946	6,840,560
11/14/2017	0.287207	0.300525	0.279264	0.296473	68,393	6,670,680
11/13/2017	0.257538	0.326347	0.257538	0.287096	241,595	5,981,570
11/12/2017	0.302126	0.302126	0.247578	0.257163	103,094	7,017,180
11/11/2017	0.308666	0.328061	0.296206	0.303020	80,437	7,169,080
11/10/2017	0.330804	0.348348	0.300007	0.309668	91,125	7,683,260
11/09/2017	0.333203	0.342841	0.310323	0.329030	158,306	7,738,960
11/08/2017	0.312113	0.342227	0.301394	0.333531	128,708	7,249,130
11/07/2017	0.304054	0.333211	0.301723	0.316852	85,268	7,061,950
11/06/2017	0.337872	0.348586	0.293652	0.305042	256,219	7,847,410
11/05/2017	0.296652	0.386728	0.281188	0.337367	603,579	6,890,030
11/04/2017	0.274635	0.303895	0.265323	0.295128	32,504	6,378,680
11/03/2017	0.270472	0.285742	0.262833	0.275385	41,785	6,281,980
11/02/2017	0.270417	0.312158	0.257096	0.270826	180,210	6,280,710
11/01/2017	0.289544	0.289544	0.261632	0.270116	74,197	6,727,000
10/31/2017	0.281879	0.297063	0.281419	0.288935	64,458	6,548,900
10/30/2017	0.291175	0.291175	0.271018	0.282839	57,650	6,764,880
10/29/2017	0.286105	0.302810	0.265282	0.291075	295,887	6,647,100
10/28/2017	0.343764	0.435814	0.280943	0.286453	1,046,920	7,986,680
10/27/2017	0.253479	0.408965	0.236415	0.342856	1,044,660	5,889,100
10/26/2017	0.255750	0.267203	0.242192	0.253420	151,189	5,941,860
10/25/2017	0.260298	0.310418	0.246548	0.253630	237,765	6,047,510
10/24/2017	0.235175	0.265929	0.224063	0.260218	81,771	5,463,830
10/23/2017	0.260894	0.264544	0.228278	0.239322	44,219	6,061,360
10/22/2017	0.241113	0.263737	0.230148	0.261315	144,021	5,601,800
10/21/2017	0.258429	0.267512	0.235046	0.242859	36,295	6,004,080
10/20/2017	0.275188	0.287549	0.252081	0.258973	54,338	6,393,470
10/19/2017	0.272990	0.319685	0.270910	0.275111	132,888	6,342,390
10/18/2017	0.276730	0.280414	0.246383	0.272848	84,319	6,429,290
10/17/2017	0.281337	0.285477	0.269090	0.276705	73,193	6,536,320
10/16/2017	0.272520	0.319730	0.263572	0.281303	96,989	6,331,480
10/15/2017	0.279552	0.290131	0.260704	0.272460	58,054	6,494,840
10/14/2017	0.309306	0.312092	0.262772	0.283880	160,698	7,186,140
10/13/2017	0.253526	0.364894	0.224872	0.305560	633,307	5,890,190
10/12/2017	0.244645	0.361375	0.235182	0.252802	818,079	5,683,850
10/11/2017	0.224028	0.245459	0.217629	0.244438	31,122	5,204,850
10/10/2017	0.222575	0.232633	0.216014	0.226701	65,280	5,172,680
10/09/2017	0.218326	0.260696	0.209970	0.220051	152,503	5,073,930
10/08/2017	0.260366	0.264037	0.219405	0.222477	101,109	6,050,940
10/07/2017	0.264620	0.267001	0.249751	0.261119	86,430	6,149,810
10/06/2017	0.279374	0.279374	0.247229	0.264537	259,479	6,492,700
10/05/2017	0.274570	0.287121	0.256065	0.279376	86,439	6,381,040
10/04/2017	0.296952	0.298951	0.271780	0.271931	78,261	6,901,200
10/03/2017	0.347951	0.349124	0.280543	0.296305	253,615	8,086,440
10/02/2017	0.342772	0.358319	0.321903	0.349174	246,588	7,966,060
10/01/2017	0.366734	0.371937	0.339114	0.342141	181,535	8,522,950
09/30/2017	0.386092	0.391291	0.348584	0.364406	363,186	8,972,840
09/29/2017	0.365331	0.407879	0.335059	0.385587	429,587	8,490,350
09/28/2017	0.378555	0.386540	0.353917	0.365312	74,542	8,797,670
09/27/2017	0.362476	0.385635	0.362431	0.377154	106,646	8,423,980
09/26/2017	0.366745	0.372199	0.355699	0.363490	71,475	8,523,190
09/25/2017	0.352463	0.378281	0.341198	0.366780	129,945	8,191,290
09/24/2017	0.360215	0.365199	0.348806	0.352799	37,166	8,371,460
09/23/2017	0.334551	0.381287	0.332260	0.364072	57,583	7,775,010
09/22/2017	0.343168	0.362726	0.333062	0.336810	47,777	7,975,270
09/21/2017	0.367936	0.405553	0.343940	0.344862	153,647	8,550,880
09/20/2017	0.377900	0.389611	0.367146	0.374047	105,846	8,782,450
09/19/2017	0.427784	0.431406	0.364201	0.378937	168,903	9,941,770
09/18/2017	0.376799	0.431354	0.376062	0.426628	67,452	8,756,850
09/17/2017	0.396444	0.396444	0.354084	0.378324	94,692	9,213,420
09/16/2017	0.426255	0.456438	0.361769	0.396714	231,358	9,906,230
09/15/2017	0.347019	0.464748	0.272462	0.428978	395,972	8,064,760
09/14/2017	0.389278	0.463517	0.344339	0.344339	356,187	9,046,880
09/13/2017	0.409939	0.413316	0.369394	0.382609	85,798	9,527,040
09/12/2017	0.406526	0.457096	0.399149	0.411502	127,841	9,447,730
09/11/2017	0.424030	0.426643	0.396773	0.411072	32,183	9,854,520
09/10/2017	0.430118	0.440074	0.390739	0.424750	82,018	9,996,000
09/09/2017	0.430732	0.440956	0.399505	0.434176	109,224	10,010,300
09/08/2017	0.462213	0.483545	0.420854	0.429976	248,714	10,741,900
09/07/2017	0.424746	0.490471	0.401608	0.466023	222,172	9,871,150
09/06/2017	0.407404	0.430253	0.397115	0.426002	89,591	9,468,120
09/05/2017	0.384621	0.424314	0.346079	0.406939	90,948	8,941,840
09/04/2017	0.438486	0.439110	0.350640	0.380054	136,377	10,194,100
09/03/2017	0.443006	0.452929	0.417755	0.438343	67,808	10,299,200
09/02/2017	0.489091	0.494874	0.426984	0.442722	65,790	11,370,600
09/01/2017	0.456706	0.490024	0.455036	0.488479	92,847	10,617,700
08/31/2017	0.470356	0.486321	0.441396	0.456515	151,293	10,935,000
08/30/2017	0.459860	0.476409	0.438722	0.471178	81,533	10,691,000
08/29/2017	0.474317	0.492993	0.455585	0.460500	156,106	11,027,100
08/28/2017	0.477798	0.486355	0.449298	0.473716	130,301	11,108,000
08/27/2017	0.454050	0.479640	0.444473	0.475997	90,840	10,555,900
08/26/2017	0.498121	0.514325	0.431319	0.454416	174,624	11,580,500
08/25/2017	0.398490	0.520043	0.389870	0.489437	396,812	9,264,260
08/24/2017	0.394429	0.417908	0.391166	0.399169	130,358	9,169,840
08/23/2017	0.378837	0.466872	0.373444	0.394258	268,933	8,807,370
08/22/2017	0.398552	0.399870	0.365161	0.379611	59,474	9,265,700
08/21/2017	0.401528	0.436327	0.383544	0.397374	86,424	9,334,890
08/20/2017	0.355093	0.419500	0.340421	0.403059	178,826	8,255,340
08/19/2017	0.373599	0.387571	0.333579	0.356747	104,118	8,685,590
08/18/2017	0.421039	0.431165	0.359019	0.374002	171,367	9,788,490
08/17/2017	0.411580	0.503260	0.370771	0.424814	452,410	9,568,570
08/16/2017	0.349061	0.427620	0.338309	0.413081	198,386	8,115,120
08/15/2017	0.361414	0.385572	0.308418	0.348678	240,292	8,402,290
08/14/2017	0.400267	0.404089	0.335711	0.360421	144,197	9,305,570
08/13/2017	0.428524	0.456520	0.389509	0.400011	167,142	9,962,500
08/12/2017	0.409762	0.516356	0.378580	0.428919	274,535	9,526,320
08/11/2017	0.387281	0.467510	0.350827	0.406133	251,855	9,003,680
08/10/2017	0.413996	0.417865	0.379406	0.387253	192,701	9,624,750
08/09/2017	0.392518	0.448009	0.381045	0.421857	247,194	9,125,430
08/08/2017	0.397621	0.398656	0.373381	0.392155	83,469	9,244,060
08/07/2017	0.390433	0.413111	0.375425	0.397219	147,948	9,076,940
08/06/2017	0.423738	0.449702	0.384154	0.390983	236,182	9,851,240
08/05/2017	0.415642	0.456940	0.407620	0.423793	115,360	9,663,010
08/04/2017	0.401906	0.443772	0.395279	0.413779	125,082	9,343,670
08/03/2017	0.399801	0.509039	0.382408	0.402667	566,670	9,294,750
08/02/2017	0.346613	0.415020	0.327308	0.393846	219,548	8,061,000
08/01/2017	0.314664	0.349797	0.294784	0.346679	96,004	7,317,980
07/31/2017	0.310604	0.326917	0.302157	0.314512	77,416	7,223,560
07/30/2017	0.331594	0.346068	0.309139	0.310286	62,604	7,711,700
07/29/2017	0.339435	0.340625	0.306345	0.331640	30,608	7,894,070
07/28/2017	0.349134	0.362732	0.310911	0.342971	154,912	8,119,620
07/27/2017	0.360301	0.366390	0.343204	0.348079	59,875	8,379,340
07/26/2017	0.357956	0.365349	0.335477	0.359282	49,742	8,324,790
07/25/2017	0.425677	0.428132	0.342150	0.356992	88,418	9,899,760
07/24/2017	0.422956	0.440342	0.416644	0.425723	105,016	9,836,470
07/23/2017	0.479408	0.487187	0.417094	0.423473	225,484	11,149,300
07/22/2017	0.432120	0.478882	0.431421	0.476025	76,899	10,049,600
07/21/2017	0.419918	0.455706	0.398642	0.432229	107,956	9,765,810
07/20/2017	0.355075	0.448413	0.355075	0.431126	137,883	8,257,800
07/19/2017	0.361989	0.409785	0.349506	0.356146	89,265	8,418,580
07/18/2017	0.342553	0.379618	0.331803	0.361414	34,887	7,966,570
07/17/2017	0.283741	0.343534	0.283741	0.341671	37,492	6,598,810
07/16/2017	0.307710	0.322930	0.268360	0.284049	67,725	7,156,240
07/15/2017	0.331342	0.332941	0.293250	0.308412	33,196	7,705,860
07/14/2017	0.361871	0.364381	0.312184	0.331912	53,176	8,415,850
07/13/2017	0.409429	0.418378	0.350741	0.360168	57,309	9,521,880
07/12/2017	0.357144	0.409015	0.331085	0.409015	91,298	8,305,910
07/11/2017	0.364122	0.368421	0.304343	0.358847	218,718	8,468,180
07/10/2017	0.460977	0.574072	0.360683	0.366354	923,948	10,730,800
07/09/2017	0.433666	0.493333	0.428546	0.462382	571,547	10,095,100
07/08/2017	0.427009	0.448297	0.420654	0.433412	124,260	9,940,110
07/07/2017	0.523609	0.527966	0.423849	0.426651	133,425	12,188,800
07/06/2017	0.527825	0.547359	0.503708	0.523225	104,951	12,286,900
07/05/2017	0.539244	0.570499	0.513517	0.527563	159,937	12,552,700
07/04/2017	0.507306	0.585970	0.501034	0.539548	213,939	11,809,300
07/03/2017	0.479154	0.535885	0.464918	0.505946	123,030	11,154,000
07/02/2017	0.499575	0.515946	0.434967	0.479550	192,759	11,629,300
07/01/2017	0.537715	0.542858	0.475523	0.497451	331,057	12,517,200
06/30/2017	0.566481	0.610608	0.537146	0.537922	239,021	13,186,800
06/29/2017	0.620021	0.678169	0.562081	0.564906	832,687	14,433,100
06/28/2017	0.543810	0.621819	0.512637	0.621721	270,178	12,659,000
06/27/2017	0.542225	0.553363	0.445677	0.542692	273,891	12,622,100
06/26/2017	0.586648	0.628500	0.472400	0.542225	466,116	13,656,200
06/25/2017	0.677120	0.684936	0.555395	0.586971	536,193	15,762,300
06/24/2017	0.806075	0.818498	0.654113	0.673635	613,460	18,764,200
06/23/2017	0.723688	0.870829	0.713121	0.803122	1,266,670	16,846,300
06/22/2017	0.633942	0.804573	0.600257	0.725230	1,516,710	14,757,200
06/21/2017	0.593135	0.720541	0.573774	0.649028	952,634	13,807,300
06/20/2017	0.596684	0.666512	0.551400	0.596782	1,100,740	13,889,900
06/19/2017	0.570931	0.630431	0.542796	0.596684	376,592	13,290,400
06/18/2017	0.514953	0.612920	0.513028	0.568181	648,628	11,987,300
06/17/2017	0.522851	0.527112	0.507225	0.515031	108,015	12,171,200
06/16/2017	0.502182	0.546167	0.487829	0.522851	275,120	11,690,000
06/15/2017	0.525702	0.531921	0.443488	0.502553	196,076	12,237,500
06/14/2017	0.621029	0.628799	0.496881	0.526414	223,430	14,456,600
06/13/2017	0.579625	0.625753	0.571385	0.601271	187,931	13,492,800
06/12/2017	0.657660	0.709878	0.547785	0.581672	197,381	15,309,300
06/11/2017	0.681014	0.699617	0.634448	0.658534	335,180	15,852,900
06/10/2017	0.633326	0.682891	0.632916	0.680008	358,821	14,742,800
06/09/2017	0.598477	0.675741	0.594030	0.636269	379,308	13,939,400
06/08/2017	0.607392	0.640114	0.587392	0.600769	183,923	14,147,000
06/07/2017	0.552013	0.670508	0.526820	0.604353	762,677	12,857,200
06/06/2017	0.567684	0.570675	0.504990	0.549900	310,852	13,222,200
06/05/2017	0.521173	0.573421	0.521173	0.563182	274,226	12,138,900
06/04/2017	0.503314	0.526764	0.467305	0.521162	241,625	11,722,900
06/03/2017	0.460043	0.520776	0.450623	0.509566	292,792	10,715,100
06/02/2017	0.399945	0.478631	0.388642	0.460246	360,880	9,315,290
06/01/2017	0.365333	0.402813	0.365333	0.393903	198,555	8,509,120
05/31/2017	0.370285	0.392878	0.343973	0.370673	197,537	8,624,460
05/30/2017	0.384902	0.401929	0.367978	0.372166	79,460	8,965,820
05/29/2017	0.369074	0.412091	0.354948	0.383635	86,997	8,597,130
05/28/2017	0.353018	0.427692	0.353018	0.369823	118,648	8,223,120
05/27/2017	0.382210	0.434877	0.287116	0.350922	520,310	8,903,120
05/26/2017	0.412340	0.484109	0.344177	0.381198	119,798	9,604,960
05/25/2017	0.495475	0.528947	0.405106	0.415380	196,175	11,541,500
05/24/2017	0.475421	0.519018	0.475421	0.496455	287,220	11,074,400
05/23/2017	0.425809	0.488271	0.420642	0.474856	294,751	9,918,700
05/22/2017	0.438594	0.474241	0.400486	0.427409	298,689	10,216,500
05/21/2017	0.457570	0.466382	0.432910	0.440730	365,754	10,658,500
05/20/2017	0.446173	0.466253	0.442912	0.457013	171,898	10,393,100
05/19/2017	0.433850	0.455162	0.433850	0.446642	94,196	10,106,000
05/18/2017	0.420793	0.437520	0.401150	0.430475	190,174	9,801,860
05/17/2017	0.411163	0.441863	0.383228	0.418492	271,421	9,577,540
05/16/2017	0.381948	0.414941	0.365702	0.411311	98,328	8,897,010
05/15/2017	0.434111	0.446303	0.346366	0.382514	218,665	10,112,100
05/14/2017	0.383538	0.435587	0.379451	0.435587	195,890	8,934,050
05/13/2017	0.364534	0.384655	0.347176	0.384333	85,346	8,491,380
05/12/2017	0.376774	0.389981	0.358030	0.365258	75,262	15,558,400
05/11/2017	0.394491	0.424339	0.350218	0.376401	152,371	16,290,000
05/10/2017	0.378018	0.407858	0.359390	0.393782	89,490	15,609,800
05/09/2017	0.393505	0.421129	0.374008	0.377768	172,184	16,249,300
05/08/2017	0.359502	0.416523	0.359502	0.393381	234,635	14,845,200
05/07/2017	0.381668	0.410936	0.307458	0.359457	524,945	15,760,500
05/06/2017	0.374236	0.394713	0.353315	0.384891	157,761	15,453,600
05/05/2017	0.347026	0.377933	0.347026	0.373911	127,536	14,330,000
05/04/2017	0.323041	0.353520	0.320910	0.346310	141,491	13,339,600
05/03/2017	0.323832	0.339900	0.304946	0.320083	81,117	13,372,200
05/02/2017	0.298515	0.349838	0.278419	0.322039	146,756	12,334,500
05/01/2017	0.319783	0.322319	0.286667	0.298634	168,236	13,213,300
04/30/2017	0.304528	0.325266	0.300927	0.319687	88,303	12,583,000
04/29/2017	0.316268	0.319264	0.295017	0.304510	73,045	13,068,100
04/28/2017	0.292553	0.315941	0.288512	0.315941	99,955	12,088,200
04/27/2017	0.268166	0.301308	0.265647	0.292551	77,972	11,080,500
04/26/2017	0.267304	0.293274	0.263480	0.269154	96,812	11,044,900
04/25/2017	0.289654	0.291639	0.263515	0.267210	184,462	11,968,400
04/24/2017	0.282008	0.301365	0.278224	0.288069	153,032	11,652,500
04/23/2017	0.298977	0.316667	0.279274	0.282809	149,490	12,353,600
04/22/2017	0.318748	0.328368	0.295636	0.298999	166,150	13,170,600
04/21/2017	0.333626	0.333626	0.287024	0.315266	249,448	13,785,300
04/20/2017	0.384044	0.413196	0.280991	0.333533	913,117	15,868,600
04/19/2017	0.386786	0.410566	0.355901	0.382032	323,686	15,981,900
04/18/2017	0.378584	0.407815	0.335768	0.386617	397,485	15,643,000
04/17/2017	0.352069	0.410368	0.338342	0.382305	655,010	14,547,400
04/16/2017	0.327345	0.352900	0.310352	0.352282	263,551	13,525,800
04/15/2017	0.314286	0.337048	0.312048	0.327320	97,737	12,986,200
04/14/2017	0.287565	0.316575	0.272660	0.314350	105,368	11,882,100
04/13/2017	0.283358	0.315144	0.275308	0.285146	130,600	11,708,300
04/12/2017	0.254874	0.291337	0.254874	0.283205	104,535	10,531,300
04/11/2017	0.252224	0.259124	0.239993	0.254261	67,920	10,421,800
04/10/2017	0.263925	0.264524	0.246191	0.252154	123,214	10,905,300
04/09/2017	0.286621	0.289119	0.259907	0.264051	60,111	11,843,100
04/08/2017	0.276500	0.297532	0.272766	0.286471	36,233	11,424,900
04/07/2017	0.267265	0.284388	0.258432	0.277504	20,040	11,043,300
04/06/2017	0.264677	0.289128	0.260665	0.269414	68,153	10,936,400
04/05/2017	0.260933	0.283278	0.253990	0.265404	107,672	10,790,000
04/04/2017	0.237445	0.272678	0.229307	0.259232	178,130	9,818,770
04/03/2017	0.216278	0.239968	0.216278	0.237090	69,291	8,943,480
04/02/2017	0.224840	0.229004	0.206919	0.216125	79,390	9,297,540
04/01/2017	0.216545	0.225840	0.206744	0.224818	49,318	8,954,520
03/31/2017	0.196819	0.222076	0.196448	0.216561	82,346	8,138,820
03/30/2017	0.195840	0.211569	0.187718	0.199068	63,654	8,098,330
03/29/2017	0.206797	0.236101	0.177716	0.195419	321,118	8,551,420
03/28/2017	0.184837	0.261689	0.171835	0.207014	588,890	7,643,340
03/27/2017	0.160868	0.280087	0.160653	0.204233	476,603	6,652,180
03/26/2017	0.163793	0.178617	0.149539	0.159986	84,141	6,773,130
03/25/2017	0.149753	0.182830	0.134419	0.164245	495,161	6,192,550
03/24/2017	0.261682	0.261682	0.144070	0.144378	210,450	10,821,000
03/23/2017	0.201789	0.261635	0.193140	0.261635	91,280	8,344,340
03/22/2017	0.201735	0.204754	0.184886	0.201614	13,914	8,342,100
03/21/2017	0.192361	0.210024	0.191635	0.201714	16,958	7,954,470
03/20/2017	0.184255	0.193721	0.184255	0.192164	11,477	7,619,270
03/19/2017	0.178768	0.192673	0.171841	0.184167	12,820	7,392,380
03/18/2017	0.192779	0.207457	0.175373	0.178238	19,459	7,971,760
03/17/2017	0.201400	0.205528	0.180054	0.192878	23,758	8,328,250
03/16/2017	0.201632	0.230466	0.195110	0.213831	29,055	8,337,840
03/15/2017	0.216582	0.219886	0.188196	0.201355	55,654	8,956,050
03/14/2017	0.215799	0.234473	0.207027	0.216554	38,395	8,923,670
03/13/2017	0.239859	0.258181	0.184476	0.214714	127,377	9,918,600
03/12/2017	0.226686	0.243924	0.226319	0.239781	14,244	9,373,870
03/11/2017	0.210340	0.237981	0.202397	0.226403	16,455	8,697,930
03/10/2017	0.231564	0.263425	0.198835	0.210415	45,407	9,583,630
03/09/2017	0.184766	0.265255	0.178307	0.231395	36,776	7,646,820
03/08/2017	0.183306	0.207408	0.166495	0.184710	10,906	7,586,400
03/07/2017	0.196098	0.196371	0.176482	0.183353	9,202	8,115,820
03/06/2017	0.191874	0.196110	0.189899	0.196039	3,382	7,941,000
03/05/2017	0.188503	0.192096	0.186493	0.191821	2,771	7,801,490
03/04/2017	0.200192	0.200285	0.185122	0.188632	4,865	8,285,250
03/03/2017	0.191218	0.208705	0.191200	0.199811	6,045	7,913,850
03/02/2017	0.193057	0.198382	0.185475	0.191264	7,339	7,989,960
03/01/2017	0.219963	0.224786	0.172989	0.192713	35,610	9,103,510
02/28/2017	0.167965	0.236043	0.162914	0.219984	33,357	6,951,490
02/27/2017	0.166906	0.180723	0.161776	0.167859	6,300	6,907,660
02/26/2017	0.170726	0.181585	0.160631	0.167109	12,576	7,065,760
02/25/2017	0.187785	0.195959	0.168291	0.170662	28,182	7,771,770
02/24/2017	0.198944	0.198944	0.171967	0.188309	13,921	8,233,600
02/23/2017	0.202960	0.212922	0.195386	0.197927	9,684	8,399,810
02/22/2017	0.194576	0.214004	0.188785	0.202992	9,209	8,052,830
02/21/2017	0.203497	0.210991	0.167675	0.194687	46,978	8,422,040
02/20/2017	0.206553	0.224854	0.198952	0.211032	25,411	8,548,510
02/19/2017	0.238209	0.244170	0.228973	0.228973	10,660	9,858,640
02/18/2017	0.237832	0.257983	0.233816	0.238131	19,685	9,843,040
02/17/2017	0.232380	0.261789	0.232380	0.235109	34,605	9,617,400
02/16/2017	0.300053	0.304428	0.199285	0.232679	100,215	12,418,200
02/15/2017	0.294862	0.310050	0.278363	0.302415	20,328	12,203,300
02/14/2017	0.308326	0.321544	0.284810	0.294376	26,029	12,760,500
02/13/2017	0.292203	0.331760	0.282801	0.307995	38,102	12,093,300
02/12/2017	0.269757	0.319957	0.267152	0.292309	48,381	11,164,300
02/11/2017	0.268022	0.276030	0.262141	0.270007	7,646	11,092,500
02/10/2017	0.272042	0.283364	0.242339	0.267961	30,542	11,258,900
02/09/2017	0.269657	0.276846	0.231710	0.271681	26,284	11,160,200
02/08/2017	0.239118	0.288102	0.225176	0.269438	25,318	9,896,260
02/07/2017	0.239349	0.265578	0.235783	0.238900	21,074	9,905,820
02/06/2017	0.208723	0.248708	0.208675	0.238891	20,507	8,638,320
02/05/2017	0.196352	0.222139	0.190938	0.208509	17,709	8,126,330
02/04/2017	0.194908	0.204717	0.178769	0.196235	5,333	8,066,570
02/03/2017	0.196570	0.200514	0.172495	0.194640	13,800	8,135,350
02/02/2017	0.217256	0.227749	0.196610	0.196636	14,845	9,004,220
02/01/2017	0.207572	0.231493	0.182234	0.217276	12,869	8,602,870
01/31/2017	0.196602	0.217143	0.172772	0.207605	35,674	8,148,210
01/30/2017	0.208584	0.218117	0.185247	0.197112	31,703	8,644,810
01/29/2017	0.140390	0.228127	0.140390	0.204403	83,877	5,818,490
01/28/2017	0.153616	0.181079	0.140616	0.140651	16,424	6,366,650
01/27/2017	0.134424	0.168223	0.119843	0.153511	32,803	5,571,230
01/26/2017	0.135010	0.142313	0.129180	0.134419	3,115	5,595,520
01/25/2017	0.130856	0.138617	0.127154	0.134973	2,855	5,423,360
01/24/2017	0.135519	0.137301	0.130053	0.130201	9,979	5,616,620
01/23/2017	0.136759	0.141866	0.131543	0.137145	4,586	5,668,010
01/22/2017	0.135465	0.138480	0.128836	0.136602	1,872	5,614,380
01/21/2017	0.134332	0.140362	0.131692	0.135468	3,711	5,567,420
01/20/2017	0.131964	0.143307	0.118776	0.134334	38,838	5,469,280
01/19/2017	0.142942	0.144808	0.120286	0.132019	14,004	5,924,260
01/18/2017	0.131927	0.171017	0.128862	0.142353	46,657	5,467,740
01/17/2017	0.111067	0.136124	0.104446	0.134025	17,531	4,603,200
01/16/2017	0.113465	0.116247	0.103796	0.113078	3,849	4,702,580
01/15/2017	0.096614	0.122599	0.096582	0.113469	10,673	4,004,180
01/14/2017	0.096888	0.103877	0.095308	0.096650	1,093	4,015,560
01/13/2017	0.098805	0.106188	0.095690	0.096754	2,750	4,095,000
01/12/2017	0.096671	0.101601	0.092069	0.098866	1,428	4,006,560
01/11/2017	0.107962	0.113166	0.093850	0.096802	3,909	4,474,510
01/10/2017	0.102540	0.115855	0.098253	0.108610	8,854	4,249,790
01/09/2017	0.096517	0.099156	0.090863	0.093433	3,290	4,000,160
01/08/2017	0.092275	0.100192	0.089687	0.096377	1,578	3,824,350
01/07/2017	0.093044	0.096142	0.083318	0.092322	3,826	3,856,240
01/06/2017	0.113850	0.117804	0.087614	0.092912	2,491	4,738,720
01/05/2017	0.115549	0.119285	0.090558	0.113542	28,009	4,809,430
01/04/2017	0.115276	0.119973	0.109364	0.115430	18,565	4,798,070
01/03/2017	0.113492	0.123819	0.111990	0.115303	1,891	4,723,810
01/02/2017	0.110384	0.122909	0.106256	0.113496	13,494	4,594,450
01/01/2017	0.125445	0.133124	0.104575	0.110324	11,913	5,221,330
12/31/2016	0.132626	0.132706	0.123194	0.125426	1,267	5,520,220
12/30/2016	0.119278	0.132684	0.114871	0.132608	8,053	4,964,640
12/29/2016	0.102564	0.131489	0.102304	0.119288	15,046	4,268,960
12/28/2016	0.110260	0.114671	0.088198	0.102549	23,568	4,589,290
12/27/2016	0.119951	0.127122	0.100441	0.110196	18,039	4,992,650
12/26/2016	0.117640	0.124559	0.109045	0.119876	8,686	4,896,460
12/25/2016	0.133683	0.134533	0.113551	0.116856	20,333	5,564,210
12/24/2016	0.136201	0.142809	0.118100	0.130600	26,442	5,669,020
12/23/2016	0.143646	0.154821	0.122078	0.135992	28,670	5,978,900
12/22/2016	0.133322	0.164225	0.114037	0.143700	45,606	5,549,190
12/21/2016	0.134235	0.147942	0.125807	0.132968	36,743	5,587,190
12/20/2016	0.149749	0.165001	0.128456	0.132283	30,649	6,232,920
12/19/2016	0.133124	0.165247	0.119183	0.150526	67,054	5,540,950
12/18/2016	0.135549	0.141534	0.126300	0.133077	16,829	5,641,880
12/17/2016	0.140491	0.141640	0.129256	0.135546	7,150	5,847,580
12/16/2016	0.146922	0.154591	0.126656	0.140491	22,448	6,115,250
12/15/2016	0.164720	0.173856	0.145262	0.146959	13,027	6,856,050
12/14/2016	0.175746	0.186933	0.163432	0.164612	12,031	7,314,980
12/13/2016	0.175025	0.190852	0.150995	0.185139	35,967	7,284,970
12/12/2016	0.176608	0.185393	0.171861	0.175091	4,135	7,350,860
12/11/2016	0.163483	0.182308	0.160054	0.176555	11,375	6,804,560
12/10/2016	0.164905	0.183873	0.159890	0.163484	12,229	6,863,750
12/09/2016	0.142076	0.180811	0.140955	0.164866	12,523	5,913,550
12/08/2016	0.145278	0.154375	0.140111	0.142087	4,683	6,046,820
12/07/2016	0.151075	0.161819	0.135596	0.149023	10,085	6,288,110
12/06/2016	0.138938	0.159710	0.123633	0.151774	14,740	5,782,940
12/05/2016	0.137947	0.155734	0.131051	0.138933	10,650	5,741,690
12/04/2016	0.146787	0.151978	0.136600	0.137840	4,704	6,109,630
12/03/2016	0.129401	0.159390	0.129401	0.148596	13,922	5,385,990
12/02/2016	0.168570	0.176263	0.123106	0.127420	35,072	7,058,860
12/01/2016	0.156019	0.196450	0.149797	0.167379	13,156	6,533,280
11/30/2016	0.159037	0.162372	0.152146	0.152146	5,522	6,659,660
11/29/2016	0.159815	0.165476	0.153758	0.159059	9,841	6,692,240
11/28/2016	0.159307	0.160233	0.155246	0.159807	2,539	6,670,970
11/27/2016	0.162691	0.173783	0.156560	0.159295	6,854	6,812,670
11/26/2016	0.166305	0.173598	0.156291	0.165879	6,912	6,964,010
11/25/2016	0.180435	0.187344	0.150989	0.166298	15,011	7,555,700
11/24/2016	0.175780	0.212387	0.168156	0.180475	16,582	7,360,770
11/23/2016	0.157759	0.179831	0.156943	0.179831	7,006	6,606,150
11/22/2016	0.144043	0.163624	0.144043	0.160064	9,162	6,031,790
11/21/2016	0.142493	0.161586	0.141723	0.155106	8,933	5,966,880
11/20/2016	0.143662	0.147150	0.136443	0.143803	5,014	6,015,840
11/19/2016	0.144078	0.153961	0.138998	0.145513	3,582	6,033,260
11/18/2016	0.151859	0.151872	0.135696	0.144126	4,140	6,359,080
11/17/2016	0.152187	0.164085	0.140099	0.151936	29,634	6,372,820
11/16/2016	0.156391	0.168665	0.148400	0.152264	13,008	6,548,860
11/15/2016	0.152892	0.171958	0.149039	0.156692	19,578	6,402,340
11/14/2016	0.136289	0.162005	0.133374	0.152818	18,783	5,707,090
11/13/2016	0.135017	0.149811	0.131512	0.136550	14,267	5,653,830
11/12/2016	0.145537	0.145687	0.133796	0.135021	6,637	6,094,350
11/11/2016	0.152228	0.156359	0.142319	0.145539	11,074	6,374,540
11/10/2016	0.138796	0.163166	0.138565	0.152212	12,284	5,812,070
11/09/2016	0.140427	0.149315	0.135358	0.138777	12,336	5,880,370
11/08/2016	0.142926	0.144787	0.140686	0.140946	2,863	5,985,020
11/07/2016	0.153282	0.155731	0.141006	0.142876	23,966	6,418,670
11/06/2016	0.161292	0.161673	0.149746	0.153332	5,803	6,754,090
11/05/2016	0.156482	0.168743	0.151485	0.161301	5,898	6,552,670
11/04/2016	0.150647	0.160238	0.147979	0.156509	7,793	6,308,330
11/03/2016	0.162749	0.166467	0.140648	0.150696	6,154	6,826,860
11/02/2016	0.153327	0.163603	0.148514	0.162387	3,322	6,431,640
11/01/2016	0.147962	0.161468	0.132475	0.153285	15,594	6,206,590
10/31/2016	0.158484	0.168301	0.147972	0.147972	5,519	6,647,960
10/30/2016	0.150992	0.173866	0.146311	0.156257	13,385	6,333,690
10/29/2016	0.162284	0.180145	0.145909	0.151034	17,425	6,807,360
10/28/2016	0.163607	0.178469	0.155880	0.162256	8,238	6,862,850
10/27/2016	0.185413	0.197333	0.158617	0.165921	13,837	7,777,550
10/26/2016	0.158576	0.188970	0.149747	0.185404	34,001	6,651,820
10/25/2016	0.158950	0.176418	0.147463	0.158492	16,979	6,667,510
10/24/2016	0.155492	0.166437	0.145987	0.158994	11,364	6,522,450
10/23/2016	0.172733	0.173743	0.155361	0.155452	10,559	7,245,660
10/22/2016	0.175244	0.182380	0.164088	0.172610	5,214	7,350,990
10/21/2016	0.180331	0.180834	0.170738	0.175263	6,361	7,564,380
10/20/2016	0.177232	0.183649	0.176682	0.180368	4,315	7,434,380
10/19/2016	0.181603	0.192106	0.176584	0.177237	11,284	7,617,740
10/18/2016	0.168042	0.189146	0.165232	0.181594	14,727	7,048,890
10/17/2016	0.171836	0.185107	0.162002	0.168043	14,129	7,208,040
10/16/2016	0.175320	0.180462	0.167000	0.171775	12,235	7,354,180
10/15/2016	0.193970	0.200791	0.169240	0.175272	16,223	8,136,500
10/14/2016	0.183768	0.208021	0.180063	0.196647	15,171	7,708,550
10/13/2016	0.190131	0.204564	0.181600	0.183737	22,642	7,975,460
10/12/2016	0.178838	0.195646	0.173056	0.190131	36,071	7,501,750
10/11/2016	0.229681	0.233463	0.173771	0.186886	92,031	9,634,470
10/10/2016	0.183189	0.310189	0.163311	0.229604	426,256	7,684,260
10/09/2016	0.194806	0.205539	0.181208	0.183146	10,701	8,171,560
10/08/2016	0.194338	0.204189	0.190113	0.196123	6,637	8,151,930
10/07/2016	0.178477	0.209081	0.177357	0.194288	16,576	7,486,610
10/06/2016	0.169924	0.206914	0.162184	0.179412	39,524	7,134,710
10/05/2016	0.141088	0.195950	0.129852	0.169924	46,936	5,923,950
10/04/2016	0.157985	0.161166	0.141273	0.149469	17,122	6,633,420
10/03/2016	0.165523	0.171344	0.146901	0.157969	24,643	6,949,920
10/02/2016	0.135825	0.171533	0.131793	0.165785	43,115	5,702,970
10/01/2016	0.162749	0.166732	0.126298	0.135821	36,661	6,833,450
09/30/2016	0.169132	0.176060	0.151551	0.165722	19,853	7,101,460
09/29/2016	0.174358	0.180538	0.163614	0.169106	17,295	7,320,880
09/28/2016	0.169254	0.190651	0.162950	0.174378	68,525	7,106,580
09/27/2016	0.199030	0.199346	0.158041	0.169246	85,043	8,356,800
09/26/2016	0.240299	0.240437	0.175079	0.199063	119,022	10,089,600
09/25/2016	0.229716	0.249659	0.229641	0.240295	22,945	9,645,240
09/24/2016	0.230029	0.241103	0.223951	0.229716	10,110	9,658,380
09/23/2016	0.238256	0.238331	0.215966	0.230036	51,952	10,003,800
09/22/2016	0.237345	0.250669	0.221979	0.238194	33,700	9,965,560
09/21/2016	0.249857	0.278014	0.231508	0.237316	57,753	10,490,900
09/20/2016	0.250731	0.258093	0.233954	0.250173	49,677	10,527,600
09/19/2016	0.226443	0.279778	0.220152	0.253061	62,227	9,507,810
09/18/2016	0.266847	0.276964	0.219499	0.226456	91,337	11,204,300
09/17/2016	0.268587	0.302862	0.213637	0.268448	176,060	11,277,300
09/16/2016	0.333563	0.358818	0.246217	0.255599	275,457	14,005,500
09/15/2016	0.412393	0.450128	0.305743	0.333622	212,554	17,315,400
09/14/2016	0.398399	0.454633	0.364012	0.417760	172,310	16,727,800
09/13/2016	0.438627	0.438627	0.348164	0.398308	106,009	18,416,900
09/12/2016	0.392987	0.451397	0.386779	0.438497	164,275	16,500,600
09/11/2016	0.361992	0.445413	0.342522	0.392864	78,631	15,199,200
09/10/2016	0.345694	0.364850	0.315042	0.358373	23,264	14,514,900
09/09/2016	0.346344	0.375778	0.329405	0.345729	42,488	14,542,200
09/08/2016	0.319011	0.379898	0.305784	0.346348	126,634	13,394,500
09/07/2016	0.254471	0.355919	0.232594	0.328308	68,458	10,684,600
09/06/2016	0.270959	0.281042	0.226885	0.254454	62,852	11,376,900
09/05/2016	0.267854	0.278241	0.262678	0.271090	9,298	11,246,600
09/04/2016	0.303267	0.303267	0.258592	0.264254	42,072	12,733,500
09/03/2016	0.286628	0.317839	0.267865	0.306135	53,899	12,034,800
09/02/2016	0.300130	0.307343	0.263162	0.286630	50,060	12,601,800
09/01/2016	0.292389	0.308424	0.271265	0.308208	54,319	12,295,300
08/31/2016	0.300421	0.354566	0.258839	0.292317	121,155	12,633,100
08/30/2016	0.264775	0.351814	0.241687	0.300353	226,022	11,134,100
08/29/2016	0.192902	0.312510	0.161431	0.275410	184,426	8,111,770
08/28/2016	0.167882	0.192896	0.154490	0.192896	31,164	7,059,640
08/27/2016	0.166039	0.172183	0.151648	0.163424	15,802	6,982,140
08/26/2016	0.159474	0.168304	0.150478	0.157405	5,640	6,706,080
08/25/2016	0.173851	0.173876	0.148306	0.159493	18,387	7,310,650
08/24/2016	0.174926	0.174975	0.161245	0.173570	8,828	7,355,850
08/23/2016	0.174603	0.198637	0.156110	0.174983	73,865	7,342,270
08/22/2016	0.144637	0.193450	0.122411	0.174589	53,014	6,082,160
08/21/2016	0.157901	0.160627	0.124980	0.129853	33,068	6,639,930
08/20/2016	0.169339	0.169339	0.124919	0.157903	52,455	7,120,910
08/19/2016	0.171607	0.191938	0.148673	0.169481	129,657	7,216,290
08/18/2016	0.131695	0.170972	0.130110	0.165808	43,952	5,537,940
08/17/2016	0.128385	0.142563	0.115269	0.131728	15,747	5,398,750
08/16/2016	0.111745	0.141566	0.111745	0.128365	28,598	4,699,010
08/15/2016	0.109375	0.131607	0.107636	0.111720	24,201	4,599,350
08/14/2016	0.115163	0.116071	0.103822	0.109359	7,775	4,842,750
08/13/2016	0.101810	0.116036	0.097936	0.115156	10,832	4,281,240
08/12/2016	0.086769	0.107953	0.082947	0.101823	14,004	3,648,740
08/11/2016	0.091371	0.093229	0.083306	0.086802	8,317	3,842,250
08/10/2016	0.088244	0.107393	0.086278	0.091330	25,627	3,710,780
08/09/2016	0.088696	0.096339	0.082652	0.088278	11,448	3,729,760
08/08/2016	0.088895	0.096010	0.084907	0.088684	12,007	3,738,140
08/07/2016	0.081512	0.088995	0.074859	0.088945	18,097	3,427,680
08/06/2016	0.085601	0.085603	0.075275	0.081510	4,139	3,599,620
08/05/2016	0.085148	0.087045	0.081984	0.085630	2,932	3,580,590
08/04/2016	0.077836	0.091437	0.075873	0.085154	9,810	3,273,090
08/03/2016	0.078625	0.089999	0.065963	0.077160	27,088	3,311,050
08/02/2016	0.084031	0.092991	0.074177	0.078119	2,565	3,538,710
08/01/2016	0.086898	0.092572	0.069762	0.087705	17,707	3,659,460
07/31/2016	0.088920	0.094026	0.080324	0.085902	2,755	3,744,610
07/30/2016	0.101067	0.104098	0.080230	0.088922	22,390	4,256,130
07/29/2016	0.095472	0.100926	0.084124	0.096696	3,559	4,020,490
07/28/2016	0.096544	0.100869	0.078786	0.095483	12,385	4,065,650
07/27/2016	0.094006	0.101822	0.086500	0.096538	5,336	3,958,760
07/26/2016	0.078889	0.103762	0.066233	0.094022	26,850	3,322,160
07/25/2016	0.087092	0.089451	0.078857	0.078871	6,571	3,667,620
07/24/2016	0.086967	0.092979	0.072942	0.085772	14,118	3,662,340
07/23/2016	0.083355	0.090260	0.079450	0.086974	2,491	3,510,230
07/22/2016	0.091520	0.093214	0.080205	0.083339	11,892	3,854,100
07/21/2016	0.100337	0.100337	0.086451	0.091534	15,924	4,225,390
07/20/2016	0.095909	0.113623	0.095909	0.100354	20,059	4,038,910
07/19/2016	0.107187	0.110696	0.094045	0.095325	22,689	4,513,860
07/18/2016	0.098572	0.112782	0.093865	0.107218	12,306	4,151,040
07/17/2016	0.109508	0.113286	0.091831	0.100029	16,823	4,611,600
07/16/2016	0.084930	0.112457	0.084582	0.111977	30,996	3,576,560
07/15/2016	0.077889	0.087058	0.072430	0.086550	11,550	3,280,060
07/14/2016	0.069242	0.095418	0.069242	0.078292	26,197	2,915,940
07/13/2016	0.066098	0.089492	0.063150	0.069370	36,171	2,783,500
07/12/2016	0.059667	0.066992	0.057819	0.064815	5,091	2,512,690
07/11/2016	0.059436	0.065033	0.056216	0.059618	5,961	2,502,980
07/10/2016	0.061049	0.063901	0.057216	0.059470	1,941	2,570,920
07/09/2016	0.065974	0.065974	0.055192	0.061046	2,409	2,778,290
07/08/2016	0.062259	0.067366	0.054606	0.065992	7,624	2,621,830
07/07/2016	0.060813	0.072974	0.051817	0.062164	8,571	2,560,960
07/06/2016	0.061396	0.065579	0.054743	0.060786	11,297	2,585,490
07/05/2016	0.061586	0.067710	0.054215	0.061388	16,988	2,598,210
07/04/2016	0.059300	0.067671	0.055087	0.061558	4,449	2,501,780
07/03/2016	0.058386	0.068557	0.052033	0.059202	9,483	2,463,220
07/02/2016	0.062071	0.068976	0.051617	0.058352	19,580	2,618,680
07/01/2016	0.066836	0.076362	0.053775	0.062040	14,117	2,819,700
06/30/2016	0.069903	0.073454	0.061873	0.066906	14,884	2,949,100
06/29/2016	0.072324	0.072418	0.069334	0.069887	7,351	3,051,240
06/28/2016	0.060606	0.074369	0.059724	0.072337	11,780	2,556,870
06/27/2016	0.062200	0.064445	0.051005	0.060099	15,027	2,624,140
06/26/2016	0.048155	0.063003	0.048155	0.063003	7,742	2,031,580
06/25/2016	0.048079	0.049187	0.044084	0.048171	521	2,028,380
06/24/2016	0.047291	0.051224	0.043786	0.048198	9,727	1,995,150
06/23/2016	0.047477	0.048355	0.036965	0.047283	1,281	2,002,990
06/22/2016	0.049796	0.054752	0.044155	0.046848	1,579	2,100,830
06/21/2016	0.059545	0.065753	0.036431	0.049740	6,822	2,512,130
06/20/2016	0.059578	0.064279	0.053877	0.059555	787	2,513,540
06/19/2016	0.055777	0.062274	0.055563	0.059547	2,071	2,353,180
06/18/2016	0.063937	0.073284	0.054612	0.055801	1,172	2,697,450
06/17/2016	0.065531	0.072186	0.053088	0.063975	12,104	2,764,700
06/16/2016	0.074070	0.077700	0.065236	0.065518	3,176	3,124,930
06/15/2016	0.069199	0.074254	0.063962	0.074025	1,218	2,919,450
06/14/2016	0.074359	0.074674	0.063099	0.069226	1,362	3,137,140
06/13/2016	0.068005	0.077455	0.062981	0.074351	2,180	2,869,040
06/12/2016	0.070957	0.073046	0.066621	0.067954	531	2,993,590
06/11/2016	0.065357	0.071002	0.065357	0.071002	569	2,757,350
06/10/2016	0.066255	0.068805	0.065284	0.065368	124	2,795,230
06/09/2016	0.069743	0.069846	0.065474	0.066257	233	2,942,380
06/08/2016	0.069692	0.069829	0.066466	0.069762	2,732	2,940,230
06/07/2016	0.069175	0.077514	0.068012	0.069684	1,183	2,918,430
06/06/2016	0.065726	0.080889	0.063293	0.069169	6,216	2,772,900
06/05/2016	0.067375	0.068818	0.062542	0.065733	414	2,842,480
06/04/2016	0.065330	0.070662	0.063138	0.067428	1,660	2,756,210
06/03/2016	0.067070	0.078851	0.061497	0.065319	1,965	2,829,620
06/02/2016	0.062926	0.067098	0.061205	0.067076	827	2,654,760
06/01/2016	0.059077	0.064604	0.058099	0.063034	421	2,501,370
05/31/2016	0.056486	0.059964	0.055425	0.059083	1,442	2,391,670
05/30/2016	0.047366	0.059625	0.047072	0.056574	4,132	2,005,520
05/29/2016	0.048132	0.050956	0.046028	0.047308	361	2,037,940
05/28/2016	0.050111	0.052825	0.044596	0.048185	1,583	2,121,720
05/27/2016	0.048017	0.052490	0.042211	0.050139	2,963	2,033,080
05/26/2016	0.048388	0.052246	0.047918	0.048016	773	2,048,770
05/25/2016	0.045888	0.053822	0.044981	0.048381	4,235	1,942,910
05/24/2016	0.046585	0.047022	0.045090	0.046494	744	1,972,430
05/23/2016	0.047406	0.052247	0.047380	0.047912	843	2,007,190
05/22/2016	0.051621	0.051642	0.047371	0.047419	383	2,185,680
05/21/2016	0.053239	0.053327	0.046691	0.051626	1,755	2,254,160
05/20/2016	0.057324	0.057672	0.047005	0.053211	1,208	2,427,150
05/19/2016	0.058257	0.061414	0.052834	0.057443	1,498	2,466,620
05/18/2016	0.062636	0.062636	0.055447	0.058265	1,163	2,652,060
05/17/2016	0.054935	0.063679	0.053295	0.062640	1,003	2,326,000
05/16/2016	0.053565	0.055410	0.047799	0.054952	3,677	2,267,970
05/15/2016	0.055426	0.055622	0.050670	0.053575	433	2,346,790
05/14/2016	0.055492	0.059546	0.053241	0.055426	413	2,349,570
05/13/2016	0.052435	0.060677	0.052378	0.055493	885	2,220,120
05/12/2016	0.052020	0.054994	0.049676	0.052435	898	2,202,580
05/11/2016	0.052864	0.055194	0.051864	0.052013	350	2,238,300
05/10/2016	0.054760	0.057750	0.049848	0.052768	1,559	2,318,580
05/09/2016	0.055381	0.057195	0.054136	0.054752	1,028	2,344,850
05/08/2016	0.055137	0.067266	0.055032	0.055387	1,411	2,334,550
05/07/2016	0.055165	0.057516	0.054880	0.055124	357	2,335,730
05/06/2016	0.056225	0.061208	0.054668	0.055181	1,019	2,380,590
05/05/2016	0.062846	0.062846	0.055966	0.056226	1,511	2,660,960
05/04/2016	0.047789	0.075825	0.046519	0.062848	11,203	2,023,420
05/03/2016	0.049472	0.053331	0.046291	0.047791	3,320	2,099,010
05/02/2016	0.045911	0.053493	0.041997	0.049464	1,297	1,947,900
05/01/2016	0.051372	0.051453	0.045880	0.045891	170	2,179,600
04/30/2016	0.054295	0.058906	0.048639	0.051342	2,272	2,303,620
04/29/2016	0.054658	0.058065	0.050382	0.054310	510	2,319,050
04/28/2016	0.052165	0.054984	0.048305	0.054664	610	2,213,280
04/27/2016	0.055775	0.058779	0.049860	0.052122	1,011	2,366,450
04/26/2016	0.051568	0.060098	0.046840	0.051778	2,240	2,187,920
04/25/2016	0.063556	0.066522	0.047642	0.051663	5,540	2,696,550
04/24/2016	0.068045	0.068701	0.061558	0.063571	2,206	2,887,020
04/23/2016	0.069072	0.069153	0.059062	0.068025	2,141	2,930,610
04/22/2016	0.073785	0.073910	0.066316	0.069062	4,613	3,130,550
04/21/2016	0.070778	0.075714	0.067669	0.073766	4,309	3,002,970
04/20/2016	0.070602	0.079900	0.067834	0.070775	3,292	2,995,520
04/19/2016	0.068590	0.074289	0.063421	0.070610	2,516	2,910,160
04/18/2016	0.069709	0.071613	0.064862	0.068590	2,692	2,957,630
04/17/2016	0.068500	0.070500	0.057979	0.069688	3,054	2,906,300
04/16/2016	0.066324	0.069210	0.066246	0.068465	7,116	2,813,990
04/15/2016	0.069695	0.072232	0.066248	0.066335	2,735	2,957,010
04/14/2016	0.069616	0.072227	0.067877	0.067877	551	2,953,670
04/13/2016	0.074360	0.078362	0.065724	0.069613	8,466	3,154,930
04/12/2016	0.064881	0.076776	0.063700	0.074385	10,484	2,752,770
04/11/2016	0.065246	0.067972	0.061296	0.064865	2,728	2,768,250
04/10/2016	0.071383	0.072667	0.057116	0.065199	6,128	3,028,630
04/09/2016	0.069387	0.074333	0.066536	0.071340	466	2,943,940
04/08/2016	0.073486	0.074021	0.069415	0.069445	522	3,117,860
04/07/2016	0.074107	0.074360	0.071846	0.073486	2,357	3,151,790
04/06/2016	0.070007	0.074417	0.069830	0.074096	2,477	2,977,420
04/05/2016	0.075744	0.075744	0.069994	0.070007	4,119	3,221,420
04/04/2016	0.069099	0.081033	0.069076	0.075794	6,190	2,938,800
04/03/2016	0.070655	0.075839	0.068861	0.069034	5,998	3,004,980
04/02/2016	0.069501	0.074310	0.068716	0.070597	3,331	2,955,900
04/01/2016	0.073983	0.075589	0.068803	0.069424	3,729	3,146,500
03/31/2016	0.073055	0.076938	0.073055	0.073985	780	3,107,050
03/30/2016	0.072058	0.075566	0.070142	0.072978	6,082	3,064,630
03/29/2016	0.076749	0.077259	0.067210	0.072003	3,083	3,264,170
03/28/2016	0.070780	0.077822	0.069950	0.076730	3,764	3,010,290
03/27/2016	0.073459	0.078580	0.070242	0.070906	6,082	3,124,220
03/26/2016	0.077174	0.081536	0.072878	0.073422	7,683	3,282,240
03/25/2016	0.075247	0.081343	0.071287	0.077183	6,547	3,200,280
03/24/2016	0.088009	0.090310	0.066875	0.075236	24,236	3,743,040
03/23/2016	0.082530	0.092050	0.077459	0.087928	12,268	3,510,000
03/22/2016	0.094866	0.100716	0.078855	0.080257	12,105	4,034,680
03/21/2016	0.076137	0.092605	0.072068	0.088769	12,765	3,238,140
03/20/2016	0.069443	0.096319	0.066302	0.076205	18,969	2,953,430
03/19/2016	0.070249	0.078074	0.065578	0.069474	9,829	2,987,700
03/18/2016	0.074212	0.098683	0.067612	0.070308	35,896	3,156,240
03/17/2016	0.067249	0.117644	0.066763	0.075163	80,530	2,860,110
03/16/2016	0.061913	0.070675	0.061558	0.067108	3,415	2,633,190
03/15/2016	0.066529	0.071072	0.061235	0.061905	7,115	2,829,510
03/14/2016	0.061379	0.066537	0.061119	0.066537	11,172	2,610,460
03/13/2016	0.062049	0.065432	0.057628	0.061359	20,360	2,638,960
03/12/2016	0.066867	0.071510	0.061991	0.062046	3,044	2,843,880
03/11/2016	0.060984	0.068323	0.060984	0.066862	1,902	2,593,650
03/10/2016	0.058576	0.068315	0.053061	0.060968	10,626	2,491,250
03/09/2016	0.073667	0.074594	0.054467	0.054467	10,760	3,133,080
03/08/2016	0.058108	0.073689	0.057009	0.070765	30,587	2,471,340
03/07/2016	0.058972	0.065136	0.051946	0.058088	3,496	2,508,110
03/06/2016	0.047798	0.061582	0.047788	0.058972	7,957	2,032,870
03/05/2016	0.058745	0.058745	0.047790	0.047804	5,687	2,498,440
03/04/2016	0.060517	0.060733	0.057953	0.058802	1,964	2,573,790
03/03/2016	0.055424	0.062227	0.053543	0.055362	4,250	2,367,960
03/02/2016	0.055676	0.061616	0.054353	0.055431	1,664	2,378,750
03/01/2016	0.067305	0.074142	0.054482	0.055674	14,625	2,875,580
02/29/2016	0.049348	0.075273	0.042782	0.069673	19,196	2,108,360
02/28/2016	0.044618	0.053030	0.039989	0.049230	7,986	1,906,280
02/27/2016	0.041887	0.047745	0.037972	0.044613	15,343	1,789,610
02/26/2016	0.040862	0.041867	0.039571	0.041820	2,113	1,745,830
02/25/2016	0.039387	0.041356	0.037098	0.041006	2,203	1,682,820
02/24/2016	0.038263	0.041594	0.038262	0.039400	563	1,634,760
02/23/2016	0.042038	0.042177	0.034914	0.038243	960	1,796,060
02/22/2016	0.039438	0.042031	0.037081	0.041989	2,962	1,684,970
02/21/2016	0.039482	0.042969	0.038679	0.039421	1,426	1,686,840
02/20/2016	0.039553	0.043354	0.038108	0.039427	2,792	1,689,880
02/19/2016	0.042036	0.043588	0.036743	0.039475	2,234	1,795,980
02/18/2016	0.040549	0.042593	0.037110	0.041709	6,786	1,732,430
02/17/2016	0.034958	0.041999	0.034913	0.040411	4,423	1,493,570
02/16/2016	0.034271	0.038450	0.030535	0.034958	1,554	1,464,210
02/15/2016	0.034111	0.034263	0.029059	0.034165	4,512	1,457,380
02/14/2016	0.027733	0.035435	0.027733	0.034083	491	1,184,890
02/13/2016	0.036077	0.036699	0.026194	0.027655	8,946	1,541,390
02/12/2016	0.034861	0.036078	0.031367	0.036042	1,259	1,489,440
02/11/2016	0.033590	0.034858	0.032374	0.034858	1,204	1,435,100
02/10/2016	0.033903	0.036158	0.033081	0.033590	1,434	1,448,500
02/09/2016	0.034694	0.034786	0.032860	0.033893	1,393	1,482,310
02/08/2016	0.034747	0.035625	0.034227	0.034694	92	1,490,340
02/07/2016	0.036435	0.037685	0.032540	0.034742	2,125	1,562,740
02/06/2016	0.033638	0.045816	0.031559	0.036435	28,825	1,442,750
02/05/2016	0.037147	0.043051	0.032477	0.035172	12,424	1,593,290
02/04/2016	0.034462	0.038167	0.030111	0.037214	5,266	1,478,130
02/03/2016	0.036875	0.041713	0.030144	0.034437	6,719	1,581,610
02/02/2016	0.031400	0.042918	0.029994	0.036722	7,689	1,346,770
02/01/2016	0.029558	0.031637	0.029451	0.031411	4,272	1,267,780
01/31/2016	0.029232	0.032999	0.028113	0.029511	5,797	1,253,810
01/30/2016	0.026530	0.029231	0.026417	0.029229	2,369	1,137,890
01/29/2016	0.025670	0.029591	0.024916	0.026572	2,138	1,100,990
01/28/2016	0.030031	0.030058	0.025644	0.025670	597	1,288,070
01/27/2016	0.027985	0.030560	0.027198	0.027217	546	1,200,310
01/26/2016	0.029498	0.029717	0.026676	0.027964	278	1,265,210
01/25/2016	0.031127	0.032104	0.026884	0.029477	917	1,335,060
01/24/2016	0.027916	0.031525	0.027882	0.031177	481	1,197,330
01/23/2016	0.026834	0.032613	0.026834	0.027872	2,167	1,150,920
01/22/2016	0.029864	0.029912	0.025542	0.026838	632	1,280,880
01/21/2016	0.030172	0.030387	0.027314	0.029901	1,487	1,294,090
01/20/2016	0.025632	0.030214	0.025420	0.030214	852	1,099,410
01/19/2016	0.027096	0.027141	0.025660	0.025660	242	1,162,160
01/18/2016	0.026721	0.027526	0.026462	0.027106	279	1,146,110
01/17/2016	0.027484	0.027755	0.026193	0.026761	318	1,178,830
01/16/2016	0.025208	0.027726	0.024210	0.027512	407	1,081,190
01/15/2016	0.034486	0.035034	0.025164	0.025164	2,485	1,479,150
01/14/2016	0.036068	0.036754	0.032029	0.034530	1,973	1,546,990
01/13/2016	0.032816	0.036200	0.030418	0.036075	2,847	1,407,510
01/12/2016	0.031731	0.033740	0.030028	0.032893	3,445	1,360,990
01/11/2016	0.031444	0.032310	0.031105	0.031749	91	1,348,680
01/10/2016	0.030032	0.032086	0.029736	0.031395	116	1,288,100
01/09/2016	0.030834	0.032233	0.029985	0.029989	801	1,322,490
01/08/2016	0.030657	0.032835	0.030231	0.030823	137	1,324,370
01/07/2016	0.029800	0.032105	0.029735	0.030691	253	1,287,350
01/06/2016	0.029582	0.029945	0.028109	0.029737	141	1,277,950
01/05/2016	0.028870	0.029952	0.028360	0.029589	1,093	1,247,180
01/04/2016	0.028356	0.029481	0.027720	0.028870	430	1,224,970
01/03/2016	0.027128	0.029382	0.026988	0.028352	267	1,171,940
01/02/2016	0.027837	0.027947	0.027111	0.027119	60	1,202,540
01/01/2016	0.027777	0.028133	0.027399	0.027837	8	1,199,980
12/31/2015	0.028321	0.028414	0.025392	0.027767	278	1,223,450
12/30/2015	0.028611	0.028682	0.027099	0.028354	13	1,235,980
12/29/2015	0.026541	0.028957	0.026459	0.028590	59	1,146,590
12/28/2015	0.027942	0.028443	0.026388	0.026553	100	1,207,100
12/27/2015	0.025988	0.028350	0.025657	0.027908	5	1,122,690
12/26/2015	0.028029	0.028136	0.024954	0.025147	14	1,210,850
12/25/2015	0.029566	0.029790	0.027916	0.028023	42	1,277,230
12/24/2015	0.027991	0.033001	0.027991	0.029574	148	1,209,200
12/23/2015	0.028387	0.028766	0.027817	0.027991	9	1,226,310
12/22/2015	0.028414	0.028787	0.028309	0.028377	374	1,227,480
12/21/2015	0.028342	0.031032	0.026703	0.028492	899	1,224,360
12/20/2015	0.028562	0.030462	0.028247	0.028332	65	1,233,870
12/19/2015	0.030673	0.031194	0.028434	0.028567	192	1,325,080
12/18/2015	0.030679	0.033679	0.030467	0.030677	83	1,325,310
12/17/2015	0.028719	0.033181	0.028646	0.030694	271	1,240,670
12/16/2015	0.030521	0.030521	0.028302	0.028729	139	1,318,510
12/15/2015	0.028852	0.031029	0.028852	0.031029	123	1,246,410
12/14/2015	0.029895	0.030942	0.028347	0.028872	404	1,291,450
12/13/2015	0.029797	0.030475	0.029286	0.029928	23	1,287,220
12/12/2015	0.031668	0.031680	0.027746	0.029797	519	1,368,060
12/11/2015	0.028862	0.032175	0.028361	0.031640	622	1,246,840
12/10/2015	0.028891	0.029274	0.028655	0.028885	14	1,248,100
12/09/2015	0.030400	0.030425	0.027479	0.028862	281	1,313,260
12/08/2015	0.029329	0.029459	0.028902	0.029258	44	1,267,010
12/07/2015	0.026634	0.029371	0.026322	0.029313	696	1,150,610
12/06/2015	0.028784	0.029268	0.026553	0.026553	63	1,243,480
12/05/2015	0.026047	0.028801	0.025845	0.028739	211	1,125,230
12/04/2015	0.026011	0.027173	0.025108	0.026009	1,935	1,142,160
12/03/2015	0.025822	0.027380	0.025734	0.025995	180	1,133,850
12/02/2015	0.024813	0.025962	0.024006	0.025811	31	1,089,550
12/01/2015	0.026196	0.030249	0.023781	0.024857	273	1,150,270
11/30/2015	0.025729	0.026769	0.025707	0.026189	10	1,129,800
11/29/2015	0.023789	0.026453	0.023674	0.025719	36	1,044,620
11/28/2015	0.022726	0.025083	0.019282	0.023783	331	997,912
11/27/2015	0.028613	0.030596	0.022808	0.022808	3,891	1,256,440
11/26/2015	0.025933	0.028830	0.022039	0.028680	1,247	1,138,730
11/25/2015	0.025783	0.026396	0.025435	0.025939	186	1,132,150
11/24/2015	0.028102	0.028106	0.025515	0.026838	277	1,233,990
11/23/2015	0.028219	0.028285	0.027952	0.028105	35	1,239,100
11/22/2015	0.027626	0.028263	0.025943	0.028235	264	1,213,090
11/21/2015	0.027214	0.027966	0.027003	0.027622	3	1,194,980
11/20/2015	0.027578	0.027584	0.026401	0.027219	569	1,211,000
11/19/2015	0.026944	0.027803	0.025984	0.027548	416	1,183,150
11/18/2015	0.025009	0.029284	0.024957	0.026937	1,273	1,098,160
11/17/2015	0.023153	0.026719	0.023073	0.025046	1,908	1,016,650
11/16/2015	0.022291	0.023214	0.019408	0.023153	750	978,815
11/15/2015	0.023310	0.023310	0.019298	0.022321	530	1,023,570
11/14/2015	0.023188	0.023663	0.022610	0.023300	43	1,018,200
11/13/2015	0.024355	0.024502	0.022822	0.023168	196	1,069,460
11/12/2015	0.023198	0.024635	0.022502	0.024319	277	1,018,660
11/11/2015	0.025918	0.026812	0.014940	0.022977	2,301	1,138,090
11/10/2015	0.029377	0.029902	0.025101	0.025689	636	1,289,960
11/09/2015	0.023684	0.029579	0.022961	0.029398	57	1,039,990
11/08/2015	0.029708	0.030143	0.023328	0.023557	103	1,304,530
11/07/2015	0.028934	0.030117	0.028633	0.029879	24	1,270,540
11/06/2015	0.030920	0.030920	0.027504	0.028950	463	1,357,740
11/05/2015	0.026548	0.031323	0.025472	0.029156	281	1,165,770
11/04/2015	0.029013	0.033986	0.024771	0.026602	344	1,273,980
11/03/2015	0.029312	0.033147	0.025702	0.028995	1,529	1,287,110
11/02/2015	0.026259	0.031604	0.026038	0.029256	470	1,153,040
11/01/2015	0.026431	0.027410	0.025425	0.026217	219	1,160,610
10/31/2015	0.031438	0.031833	0.025674	0.026360	2,067	1,380,450
10/30/2015	0.030053	0.031486	0.028953	0.031390	319	1,319,670
10/29/2015	0.027089	0.032925	0.026564	0.030045	2,163	1,189,500
10/28/2015	0.027298	0.031517	0.027115	0.027115	1,567	1,198,700
10/27/2015	0.022347	0.029551	0.022334	0.027298	1,064	992,978
10/26/2015	0.024063	0.028395	0.021070	0.022357	2,246	1,069,190
10/25/2015	0.026031	0.026450	0.022775	0.024067	940	1,156,640
10/24/2015	0.027567	0.027821	0.024477	0.027086	809	1,224,910
10/23/2015	0.026281	0.027606	0.024294	0.027566	726	1,167,750
10/22/2015	0.026628	0.029309	0.024339	0.026316	3,822	1,183,190
10/21/2015	0.025535	0.029858	0.021347	0.026606	1,581	1,134,630
10/20/2015	0.025223	0.025564	0.011023	0.025550	3,833	1,120,770
10/19/2015	0.024206	0.027497	0.023824	0.025210	371	1,075,550
10/18/2015	0.028219	0.031806	0.023307	0.024185	6,348	1,253,890
10/17/2015	0.026554	0.030798	0.025907	0.029763	671	1,179,910
10/16/2015	0.024340	0.031675	0.024123	0.026566	796	1,081,530
10/15/2015	0.021485	0.031900	0.019714	0.024342	4,301	954,645
10/14/2015	0.019460	0.023191	0.018810	0.021475	1,166	864,706
10/13/2015	0.017140	0.019473	0.017083	0.019462	309	761,597
10/12/2015	0.017022	0.018575	0.016987	0.017147	114	756,376
10/11/2015	0.018287	0.018324	0.016864	0.017035	747	812,580
10/10/2015	0.016233	0.018627	0.016233	0.018302	810	721,300
10/09/2015	0.016451	0.017509	0.016227	0.016246	267	730,964
10/08/2015	0.017200	0.017462	0.016437	0.016437	948	764,259
10/07/2015	0.017293	0.017792	0.015047	0.017193	803	768,378
10/06/2015	0.016590	0.017818	0.015661	0.017284	949	-
10/05/2015	0.015003	0.018426	0.014933	0.016591	493	-
10/04/2015	0.016714	0.016985	0.014990	0.015010	96	-
10/03/2015	0.014941	0.017926	0.013654	0.016728	1,718	-
10/02/2015	0.014006	0.017668	0.013512	0.014946	815	-
10/01/2015	0.015484	0.016023	0.013811	0.014023	1,151	-
09/30/2015	0.015644	0.016514	0.013162	0.015488	1,205	-
09/29/2015	0.017182	0.017553	0.015470	0.015647	1,164	-
09/28/2015	0.017461	0.017814	0.016472	0.017191	99	-
09/27/2015	0.016829	0.017501	0.016041	0.017455	204	-
09/26/2015	0.016925	0.016949	0.015928	0.016844	265	-
09/25/2015	0.018233	0.018311	0.016665	0.016930	602	-
09/24/2015	0.017504	0.018415	0.016962	0.018246	190	-
09/23/2015	0.017507	0.018683	0.016773	0.017498	351	-
09/22/2015	0.016531	0.018483	0.016524	0.017480	273	-
09/21/2015	0.016904	0.017971	0.016265	0.016540	400	-
09/20/2015	0.017864	0.018768	0.016449	0.016904	406	-
09/19/2015	0.016861	0.018690	0.015835	0.017864	1,396	-
09/18/2015	0.019465	0.019561	0.015897	0.016873	1,979	-
09/17/2015	0.020663	0.021655	0.018610	0.019465	2,725	-
09/16/2015	0.018874	0.021472	0.018687	0.020662	2,318	-
09/15/2015	0.017370	0.021002	0.017303	0.018874	5,156	-
09/14/2015	0.017445	0.018837	0.017334	0.017381	5,586	-
