Date	Open	High	Low	Close	Volume	Market Cap
07/15/2018	0.081452	0.081555	0.068735	0.076278	1,765	5,701,610
07/14/2018	0.074843	0.082114	0.074400	0.081472	1,883	5,238,980
07/13/2018	0.074912	0.087943	0.074178	0.075051	7,730	5,243,820
07/12/2018	0.083068	0.083068	0.073499	0.074838	97	5,814,730
07/11/2018	0.075829	0.083615	0.069606	0.083086	3,587	5,308,020
07/10/2018	0.073288	0.083326	0.069951	0.075826	1,620	5,130,180
07/09/2018	0.073779	0.074351	0.073026	0.073340	2,372	5,164,520
07/08/2018	0.081103	0.081265	0.073667	0.073795	1	5,677,210
07/07/2018	0.085791	0.085912	0.072278	0.081194	3,087	6,005,390
07/06/2018	0.071889	0.097720	0.071044	0.085937	11,536	5,032,260
07/05/2018	0.065872	0.071982	0.058929	0.071901	1,382	4,611,020
07/04/2018	0.058502	0.066903	0.057927	0.065732	2,096	4,095,180
07/03/2018	0.059183	0.066456	0.058285	0.058525	7,816	4,142,820
07/02/2018	0.057119	0.059832	0.056526	0.059461	748	3,998,350
07/01/2018	0.070261	0.070656	0.056759	0.057113	1,350	4,918,250
06/30/2018	0.062049	0.070494	0.056918	0.070245	1,762	4,343,420
06/29/2018	0.064553	0.064915	0.058018	0.061965	1,790	4,518,730
06/28/2018	0.067473	0.067671	0.054714	0.064512	6,166	4,723,100
06/27/2018	0.060804	0.067772	0.048569	0.067449	36,555	4,256,260
06/26/2018	0.062481	0.062617	0.049467	0.060828	11,218	4,373,670
06/25/2018	0.049205	0.062700	0.049000	0.062481	8,199	3,444,350
06/24/2018	0.049334	0.055190	0.046218	0.049300	100	3,453,350
06/23/2018	0.036312	0.049906	0.036249	0.049340	7,305	2,541,820
06/22/2018	0.047002	0.053404	0.036058	0.036307	11,959	3,290,160
06/21/2018	0.040509	0.047371	0.040421	0.047054	8,631	2,835,610
06/20/2018	0.047285	0.047331	0.039625	0.040500	4,320	3,309,940
06/19/2018	0.053842	0.054067	0.046867	0.054006	506	3,768,920
06/18/2018	0.045340	0.054256	0.044966	0.053871	4,945	3,173,820
06/17/2018	0.052095	0.052135	0.045345	0.045496	794	3,646,680
06/16/2018	0.044954	0.045636	0.044838	0.045056	1,203	3,146,810
06/15/2018	0.046506	0.053011	0.038905	0.045119	4,605	3,255,440
06/14/2018	0.044236	0.058095	0.044145	0.046583	5,075	3,096,500
06/13/2018	0.052664	0.052982	0.043423	0.044255	3,157	3,686,490
06/12/2018	0.055100	0.055100	0.047093	0.052528	16,940	3,857,020
06/11/2018	0.060978	0.061262	0.053435	0.055130	1,089	4,268,470
06/10/2018	0.060043	0.066102	0.047119	0.060891	18,662	4,203,010
06/09/2018	0.061017	0.076355	0.059968	0.059968	11,930	4,271,180
06/08/2018	0.061460	0.061587	0.045360	0.061043	22,827	4,302,210
06/07/2018	0.068911	0.069733	0.061277	0.061414	1,198	4,823,760
06/06/2018	0.068615	0.069203	0.060754	0.068848	367	4,803,060
06/05/2018	0.060018	0.068757	0.059050	0.068634	3,553	4,201,290
06/04/2018	0.077089	0.077295	0.059767	0.059990	13,066	5,396,230
06/03/2018	0.083983	0.084154	0.068409	0.077053	3,224	5,878,830
06/02/2018	0.060133	0.084125	0.059796	0.083961	28,414	4,209,310
06/01/2018	0.067425	0.074447	0.059189	0.060159	14,723	4,719,730
05/31/2018	0.051679	0.068301	0.051426	0.067376	2,178	3,617,510
05/30/2018	0.059717	0.067951	0.051136	0.066456	3,317	4,180,180
05/29/2018	0.071185	0.074508	0.059141	0.059677	11,052	4,982,950
05/28/2018	0.058763	0.072562	0.057509	0.071208	5,802	4,113,420
05/27/2018	0.066016	0.066405	0.050844	0.058750	2,343	4,621,100
05/26/2018	0.067211	0.068212	0.052656	0.065987	3,346	4,704,810
05/25/2018	0.060502	0.067628	0.052593	0.067300	3,536	4,235,150
05/24/2018	0.067676	0.069492	0.037684	0.060389	16,543	4,737,310
05/23/2018	0.072031	0.079190	0.067243	0.067847	1,842	5,042,160
05/22/2018	0.084077	0.084141	0.071700	0.072106	774	5,885,370
05/21/2018	0.076747	0.085140	0.076183	0.084092	33	5,372,270
05/20/2018	0.082454	0.083640	0.074752	0.076651	7,827	5,771,800
05/19/2018	0.082390	0.083673	0.081741	0.082393	2,771	5,767,260
05/18/2018	0.080780	0.082699	0.079583	0.082402	3,355	5,654,630
05/17/2018	0.091832	0.092875	0.080247	0.080710	816	6,428,220
05/16/2018	0.093348	0.093424	0.074069	0.091776	6,347	6,534,350
05/15/2018	0.086745	0.094153	0.078113	0.093402	5,334	6,072,120
05/14/2018	0.078213	0.088570	0.066858	0.086894	7,822	5,474,880
05/13/2018	0.076209	0.084395	0.059995	0.078227	6,354	5,334,660
05/12/2018	0.083949	0.085053	0.066375	0.076236	17,068	5,876,450
05/11/2018	0.090380	0.099020	0.075278	0.084197	3,558	6,326,560
05/10/2018	0.093138	0.093887	0.090184	0.090271	2,353	6,519,690
05/09/2018	0.082791	0.093480	0.080933	0.093165	2,761	5,795,350
05/08/2018	0.093669	0.093942	0.081651	0.082917	2,012	6,556,810
05/07/2018	0.086523	0.094483	0.083137	0.093470	49	6,056,620
05/06/2018	0.117944	0.119049	0.085301	0.086461	29,669	8,256,080
05/05/2018	0.106619	0.119145	0.106451	0.117864	3,456	7,463,320
05/04/2018	0.107224	0.135621	0.086782	0.106669	34,992	7,505,690
05/03/2018	0.092192	0.107780	0.091859	0.107266	8,410	6,453,440
05/02/2018	0.109000	0.109100	0.082886	0.082970	12,692	7,629,970
05/01/2018	0.101649	0.109164	0.089228	0.109164	2,317	7,115,430
04/30/2018	0.103417	0.112076	0.101043	0.101560	6,561	7,239,170
04/29/2018	0.112145	0.113044	0.092245	0.103451	9,843	7,850,180
04/28/2018	0.106062	0.113227	0.092628	0.112189	31,080	7,424,370
04/27/2018	0.111565	0.120486	0.098620	0.106478	8,189	7,809,570
04/26/2018	0.115219	0.118507	0.096081	0.111411	18,031	8,065,310
04/25/2018	0.116376	0.126208	0.111556	0.114272	949	8,146,350
04/24/2018	0.116024	0.134087	0.111974	0.117173	26,677	8,121,700
04/23/2018	0.122936	0.125187	0.115293	0.115926	671	8,605,540
04/22/2018	0.124996	0.134715	0.115816	0.123185	11,884	8,749,720
04/21/2018	0.132629	0.132985	0.121264	0.124996	956	9,284,000
04/20/2018	0.115763	0.136818	0.115688	0.132583	19,762	8,103,440
04/19/2018	0.122465	0.123897	0.113793	0.115687	880	8,572,550
04/18/2018	0.110545	0.122881	0.110334	0.122374	4,164	7,738,180
04/17/2018	0.120742	0.121654	0.110405	0.110443	243	8,451,970
04/16/2018	0.125179	0.125884	0.110851	0.120682	536	8,762,550
04/15/2018	0.104016	0.125293	0.104016	0.125232	6,163	7,281,120
04/14/2018	0.094404	0.106236	0.094080	0.103905	534	6,608,250
04/13/2018	0.102938	0.105961	0.093878	0.094404	8,078	7,205,660
04/12/2018	0.083357	0.109792	0.075188	0.102808	12,029	5,834,960
04/11/2018	0.088803	0.090233	0.075733	0.083558	1,238	6,216,190
04/10/2018	0.101406	0.101724	0.073878	0.088717	9,693	7,098,440
04/09/2018	0.084302	0.101324	0.084302	0.101324	24,390	5,901,160
04/08/2018	0.062139	0.085154	0.062139	0.084166	7,055	4,349,700
04/07/2018	0.072835	0.094968	0.061946	0.062082	93,100	5,098,430
04/06/2018	0.101645	0.112715	0.066134	0.066134	43,219	7,115,180
04/05/2018	0.108669	0.122344	0.099485	0.102166	3,479	7,606,800
04/04/2018	0.118662	0.130736	0.107634	0.108623	4,395	8,306,340
04/03/2018	0.112787	0.119882	0.105397	0.118744	2,658	7,895,070
04/02/2018	0.109203	0.113401	0.103533	0.112707	2,051	7,644,190
04/01/2018	0.110877	0.126517	0.103172	0.108668	7,421	7,761,360
03/31/2018	0.116232	0.122351	0.102775	0.110880	7,044	8,136,230
03/30/2018	0.113340	0.117673	0.105656	0.116214	5,959	7,933,820
03/29/2018	0.142942	0.143177	0.110318	0.113623	18,803	10,006,000
03/28/2018	0.140162	0.143735	0.124975	0.142775	6,728	9,811,370
03/27/2018	0.155212	0.155710	0.131971	0.140194	12,292	10,864,900
03/26/2018	0.160358	0.161237	0.133487	0.155447	9,698	11,225,000
03/25/2018	0.144552	0.164117	0.135733	0.160481	2,556	10,118,700
03/24/2018	0.151502	0.159945	0.138975	0.146570	2,220	10,605,100
03/23/2018	0.147923	0.149327	0.135114	0.149327	343	10,354,600
03/22/2018	0.160119	0.163303	0.144873	0.147926	4,303	11,208,400
03/21/2018	0.160278	0.164841	0.158147	0.160412	2,055	11,219,500
03/20/2018	0.172465	0.172465	0.143829	0.159988	856	12,072,500
03/19/2018	0.147425	0.170889	0.138720	0.170562	473	10,319,800
03/18/2018	0.141958	0.149583	0.126118	0.148049	29,322	9,937,070
03/17/2018	0.157727	0.158056	0.139451	0.142304	3,157	11,040,900
03/16/2018	0.165212	0.166226	0.146718	0.157467	2,811	11,564,800
03/15/2018	0.139520	0.174267	0.130880	0.165305	3,444	9,766,420
03/14/2018	0.164688	0.174405	0.135927	0.139583	10,269	11,528,200
03/13/2018	0.163597	0.170687	0.159732	0.164665	1,386	11,451,800
03/12/2018	0.181342	0.187955	0.158620	0.164542	979	12,694,000
03/11/2018	0.175505	0.184688	0.147634	0.181916	20,483	12,285,400
03/10/2018	0.185193	0.189699	0.159282	0.176113	5,161	12,963,500
03/09/2018	0.176575	0.186098	0.152781	0.185114	7,133	12,360,200
03/08/2018	0.197812	0.207866	0.172192	0.177700	26,446	13,846,800
03/07/2018	0.214378	0.226963	0.179453	0.198092	811	15,006,500
03/06/2018	0.230105	0.230753	0.206127	0.214657	17,117	16,107,400
03/05/2018	0.241450	0.268463	0.217074	0.230743	44,504	16,901,500
03/04/2018	0.251676	0.251878	0.233123	0.241626	4,917	17,617,300
03/03/2018	0.231407	0.252839	0.231407	0.252111	12,380	16,198,500
03/02/2018	0.228976	0.242570	0.226902	0.231690	575	16,028,400
03/01/2018	0.227150	0.234125	0.216332	0.229566	10,783	15,900,500
02/28/2018	0.213288	0.236755	0.212017	0.226815	757	14,930,200
02/27/2018	0.226856	0.258274	0.213540	0.213540	26,963	15,879,900
02/26/2018	0.230077	0.246604	0.207007	0.226203	5,777	16,105,400
02/25/2018	0.213312	0.231010	0.188563	0.229782	51,893	14,931,900
02/24/2018	0.213080	0.220469	0.198408	0.213636	1,937	14,915,600
02/23/2018	0.206743	0.217575	0.183940	0.213350	25,676	14,472,000
02/22/2018	0.230262	0.238851	0.194990	0.206936	9,712	16,118,300
02/21/2018	0.224330	0.243838	0.205493	0.230496	4,452	15,703,100
02/20/2018	0.256944	0.275606	0.215228	0.224610	103,014	17,986,100
02/19/2018	0.228529	0.260633	0.227824	0.256710	8,697	15,997,000
02/18/2018	0.255151	0.263565	0.229046	0.229584	16,430	17,860,600
02/17/2018	0.224257	0.259662	0.223499	0.254371	55,785	15,698,000
02/16/2018	0.221990	0.236291	0.215286	0.224308	6,238	15,539,300
02/15/2018	0.236874	0.248759	0.222942	0.222942	51,032	16,581,200
02/14/2018	0.212746	0.239396	0.212746	0.236746	7,852	14,892,200
02/13/2018	0.240234	0.245407	0.213382	0.213382	11,616	16,816,300
02/12/2018	0.226978	0.246204	0.220850	0.239797	4,408	15,888,400
02/11/2018	0.239392	0.254340	0.212151	0.225540	21,557	16,757,500
02/10/2018	0.251977	0.278998	0.229042	0.239597	14,418	17,638,400
02/09/2018	0.248552	0.261609	0.199735	0.251794	72,961	17,398,700
02/08/2018	0.233737	0.264470	0.228009	0.247839	15,719	16,361,600
02/07/2018	0.250251	0.257399	0.222479	0.234661	13,609	17,517,600
02/06/2018	0.194343	0.255335	0.172378	0.253159	40,698	13,604,000
02/05/2018	0.246014	0.251182	0.186575	0.194097	35,633	17,221,000
02/04/2018	0.270128	0.274657	0.240090	0.248423	13,071	18,909,000
02/03/2018	0.274592	0.290323	0.246039	0.269998	16,677	19,221,500
02/02/2018	0.308650	0.308650	0.231184	0.273657	45,801	21,605,500
02/01/2018	0.349642	0.360790	0.301425	0.309423	6,855	24,474,900
01/31/2018	0.348315	0.365745	0.308853	0.348843	79,962	24,382,000
01/30/2018	0.430400	0.431291	0.323843	0.347731	75,603	30,128,000
01/29/2018	0.442106	0.470271	0.392708	0.430246	69,395	30,947,400
01/28/2018	0.444898	0.508459	0.431391	0.431391	309,070	31,142,900
01/27/2018	0.348061	0.479967	0.310426	0.420019	363,855	24,364,300
01/26/2018	0.277495	0.349259	0.221836	0.348281	127,636	19,424,700
01/25/2018	0.262318	0.280327	0.236059	0.278306	25,843	18,362,300
01/24/2018	0.238450	0.262937	0.230714	0.258142	19,944	16,691,500
01/23/2018	0.227550	0.260674	0.210555	0.238576	12,792	15,928,500
01/22/2018	0.276460	0.285908	0.219146	0.228151	51,509	19,352,200
01/21/2018	0.306861	0.306861	0.257290	0.272887	21,271	21,480,300
01/20/2018	0.313968	0.325231	0.278837	0.306149	44,417	21,977,800
01/19/2018	0.354897	0.364903	0.307529	0.310599	26,148	24,842,800
01/18/2018	0.292608	0.358585	0.268480	0.358585	55,208	20,482,600
01/17/2018	0.296642	0.314143	0.234080	0.291207	10,237	20,765,000
01/16/2018	0.367386	0.375818	0.263813	0.298173	11,115	25,717,000
01/15/2018	0.357203	0.373139	0.340231	0.340577	10,067	25,004,200
01/14/2018	0.373357	0.374343	0.328197	0.359623	11,731	26,135,000
01/13/2018	0.401758	0.414535	0.340311	0.373114	68,321	28,123,000
01/12/2018	0.418123	0.441277	0.379909	0.402212	52,213	29,268,600
01/11/2018	0.419362	0.425431	0.353368	0.415375	86,354	29,355,300
01/10/2018	0.335962	0.419834	0.323576	0.419834	80,306	23,517,300
01/09/2018	0.361437	0.370283	0.318739	0.335522	52,913	25,300,600
01/08/2018	0.342380	0.369841	0.313345	0.362424	37,016	23,966,600
01/07/2018	0.361458	0.395090	0.324560	0.342838	129,446	25,302,100
01/06/2018	0.438870	0.450553	0.336102	0.361722	112,871	30,720,900
01/05/2018	0.417923	0.452790	0.392333	0.438428	19,570	29,254,600
01/04/2018	0.466227	0.466957	0.392505	0.418026	74,028	32,635,900
01/03/2018	0.386743	0.464680	0.363224	0.463721	76,674	27,072,000
01/02/2018	0.351399	0.417817	0.339927	0.387805	28,569	24,598,000
01/01/2018	0.402798	0.452707	0.346277	0.351416	77,418	28,195,800
12/31/2017	0.407698	0.464271	0.365524	0.401382	113,310	28,538,900
12/30/2017	0.450727	0.461782	0.372561	0.412091	73,223	31,550,900
12/29/2017	0.431304	0.533669	0.427066	0.451837	194,727	30,191,300
12/28/2017	0.388990	0.426939	0.346527	0.426939	64,677	27,229,300
12/27/2017	0.412593	0.491415	0.331767	0.389802	163,480	28,881,500
12/26/2017	0.373106	0.426118	0.352827	0.412244	69,062	26,117,400
12/25/2017	0.338708	0.378695	0.323722	0.373435	36,207	23,709,600
12/24/2017	0.365267	0.365267	0.302421	0.335300	14,543	25,568,700
12/23/2017	0.345048	0.406184	0.327434	0.361266	79,325	24,153,300
12/22/2017	0.425559	0.429664	0.285910	0.341824	20,741	29,789,100
12/21/2017	0.452225	0.505393	0.383018	0.424085	99,789	31,655,800
12/20/2017	0.399338	0.482705	0.361063	0.451157	119,436	27,953,700
12/19/2017	0.476530	0.587184	0.382111	0.399767	197,697	33,357,100
12/18/2017	0.436433	0.512038	0.371592	0.476193	124,266	30,550,300
12/17/2017	0.391924	0.456071	0.388315	0.420565	87,344	27,434,700
12/16/2017	0.386016	0.424328	0.354108	0.391683	49,287	27,021,100
12/15/2017	0.381230	0.405172	0.338505	0.385472	67,624	26,686,100
12/14/2017	0.343837	0.422100	0.340207	0.380659	62,885	24,068,600
12/13/2017	0.382314	0.410944	0.342506	0.344939	39,499	26,762,000
12/12/2017	0.401930	0.437539	0.331706	0.381998	131,666	28,135,100
12/11/2017	0.380373	0.417747	0.357165	0.400795	45,423	26,626,100
12/10/2017	0.376221	0.393330	0.305834	0.382961	38,917	26,335,400
12/09/2017	0.406597	0.415949	0.338606	0.374708	31,029	28,461,800
12/08/2017	0.432089	0.436674	0.337467	0.407007	24,515	30,246,200
12/07/2017	0.384309	0.459137	0.347559	0.385286	235,160	26,901,700
12/06/2017	0.384528	0.412898	0.351393	0.384973	177,905	26,917,000
12/05/2017	0.337084	0.402283	0.321830	0.385373	126,693	23,595,900
12/04/2017	0.299893	0.390801	0.258343	0.336433	223,896	20,992,500
12/03/2017	0.273398	0.317347	0.263372	0.298926	50,230	19,137,900
12/02/2017	0.253398	0.285273	0.248211	0.273151	32,336	17,737,900
12/01/2017	0.240892	0.270692	0.223337	0.253574	34,389	16,862,400
11/30/2017	0.232029	0.262531	0.212815	0.242060	17,415	16,242,000
11/29/2017	0.267837	0.301744	0.224370	0.228606	67,593	18,748,600
11/28/2017	0.262557	0.288650	0.251997	0.268099	90,467	18,379,000
11/27/2017	0.252525	0.310344	0.252525	0.261919	68,196	17,676,800
11/26/2017	0.252968	0.272482	0.236248	0.252480	60,969	17,707,800
11/25/2017	0.241811	0.259899	0.224533	0.253052	45,874	16,926,800
11/24/2017	0.225785	0.249087	0.220199	0.242223	24,402	15,804,900
11/23/2017	0.263492	0.272452	0.226129	0.226129	38,553	18,444,400
11/22/2017	0.251754	0.283391	0.246115	0.263523	42,149	17,622,800
11/21/2017	0.255571	0.271967	0.228522	0.251126	43,462	17,890,000
11/20/2017	0.257700	0.281055	0.241296	0.255558	45,795	18,039,000
11/19/2017	0.251322	0.284105	0.246491	0.257832	55,225	17,592,600
11/18/2017	0.239178	0.279304	0.235015	0.251806	55,713	16,742,500
11/17/2017	0.266282	0.301482	0.240089	0.240089	52,106	18,639,700
11/16/2017	0.254070	0.352973	0.247340	0.266713	277,164	17,784,900
11/15/2017	0.224990	0.266574	0.224990	0.259605	69,528	15,749,300
11/14/2017	0.234508	0.246268	0.223116	0.224837	32,932	16,415,600
11/13/2017	0.194360	0.234714	0.190846	0.234031	46,410	13,605,200
11/12/2017	0.213261	0.222525	0.180139	0.194071	29,164	14,928,300
11/11/2017	0.229469	0.243269	0.201023	0.213399	66,803	16,062,900
11/10/2017	0.233160	0.278249	0.209963	0.230281	47,090	16,321,200
11/09/2017	0.222721	0.268959	0.215971	0.238913	80,177	15,590,500
11/08/2017	0.213582	0.227890	0.204258	0.223241	34,327	14,950,800
11/07/2017	0.222791	0.239126	0.210374	0.214236	9,805	15,595,300
11/06/2017	0.218218	0.244130	0.206626	0.223010	37,594	15,275,200
11/05/2017	0.225235	0.240207	0.215718	0.217773	24,810	15,766,500
11/04/2017	0.213938	0.228763	0.195718	0.205196	25,827	14,975,700
11/03/2017	0.187966	0.220081	0.175790	0.200532	23,835	13,157,600
11/02/2017	0.188979	0.228337	0.176797	0.188175	29,426	13,228,500
11/01/2017	0.193645	0.221477	0.161157	0.205100	45,099	13,555,100
10/31/2017	0.196646	0.224499	0.193211	0.193793	29,041	13,765,200
10/30/2017	0.239613	0.240191	0.195889	0.197302	63,090	16,772,900
10/29/2017	0.246473	0.274360	0.227350	0.241018	97,750	17,253,100
10/28/2017	0.247071	0.283398	0.242342	0.252299	108,054	17,295,000
10/27/2017	0.211919	0.248619	0.211865	0.246435	67,333	14,834,400
10/26/2017	0.221730	0.243156	0.210645	0.211871	70,676	15,521,100
10/25/2017	0.174383	0.241575	0.168088	0.221780	181,042	12,206,800
10/24/2017	0.167537	0.187386	0.157425	0.174301	53,193	11,727,600
10/23/2017	0.176823	0.189026	0.157847	0.167787	55,384	12,377,600
10/22/2017	0.181084	0.185771	0.159905	0.176913	63,493	12,675,900
10/21/2017	0.165873	0.181406	0.150985	0.181071	96,420	11,611,100
10/20/2017	0.174289	0.189776	0.162513	0.166213	71,808	12,200,300
10/19/2017	0.160286	0.201024	0.143908	0.174275	72,966	11,220,000
10/18/2017	0.139240	0.167404	0.136450	0.160237	58,511	9,746,810
10/17/2017	0.134603	0.172006	0.133966	0.139248	26,270	9,422,200
10/16/2017	0.126490	0.158934	0.123826	0.134526	5,748	8,854,320
10/15/2017	0.156270	0.164464	0.126283	0.126452	27,691	10,938,900
10/14/2017	0.163799	0.171415	0.138676	0.155939	39,524	11,465,900
10/13/2017	0.159089	0.175787	0.134308	0.163743	39,183	11,136,200
10/12/2017	0.149503	0.196115	0.149157	0.158824	78,397	10,465,200
10/11/2017	0.143024	0.170002	0.130289	0.149387	22,006	10,011,700
10/10/2017	0.156185	0.180496	0.142086	0.143046	47,092	10,932,900
10/09/2017	0.155935	0.171196	0.150054	0.156167	39,029	10,915,400
10/08/2017	0.173938	0.174186	0.155241	0.155897	50,164	12,175,600
10/07/2017	0.161116	0.178592	0.156552	0.174370	70,665	11,278,100
10/06/2017	0.157374	0.168497	0.153551	0.161365	24,577	11,016,200
10/05/2017	0.151280	0.168412	0.149368	0.157372	26,060	10,589,600
10/04/2017	0.143640	0.180635	0.142739	0.151148	58,345	10,054,800
10/03/2017	0.158525	0.167264	0.139058	0.143309	17,627	11,096,700
10/02/2017	0.171334	0.179603	0.134902	0.158509	55,966	11,993,300
10/01/2017	0.185660	0.185660	0.162196	0.171424	48,028	12,996,200
09/30/2017	0.166880	0.181567	0.163778	0.177486	42,212	11,681,600
09/29/2017	0.188713	0.189528	0.166101	0.166859	56,359	13,209,900
09/28/2017	0.172507	0.201514	0.169123	0.188858	89,766	12,075,500
09/27/2017	0.159433	0.196036	0.152679	0.172501	95,011	11,160,300
09/26/2017	0.149467	0.168910	0.136983	0.159879	45,668	10,462,700
09/25/2017	0.110549	0.158799	0.110549	0.149482	60,084	7,738,430
