Date	Open	High	Low	Close	Volume	Market Cap
07/15/2018	0.012636	0.013461	0.011566	0.012674	5,794	4,490,160
07/14/2018	0.012502	0.012650	0.012132	0.012648	88	4,442,480
07/13/2018	0.011868	0.012860	0.011440	0.012478	1,592	4,217,080
07/12/2018	0.012070	0.013587	0.011412	0.011833	3,041	4,288,760
07/11/2018	0.012896	0.014130	0.011927	0.012070	6,433	4,582,590
07/10/2018	0.014249	0.014305	0.012618	0.012896	4,158	5,063,360
07/09/2018	0.014987	0.015388	0.013787	0.014260	4,219	5,325,380
07/08/2018	0.014695	0.015431	0.014366	0.014989	5,549	5,221,770
07/07/2018	0.014228	0.014710	0.013944	0.014683	3,055	5,055,610
07/06/2018	0.014401	0.014703	0.013742	0.014233	3,084	5,117,330
07/05/2018	0.014517	0.015369	0.013879	0.014408	4,748	5,158,550
07/04/2018	0.015458	0.017241	0.014126	0.014469	3,076	5,492,750
07/03/2018	0.016122	0.016569	0.014826	0.015451	580	5,728,870
07/02/2018	0.014720	0.016365	0.014269	0.016117	3,051	5,219,400
07/01/2018	0.016613	0.016669	0.014623	0.014710	2,105	5,890,420
06/30/2018	0.014265	0.016640	0.014265	0.016597	8,887	5,058,070
06/29/2018	0.015567	0.015900	0.012289	0.014256	16,381	5,519,720
06/28/2018	0.016946	0.017937	0.014495	0.015562	4,476	6,008,490
06/27/2018	0.016189	0.017597	0.014669	0.016914	4,055	5,739,960
06/26/2018	0.014942	0.021385	0.014864	0.016246	26,053	5,298,130
06/25/2018	0.014868	0.015281	0.013812	0.014382	7,602	5,271,580
06/24/2018	0.013466	0.016195	0.011582	0.015015	11,663	4,774,770
06/23/2018	0.016406	0.017103	0.011537	0.013470	14,216	5,816,970
06/22/2018	0.017835	0.018984	0.015456	0.016398	9,649	6,323,890
06/21/2018	0.018997	0.020108	0.017721	0.017726	15,212	6,735,880
06/20/2018	0.020329	0.020884	0.017668	0.019008	12,940	7,208,150
06/19/2018	0.018261	0.020316	0.018103	0.020316	6,868	6,474,870
06/18/2018	0.018075	0.019241	0.017753	0.018272	6,070	6,408,690
06/17/2018	0.018184	0.018680	0.017360	0.018078	5,519	6,447,610
06/16/2018	0.018193	0.018473	0.017242	0.018186	3,962	6,450,660
06/15/2018	0.020060	0.020145	0.017755	0.018243	8,032	7,112,650
06/14/2018	0.018474	0.020065	0.017196	0.020065	13,960	6,550,390
06/13/2018	0.020376	0.020525	0.017819	0.018711	12,788	7,224,820
06/12/2018	0.020528	0.021696	0.018624	0.020296	16,433	7,278,470
06/11/2018	0.020169	0.021023	0.019203	0.020519	7,264	7,151,300
06/10/2018	0.023756	0.023756	0.019392	0.020134	4,232	8,423,040
06/09/2018	0.024787	0.025049	0.023488	0.023710	14,109	8,788,690
06/08/2018	0.024333	0.025495	0.023170	0.025173	7,873	8,627,770
06/07/2018	0.024960	0.025865	0.023366	0.024292	16,371	8,850,010
06/06/2018	0.023642	0.025032	0.022326	0.024967	19,590	8,382,610
06/05/2018	0.022322	0.024889	0.021832	0.023689	20,760	7,914,600
06/04/2018	0.024168	0.024786	0.021801	0.022323	21,000	8,569,250
06/03/2018	0.022743	0.024349	0.022735	0.024204	6,895	8,063,860
06/02/2018	0.025034	0.025081	0.022710	0.022772	9,145	8,876,430
06/01/2018	0.024230	0.026161	0.022264	0.025042	18,796	8,591,110
05/31/2018	0.023058	0.028044	0.021315	0.024176	37,667	8,175,660
05/30/2018	0.023752	0.024674	0.022180	0.023317	6,584	8,421,580
05/29/2018	0.020424	0.023985	0.020032	0.023737	13,440	7,241,640
05/28/2018	0.021951	0.024364	0.019537	0.020867	13,120	7,783,150
05/27/2018	0.024801	0.025301	0.021907	0.021948	3,954	8,793,570
05/26/2018	0.024517	0.025493	0.022625	0.024753	8,338	8,692,820
05/25/2018	0.025932	0.025982	0.022760	0.024251	4,657	9,194,830
05/24/2018	0.021649	0.026065	0.021496	0.025904	16,126	7,676,130
05/23/2018	0.025927	0.026149	0.021272	0.021702	46,650	9,193,050
05/22/2018	0.029105	0.030421	0.024301	0.025979	16,665	10,319,700
05/21/2018	0.031716	0.034085	0.027891	0.030381	13,201	11,245,600
05/20/2018	0.031230	0.033355	0.026551	0.031675	28,937	11,073,300
05/19/2018	0.031733	0.033070	0.030055	0.031204	13,924	11,251,500
05/18/2018	0.030696	0.031952	0.029353	0.031733	29,780	10,883,700
05/17/2018	0.034195	0.111341	0.027742	0.030726	33,275	12,124,400
05/16/2018	0.034394	0.035250	0.030747	0.034142	26,159	12,195,200
05/15/2018	0.035495	0.037320	0.033795	0.034188	30,333	12,585,300
05/14/2018	0.035523	0.037873	0.033016	0.035544	15,558	12,595,300
05/13/2018	0.035219	0.043158	0.031727	0.035538	51,529	12,487,600
05/12/2018	0.038127	0.038504	0.031533	0.035290	23,274	13,518,700
05/11/2018	0.039524	0.039946	0.032086	0.038196	21,743	14,013,900
05/10/2018	0.038271	0.042654	0.036339	0.039495	45,712	13,569,600
05/09/2018	0.037499	0.043767	0.036099	0.038235	38,790	13,296,000
05/08/2018	0.036413	0.038976	0.033213	0.037546	24,115	12,910,800
05/07/2018	0.035307	0.039721	0.032801	0.036179	30,154	12,518,900
05/06/2018	0.041787	0.043182	0.034973	0.035288	31,865	14,816,500
05/05/2018	0.038983	0.043246	0.035613	0.041794	37,926	13,822,300
05/04/2018	0.043654	0.044191	0.036691	0.038942	17,903	15,478,400
05/03/2018	0.036128	0.045268	0.036045	0.043796	35,321	12,809,900
05/02/2018	0.040063	0.042568	0.036092	0.036131	38,927	14,205,100
05/01/2018	0.042986	0.042986	0.035906	0.040179	32,850	15,241,500
04/30/2018	0.045074	0.045851	0.037331	0.042848	48,554	15,982,000
04/29/2018	0.046471	0.050925	0.041928	0.045069	54,954	16,477,300
04/28/2018	0.043833	0.055168	0.040586	0.045856	30,975	15,541,700
04/27/2018	0.050172	0.050172	0.042035	0.044187	41,064	17,789,300
04/26/2018	0.039280	0.050285	0.038226	0.050086	17,906	13,927,300
04/25/2018	0.052770	0.054212	0.036633	0.038898	57,771	18,710,600
04/24/2018	0.045323	0.055016	0.045323	0.052790	89,301	16,070,200
04/23/2018	0.042663	0.049501	0.042644	0.045322	70,653	15,127,100
04/22/2018	0.042687	0.047304	0.040092	0.042822	31,041	15,135,400
04/21/2018	0.042773	0.047845	0.039751	0.042687	28,623	15,166,200
04/20/2018	0.048734	0.050074	0.036217	0.042805	74,609	17,279,600
04/19/2018	0.031193	0.049534	0.031053	0.049534	49,726	11,059,900
04/18/2018	0.032222	0.032842	0.029387	0.031141	13,593	11,424,900
04/17/2018	0.032664	0.033788	0.025306	0.032206	26,299	11,581,700
04/16/2018	0.033596	0.036591	0.028614	0.032669	24,235	11,912,000
04/15/2018	0.036174	0.037722	0.031599	0.033599	19,873	12,826,300
04/14/2018	0.031042	0.039643	0.029088	0.036196	20,146	11,006,700
04/13/2018	0.030940	0.034695	0.024925	0.031047	51,566	10,970,500
04/12/2018	0.029270	0.035382	0.027270	0.035287	26,293	10,378,400
04/11/2018	0.028679	0.030685	0.028045	0.029459	16,750	10,168,700
04/10/2018	0.029753	0.030667	0.027843	0.028643	11,320	10,549,600
04/09/2018	0.028758	0.031319	0.027861	0.029618	13,652	10,196,600
04/08/2018	0.031246	0.031553	0.028324	0.028690	14,081	11,078,900
04/07/2018	0.028842	0.032001	0.028034	0.031260	5,550	10,226,500
04/06/2018	0.030272	0.030981	0.026664	0.028850	23,385	10,733,400
04/05/2018	0.032189	0.032458	0.028159	0.030389	24,268	11,413,300
04/04/2018	0.034254	0.035424	0.029047	0.032226	21,127	12,145,500
04/03/2018	0.032143	0.036269	0.031370	0.034199	27,310	11,397,100
04/02/2018	0.031214	0.034343	0.031020	0.032110	11,177	11,067,600
04/01/2018	0.035544	0.036255	0.029436	0.031110	43,898	12,602,900
03/31/2018	0.035796	0.040112	0.033683	0.035534	15,497	12,692,300
03/30/2018	0.033185	0.039363	0.030105	0.035828	48,657	11,743,300
03/29/2018	0.035055	0.037624	0.030669	0.033282	19,969	12,405,000
03/28/2018	0.034755	0.036138	0.033212	0.034999	10,587	12,298,800
03/27/2018	0.040090	0.041188	0.032808	0.034750	24,431	14,186,500
03/26/2018	0.041278	0.045369	0.035469	0.040922	45,526	14,606,900
03/25/2018	0.037993	0.041369	0.036277	0.041369	20,467	13,444,600
03/24/2018	0.040492	0.041309	0.036127	0.038455	32,235	14,328,800
03/23/2018	0.044892	0.045008	0.036055	0.040085	35,713	15,886,000
03/22/2018	0.042030	0.044751	0.034483	0.044493	57,920	14,873,300
03/21/2018	0.037726	0.043366	0.037144	0.041931	61,588	13,350,200
03/20/2018	0.031952	0.039162	0.025730	0.037492	63,572	11,306,800
03/19/2018	0.026688	0.033784	0.026688	0.031697	20,790	9,444,190
03/18/2018	0.034662	0.035519	0.020884	0.026796	42,747	12,265,800
03/17/2018	0.032882	0.041051	0.029486	0.034700	14,832	11,636,000
03/16/2018	0.033876	0.034131	0.027374	0.031208	17,302	11,987,800
03/15/2018	0.034422	0.035231	0.024609	0.033915	23,562	12,180,700
03/14/2018	0.037206	0.040861	0.032594	0.034398	18,119	13,166,100
03/13/2018	0.038721	0.040976	0.037200	0.037200	27,074	13,702,000
03/12/2018	0.042651	0.043971	0.036324	0.038782	23,469	15,093,000
03/11/2018	0.041379	0.043630	0.037738	0.042910	23,378	14,642,800
03/10/2018	0.042126	0.045803	0.039564	0.041505	36,175	14,907,200
03/09/2018	0.041774	0.043136	0.035894	0.042163	63,803	14,644,900
03/08/2018	0.043054	0.045026	0.037463	0.041862	81,217	15,093,600
03/07/2018	0.050410	0.052104	0.037614	0.043275	47,671	17,672,200
03/06/2018	0.055523	0.055863	0.040631	0.050367	94,103	19,464,500
03/05/2018	0.061315	0.064510	0.051511	0.055548	87,180	21,495,200
03/04/2018	0.058115	0.063229	0.045035	0.061306	126,976	20,373,400
03/03/2018	0.081607	0.082272	0.055457	0.057410	101,200	28,609,000
03/02/2018	0.060763	0.081724	0.054038	0.081671	73,650	21,271,300
03/01/2018	0.060591	0.064059	0.059385	0.060802	73,598	21,211,000
02/28/2018	0.061100	0.074380	0.056889	0.060590	72,436	21,389,100
02/27/2018	0.067962	0.072094	0.058949	0.061127	53,406	23,777,900
02/26/2018	0.063620	0.073960	0.060910	0.068719	105,758	22,167,800
02/25/2018	0.066013	0.067432	0.063174	0.063575	58,967	23,001,400
02/24/2018	0.072790	0.072839	0.061393	0.066165	63,411	25,362,900
02/23/2018	0.064532	0.072862	0.060631	0.072862	107,672	22,485,600
02/22/2018	0.067175	0.075297	0.061133	0.064611	116,267	23,406,400
02/21/2018	0.073076	0.073451	0.060897	0.067283	150,722	25,462,600
02/20/2018	0.084541	0.087030	0.070218	0.072819	96,458	29,457,500
02/19/2018	0.085421	0.089263	0.079871	0.084959	99,479	29,764,000
02/18/2018	0.085154	0.095781	0.075678	0.085715	136,721	29,671,000
02/17/2018	0.087076	0.094646	0.080527	0.085112	286,985	30,340,800
02/16/2018	0.100440	0.103867	0.055770	0.087029	189,394	34,997,300
02/15/2018	0.103781	0.112367	0.085169	0.100338	223,432	36,130,300
02/14/2018	0.100698	0.113265	0.094964	0.103728	156,928	35,056,900
02/13/2018	0.103735	0.113537	0.094322	0.100764	108,584	35,906,600
02/12/2018	0.108765	0.124441	0.103222	0.103586	143,624	37,648,000
02/11/2018	0.113547	0.114121	0.094402	0.108288	89,014	39,302,900
02/10/2018	0.134422	0.135157	0.099373	0.113718	161,290	46,528,600
02/09/2018	0.127454	0.137111	0.120350	0.134456	133,764	44,116,800
02/08/2018	0.120163	0.139710	0.117255	0.127285	147,049	41,593,000
02/07/2018	0.142388	0.144142	0.106705	0.120550	220,173	49,286,100
02/06/2018	0.107530	0.143155	0.082100	0.142419	321,270	37,220,500
02/05/2018	0.119748	0.127103	0.087267	0.106954	213,959	41,449,600
02/04/2018	0.135605	0.142059	0.103097	0.120920	159,900	46,938,400
02/03/2018	0.127710	0.665610	0.114454	0.665610	358,928	44,205,300
02/02/2018	0.120933	0.138833	0.076112	0.126921	340,342	41,859,600
02/01/2018	0.154921	0.159619	0.110268	0.118668	349,518	53,469,400
01/31/2018	0.147808	0.182751	0.120014	0.141358	360,710	50,866,400
01/30/2018	0.192430	0.197434	0.147308	0.147308	291,425	65,549,100
01/29/2018	0.232248	0.232248	0.163681	0.194150	300,495	78,880,500
01/28/2018	0.198469	0.237364	0.198469	0.237364	330,067	67,407,900
01/27/2018	0.180019	0.862426	0.160855	0.196989	325,876	61,141,500
01/26/2018	0.187242	0.207934	0.144480	0.184042	253,826	63,594,700
01/25/2018	0.212433	0.244337	0.187533	0.187896	249,146	72,150,500
01/24/2018	0.245490	0.251134	0.203948	0.210881	310,744	83,377,900
01/23/2018	0.243791	0.263357	0.168255	0.245417	535,593	82,801,000
01/22/2018	0.258724	0.275759	0.207643	0.245566	335,483	87,873,000
01/21/2018	0.293904	0.297021	0.224108	0.257606	234,226	-
01/20/2018	0.251557	0.317611	0.215271	0.291074	424,945	-
01/19/2018	0.291120	0.313707	0.216682	0.249912	355,877	-
01/18/2018	0.273442	0.341748	0.164434	0.268701	627,471	-
01/17/2018	0.256525	0.367414	0.181083	0.270454	649,932	-
01/16/2018	0.352622	0.353936	0.228447	0.258128	500,920	-
01/15/2018	0.456194	0.463319	0.296833	0.351846	604,492	-
01/14/2018	0.485851	0.541923	0.376982	0.456315	919,203	-
01/13/2018	0.478821	0.578564	0.457423	0.497533	1,263,640	-
01/12/2018	0.345259	0.536981	0.345259	0.536850	693,702	-
