Date	Open	High	Low	Close	Volume	Market Cap
07/15/2018	0.003113	0.003299	0.003102	0.003253	128,599	1,095,040
07/14/2018	0.003232	0.003260	0.003069	0.003118	122,037	1,136,990
07/13/2018	0.003432	0.003500	0.003188	0.003239	145,560	1,207,370
07/12/2018	0.003271	0.003492	0.003134	0.003427	148,961	1,150,720
07/11/2018	0.003257	0.003682	0.003230	0.003272	151,894	1,145,920
07/10/2018	0.003629	0.003642	0.003096	0.003284	209,674	1,276,830
07/09/2018	0.003904	0.004005	0.003624	0.003636	219,896	1,373,300
07/08/2018	0.003946	0.004027	0.003883	0.003905	177,258	1,388,250
07/07/2018	0.004103	0.004104	0.003799	0.003950	193,383	1,443,230
07/06/2018	0.003839	0.004109	0.003763	0.004105	209,023	1,350,450
07/05/2018	0.003742	0.003954	0.003717	0.003852	220,441	1,316,570
07/04/2018	0.003770	0.003990	0.003606	0.003735	193,670	1,326,250
07/03/2018	0.003658	0.003894	0.003503	0.003794	256,064	1,286,740
07/02/2018	0.003686	0.003906	0.003484	0.003673	199,657	1,296,870
07/01/2018	0.003957	0.003957	0.003475	0.003708	201,859	1,392,170
06/30/2018	0.003704	0.004420	0.003642	0.003919	248,574	1,303,100
06/29/2018	0.003089	0.003682	0.003016	0.003670	242,158	1,086,630
06/28/2018	0.003148	0.003257	0.003020	0.003083	294,853	1,107,340
06/27/2018	0.003383	0.003487	0.003104	0.003154	331,922	1,190,030
06/26/2018	0.003102	0.003604	0.003004	0.003362	326,645	1,091,180
06/25/2018	0.002738	0.003345	0.002638	0.003097	276,894	963,168
06/24/2018	0.003310	0.004344	0.002401	0.002743	314,953	1,164,490
06/23/2018	0.002756	0.003425	0.002530	0.003268	295,308	969,151
06/22/2018	0.003451	0.003561	0.002390	0.002589	288,438	1,213,690
06/21/2018	0.004287	0.004314	0.003446	0.003456	233,599	1,507,830
06/20/2018	0.004666	0.004703	0.004211	0.004287	156,940	1,640,990
06/19/2018	0.004576	0.005467	0.004240	0.004713	126,627	1,609,380
06/18/2018	0.004662	0.004856	0.004470	0.004584	61,688	1,639,590
06/17/2018	0.004640	0.004672	0.004333	0.004672	68,119	1,631,820
06/16/2018	0.004262	0.005457	0.004079	0.004628	260,680	1,498,860
06/15/2018	0.004470	0.005061	0.004096	0.004276	284,241	1,572,140
06/14/2018	0.004900	0.005555	0.004376	0.004427	204,880	1,685,420
06/13/2018	0.004997	0.005620	0.004808	0.004885	58,696	1,718,250
06/12/2018	0.004902	0.005324	0.004464	0.004977	20,397	1,685,700
06/11/2018	0.004929	0.005270	0.004643	0.004886	14,084	1,695,200
06/10/2018	0.006078	0.006078	0.004796	0.004927	6,917	2,090,210
06/09/2018	0.006306	0.006725	0.006015	0.006121	17,395	2,168,580
06/08/2018	0.005848	0.006290	0.005848	0.006028	11,199	1,939,890
06/07/2018	0.006290	0.007163	0.005834	0.005852	48,928	2,086,270
06/06/2018	0.005522	0.006393	0.004941	0.006280	51,651	1,831,450
06/05/2018	0.005051	0.006532	0.005051	0.005526	53,634	1,675,290
06/04/2018	0.005755	0.006336	0.005025	0.005051	26,973	1,909,060
06/03/2018	0.005987	0.006629	0.005632	0.005760	19,405	1,985,870
06/02/2018	0.006253	0.006689	0.005895	0.005998	17,139	2,074,050
06/01/2018	0.006105	0.006262	0.005917	0.006262	3,790	2,024,860
05/31/2018	0.006491	0.006705	0.006083	0.006100	8,178	2,152,890
05/30/2018	0.006296	0.006768	0.005929	0.006488	30,670	2,088,410
05/29/2018	0.005914	0.007029	0.005882	0.006336	23,663	1,961,740
05/28/2018	0.006440	0.006467	0.005466	0.005918	14,753	2,135,970
05/27/2018	0.006757	0.006912	0.006190	0.006433	10,409	2,241,200
05/26/2018	0.006481	0.007178	0.006436	0.006738	17,326	2,149,860
05/25/2018	0.008026	0.008568	0.006137	0.006430	100,162	2,301,700
05/24/2018	0.005067	0.008541	0.004931	0.008104	104,061	1,453,030
05/23/2018	0.004901	0.006589	0.004650	0.005068	29,675	1,405,520
05/22/2018	0.006536	0.006940	0.004893	0.004910	13,249	1,874,400
05/21/2018	0.007078	0.007695	0.006470	0.006535	12,038	2,029,850
05/20/2018	0.007474	0.007770	0.007058	0.007072	5,189	2,143,290
05/19/2018	0.007479	0.008078	0.006970	0.007467	20,592	2,144,900
05/18/2018	0.007919	0.008137	0.007318	0.007503	14,187	2,271,040
05/17/2018	0.007797	0.008872	0.007458	0.007917	59,359	2,236,150
05/16/2018	0.008341	0.009013	0.007338	0.007782	88,418	2,350,260
05/15/2018	0.007097	0.009045	0.007054	0.008352	97,214	1,999,900
05/14/2018	0.005564	0.008469	0.005478	0.007101	85,977	1,567,800
05/13/2018	0.005729	0.006062	0.005408	0.005570	2,079	1,614,300
05/12/2018	0.005300	0.005729	0.005163	0.005681	2,579	1,493,320
05/11/2018	0.005755	0.005875	0.005058	0.005308	15,923	1,621,570
05/10/2018	0.006834	0.008536	0.005717	0.005752	67,624	1,925,670
05/09/2018	0.007109	0.007109	0.006431	0.006827	11,621	2,003,250
05/08/2018	0.006843	0.007152	0.006595	0.007137	3,490	1,928,320
05/07/2018	0.007458	0.007496	0.006666	0.006843	2,978	2,101,430
05/06/2018	0.007822	0.007935	0.007094	0.007455	2,345	2,204,210
05/05/2018	0.007140	0.007874	0.007119	0.007827	855	2,011,800
05/04/2018	0.009226	0.009893	0.006529	0.007199	3,429	2,599,580
05/03/2018	0.006411	0.009967	0.005150	0.009246	35,105	1,806,500
05/02/2018	0.009834	0.009919	0.004222	0.006411	23,178	2,771,130
05/01/2018	0.008612	0.009878	0.006131	0.009863	11,006	2,426,670
04/30/2018	0.008952	0.008992	0.006207	0.008584	1,036	2,522,570
04/29/2018	0.008411	0.008955	0.006194	0.008951	3,252	2,370,080
04/28/2018	0.008025	0.008609	0.006817	0.006902	816	2,261,410
04/27/2018	0.006989	0.008930	0.005185	0.008095	3,459	1,969,390
04/26/2018	0.009141	0.009400	0.006726	0.006977	520	2,575,820
04/25/2018	0.010583	0.010583	0.006288	0.009052	1,445	2,982,220
04/24/2018	0.005313	0.015614	0.005313	0.010587	11,056	1,497,020
04/23/2018	0.006187	0.006329	0.005244	0.005313	1,239	1,623,080
04/22/2018	0.005100	0.006736	0.005009	0.006210	1,346	1,338,010
04/21/2018	0.005205	0.005212	0.004294	0.005100	2,288	1,365,530
04/20/2018	0.004332	0.005241	0.004265	0.005208	552	1,136,510
04/19/2018	0.004436	0.004480	0.003204	0.004337	6,447	1,163,890
04/18/2018	0.003127	0.004589	0.003119	0.004434	2,349	820,335
04/17/2018	0.004443	0.004492	0.002655	0.003125	2,802	-
04/16/2018	0.002776	0.004445	0.002773	0.004444	3,755	-
04/15/2018	0.003123	0.003216	0.002300	0.002772	500	-
04/14/2018	0.003128	0.003250	0.001999	0.003125	365	-
04/13/2018	0.003298	0.003405	0.002594	0.003128	176	-
04/12/2018	0.002588	0.003719	0.002085	0.003292	8,081	-
04/11/2018	0.004074	0.004074	0.002096	0.002601	7,146	-
04/10/2018	0.003940	0.004096	0.002459	0.004065	6,294	-
04/09/2018	0.003255	0.004322	0.002777	0.003922	3,147	-
04/08/2018	0.004081	0.004118	0.003247	0.003247	1,917	-
04/07/2018	0.003090	0.004196	0.003086	0.004083	85	-
04/06/2018	0.004258	0.004297	0.003059	0.003090	126	-
04/05/2018	0.004267	0.004348	0.003177	0.004275	46	-
04/04/2018	0.004225	0.004754	0.003153	0.004272	4,356	-
04/03/2018	0.004476	0.004721	0.004038	0.004217	508	-
04/02/2018	0.004467	0.004548	0.003917	0.004471	289	-
04/01/2018	0.003899	0.004563	0.003775	0.004453	146	-
03/31/2018	0.004663	0.004949	0.003865	0.003898	211	-
03/30/2018	0.004590	0.004778	0.003634	0.004719	3,378	-
03/29/2018	0.005604	0.005742	0.003407	0.004603	5,687	-
03/28/2018	0.009427	0.010387	0.004530	0.005594	15,317	-
03/27/2018	0.009328	0.010400	0.006897	0.009424	48,405	-
