Date	Open	High	Low	Close	Volume	Market Cap
07/15/2018	0.006060	0.006094	0.005831	0.005987	4,668	728,058
07/14/2018	0.006147	0.006217	0.005966	0.006061	4,064	738,497
07/13/2018	0.007051	0.007065	0.006085	0.006159	5,585	847,112
07/12/2018	0.007689	0.007828	0.007009	0.007072	4,059	923,699
07/11/2018	0.008258	0.008322	0.007503	0.007723	1,326	992,066
07/10/2018	0.005498	0.008495	0.004636	0.008254	3,623	660,590
07/09/2018	0.005866	0.005873	0.005560	0.005572	4,753	704,780
07/08/2018	0.005978	0.005986	0.005855	0.005872	4,821	718,140
07/07/2018	0.005908	0.005994	0.005833	0.005981	8,781	709,817
07/06/2018	0.005867	0.006075	0.005858	0.005911	5,532	704,910
07/05/2018	0.005357	0.005896	0.005330	0.005876	8,633	643,568
07/04/2018	0.006632	0.007640	0.005350	0.005350	7,297	796,736
07/03/2018	0.006835	0.006936	0.005633	0.006628	9,516	821,128
07/02/2018	0.006852	0.006974	0.006706	0.006852	14,303	823,221
07/01/2018	0.007282	0.007301	0.006449	0.006856	10,812	874,805
06/30/2018	0.007884	0.008070	0.007211	0.007279	4,746	947,189
06/29/2018	0.007723	0.008077	0.007678	0.007873	4,323	927,832
06/28/2018	0.007910	0.008015	0.007700	0.007721	4,390	950,292
06/27/2018	0.008487	0.008508	0.007865	0.007908	4,769	1,019,610
06/26/2018	0.007968	0.008683	0.005320	0.008492	11,252	957,291
06/25/2018	0.007653	0.007992	0.007573	0.007960	4,095	919,430
06/24/2018	0.007536	0.007676	0.007102	0.007593	3,886	905,424
06/23/2018	0.007940	0.007966	0.007494	0.007537	4,080	953,959
06/22/2018	0.009521	0.009528	0.006922	0.007946	4,348	1,143,860
06/21/2018	0.009465	0.009569	0.009462	0.009529	4,827	1,137,170
06/20/2018	0.007695	0.009469	0.007486	0.009469	11,362	924,470
06/19/2018	0.006072	0.007922	0.006056	0.007699	6,647	729,500
06/18/2018	0.006035	0.006311	0.005968	0.006070	8,630	725,053
06/17/2018	0.006162	0.006194	0.006041	0.006052	8,028	740,321
06/16/2018	0.006088	0.006193	0.006038	0.006152	6,250	731,451
06/15/2018	0.006318	0.006325	0.006049	0.006100	6,202	759,011
06/14/2018	0.006178	0.006356	0.006028	0.006341	7,483	742,195
06/13/2018	0.006462	0.006484	0.006056	0.006206	4,408	776,387
06/12/2018	0.006645	0.006723	0.006438	0.006462	5,685	798,349
06/11/2018	0.006568	0.006684	0.006313	0.006648	2,729	789,100
06/10/2018	0.007070	0.007070	0.006418	0.006566	4,738	849,376
06/09/2018	0.007364	0.007426	0.006953	0.007064	3,693	884,711
06/08/2018	0.007577	0.007586	0.007303	0.007369	3,582	910,262
06/07/2018	0.007810	0.008066	0.007370	0.007565	3,249	938,252
06/06/2018	0.009235	0.009251	0.007713	0.007812	5,298	1,109,480
06/05/2018	0.008524	0.009249	0.008369	0.009240	4,104	1,024,120
06/04/2018	0.008818	0.008913	0.008510	0.008520	3,618	1,059,430
06/03/2018	0.009816	0.009833	0.008645	0.008819	4,706	1,179,340
06/02/2018	0.012598	0.012603	0.008523	0.009817	4,856	1,513,520
06/01/2018	0.010665	0.013247	0.009766	0.012692	9,204	1,281,250
05/31/2018	0.009327	0.011679	0.008319	0.010647	3,393	1,120,610
05/30/2018	0.010376	0.010560	0.008996	0.009320	7,782	1,246,590
05/29/2018	0.011320	0.011345	0.009749	0.010382	7,197	1,360,040
05/28/2018	0.011872	0.013148	0.010983	0.011326	4,041	1,426,290
05/27/2018	0.012525	0.012840	0.011787	0.011853	5,000	1,504,770
05/26/2018	0.011922	0.013112	0.011695	0.012516	2,238	1,432,300
05/25/2018	0.009024	0.012515	0.008841	0.011922	4,480	1,084,190
05/24/2018	0.010616	0.010897	0.008979	0.009038	6,108	1,275,370
05/23/2018	0.011065	0.011198	0.010368	0.010622	6,696	1,329,350
05/22/2018	0.014144	0.014153	0.010837	0.011158	11,120	1,699,290
05/21/2018	0.011855	0.014619	0.011765	0.014128	12,691	1,424,330
05/20/2018	0.013635	0.013710	0.011022	0.011847	5,213	1,638,140
05/19/2018	0.012489	0.014021	0.011309	0.013659	9,058	1,500,420
05/18/2018	0.016454	0.016771	0.010875	0.012492	9,666	1,976,810
05/17/2018	0.015386	0.016880	0.015119	0.016473	8,286	1,848,510
05/16/2018	0.017032	0.017207	0.014198	0.015384	6,331	2,046,210
05/15/2018	0.017821	0.018105	0.016907	0.017094	51,573	2,141,020
05/14/2018	0.015814	0.018777	0.015208	0.017855	11,935	1,899,870
05/13/2018	0.011859	0.015892	0.011731	0.015818	24,544	1,424,760
05/12/2018	0.014388	0.019398	0.011731	0.011864	17,239	1,728,610
05/11/2018	0.020520	0.020766	0.013749	0.014421	14,198	2,465,240
05/10/2018	0.014228	0.020948	0.014216	0.020505	40,202	1,709,350
05/09/2018	0.014135	0.014410	0.013933	0.014175	3,068	1,698,200
05/08/2018	0.014427	0.014445	0.013307	0.014161	13,690	1,733,300
05/07/2018	0.014954	0.014965	0.014312	0.014432	14,084	1,796,550
05/06/2018	0.017332	0.017454	0.014658	0.014958	10,115	2,082,320
05/05/2018	0.016441	0.019747	0.016413	0.017324	20,799	1,975,240
05/04/2018	0.016489	0.016561	0.016244	0.016445	1,631	1,981,010
05/03/2018	0.015744	0.016862	0.015560	0.016500	26,299	1,891,510
05/02/2018	0.016389	0.017614	0.015764	0.015808	43,221	1,969,030
05/01/2018	0.014766	0.019145	0.014628	0.016417	75,490	1,774,010
04/30/2018	0.015976	0.015983	0.014712	0.014730	64,188	1,919,320
04/29/2018	0.014939	0.016614	0.014939	0.015994	66,075	1,794,750
04/28/2018	0.015965	0.017208	0.014621	0.015144	10,585	1,918,030
04/27/2018	0.019792	0.019874	0.014985	0.015993	8,468	2,377,790
04/26/2018	0.014438	0.019372	0.012965	0.019308	4,423	1,734,530
04/25/2018	0.019346	0.019346	0.016077	0.017263	3,427	2,324,280
04/24/2018	0.012224	0.019606	0.012224	0.018220	6,100	1,468,540
04/23/2018	0.015962	0.018652	0.012223	0.012223	2,878	1,917,730
04/22/2018	0.020213	0.020213	0.013174	0.016022	4,022	2,428,370
04/21/2018	0.020522	0.020839	0.012230	0.020213	5,994	2,465,540
04/20/2018	0.021999	0.023201	0.016918	0.020536	2,242	2,642,940
04/19/2018	0.015004	0.022192	0.014945	0.022025	2,857	1,802,610
04/18/2018	0.014887	0.020428	0.014849	0.014996	4,527	1,788,590
04/17/2018	0.021233	0.022865	0.014848	0.014880	3,281	2,550,970
04/16/2018	0.017587	0.064559	0.010619	0.021236	4,554	2,112,870
04/15/2018	0.015884	0.017563	0.014377	0.017563	6,922	1,908,320
04/14/2018	0.013545	0.016067	0.013437	0.015894	1,061	1,627,280
04/13/2018	0.013354	0.016953	0.010275	0.013545	6,567	1,604,380
04/12/2018	0.013618	0.016449	0.013248	0.013331	12,241	1,636,040
04/11/2018	0.015276	0.015905	0.013099	0.013686	5,249	1,835,280
04/10/2018	0.010753	0.016350	0.010671	0.015240	6,241	1,291,910
04/09/2018	0.011105	0.011897	0.009888	0.010704	1,259	1,334,120
04/08/2018	0.010022	0.011290	0.009689	0.010380	1,221	1,204,010
04/07/2018	0.010899	0.011764	0.009839	0.010797	1,728	1,309,380
04/06/2018	0.012978	0.013149	0.010810	0.010902	3,202	1,559,210
04/05/2018	0.015266	0.015297	0.011518	0.013028	6,986	1,834,110
04/04/2018	0.010101	0.015325	0.010040	0.015285	10,315	1,213,570
04/03/2018	0.008116	0.010837	0.007444	0.010081	5,654	975,051
04/02/2018	0.010633	0.011052	0.007764	0.008107	2,740	-
04/01/2018	0.010559	0.011637	0.007328	0.010599	5,695	-
03/31/2018	0.009049	0.012278	0.009049	0.010555	2,188	-
03/30/2018	0.011518	0.011968	0.008508	0.009057	3,093	-
03/29/2018	0.015217	0.015576	0.010540	0.011552	2,608	-
03/28/2018	0.018457	0.022698	0.012447	0.015189	6,678	-
03/27/2018	0.010021	0.021935	0.009719	0.018451	34,683	-
