Date	Open	High	Low	Close	Volume	Market Cap
07/15/2018	0.060911	0.063220	0.060238	0.061917	31,059	-
07/14/2018	0.062203	0.065866	0.059147	0.060739	18,309	-
07/13/2018	0.072161	0.072416	0.061584	0.061584	17,382	-
07/12/2018	0.063373	0.067812	0.058669	0.061537	23,991	-
07/11/2018	0.063040	0.067151	0.061233	0.063373	31,119	-
07/10/2018	0.076600	0.078859	0.062998	0.062998	34,506	-
07/09/2018	0.078698	0.081347	0.076232	0.076392	39,386	-
07/08/2018	0.082028	0.086239	0.076122	0.078686	50,533	-
07/07/2018	0.083202	0.087534	0.077525	0.082018	45,886	-
07/06/2018	0.076668	0.090578	0.076482	0.083211	108,872	-
07/05/2018	0.077746	0.079792	0.075759	0.076666	42,861	-
07/04/2018	0.078784	0.082246	0.077168	0.078283	43,738	-
07/03/2018	0.077900	0.086762	0.076449	0.078791	58,058	-
07/02/2018	0.074978	0.080870	0.073801	0.076466	64,948	-
07/01/2018	0.077235	0.077721	0.073168	0.074370	63,964	-
06/30/2018	0.080001	0.087860	0.073641	0.077047	66,709	-
06/29/2018	0.078454	0.081633	0.074633	0.080288	59,472	-
06/28/2018	0.081620	0.084967	0.077277	0.078755	103,933	-
06/27/2018	0.081857	0.083544	0.080795	0.081224	69,191	-
