Date	Open	High	Low	Close	Volume	Market Cap
07/15/2018	0.013801	0.016612	0.013246	0.014522	27,087	1,057,330
07/14/2018	0.013395	0.014998	0.012710	0.013807	29,617	1,026,250
07/13/2018	0.012998	0.014960	0.012697	0.013413	31,653	995,875
07/12/2018	0.015168	0.015402	0.013631	0.013676	27,979	1,162,110
07/11/2018	0.014707	0.016472	0.014113	0.015170	31,609	1,126,770
07/10/2018	0.016361	0.017701	0.014572	0.014706	27,660	1,253,520
07/09/2018	0.016105	0.018145	0.015096	0.016431	34,086	1,233,860
07/08/2018	0.017554	0.017960	0.013099	0.015062	26,459	1,344,930
07/07/2018	0.016139	0.017677	0.015232	0.017561	26,576	1,236,450
07/06/2018	0.015736	0.017363	0.014864	0.016158	29,376	1,205,650
07/05/2018	0.017132	0.018172	0.015248	0.015741	33,806	1,312,550
07/04/2018	0.017329	0.018683	0.015626	0.017087	34,718	1,327,670
07/03/2018	0.016988	0.019019	0.015714	0.017330	29,885	1,301,540
07/02/2018	0.017409	0.018991	0.015819	0.017045	27,206	1,333,800
07/01/2018	0.017609	0.019547	0.016949	0.017403	27,939	1,349,100
06/30/2018	0.018433	0.020691	0.014824	0.017601	30,158	1,412,210
06/29/2018	0.019050	0.020423	0.014077	0.018410	16,583	1,459,550
06/28/2018	0.016697	0.021366	0.015180	0.019039	21,375	1,279,270
06/27/2018	0.016018	0.016823	0.014639	0.016682	28,489	1,227,250
06/26/2018	0.017063	0.018109	0.016021	0.016039	47,844	1,307,310
06/25/2018	0.017319	0.018137	0.015956	0.017063	33,457	1,326,910
06/24/2018	0.016918	0.018742	0.014851	0.017363	28,522	1,296,150
06/23/2018	0.014699	0.017844	0.014688	0.016921	24,803	1,126,190
06/22/2018	0.017323	0.017330	0.014639	0.014697	65,554	1,327,180
06/21/2018	0.016953	0.018021	0.015822	0.016899	29,489	1,298,870
06/20/2018	0.016548	0.018214	0.015293	0.015990	28,233	1,267,830
06/19/2018	0.017019	0.018055	0.015112	0.016536	26,568	1,303,930
06/18/2018	0.016230	0.018504	0.015057	0.017028	46,419	1,243,490
06/17/2018	0.015765	0.016990	0.014995	0.016195	33,280	1,207,860
06/16/2018	0.016231	0.016699	0.015159	0.015690	33,812	1,243,530
06/15/2018	0.016290	0.017047	0.013795	0.016151	47,620	1,248,070
06/14/2018	0.014126	0.018331	0.012255	0.016458	29,125	1,082,240
06/13/2018	0.013943	0.015021	0.012858	0.014122	32,085	1,068,270
06/12/2018	0.013613	0.017983	0.013318	0.013905	57,340	1,042,930
06/11/2018	0.011593	0.016184	0.011251	0.013339	64,000	888,169
06/10/2018	0.012888	0.013271	0.010186	0.011575	36,599	987,439
06/09/2018	0.012518	0.013447	0.010612	0.012870	45,661	959,031
06/08/2018	0.014701	0.015582	0.012521	0.012521	46,195	1,126,340
06/07/2018	0.016172	0.016397	0.014618	0.014682	123,144	1,239,010
06/06/2018	0.016242	0.017591	0.013862	0.016170	132,558	1,244,360
06/05/2018	0.016392	0.017623	0.014602	0.015775	80,282	1,255,850
06/04/2018	0.014215	0.017405	0.013664	0.016385	63,029	1,089,100
06/03/2018	0.015670	0.016550	0.012671	0.016241	36,051	1,200,570
06/02/2018	0.017106	0.017845	0.014963	0.015830	49,699	1,310,600
06/01/2018	0.017754	0.018942	0.016337	0.017113	55,753	1,360,220
05/31/2018	0.017118	0.019548	0.015891	0.017737	84,726	1,311,470
05/30/2018	0.017677	0.017935	0.015633	0.017126	32,947	1,354,350
05/29/2018	0.016687	0.017816	0.016182	0.017666	30,057	1,278,450
05/28/2018	0.018939	0.019138	0.016297	0.016706	35,016	1,451,030
05/27/2018	0.018387	0.018936	0.015597	0.018936	35,378	1,408,580
05/26/2018	0.019855	0.019855	0.018448	0.018824	35,061	1,521,090
05/25/2018	0.021211	0.023099	0.018780	0.019874	37,265	1,624,970
05/24/2018	0.022359	0.023905	0.019486	0.021179	80,635	1,712,810
05/23/2018	0.023738	0.027137	0.018833	0.022423	43,777	1,818,400
05/22/2018	0.022392	0.038748	0.020189	0.023309	101,359	1,715,330
05/21/2018	0.024105	0.025401	0.021127	0.022405	104,259	1,846,510
05/20/2018	0.022006	0.024529	0.021832	0.024074	39,577	1,685,730
05/19/2018	0.021723	0.023885	0.021436	0.021989	50,964	-
05/18/2018	0.024697	0.026992	0.020083	0.021726	130,474	-
05/17/2018	0.023536	0.031622	0.022648	0.024681	113,758	-
05/16/2018	0.024973	0.026523	0.020295	0.024691	110,684	-
05/15/2018	0.029584	0.030360	0.023839	0.024980	51,916	-
05/14/2018	0.030458	0.031786	0.027700	0.029631	46,080	-
05/13/2018	0.026942	0.032844	0.026369	0.030464	40,105	-
05/12/2018	0.023055	0.034754	0.022930	0.026980	96,747	-
05/11/2018	0.024917	0.033897	0.021768	0.023110	61,255	-
05/10/2018	0.017420	0.034040	0.017228	0.022322	100,240	-
