Date	Open	High	Low	Close	Volume	Market Cap
07/15/2018	0.090599	0.090685	0.090599	0.090684	2	724,794
07/14/2018	0.090185	0.091337	0.089652	0.090622	2	721,482
07/13/2018	0.090269	0.091256	0.089384	0.090437	278	722,148
07/12/2018	0.089346	0.090180	0.088566	0.090180	57	714,772
07/10/2018	0.096407	0.096597	0.091398	0.091569	0	771,259
07/09/2018	0.097217	0.097738	0.095996	0.096475	169	777,736
07/07/2018	0.091628	0.105383	0.091010	0.104124	0	733,020
07/06/2018	0.037980	0.092342	0.036194	0.091895	5	303,843
07/05/2018	0.088597	0.089492	0.037540	0.037634	27	708,779
07/04/2018	0.075413	0.091342	0.073566	0.088409	184	603,307
07/03/2018	0.081095	0.124481	0.073728	0.074779	7	648,762
07/02/2018	0.073492	0.082258	0.072256	0.081098	55	587,939
06/28/2018	0.065694	0.065887	0.065159	0.065560	0	525,552
06/27/2018	0.090570	0.091043	0.064423	0.065671	5	724,557
06/26/2018	0.096505	0.098228	0.090533	0.090533	0	772,041
06/25/2018	0.093615	0.099069	0.093501	0.096505	0	748,919
06/24/2018	0.089219	0.089364	0.063906	0.064994	0	713,753
06/23/2018	0.088786	0.090254	0.088215	0.089231	90	710,285
06/22/2018	0.107461	0.107646	0.097426	0.098928	35	859,691
06/21/2018	0.089833	0.107773	0.088802	0.107580	156	718,664
06/20/2018	0.094843	0.095056	0.086127	0.090084	7	758,746
06/19/2018	0.109797	0.111803	0.092976	0.095062	10	878,374
06/18/2018	0.114190	0.124924	0.109424	0.109703	16	913,516
06/17/2018	0.102586	0.115506	0.101924	0.114518	122	820,684
06/16/2018	0.102817	0.103658	0.102640	0.103642	4	822,537
06/15/2018	0.114405	0.114542	0.102627	0.103194	110	915,244
06/14/2018	0.072673	0.120294	0.072525	0.114595	243	581,383
06/13/2018	0.098679	0.099274	0.071337	0.072705	99	789,435
06/12/2018	0.081751	0.101187	0.074003	0.098424	141	654,010
06/11/2018	0.108382	0.142982	0.080767	0.081955	176	867,059
06/10/2018	0.157613	0.163043	0.111420	0.114751	103	1,260,900
06/09/2018	0.148315	0.164325	0.096019	0.157415	52	1,186,520
06/08/2018	0.115084	0.150094	0.095116	0.148378	223	920,673
06/07/2018	0.175957	0.179274	0.114609	0.114997	25	1,407,650
06/06/2018	0.078831	0.177891	0.078525	0.176155	60	630,649
06/05/2018	0.150320	0.150480	0.076330	0.078852	2	1,202,560
06/04/2018	0.178494	0.178510	0.077107	0.150247	610	1,427,950
06/03/2018	0.138990	0.142391	0.134139	0.134588	0	1,111,920
06/02/2018	0.162112	0.166712	0.138706	0.139332	0	1,296,890
06/01/2018	0.179097	0.179703	0.159956	0.162191	115	1,432,770
05/31/2018	0.174010	0.505188	0.173160	0.179018	105	1,392,080
05/30/2018	0.175642	0.177726	0.163061	0.174042	43	1,405,140
05/29/2018	0.153044	0.190657	0.152203	0.175524	45	1,224,360
05/28/2018	0.227707	0.229750	0.078356	0.153094	569	1,821,660
05/27/2018	0.150262	0.228302	0.148191	0.227654	657	1,202,100
05/26/2018	0.186997	0.204899	0.149389	0.150195	25	1,495,980
05/25/2018	0.167065	0.202627	0.150701	0.187159	1,399	1,336,520
05/24/2018	0.165977	0.198288	0.149313	0.166751	99	1,327,820
05/23/2018	0.148064	0.184165	0.145089	0.166443	4,226	1,184,510
05/22/2018	0.152280	0.152827	0.147383	0.148217	283	1,218,240
05/21/2018	0.187281	0.188488	0.185906	0.186542	92	1,498,250
05/20/2018	0.150605	0.188496	0.145408	0.187048	132	1,204,840
05/19/2018	0.104058	0.184080	0.103507	0.150494	219	832,463
05/18/2018	0.102390	0.104449	0.101910	0.104074	1	819,123
05/17/2018	0.151188	0.152906	0.148909	0.150253	6	1,209,510
05/16/2018	0.223142	0.228595	0.153648	0.156823	7	1,785,140
05/15/2018	0.190838	0.194023	0.185727	0.186721	32	1,526,710
05/14/2018	0.179895	0.194855	0.089283	0.191166	406	1,439,160
05/13/2018	0.067089	0.181245	0.066882	0.179932	298	536,714
05/12/2018	0.158664	0.163181	0.155657	0.162870	315	1,269,310
05/11/2018	0.162706	0.163821	0.158083	0.159132	308	1,301,650
05/10/2018	0.298557	0.341756	0.293401	0.340510	0	2,388,450
05/09/2018	0.317098	0.318538	0.148346	0.297614	376	2,536,790
05/08/2018	0.366066	0.375565	0.064406	0.320021	372	2,928,520
05/07/2018	0.220523	0.431858	0.070468	0.365454	1,363	1,764,190
05/06/2018	0.071247	0.220780	0.070687	0.220586	165	569,975
05/05/2018	0.239514	0.276890	0.210946	0.211279	19	1,916,110
05/04/2018	0.058351	0.278568	0.057262	0.239332	153	466,807
05/03/2018	0.368023	0.394880	0.058055	0.058446	87	2,944,180
05/02/2018	0.203964	0.369362	0.201705	0.367550	59	1,631,710
05/01/2018	0.288365	0.289915	0.162105	0.204170	1,846	2,306,920
04/30/2018	0.194188	0.336007	0.041584	0.288845	437	1,553,510
04/29/2018	0.299550	0.319244	0.235375	0.236676	8	2,396,400
04/28/2018	0.222890	0.312446	0.222319	0.302007	25	1,783,120
04/27/2018	0.256410	0.279301	0.223658	0.223658	2,868	2,051,280
04/26/2018	0.172345	0.275470	0.141680	0.256067	104	1,378,760
04/25/2018	0.206630	0.227141	0.171706	0.171706	32	1,653,040
04/24/2018	0.265071	0.278602	0.163522	0.207273	46	2,120,570
04/23/2018	0.264343	0.265622	0.262378	0.264845	744	2,114,750
04/22/2018	0.211063	0.211438	0.153711	0.157840	3	1,688,500
04/21/2018	0.264373	0.264373	0.206204	0.210885	23	2,114,980
04/20/2018	0.247651	0.266739	0.246231	0.264282	53	1,981,210
04/19/2018	0.235186	0.247663	0.163712	0.247488	225	1,881,490
04/18/2018	0.228039	0.237092	0.227603	0.236386	31	1,824,320
04/17/2018	0.263678	0.323418	0.115298	0.227828	178	2,109,430
04/16/2018	0.211826	0.335156	0.096202	0.263546	709	1,694,610
04/15/2018	0.325894	0.329741	0.089477	0.211915	804	2,607,150
04/14/2018	0.252199	0.328884	0.087175	0.270267	522	2,017,600
04/11/2018	0.261421	0.265631	0.260672	0.265479	7	2,091,370
04/10/2018	0.201950	0.312275	0.188563	0.261170	233	1,615,600
04/09/2018	0.291065	0.298182	0.291065	0.296144	2	2,328,520
04/08/2018	0.290325	0.297947	0.288786	0.290587	2	2,322,600
04/07/2018	0.301867	0.317844	0.206129	0.290063	144	2,414,930
04/06/2018	0.240793	0.306451	0.232825	0.301506	1	1,926,340
04/05/2018	0.314052	0.315440	0.102987	0.242084	128	2,512,420
04/04/2018	0.340337	0.341693	0.311062	0.313920	235	2,722,700
04/03/2018	0.246213	0.346459	0.245419	0.340572	1,631	1,969,710
04/02/2018	0.167558	0.274281	0.156247	0.246038	29	1,340,470
04/01/2018	0.154049	0.172323	0.145287	0.168328	0	1,232,390
03/31/2018	0.111993	0.286107	0.111665	0.154054	35	895,942
03/30/2018	0.240352	0.241499	0.091205	0.111976	32	1,922,820
03/29/2018	0.255357	0.256123	0.209445	0.240951	2	2,042,860
03/28/2018	0.323152	0.328582	0.228930	0.255261	12	2,585,220
03/27/2018	0.332234	0.337229	0.317737	0.323226	34	2,657,870
03/26/2018	0.348349	0.350246	0.278151	0.332737	52	2,786,790
03/25/2018	0.133777	0.355847	0.121981	0.348633	273	1,070,220
03/24/2018	0.119228	0.371379	0.108973	0.156169	641	953,828
03/23/2018	0.288362	0.339638	0.102510	0.117913	431	2,306,900
03/22/2018	0.255164	0.289722	0.248965	0.288369	3	2,041,310
03/21/2018	0.381725	0.390597	0.245049	0.254556	120	3,053,800
03/20/2018	0.284912	0.385852	0.275763	0.381047	407	2,279,290
03/19/2018	0.272062	0.286772	0.269607	0.281768	11	2,176,490
03/17/2018	0.349209	0.352963	0.328717	0.330530	2	2,793,670
03/16/2018	0.415022	0.418350	0.194370	0.348639	91	3,320,170
03/15/2018	0.405182	0.420714	0.400470	0.415474	3	3,241,460
03/13/2018	0.212723	0.219745	0.207265	0.208494	15	1,701,780
03/12/2018	0.404876	0.412187	0.205484	0.212891	22	3,239,010
03/11/2018	0.443360	0.443360	0.361097	0.406155	1,423	3,546,880
03/10/2018	0.470590	0.481397	0.440685	0.445485	0	3,764,720
03/09/2018	0.412208	0.427521	0.372074	0.426656	173	3,297,670
03/08/2018	0.503882	0.516883	0.392976	0.414836	550	4,031,060
03/07/2018	0.494805	0.556089	0.469509	0.503895	2,271	3,958,440
03/06/2018	0.567673	0.573183	0.536248	0.571973	6	4,541,380
03/05/2018	0.574306	0.643607	0.202979	0.569126	18	4,594,450
03/04/2018	0.486421	0.609982	0.473586	0.574858	1,233	3,891,370
03/03/2018	0.468324	0.607719	0.468324	0.487262	50	3,746,590
03/02/2018	0.467330	0.477892	0.463096	0.468897	427	3,738,640
03/01/2018	0.166439	0.585142	0.165142	0.468534	10	1,331,510
02/28/2018	0.650316	0.652831	0.166046	0.166194	167	5,202,530
02/27/2018	0.225783	0.679063	0.224574	0.651084	5,189	1,806,270
02/26/2018	0.317793	0.348783	0.225133	0.225133	31	2,542,350
02/25/2018	0.172350	0.417919	0.169543	0.317387	1,667	1,378,800
02/24/2018	0.163366	0.172945	0.154230	0.172611	34	1,306,930
02/23/2018	0.324881	0.341735	0.316863	0.329482	314	2,599,050
02/22/2018	0.161817	0.443014	0.159822	0.325185	318	1,294,530
02/21/2018	0.468574	0.474469	0.157855	0.161966	22	3,748,590
02/20/2018	0.461282	0.492201	0.109111	0.468547	75	3,690,250
02/19/2018	0.466611	0.748874	0.452775	0.460983	5,162	3,732,890
02/18/2018	0.410931	0.499615	0.378281	0.468810	172	3,287,450
02/17/2018	0.537848	0.564503	0.332404	0.409676	280	4,302,780
02/16/2018	0.650615	0.663809	0.508560	0.537889	204	5,204,920
02/15/2018	0.326718	0.685164	0.326136	0.650258	1,019	2,613,740
02/14/2018	0.347531	0.358545	0.250883	0.327488	667	2,780,250
02/13/2018	0.529582	0.531991	0.344405	0.348054	117	4,236,650
02/12/2018	0.568354	0.621665	0.513989	0.528620	116	4,546,830
02/11/2018	0.596170	0.596170	0.171415	0.564789	4,443	4,769,360
02/10/2018	0.651192	0.754323	0.237897	0.596709	1,790	5,209,540
02/09/2018	0.614171	0.653149	0.512156	0.650727	225	4,913,370
02/08/2018	0.516394	0.628976	0.320324	0.612288	917	4,131,150
02/07/2018	0.495142	0.648937	0.262333	0.518467	2,815	3,961,130
02/06/2018	0.358190	0.502073	0.147966	0.499672	1,870	2,865,520
02/05/2018	0.356013	0.416065	0.344000	0.357738	122	2,848,110
02/04/2018	0.642089	0.642089	0.345081	0.356869	71	5,136,710
02/03/2018	0.739062	0.788310	0.631232	0.641742	564	5,912,490
02/02/2018	0.496277	0.741518	0.414199	0.736548	2,653	3,970,210
02/01/2018	0.603353	0.606531	0.452316	0.497963	846	4,826,820
01/31/2018	0.631124	0.646864	0.543141	0.602205	2,794	5,048,990
01/30/2018	0.730128	0.872760	0.587139	0.630103	5,184	5,841,020
01/29/2018	0.907893	0.916858	0.588431	0.729570	1,969	7,263,150
01/28/2018	1.02	1.15	0.705762	0.910352	1,673	8,150,100
01/27/2018	0.924173	1.04	0.911047	1.02	3,116	7,393,380
01/26/2018	1.21	1.26	0.861363	0.924378	1,332	9,713,580
01/25/2018	1.13	1.25	0.958465	1.21	4,399	9,029,430
01/24/2018	0.824340	1.13	0.807115	1.12	1,326	6,594,720
01/23/2018	0.960585	0.970925	0.642635	0.824593	3,910	7,684,680
01/22/2018	1.08	1.10	0.902445	0.963135	3,207	8,669,450
01/21/2018	1.22	1.22	1.04	1.08	671	9,733,150
01/20/2018	1.20	1.41	0.967483	1.21	4,668	9,619,260
01/19/2018	1.16	1.50	0.880250	1.19	10,651	9,308,620
01/18/2018	1.57	1.69	0.897288	1.18	19,449	12,591,900
01/17/2018	0.841725	1.38	0.726004	1.34	12,443	6,733,800
01/16/2018	1.57	1.57	0.745741	0.845764	5,540	12,591,400
01/15/2018	1.98	1.99	1.57	1.57	5,730	15,800,600
01/14/2018	1.59	2.00	1.36	1.99	13,359	12,685,300
01/13/2018	1.97	2.20	1.57	1.58	29,170	15,798,200
01/12/2018	1.97	2.02	1.48	1.98	15,420	15,730,400
01/11/2018	2.46	2.47	1.59	1.95	46,609	19,715,000
01/10/2018	1.00	2.73	1.00	2.45	123,472	8,004,930
01/09/2018	1.04	1.06	0.844348	0.999308	6,687	8,305,890
01/08/2018	1.10	1.10	0.378682	1.04	10,379	8,765,170
01/07/2018	0.453347	1.11	0.442801	1.10	24,488	3,626,770
01/06/2018	0.391119	0.454664	0.379313	0.454664	3,689	3,128,960
01/05/2018	0.348437	0.394119	0.343174	0.390808	1,495	2,787,500
01/04/2018	0.529310	0.529310	0.260145	0.348368	992	4,234,480
01/03/2018	0.343028	0.605747	0.343028	0.526585	1,075	2,744,220
01/02/2018	0.462117	0.511387	0.327126	0.343724	230	3,696,930
01/01/2018	0.322989	0.468188	0.311209	0.462182	4,933	2,583,910
12/31/2017	0.268054	0.326576	0.256863	0.321745	8,669	2,144,430
12/30/2017	0.189077	0.275904	0.141455	0.270769	2,175	1,512,620
12/29/2017	0.170363	0.191519	0.156041	0.189554	1,291	1,362,900
12/28/2017	0.249215	0.327917	0.161751	0.168617	3,788	1,993,720
12/27/2017	0.148732	0.302243	0.134679	0.242489	971	1,189,850
12/26/2017	0.200987	0.211862	0.143137	0.148575	305	1,607,900
12/25/2017	0.104965	0.202354	0.099869	0.201193	48	839,723
12/24/2017	0.194411	0.194411	0.104024	0.104537	13	1,555,290
12/23/2017	0.165180	0.208406	0.152220	0.192288	38	1,321,440
12/22/2017	0.147456	0.177028	0.110430	0.163635	589	1,179,650
12/21/2017	0.263121	0.276575	0.134567	0.147103	232	2,104,970
12/20/2017	0.158569	0.266904	0.144364	0.262811	789	1,268,550
12/19/2017	0.180247	0.226726	0.153463	0.158725	2,683	1,441,970
12/18/2017	0.182413	0.191752	0.168808	0.179958	184	1,459,300
12/17/2017	0.203517	0.221836	0.180225	0.181896	1,486	1,628,130
12/16/2017	0.272451	0.275974	0.193762	0.203494	377	2,179,610
12/15/2017	0.208968	0.276076	0.166464	0.272066	426	1,671,740
12/14/2017	0.221166	0.322406	0.202251	0.209153	198	1,769,330
12/13/2017	0.241008	0.301843	0.203430	0.219357	32	1,928,060
12/12/2017	0.285242	0.285242	0.225311	0.241211	1,298	2,281,930
12/11/2017	0.206025	0.399262	0.204810	0.284372	1,542	1,648,200
12/10/2017	0.016842	0.448474	0.014827	0.207214	1,635	134,736
12/09/2017	0.286729	0.318537	0.015169	0.016774	28	2,293,830
12/08/2017	0.430619	0.430619	0.268128	0.287386	10	3,444,950
12/07/2017	0.138046	0.171729	0.136280	0.170674	131	1,104,360
12/06/2017	0.293452	0.329105	0.131837	0.138283	547	2,347,620
12/05/2017	0.127557	0.295202	0.126630	0.293935	784	1,020,450
12/04/2017	0.147042	0.150892	0.121403	0.127306	49	1,176,340
12/03/2017	0.153373	0.193124	0.138568	0.146572	47	1,226,980
12/02/2017	0.151473	0.154964	0.145370	0.153228	78	1,211,790
12/01/2017	0.194667	0.228330	0.145851	0.151592	715	1,557,340
11/30/2017	0.106046	0.158918	0.103972	0.147711	9	848,365
11/29/2017	0.178712	0.197188	0.104105	0.104453	83	1,429,700
11/28/2017	0.141453	0.207029	0.140086	0.178890	85	1,131,620
11/27/2017	0.135258	0.141326	0.135258	0.141087	135	1,082,060
11/26/2017	0.152143	0.179252	0.129617	0.135232	603	1,217,140
11/25/2017	0.164199	0.169323	0.084393	0.152193	42	1,313,590
11/24/2017	0.119489	0.165427	0.117476	0.164532	524	955,911
11/23/2017	0.180945	0.181829	0.092656	0.119519	392	1,447,560
11/22/2017	0.186700	0.270618	0.130064	0.181003	932	1,493,600
11/21/2017	0.263885	0.263974	0.151597	0.186247	1,615	2,111,080
11/20/2017	0.141254	0.264386	0.139565	0.263941	172	1,130,030
11/19/2017	0.194751	0.282766	0.140047	0.141320	4,050	1,558,000
11/18/2017	0.244383	0.264222	0.195053	0.195112	308	1,955,060
11/17/2017	0.275702	0.281423	0.188957	0.245233	2,879	2,205,620
11/16/2017	0.254072	0.281394	0.241065	0.276157	14	2,032,580
11/15/2017	0.082645	0.335065	0.082645	0.252802	7,215	661,160
11/14/2017	0.162488	0.167218	0.081667	0.082588	26	1,299,900
11/13/2017	0.262173	0.396427	0.158074	0.162144	96	2,097,380
11/12/2017	0.157091	0.164055	0.066477	0.150926	224	1,256,730
11/11/2017	0.065880	0.163722	0.065800	0.157154	287	527,041
11/10/2017	0.184362	0.186104	0.066115	0.066115	120	1,474,900
11/09/2017	0.124930	0.124930	0.001417	0.001419	0	999,439
11/08/2017	0.152239	0.163029	0.121184	0.125059	1,008	1,217,910
11/07/2017	0.061431	0.152972	0.049819	0.152882	357	491,449
11/06/2017	0.125982	0.131204	0.061170	0.061492	196	1,007,850
11/05/2017	0.090556	0.468562	0.087032	0.125806	774	724,447
11/04/2017	0.149645	0.153236	0.090773	0.090773	13	1,197,160
11/03/2017	0.110624	0.150305	0.106756	0.150035	449	884,992
11/02/2017	0.142709	0.145797	0.106872	0.110430	375	1,141,670
11/01/2017	0.127826	0.158266	0.126113	0.145008	53	1,022,610
10/31/2017	0.111434	0.138756	0.111244	0.127915	476	891,473
10/30/2017	0.123816	0.124144	0.110780	0.111764	77	990,526
10/29/2017	0.084281	0.148201	0.084171	0.124539	70	674,247
10/28/2017	0.107438	0.108875	0.080131	0.084418	63	859,502
10/27/2017	0.118141	0.120291	0.104478	0.107160	102	945,126
10/26/2017	0.104133	0.118539	0.091596	0.118114	600	833,068
10/25/2017	0.081106	0.121038	0.079392	0.104539	176	648,850
10/24/2017	0.110480	0.110480	0.080639	0.081029	43	883,844
10/23/2017	0.111598	0.113189	0.107619	0.110721	115	892,788
10/22/2017	0.060442	0.061722	0.053269	0.053269	1	483,538
10/21/2017	0.086898	0.142867	0.060267	0.060471	126	695,183
10/20/2017	0.091027	0.189548	0.065790	0.087121	123	728,214
10/19/2017	0.119622	0.169329	0.090854	0.091021	103	956,972
10/18/2017	0.139988	0.139993	0.098734	0.119771	64	1,119,900
10/17/2017	0.112553	0.141812	0.109190	0.139977	216	900,422
10/16/2017	0.102747	0.188723	0.102747	0.112535	190	821,976
10/15/2017	0.137958	0.145810	0.095846	0.102743	1,015	1,103,660
10/14/2017	0.139172	0.143409	0.135673	0.137775	151	1,113,370
10/13/2017	0.256303	0.274988	0.134273	0.136731	94	2,050,420
10/12/2017	0.370774	0.376068	0.185777	0.255969	725	2,966,190
10/11/2017	0.141292	0.375436	0.140532	0.370471	692	1,130,330
10/10/2017	0.079926	0.142711	0.054943	0.140828	114	639,411
10/09/2017	0.091277	0.093073	0.050938	0.080108	174	730,218
10/08/2017	0.130264	0.160241	0.091104	0.091256	659	1,042,110
10/07/2017	0.087477	0.130857	0.086518	0.130613	425	699,814
10/06/2017	0.147932	0.190269	0.086430	0.086430	17	1,183,460
10/05/2017	0.225696	0.225871	0.150796	0.156207	982	1,805,570
10/04/2017	0.215333	0.391838	0.214095	0.225576	393	1,722,670
10/03/2017	0.156855	0.215079	0.154822	0.214836	385	1,254,840
10/02/2017	0.176028	0.312502	0.156038	0.156942	46	1,408,220
10/01/2017	0.302202	0.302927	0.172824	0.176105	92	2,417,620
09/30/2017	0.184103	0.304807	0.183954	0.301991	65	1,472,830
09/29/2017	0.350477	0.351648	0.173111	0.184083	491	2,803,820
09/28/2017	0.349591	0.353790	0.340828	0.350746	399	2,796,730
09/27/2017	0.155544	0.374554	0.131157	0.349662	420	1,244,350
09/26/2017	0.187930	0.257257	0.128386	0.155979	21	1,503,440
09/25/2017	0.220342	0.290842	0.165089	0.187922	1,116	1,762,740
09/24/2017	0.227343	0.227343	0.183325	0.220566	83	1,818,750
09/23/2017	0.265530	0.280433	0.225510	0.227364	563	2,124,240
09/22/2017	0.255016	0.267549	0.214831	0.265954	2,226	-
09/21/2017	0.300758	0.308023	0.249056	0.254855	3,891	-
09/20/2017	0.293477	0.313663	0.288328	0.302221	3,668	-
09/19/2017	0.304206	0.305725	0.279770	0.293872	24	-
09/18/2017	0.515641	0.577547	0.088580	0.303117	262	-
09/17/2017	0.373277	0.527330	0.350251	0.516672	14,128	-
09/16/2017	0.253907	0.437012	0.248466	0.372779	3,424	-
