Date	Open	High	Low	Close	Volume	Market Cap
07/15/2018	0.021116	0.021356	0.020281	0.020282	1,332	13,076,300
07/14/2018	0.019312	0.021256	0.019223	0.021136	4,255	11,959,300
07/13/2018	0.020963	0.021242	0.018637	0.019275	3,346	12,981,600
07/12/2018	0.021741	0.021741	0.020592	0.020902	884	13,463,600
07/11/2018	0.025636	0.026065	0.021071	0.021741	12,883	15,875,500
07/10/2018	0.026258	0.026362	0.024117	0.025635	1,075	16,260,900
07/09/2018	0.033334	0.033528	0.026001	0.026278	18,072	20,642,600
07/08/2018	0.041674	0.042820	0.032455	0.033339	66,540	25,807,200
07/07/2018	0.045703	0.046094	0.035512	0.041639	44,741	28,302,200
07/06/2018	0.028905	0.050484	0.028120	0.045721	28,054	17,900,000
07/05/2018	0.023753	0.028969	0.020223	0.028919	5,989	14,709,500
07/04/2018	0.023558	0.025385	0.023105	0.023670	1,042	14,588,800
07/03/2018	0.027290	0.027290	0.023504	0.023547	2,873	16,899,600
07/02/2018	0.021868	0.027727	0.021754	0.027268	13,982	13,542,400
07/01/2018	0.022286	0.022361	0.021452	0.021852	374	13,801,100
06/30/2018	0.021471	0.022322	0.018827	0.022264	2,305	13,296,500
06/29/2018	0.022424	0.022629	0.020306	0.021458	3,388	13,886,500
06/28/2018	0.022428	0.024168	0.021593	0.022416	6,745	13,888,900
06/27/2018	0.021035	0.022614	0.020893	0.022387	6,554	13,026,600
06/26/2018	0.022643	0.025108	0.021076	0.021107	19,699	14,021,800
06/25/2018	0.021757	0.023175	0.018980	0.022643	11,249	13,473,700
06/24/2018	0.018275	0.022060	0.017374	0.021847	30,069	11,317,200
06/23/2018	0.015753	0.018525	0.015384	0.018280	4,348	9,755,510
06/22/2018	0.018660	0.022711	0.015382	0.015743	4,711	11,555,600
06/21/2018	0.026200	0.026628	0.018573	0.018665	1,409	16,224,600
06/20/2018	0.027314	0.027314	0.018251	0.026214	13,319	16,914,600
06/19/2018	0.026448	0.028958	0.021631	0.027296	20,778	16,378,600
06/18/2018	0.027227	0.028954	0.026070	0.026464	43,132	16,860,500
06/17/2018	0.026177	0.027231	0.022920	0.027231	5,174	16,210,600
06/16/2018	0.026001	0.026932	0.025627	0.026180	5,681	16,101,500
06/15/2018	0.030683	0.030814	0.025823	0.026072	15,457	19,001,100
06/14/2018	0.028979	0.031933	0.026120	0.031156	13,933	17,945,900
06/13/2018	0.031032	0.031790	0.026312	0.028910	10,501	19,217,000
06/12/2018	0.025142	0.035148	0.024915	0.030909	11,456	15,569,400
06/11/2018	0.025566	0.027459	0.024137	0.025132	4,726	15,832,300
06/10/2018	0.029485	0.032067	0.023866	0.025522	14,487	18,259,300
06/09/2018	0.029481	0.032503	0.028696	0.029427	34,996	18,256,900
06/08/2018	0.028795	0.030221	0.025628	0.029473	16,556	17,831,700
06/07/2018	0.027023	0.030023	0.025354	0.028746	17,485	16,734,300
06/06/2018	0.028288	0.030379	0.026307	0.027031	19,331	17,517,800
06/05/2018	0.023609	0.029173	0.023094	0.028345	17,626	14,620,400
06/04/2018	0.023775	0.027744	0.022314	0.023611	13,158	14,723,100
06/03/2018	0.024253	0.029347	0.017951	0.023811	32,650	15,018,800
06/02/2018	0.026235	0.028260	0.024284	0.024284	13,122	16,246,300
06/01/2018	0.027866	0.032654	0.025610	0.026240	16,934	17,256,400
05/31/2018	0.027463	0.029008	0.026218	0.027806	20,296	17,006,800
05/30/2018	0.033640	0.033841	0.023443	0.027489	20,617	20,831,800
05/29/2018	0.032794	0.035223	0.030167	0.033619	23,793	-
05/28/2018	0.035375	0.037023	0.032052	0.032889	19,443	-
05/27/2018	0.039635	0.040065	0.034826	0.035377	32,710	-
05/26/2018	0.040354	0.041819	0.036281	0.039558	24,716	-
05/25/2018	0.038524	0.047120	0.035874	0.040348	44,461	-
05/24/2018	0.041155	0.043625	0.035920	0.038483	39,613	-
05/23/2018	0.045151	0.047756	0.039365	0.041341	41,275	-
05/22/2018	0.052285	0.053643	0.044622	0.045241	39,241	-
05/21/2018	0.056824	0.058987	0.052297	0.052395	31,483	-
05/20/2018	0.059268	0.059901	0.052037	0.056751	33,483	-
05/19/2018	0.049714	0.085693	0.044435	0.059218	60,815	-
05/18/2018	0.048608	0.049928	0.043993	0.049713	29,716	-
05/17/2018	0.048519	0.051280	0.047925	0.048656	34,002	-
05/16/2018	0.046077	0.051536	0.041369	0.048461	39,337	-
05/15/2018	0.052094	0.054599	0.045066	0.046055	98,805	-
05/14/2018	0.058032	0.058140	0.044372	0.052167	104,847	-
05/13/2018	0.049381	0.059990	0.045103	0.058056	124,409	-
05/12/2018	0.060423	0.079861	0.042390	0.049480	124,243	-
05/11/2018	0.044972	0.069267	0.044112	0.060531	132,487	-
05/10/2018	0.049751	0.049751	0.037844	0.044939	93,513	-
05/09/2018	0.049008	0.050282	0.042342	0.049704	99,644	-
05/08/2018	0.054579	0.055911	0.038174	0.049069	45,450	-
05/07/2018	0.055397	0.067208	0.047895	0.054226	33,893	-
05/06/2018	0.060701	0.070712	0.046296	0.055366	49,155	-
05/05/2018	0.073002	0.077510	0.058339	0.060075	113,829	-
05/04/2018	0.078974	0.078974	0.031574	0.072929	133,517	-
05/03/2018	0.081822	0.083978	0.063521	0.079231	142,925	-
05/02/2018	0.085656	0.086037	0.079814	0.081830	24,086	-
05/01/2018	0.089255	0.099556	0.076862	0.085904	73,573	-
04/30/2018	0.094760	0.104266	0.081732	0.088963	43,695	-
04/29/2018	0.077120	0.099118	0.074723	0.094749	77,114	-
04/28/2018	0.095336	0.099139	0.074482	0.077111	125,332	-
04/27/2018	0.089880	0.102833	0.084116	0.096162	176,562	-
04/26/2018	0.081499	0.103848	0.077242	0.092055	179,405	-
04/25/2018	0.085592	0.085592	0.071281	0.080726	123,802	-
04/24/2018	0.105997	0.110568	0.059492	0.085622	77,994	-
04/23/2018	0.117544	0.132647	0.076681	0.105994	338,396	-
04/22/2018	0.087243	0.186201	0.086704	0.117982	47,385	-
04/21/2018	0.046893	0.087951	0.045766	0.087243	202,625	-
04/20/2018	0.057703	0.063884	0.046702	0.046923	153,905	-
