Date	Open	High	Low	Close	Volume	Market Cap
07/15/2018	0.000281	0.000315	0.000190	0.000313	18	44,894
07/14/2018	0.000289	0.000299	0.000258	0.000281	25	46,317
07/13/2018	0.000373	0.000375	0.000237	0.000290	136	59,719
07/12/2018	0.000288	0.000378	0.000285	0.000373	32	46,085
07/11/2018	0.000311	0.000315	0.000269	0.000288	2	49,745
07/10/2018	0.000342	0.000461	0.000311	0.000311	22	54,723
07/09/2018	0.000366	0.000367	0.000264	0.000342	5	58,527
07/08/2018	0.000453	0.000454	0.000365	0.000366	13	72,458
07/07/2018	0.000396	0.000455	0.000317	0.000453	66	63,354
07/06/2018	0.000327	0.000397	0.000323	0.000397	122	52,290
07/05/2018	0.000330	0.000333	0.000324	0.000327	48	52,769
07/04/2018	0.000325	0.000402	0.000322	0.000329	106	52,002
07/03/2018	0.000325	0.000331	0.000324	0.000325	331	51,938
07/02/2018	0.000277	0.000328	0.000261	0.000326	328	44,382
07/01/2018	0.000255	0.000319	0.000253	0.000277	32	40,879
06/30/2018	0.000310	0.000310	0.000189	0.000255	218	49,639
06/29/2018	0.000326	0.000329	0.000293	0.000310	30	52,146
06/28/2018	0.000367	0.000369	0.000324	0.000326	12	58,790
06/27/2018	0.000258	0.000369	0.000256	0.000367	556	41,259
06/26/2018	0.000371	0.000372	0.000258	0.000258	95	59,402
06/25/2018	0.000305	0.000373	0.000296	0.000371	525	48,876
06/24/2018	0.000308	0.000309	0.000178	0.000306	488	49,334
06/23/2018	0.000329	0.000335	0.000254	0.000308	1	52,702
06/22/2018	0.000236	0.000381	0.000233	0.000329	115	37,807
06/21/2018	0.000426	0.000685	0.000236	0.000237	146	68,203
06/20/2018	0.000375	0.000433	0.000365	0.000426	83	59,935
06/19/2018	0.000404	0.000405	0.000336	0.000374	78	64,610
06/18/2018	0.000259	0.000407	0.000257	0.000404	1	41,454
06/17/2018	0.000522	0.000526	0.000259	0.000260	139	83,558
06/16/2018	0.000385	0.000526	0.000385	0.000521	5	61,652
06/15/2018	0.000461	0.000461	0.000328	0.000387	31	73,736
06/14/2018	0.000430	0.000502	0.000378	0.000462	55	68,728
06/13/2018	0.000395	0.000524	0.000334	0.000430	45	63,197
06/12/2018	0.000482	0.000482	0.000390	0.000394	2	77,140
06/11/2018	0.000410	0.000485	0.000339	0.000482	30	65,611
06/10/2018	0.000525	0.000525	0.000394	0.000409	0	84,060
06/09/2018	0.000534	0.000538	0.000525	0.000525	1	85,424
06/08/2018	0.000538	0.000565	0.000382	0.000534	52	86,044
06/07/2018	0.000536	0.000542	0.000536	0.000537	2	85,756
06/06/2018	0.000510	0.000538	0.000390	0.000535	110	81,658
06/05/2018	0.000290	0.000522	0.000281	0.000511	58	46,367
06/04/2018	0.000581	0.000583	0.000258	0.000290	338	92,953
06/03/2018	0.000464	0.000591	0.000462	0.000581	102	74,218
06/02/2018	0.000553	0.000566	0.000463	0.000464	53	88,476
06/01/2018	0.000549	0.000800	0.000548	0.000553	164	87,863
05/31/2018	0.000445	0.000549	0.000443	0.000549	318	71,213
05/30/2018	0.000523	0.000524	0.000395	0.000445	99	83,604
05/29/2018	0.000567	0.000596	0.000520	0.000522	33	90,766
05/28/2018	0.000574	0.000578	0.000517	0.000567	92	91,837
05/27/2018	0.000514	0.000587	0.000505	0.000574	100	82,163
05/26/2018	0.000593	0.000598	0.000511	0.000513	824	94,879
05/25/2018	0.000537	0.000594	0.000444	0.000594	155	85,993
05/24/2018	0.000656	0.000680	0.000535	0.000536	11	104,922
05/23/2018	0.000640	0.000658	0.000485	0.000657	429	102,444
05/22/2018	0.000605	0.000668	0.000598	0.000641	95	96,776
05/21/2018	0.000613	0.000814	0.000598	0.000605	108	98,003
05/20/2018	0.000671	0.001016	0.000610	0.000612	875	107,418
05/19/2018	0.000815	0.000824	0.000610	0.000671	201	130,326
05/18/2018	0.000646	0.000815	0.000637	0.000815	58	103,399
05/17/2018	0.000741	0.000829	0.000642	0.000646	294	118,489
05/16/2018	0.000741	0.000775	0.000662	0.000760	101	118,559
05/15/2018	0.000816	0.000823	0.000618	0.000741	292	130,570
05/14/2018	0.000956	0.000958	0.000692	0.000817	785	152,949
05/13/2018	0.000908	0.001073	0.000715	0.000956	1,522	145,271
05/12/2018	0.000756	0.000990	0.000754	0.000908	735	120,887
05/11/2018	0.000895	0.000895	0.000753	0.000758	72	143,188
05/10/2018	0.000931	0.000938	0.000732	0.000894	1,001	149,021
05/09/2018	0.001012	0.001111	0.000822	0.000932	2,921	161,905
05/08/2018	0.001128	0.001136	0.000906	0.001013	3,671	180,550
05/07/2018	0.001249	0.001390	0.001037	0.001126	6,339	199,870
05/06/2018	0.001081	0.001608	0.000953	0.001248	17,401	172,944
05/05/2018	0.001154	0.001185	0.000878	0.001080	4,653	184,632
05/04/2018	0.000742	0.001179	0.000728	0.001154	4,542	118,732
05/03/2018	0.000889	0.000975	0.000663	0.000742	983	142,291
05/02/2018	0.000808	0.000893	0.000727	0.000889	555	129,323
05/01/2018	0.000924	0.000924	0.000760	0.000809	276	147,853
04/30/2018	0.000821	0.000935	0.000732	0.000923	69	131,310
04/29/2018	0.000748	0.000831	0.000736	0.000821	42	119,622
04/28/2018	0.000818	0.001036	0.000742	0.000748	254	130,940
04/27/2018	0.000827	0.000890	0.000745	0.000821	1,642	132,335
04/26/2018	0.000798	0.001117	0.000778	0.000826	575	127,627
04/25/2018	0.000824	0.000980	0.000767	0.000791	1,291	131,905
04/24/2018	0.000971	0.001108	0.000821	0.000830	200	155,410
04/23/2018	0.000702	0.001044	0.000702	0.000970	306	112,399
04/22/2018	0.000893	0.000988	0.000700	0.000704	834	142,853
04/21/2018	0.000962	0.000964	0.000866	0.000893	133	153,878
04/20/2018	0.001032	0.001071	0.000904	0.000961	645	165,102
04/19/2018	0.001002	0.001087	0.000959	0.001031	616	160,389
04/18/2018	0.000990	0.001051	0.000811	0.001002	802	158,376
04/17/2018	0.001045	0.001057	0.000986	0.000989	30	167,196
04/16/2018	0.001001	0.001046	0.000730	0.001044	192	160,229
04/15/2018	0.000880	0.001021	0.000661	0.001002	889	140,822
04/14/2018	0.000725	0.000899	0.000723	0.000879	84	116,063
04/13/2018	0.000950	0.001015	0.000485	0.000725	1,282	152,031
04/12/2018	0.000834	0.000953	0.000759	0.000949	42	133,371
04/11/2018	0.000783	0.000971	0.000751	0.000836	1,110	125,202
04/10/2018	0.000744	0.000791	0.000732	0.000782	125	118,983
04/09/2018	0.000810	0.000826	0.000728	0.000743	103	129,538
04/08/2018	0.000707	0.000849	0.000707	0.000808	705	113,155
04/07/2018	0.000685	0.000832	0.000684	0.000707	788	109,669
04/06/2018	0.000797	0.000802	0.000653	0.000685	75	127,493
04/05/2018	0.000684	0.000844	0.000662	0.000801	262	109,485
04/04/2018	0.000957	0.000957	0.000616	0.000684	75	153,175
04/03/2018	0.000718	0.000963	0.000715	0.000958	93	114,803
04/02/2018	0.000761	0.000834	0.000709	0.000717	73	121,712
04/01/2018	0.000945	0.000961	0.000606	0.000757	304	151,202
03/31/2018	0.000808	0.001059	0.000668	0.000945	572	129,287
03/30/2018	0.000813	0.000818	0.000679	0.000808	129	130,120
03/29/2018	0.000874	0.000952	0.000812	0.000815	200	139,766
03/28/2018	0.000779	0.000891	0.000756	0.000873	436	124,589
03/27/2018	0.000822	0.000825	0.000639	0.000779	225	131,599
03/26/2018	0.001040	0.001049	0.000793	0.000824	702	166,453
03/25/2018	0.000953	0.001470	0.000799	0.001041	4,125	152,558
03/24/2018	0.000891	0.001006	0.000845	0.000967	75	142,590
03/23/2018	0.000892	0.000936	0.000834	0.000878	93	142,739
03/22/2018	0.000819	0.001136	0.000757	0.000892	135	130,990
03/21/2018	0.000763	0.000984	0.000740	0.000820	243	122,133
03/20/2018	0.001104	0.001104	0.000727	0.000762	463	176,717
03/19/2018	0.000896	0.001094	0.000896	0.001092	155	143,407
03/18/2018	0.000904	0.000904	0.000659	0.000900	696	144,709
03/17/2018	0.000975	0.001154	0.000756	0.000907	1,079	156,067
03/16/2018	0.000854	0.001060	0.000803	0.000974	328	136,592
03/15/2018	0.001231	0.001318	0.000258	0.000854	3,229	196,970
03/14/2018	0.001671	0.001750	0.001199	0.001232	483	267,303
03/13/2018	0.001507	0.002291	0.001499	0.001671	3,329	241,198
03/12/2018	0.000859	0.002039	0.000817	0.001623	9,182	137,438
03/11/2018	0.001053	0.001264	0.000850	0.000862	551	168,485
03/10/2018	0.001047	0.001129	0.000930	0.001057	408	167,529
03/09/2018	0.001022	0.001238	0.000849	0.001047	341	163,564
03/08/2018	0.000998	0.001323	0.000965	0.001029	215	159,712
03/07/2018	0.001072	0.001405	0.000954	0.001000	66	171,503
03/06/2018	0.001151	0.001642	0.001061	0.001073	192	184,084
03/05/2018	0.001925	0.001935	0.001154	0.001154	770	307,942
03/04/2018	0.001716	0.001954	0.001452	0.001926	127	274,556
03/03/2018	0.001433	0.001799	0.001375	0.001719	1,934	229,203
03/02/2018	0.001438	0.001661	0.001408	0.001434	757	230,026
03/01/2018	0.001342	0.001443	0.001332	0.001441	27	214,761
02/28/2018	0.001508	0.001732	0.001339	0.001340	441	241,280
02/27/2018	0.001450	0.001535	0.001392	0.001510	248	231,969
02/26/2018	0.001626	0.001661	0.001332	0.001446	280	260,223
02/25/2018	0.001357	0.001698	0.000932	0.001624	3,627	217,191
02/24/2018	0.001218	0.001362	0.001128	0.001360	197	194,816
02/23/2018	0.001280	0.001345	0.001191	0.001219	94	204,730
02/22/2018	0.001361	0.001527	0.001279	0.001281	628	217,683
02/21/2018	0.001137	0.001433	0.001093	0.001362	338	181,858
02/20/2018	0.001563	0.001628	0.001126	0.001138	185	250,045
02/19/2018	0.001253	0.001758	0.000847	0.001561	1,365	200,483
02/18/2018	0.001961	0.001961	0.001069	0.001259	2,196	313,742
02/17/2018	0.001631	0.001977	0.001610	0.001955	215	260,998
02/16/2018	0.001515	0.001824	0.001469	0.001632	121	242,367
02/15/2018	0.001856	0.001890	0.001357	0.001521	349	297,013
02/14/2018	0.001588	0.002055	0.001407	0.001857	115	254,076
02/13/2018	0.001424	0.002689	0.001298	0.001593	391	227,777
02/12/2018	0.001601	0.003929	0.001310	0.001421	690	256,212
02/11/2018	0.001069	0.001715	0.000997	0.001591	173	171,060
02/10/2018	0.001651	0.001688	0.000990	0.001070	211	264,142
02/09/2018	0.001487	0.001742	0.001323	0.001650	381	237,920
02/08/2018	0.001436	0.001888	0.001394	0.001482	1,595	229,775
02/07/2018	0.001424	0.001807	0.001348	0.001442	692	227,815
02/06/2018	0.001126	0.001583	0.001062	0.001437	910	180,094
02/05/2018	0.001952	0.002726	0.001095	0.001124	1,829	312,283
02/04/2018	0.001772	0.002302	0.001558	0.001971	820	283,533
02/03/2018	0.001995	0.002310	0.001580	0.001771	1,570	319,251
02/02/2018	0.002345	0.002345	0.001657	0.001988	1,196	375,193
02/01/2018	0.001973	0.002386	0.001704	0.002352	996	315,699
01/31/2018	0.001912	0.002234	0.001659	0.001969	815	305,863
01/30/2018	0.002661	0.002761	0.001904	0.001909	1,630	425,815
01/29/2018	0.002801	0.002896	0.002441	0.002705	3,236	448,151
01/28/2018	0.002060	0.002895	0.001925	0.002804	4,395	329,630
01/27/2018	0.002782	0.003051	0.001767	0.002161	3,346	445,123
01/26/2018	0.002786	0.002903	0.002509	0.002784	2,489	445,770
01/25/2018	0.002585	0.003509	0.002562	0.002793	3,313	413,659
01/24/2018	0.002877	0.003460	0.002360	0.002544	5,537	460,384
01/23/2018	0.002501	0.003230	0.001758	0.002630	3,515	400,144
01/22/2018	0.003893	0.004127	0.002343	0.002507	3,785	622,842
01/21/2018	0.004607	0.004961	0.002432	0.003852	7,856	737,147
01/20/2018	0.004568	0.011984	0.003784	0.004597	58	730,889
01/19/2018	0.003529	0.009647	0.003503	0.004519	7,041	564,662
01/18/2018	0.002959	0.003768	0.002642	0.003565	5,286	473,382
01/17/2018	0.003854	0.004135	0.002722	0.002945	6,850	616,691
01/16/2018	0.005445	0.005445	0.002850	0.003873	16,882	871,159
01/15/2018	0.005022	0.006870	0.004305	0.005447	8,696	803,448
01/14/2018	0.006589	0.007718	0.005133	0.005154	26,460	1,054,170
01/13/2018	0.005600	0.018478	0.004853	0.006586	22,849	896,060
01/12/2018	0.005050	0.008528	0.003536	0.005607	29,175	808,011
01/11/2018	0.006018	0.006122	0.002949	0.004625	20,758	962,884
01/10/2018	0.007085	0.007538	0.004521	0.006025	39,040	1,133,650
01/09/2018	0.004062	0.008536	0.004050	0.007023	70,567	649,965
01/08/2018	0.003597	0.004143	0.002876	0.003935	47,567	575,596
01/07/2018	0.002586	0.003621	0.001720	0.003599	36,356	413,699
01/06/2018	0.001387	0.002764	0.001220	0.002588	33,705	221,948
01/05/2018	0.001208	0.001556	0.000956	0.001386	11,717	193,335
01/04/2018	0.001061	0.001368	0.000898	0.001208	9,669	169,813
01/03/2018	0.000753	0.001070	0.000596	0.001056	8,144	120,553
01/02/2018	0.000608	0.000761	0.000538	0.000755	3,599	97,258
01/01/2018	0.000560	0.000610	0.000397	0.000607	600	89,630
12/31/2017	0.000421	0.000571	0.000394	0.000558	1,349	67,402
12/30/2017	0.000444	0.000540	0.000271	0.000425	1,094	71,064
12/29/2017	0.000516	0.000555	0.000313	0.000445	1,084	82,485
12/28/2017	0.000328	0.000653	0.000303	0.000512	241	52,558
12/27/2017	0.000475	0.000483	0.000314	0.000329	401	76,052
12/26/2017	0.000417	0.000647	0.000313	0.000475	2,240	66,657
12/25/2017	0.000290	0.000434	0.000268	0.000417	1,371	46,346
12/24/2017	0.000579	0.000579	0.000252	0.000287	1,571	92,573
12/23/2017	0.000297	0.000614	0.000297	0.000572	8,102	47,557
12/22/2017	0.000617	0.000623	0.000291	0.000295	6,899	98,741
12/21/2017	0.000349	0.000671	0.000313	0.000615	1,124	55,859
12/20/2017	0.000368	0.000656	0.000187	0.000348	3,905	58,879
12/19/2017	0.000443	0.000447	0.000180	0.000368	1,039	70,857
12/18/2017	0.000566	0.000567	0.000293	0.000443	329	90,551
12/17/2017	0.000428	0.000575	0.000306	0.000566	144	68,453
12/16/2017	0.000379	0.000438	0.000197	0.000427	546	60,589
12/15/2017	0.000438	0.000450	0.000258	0.000378	504	70,048
12/14/2017	0.000493	0.000530	0.000325	0.000437	301	78,956
12/13/2017	0.000565	0.000668	0.000269	0.000494	830	90,426
12/12/2017	0.000384	0.000568	0.000200	0.000565	491	61,513
12/11/2017	0.000613	0.000689	0.000383	0.000384	397	98,115
12/10/2017	0.000304	0.000660	0.000268	0.000612	438	48,577
12/09/2017	0.000363	0.000367	0.000140	0.000302	733	58,003
12/08/2017	0.000402	0.000469	0.000312	0.000363	45	64,345
12/07/2017	0.000273	0.000414	0.000145	0.000401	272	43,649
12/06/2017	0.000235	0.000273	0.000128	0.000273	92	37,667
12/05/2017	0.000233	0.000238	0.000116	0.000236	411	37,300
12/04/2017	0.000254	0.000256	0.000218	0.000233	2,616	40,588
12/03/2017	0.000321	0.000593	0.000250	0.000253	384	51,327
12/02/2017	0.000354	0.000373	0.000191	0.000321	251	56,703
12/01/2017	0.000193	0.000358	0.000193	0.000354	12	30,873
11/30/2017	0.000199	0.000298	0.000178	0.000194	57	31,763
11/29/2017	0.000298	0.000341	0.000182	0.000196	724	47,654
11/28/2017	0.000311	0.000311	0.000196	0.000298	70	49,695
11/27/2017	0.000186	0.000340	0.000186	0.000310	341	29,817
11/26/2017	0.000175	0.000281	0.000175	0.000186	867	28,003
11/25/2017	0.000224	0.000348	0.000172	0.000175	584	35,809
11/24/2017	0.000169	0.000323	0.000166	0.000224	258	27,112
11/23/2017	0.000244	0.000246	0.000162	0.000170	1,627	39,057
11/22/2017	0.000324	0.000331	0.000242	0.000244	280	51,816
11/21/2017	0.000247	0.000325	0.000234	0.000323	430	39,513
11/20/2017	0.000321	0.000321	0.000238	0.000247	214	51,389
11/19/2017	0.000232	0.000323	0.000231	0.000321	213	37,045
11/18/2017	0.000300	0.000311	0.000227	0.000232	743	48,072
11/17/2017	0.000310	0.000317	0.000226	0.000302	35	49,644
11/16/2017	0.000360	0.000360	0.000220	0.000311	122	57,551
11/15/2017	0.000226	0.000364	0.000210	0.000358	3,175	-
11/14/2017	0.000261	0.000330	0.000195	0.000226	583	-
11/13/2017	0.000176	0.000328	0.000175	0.000261	2,308	-
11/12/2017	0.000318	0.000318	0.000166	0.000176	783	-
11/11/2017	0.000262	0.000325	0.000249	0.000318	617	-
11/10/2017	0.000286	0.000437	0.000204	0.000263	3,255	-
11/09/2017	0.000224	0.000575	0.000143	0.000356	18,550	-
11/08/2017	0.000285	0.000314	0.000216	0.000224	843	-
11/07/2017	0.000208	0.000287	0.000208	0.000286	1,590	-
11/06/2017	0.000299	0.000300	0.000207	0.000208	992	-
11/05/2017	0.000155	0.000376	0.000153	0.000298	6,609	-
11/04/2017	0.000215	0.000289	0.000145	0.000193	2,268	-
11/03/2017	0.000293	0.000294	0.000143	0.000216	3,963	-
11/02/2017	0.000202	0.000296	0.000202	0.000294	247	-
11/01/2017	0.000321	0.000325	0.000192	0.000202	11,068	-
10/31/2017	0.000184	0.000321	0.000182	0.000321	1,908	-
10/30/2017	0.000308	0.000308	0.000182	0.000185	1,689	-
10/29/2017	0.000344	0.000405	0.000175	0.000309	12,020	-
10/28/2017	0.000526	0.000745	0.000289	0.000345	49,868	-
10/27/2017	0.000235	0.001415	0.000235	0.000469	57,479	-
10/26/2017	0.000288	0.000344	0.000175	0.000235	5,526	-
10/25/2017	0.000219	0.000288	0.000166	0.000288	1,479	-
10/24/2017	0.000175	0.000353	0.000166	0.000219	1,608	-
10/23/2017	0.000200	0.000302	0.000175	0.000175	1,079	-
10/22/2017	0.000240	0.000242	0.000173	0.000199	838	-
10/21/2017	0.000359	0.000507	0.000226	0.000239	6,572	-
10/20/2017	0.000205	0.000448	0.000205	0.000360	5,207	-
10/19/2017	0.000260	0.000260	0.000167	0.000205	2,921	-
10/18/2017	0.000203	0.000278	0.000130	0.000259	2,143	-
10/17/2017	0.000230	0.000712	0.000202	0.000203	193	-
10/16/2017	0.000188	0.000232	0.000125	0.000230	7	-
10/15/2017	0.000184	0.000291	0.000177	0.000188	134	-
10/14/2017	0.000264	0.000289	0.000138	0.000184	526	-
10/13/2017	0.000163	0.000264	0.000162	0.000264	438	-
10/12/2017	0.000451	0.000452	0.000160	0.000163	48	-
10/11/2017	0.000255	0.000451	0.000170	0.000451	70	-
10/10/2017	0.000189	0.000255	0.000144	0.000255	226	-
10/09/2017	0.000396	0.000434	0.000165	0.000189	499	-
10/08/2017	0.000602	0.004618	0.000148	0.000396	454	-
10/07/2017	0.000148	0.001082	0.000137	0.000603	1,410	-
10/06/2017	0.000182	0.000213	0.000147	0.000148	428	-
10/05/2017	0.000168	0.000183	0.000108	0.000182	134	-
10/04/2017	0.000215	0.000216	0.000167	0.000168	864	-
10/03/2017	0.000243	0.000244	0.000138	0.000215	487	-
10/02/2017	0.000179	0.000254	0.000153	0.000242	869	-
10/01/2017	0.000174	0.000179	0.000134	0.000179	211	-
09/30/2017	0.000163	0.000251	0.000144	0.000174	176	-
09/29/2017	0.000126	0.000183	0.000122	0.000163	31	-
09/28/2017	0.000177	0.000217	0.000096	0.000126	499	-
09/27/2017	0.000117	0.000177	0.000117	0.000177	581	-
09/26/2017	0.000157	0.000199	0.000118	0.000118	68	-
09/25/2017	0.000185	0.000228	0.000113	0.000157	5,901	-
09/24/2017	0.000194	0.000197	0.000150	0.000186	153	-
09/23/2017	0.000145	0.000194	0.000111	0.000194	918	-
09/22/2017	0.000145	0.000184	0.000071	0.000145	471	-
09/21/2017	0.000155	0.000194	0.000143	0.000145	2,645	-
09/20/2017	0.000118	0.000198	0.000116	0.000156	356	-
09/19/2017	0.000348	0.000416	0.000079	0.000118	827	-
09/18/2017	0.000185	0.000347	0.000158	0.000347	278	-
09/17/2017	0.000187	0.000196	0.000108	0.000185	4,621	-
09/16/2017	0.000149	0.000219	0.000145	0.000187	4,046	-
09/15/2017	0.000097	0.000203	0.000093	0.000147	2,212	-
09/14/2017	0.000157	0.000218	0.000097	0.000097	3,030	-
09/13/2017	0.000292	0.000292	0.000116	0.000157	3,234	-
09/12/2017	0.000253	0.000301	0.000129	0.000250	2,396	-
09/11/2017	0.000170	0.000265	0.000168	0.000253	13,010	-
09/10/2017	0.000217	0.000259	0.000123	0.000170	3,690	-
09/09/2017	0.000259	0.000373	0.000209	0.000217	1,196	-
09/08/2017	0.000278	0.000327	0.000216	0.000259	5,370	-
09/07/2017	0.000284	0.000331	0.000274	0.000278	2,592	-
09/06/2017	0.000353	0.000459	0.000228	0.000264	171	-
09/05/2017	0.000303	0.000360	0.000264	0.000356	6,276	-
09/04/2017	0.000285	0.000487	0.000219	0.000302	10,225	-
09/03/2017	0.000423	0.000476	0.000244	0.000330	17,427	-
09/02/2017	0.000405	0.000456	0.000351	0.000422	18,989	-
09/01/2017	0.000333	0.001360	0.000333	0.000404	9,759	-
08/31/2017	0.000454	0.000479	0.000237	0.000333	3,794	-
08/30/2017	0.000561	0.000608	0.000316	0.000454	11,587	-
08/29/2017	0.000551	0.000693	0.000421	0.000502	15,087	-
08/28/2017	0.000217	0.000950	0.000217	0.000551	23,050	-
08/27/2017	0.000218	0.000435	0.000217	0.000217	13,356	-
