Date	Open	High	Low	Close	Volume	Market Cap
07/15/2018	0.000174	0.000181	0.000130	0.000180	11,481	-
07/14/2018	0.000130	0.000176	0.000130	0.000174	5,576	-
07/13/2018	0.000129	0.000176	0.000129	0.000130	26,570	-
07/12/2018	0.000179	0.000221	0.000127	0.000129	11,933	-
07/11/2018	0.000173	0.000224	0.000128	0.000179	24,278	-
07/10/2018	0.000189	0.000232	0.000172	0.000173	32,827	-
07/09/2018	0.000195	0.000243	0.000188	0.000189	73,963	-
07/08/2018	0.000243	0.000247	0.000193	0.000195	26,700	-
07/07/2018	0.000188	0.000244	0.000186	0.000243	123,297	-
07/06/2018	0.000234	0.000235	0.000181	0.000188	12,346	-
07/05/2018	0.000187	0.000238	0.000184	0.000234	23,025	-
07/04/2018	0.000231	0.000240	0.000182	0.000186	63,388	-
07/03/2018	0.000238	0.000281	0.000184	0.000231	64,222	-
07/02/2018	0.000226	0.000238	0.000178	0.000238	15,967	-
07/01/2018	0.000227	0.000228	0.000178	0.000226	8,212	-
06/30/2018	0.000217	0.000229	0.000177	0.000227	17,006	-
06/29/2018	0.000169	0.000220	0.000163	0.000174	16,685	-
06/28/2018	0.000173	0.000173	0.000167	0.000169	23,601	-
06/12/2018	0.000266	0.000269	0.000259	0.000261	42,767	-
06/11/2018	0.000315	0.000373	0.000256	0.000266	43,533	-
06/10/2018	0.000357	0.000401	0.000253	0.000315	35,426	-
06/09/2018	0.000360	0.000425	0.000356	0.000356	65,175	-
06/08/2018	0.000302	0.000422	0.000298	0.000360	111,069	-
06/07/2018	0.000303	0.000368	0.000300	0.000301	17,733	-
06/06/2018	0.000364	0.000426	0.000298	0.000303	64,288	-
06/05/2018	0.000355	0.000427	0.000347	0.000365	38,065	-
06/04/2018	0.000371	0.000436	0.000349	0.000355	39,629	-
06/03/2018	0.000414	0.000437	0.000355	0.000371	14,165	-
06/02/2018	0.000347	0.000417	0.000345	0.000355	49,472	-
06/01/2018	0.000289	0.000410	0.000285	0.000348	34,927	-
05/31/2018	0.000279	0.000352	0.000278	0.000288	156,947	-
05/30/2018	0.000283	0.000348	0.000273	0.000279	15,755	-
05/29/2018	0.000257	0.000341	0.000256	0.000282	11,706	-
05/28/2018	0.000342	0.000344	0.000255	0.000257	29,938	-
05/27/2018	0.000352	0.000355	0.000279	0.000342	92,254	-
05/26/2018	0.000292	0.000364	0.000233	0.000352	187,028	-
05/25/2018	0.000241	0.000308	0.000231	0.000292	30,024	-
05/24/2018	0.000232	0.000304	0.000221	0.000241	21,590	-
05/23/2018	0.000322	0.000325	0.000229	0.000233	21,117	-
05/22/2018	0.000279	0.000348	0.000260	0.000322	27,947	-
05/21/2018	0.000286	0.000358	0.000276	0.000279	54,417	-
05/20/2018	0.000348	0.000361	0.000277	0.000286	9,907	-
05/19/2018	0.000277	0.000349	0.000274	0.000348	27,806	-
05/18/2018	0.000268	0.000346	0.000264	0.000277	17,776	-
05/17/2018	0.000353	0.000359	0.000266	0.000268	20,285	-
05/16/2018	0.000283	0.000353	0.000272	0.000353	35,193	-
05/15/2018	0.000291	0.000368	0.000281	0.000282	16,349	-
05/14/2018	0.000365	0.000368	0.000276	0.000291	19,882	-
05/13/2018	0.000342	0.000370	0.000269	0.000365	20,877	-
05/12/2018	0.000271	0.000346	0.000256	0.000342	13,292	-
05/11/2018	0.000363	0.000367	0.000268	0.000271	16,984	-
05/10/2018	0.000375	0.000457	0.000301	0.000362	16,734	-
05/09/2018	0.000299	0.000448	0.000285	0.000375	109,444	-
05/08/2018	0.000302	0.000386	0.000292	0.000300	31,333	-
05/07/2018	0.000316	0.000397	0.000281	0.000300	27,067	-
05/06/2018	0.000326	0.000412	0.000303	0.000316	16,617	-
05/05/2018	0.000391	0.000411	0.000318	0.000326	16,891	-
05/04/2018	0.000311	0.000401	0.000304	0.000313	82,292	-
05/03/2018	0.000275	0.000383	0.000275	0.000312	14,227	-
05/02/2018	0.000269	0.000342	0.000266	0.000275	25,354	-
05/01/2018	0.000335	0.000337	0.000254	0.000269	13,370	-
04/30/2018	0.000276	0.000346	0.000266	0.000334	12,491	-
04/29/2018	0.000341	0.000416	0.000267	0.000276	49,735	-
04/28/2018	0.000257	0.000410	0.000257	0.000341	46,391	-
04/27/2018	0.000332	0.000411	0.000259	0.000259	63,951	-
04/26/2018	0.000309	0.000383	0.000301	0.000331	64,396	-
04/25/2018	0.000423	0.000423	0.000299	0.000306	44,129	-
04/24/2018	0.000321	0.000423	0.000321	0.000353	79,253	-
04/23/2018	0.000309	0.000387	0.000309	0.000321	44,521	-
04/22/2018	0.000302	0.000376	0.000296	0.000310	24,221	-
04/21/2018	0.000308	0.000373	0.000289	0.000302	51,306	-
04/20/2018	0.000284	0.000356	0.000280	0.000308	34,403	-
04/19/2018	0.000263	0.000329	0.000261	0.000284	36,329	-
04/18/2018	0.000252	0.000310	0.000251	0.000262	6,076	-
04/17/2018	0.000307	0.000311	0.000251	0.000252	17,158	-
04/16/2018	0.000267	0.000322	0.000251	0.000307	15,780	-
04/15/2018	0.000251	0.000317	0.000251	0.000267	11,629	-
04/14/2018	0.000246	0.000307	0.000244	0.000251	7,815	-
04/13/2018	0.000297	0.000357	0.000241	0.000246	18,895	-
04/12/2018	0.000258	0.000343	0.000216	0.000296	298,456	-
04/11/2018	0.000249	0.000297	0.000247	0.000260	46,033	-
04/10/2018	0.000239	0.000288	0.000236	0.000249	5,368	-
04/09/2018	0.000240	0.000298	0.000233	0.000238	27,240	-
04/08/2018	0.000231	0.000282	0.000231	0.000240	23,666	-
04/07/2018	0.000259	0.000274	0.000222	0.000231	29,539	-
04/06/2018	0.000229	0.000269	0.000219	0.000259	69,515	-
04/05/2018	0.000268	0.000271	0.000223	0.000230	5,102	-
04/04/2018	0.000251	0.000292	0.000225	0.000268	21,501	-
04/03/2018	0.000234	0.000286	0.000232	0.000250	8,685	-
04/02/2018	0.000229	0.000276	0.000228	0.000233	18,766	-
04/01/2018	0.000238	0.000281	0.000220	0.000266	15,666	-
03/31/2018	0.000198	0.000287	0.000196	0.000238	69,242	-
03/30/2018	0.000193	0.000246	0.000184	0.000198	17,157	-
03/29/2018	0.000223	0.000269	0.000192	0.000194	28,780	-
03/28/2018	0.000224	0.000279	0.000221	0.000223	10,170	-
03/27/2018	0.000244	0.000292	0.000224	0.000224	54,631	-
03/26/2018	0.000261	0.000314	0.000234	0.000244	70,224	-
03/25/2018	0.000260	0.000316	0.000257	0.000262	7,802	-
03/24/2018	0.000325	0.000326	0.000262	0.000263	24,137	-
03/23/2018	0.000269	0.000322	0.000254	0.000269	11,410	-
03/22/2018	0.000280	0.000344	0.000260	0.000269	69,910	-
03/21/2018	0.000279	0.000350	0.000232	0.000279	15,967	-
03/20/2018	0.000278	0.000324	0.000208	0.000277	37,548	-
03/19/2018	0.000269	0.000278	0.000206	0.000276	16,482	-
03/18/2018	0.000276	0.000276	0.000183	0.000270	41,014	-
03/17/2018	0.000301	0.000363	0.000273	0.000276	58,634	-
03/16/2018	0.000244	0.000312	0.000234	0.000300	114,572	-
03/15/2018	0.000308	0.000309	0.000231	0.000244	8,670	-
03/14/2018	0.000276	0.000351	0.000237	0.000308	11,344	-
03/13/2018	0.000350	0.000356	0.000273	0.000276	59,707	-
03/12/2018	0.000289	0.000368	0.000274	0.000351	38,259	-
03/11/2018	0.000275	0.000362	0.000268	0.000290	12,132	-
03/10/2018	0.000364	0.000374	0.000274	0.000276	17,055	-
03/09/2018	0.000351	0.000365	0.000259	0.000364	176,465	-
03/08/2018	0.000300	0.000386	0.000278	0.000281	35,508	-
03/07/2018	0.000409	0.000492	0.000292	0.000300	121,718	-
03/06/2018	0.000426	0.000510	0.000404	0.000409	50,817	-
03/05/2018	0.000432	0.000519	0.000426	0.000426	54,726	-
03/04/2018	0.000427	0.000517	0.000421	0.000431	45,545	-
03/03/2018	0.000513	0.000519	0.000427	0.000427	80,847	-
03/02/2018	0.000435	0.000525	0.000425	0.000513	110,665	-
03/01/2018	0.000428	0.000527	0.000426	0.000435	77,494	-
02/28/2018	0.000526	0.000532	0.000427	0.000427	84,177	-
02/27/2018	0.000520	0.000536	0.000432	0.000438	53,071	-
02/26/2018	0.000503	0.000594	0.000420	0.000519	199,518	-
02/25/2018	0.000499	0.000590	0.000413	0.000503	217,979	-
02/24/2018	0.000599	0.000609	0.000406	0.000501	390,027	-
02/23/2018	0.000564	0.000608	0.000474	0.000600	137,041	-
02/22/2018	0.000588	0.000696	0.000475	0.000484	474,798	-
02/21/2018	0.000620	0.000720	0.000575	0.000589	242,238	-
02/20/2018	0.000656	0.000758	0.000619	0.000621	378,468	-
02/19/2018	0.000641	0.000759	0.000641	0.000656	227,194	-
02/18/2018	0.000682	0.000782	0.000639	0.000643	321,740	-
02/17/2018	0.000657	0.000780	0.000655	0.000681	333,338	-
02/16/2018	0.000651	0.000753	0.000546	0.000656	521,326	-
02/15/2018	0.000645	0.000754	0.000635	0.000651	267,124	-
02/14/2018	0.000589	0.000737	0.000589	0.000644	292,486	-
02/13/2018	0.000606	0.000691	0.000578	0.000589	201,851	-
02/12/2018	0.000651	0.000780	0.000600	0.000606	313,287	-
02/11/2018	0.000766	0.000822	0.000628	0.000648	431,239	-
02/10/2018	0.000790	0.000978	0.000740	0.000767	411,113	-
02/09/2018	0.000733	0.000926	0.000707	0.000790	486,689	-
02/08/2018	0.000826	0.001070	0.000487	0.000732	1,166,210	-
02/07/2018	0.000949	0.001103	0.000810	0.000828	84,848	-
02/06/2018	0.000904	0.001032	0.000684	0.000950	125,011	-
02/05/2018	0.001158	0.001194	0.000757	0.000901	71,365	-
02/04/2018	0.001554	0.001637	0.000946	0.001169	449,648	-
02/03/2018	0.001192	0.001649	0.001166	0.001555	176,528	-
02/02/2018	0.001439	0.001465	0.001049	0.001186	173,179	-
02/01/2018	0.001552	0.001829	0.001217	0.001341	303,516	-
01/31/2018	0.001697	0.001882	0.001540	0.001549	372,471	-
01/30/2018	0.001707	0.001750	0.001586	0.001692	705,795	-
