Date	Open	High	Low	Close	Volume	Market Cap
07/15/2018	0.005316	0.006019	0.005244	0.005848	1,802,520	-
07/14/2018	0.004603	0.005543	0.004434	0.005318	802,010	-
07/13/2018	0.005198	0.005435	0.004581	0.004635	1,662,720	-
07/12/2018	0.005756	0.005833	0.005118	0.005171	7,150,780	-
07/11/2018	0.006006	0.006086	0.005368	0.005759	1,905,400	-
07/10/2018	0.006739	0.006749	0.005669	0.006001	2,672,580	-
07/09/2018	0.007346	0.007812	0.006742	0.006752	1,539,690	-
07/08/2018	0.006957	0.007626	0.006415	0.007347	2,024,380	-
07/07/2018	0.006045	0.007772	0.006019	0.006951	471,378	-
07/06/2018	0.005335	0.006038	0.004404	0.005944	275,554	-
07/05/2018	0.006492	0.006578	0.004706	0.005338	328,751	-
07/04/2018	0.006199	0.006636	0.005799	0.006469	210,854	-
07/03/2018	0.006403	0.006502	0.006105	0.006196	649,854	-
