Date	Open	High	Low	Close	Volume	Market Cap
07/15/2018	0.032159	0.036585	0.032038	0.034621	14,662	4,150,760
07/14/2018	0.035424	0.035424	0.032176	0.032176	2,567	4,572,250
07/13/2018	0.032662	0.035714	0.032660	0.035391	5,185	4,215,740
07/12/2018	0.035544	0.035650	0.031746	0.032594	13,803	4,587,660
07/11/2018	0.033868	0.035615	0.033866	0.035548	4,119	4,371,400
07/10/2018	0.037758	0.039077	0.033848	0.033867	17,130	4,873,500
07/09/2018	0.037468	0.041205	0.037062	0.037786	8,793	4,836,100
07/08/2018	0.039841	0.041119	0.037017	0.037475	15,664	5,142,330
07/07/2018	0.039500	0.039910	0.037170	0.039840	4,261	5,098,350
07/06/2018	0.040440	0.041121	0.036809	0.039536	7,398	5,219,620
07/05/2018	0.039545	0.042156	0.037676	0.040452	7,760	5,104,090
07/04/2018	0.038184	0.040454	0.037549	0.039435	2,838	4,928,510
07/03/2018	0.036969	0.044935	0.036668	0.038189	18,854	4,771,690
07/02/2018	0.034286	0.040210	0.034179	0.037048	9,696	4,425,340
07/01/2018	0.035126	0.043836	0.033783	0.034274	24,126	4,533,800
06/30/2018	0.032968	0.036402	0.032968	0.034892	4,258	4,255,280
06/29/2018	0.030534	0.033730	0.030151	0.032032	11,252	3,941,030
06/28/2018	0.037385	0.037539	0.030349	0.030525	11,490	4,825,310
06/27/2018	0.035368	0.037553	0.034581	0.037008	8,283	4,564,960
06/26/2018	0.037140	0.038396	0.035392	0.035436	10,938	4,793,740
06/25/2018	0.032692	0.040241	0.032609	0.036972	13,277	4,219,580
06/24/2018	0.037126	0.039002	0.034304	0.035119	6,421	4,791,860
06/23/2018	0.037343	0.040938	0.035630	0.037134	9,178	4,819,860
06/22/2018	0.040084	0.041450	0.035019	0.037328	15,748	5,173,640
06/21/2018	0.042968	0.044617	0.038481	0.040113	15,551	5,545,900
06/20/2018	0.042895	0.047030	0.042024	0.042975	18,310	5,536,520
06/19/2018	0.040575	0.046283	0.040575	0.042868	27,366	5,237,100
06/18/2018	0.040927	0.042233	0.037911	0.040598	24,346	5,282,540
06/17/2018	0.037787	0.042620	0.037039	0.040988	13,976	4,877,220
06/16/2018	0.038458	0.038711	0.035364	0.037753	11,331	4,963,800
06/15/2018	0.039967	0.040932	0.038056	0.038591	16,278	5,158,530
06/14/2018	0.036253	0.040164	0.035214	0.040000	24,805	4,679,200
06/13/2018	0.039717	0.040279	0.034053	0.036232	27,922	5,126,350
06/12/2018	0.042378	0.043356	0.038774	0.039600	12,113	5,469,740
06/11/2018	0.043146	0.046063	0.037666	0.042354	29,884	5,568,980
06/10/2018	0.053538	0.053538	0.042100	0.044112	21,503	6,910,230
06/09/2018	0.054038	0.060025	0.052655	0.053454	40,741	6,974,710
06/08/2018	0.054460	0.055309	0.051649	0.054035	46,834	7,029,210
06/07/2018	0.052697	0.056471	0.051888	0.054385	27,999	6,801,700
06/06/2018	0.054282	0.059974	0.051854	0.052689	23,299	7,006,320
06/05/2018	0.052549	0.060733	0.052294	0.054349	42,146	6,782,550
06/04/2018	0.056891	0.057280	0.047709	0.051347	37,216	7,343,000
06/03/2018	0.057777	0.058870	0.056236	0.056445	16,140	7,457,350
06/02/2018	0.054422	0.058024	0.053112	0.057824	17,848	7,024,320
06/01/2018	0.059016	0.059323	0.053434	0.054432	22,633	7,617,220
05/31/2018	0.051827	0.059873	0.051827	0.058927	44,169	6,689,380
05/30/2018	0.060253	0.065676	0.049824	0.051851	58,697	7,776,980
05/29/2018	0.054097	0.062294	0.052379	0.060214	18,446	6,982,330
05/28/2018	0.058471	0.059965	0.052297	0.054171	34,813	7,546,980
05/27/2018	0.059824	0.062490	0.057888	0.058463	17,226	7,721,530
05/26/2018	0.060450	0.063673	0.059058	0.059764	18,762	7,802,380
05/25/2018	0.063017	0.066605	0.057213	0.060483	22,739	8,133,670
05/24/2018	0.063275	0.066499	0.057528	0.062915	26,657	8,166,990
05/23/2018	0.070622	0.070976	0.057921	0.063498	83,564	9,115,230
05/22/2018	0.075467	0.075467	0.067695	0.070708	41,035	9,740,620
05/21/2018	0.075107	0.079198	0.073933	0.075509	26,559	9,694,180
05/20/2018	0.079157	0.081947	0.074091	0.075013	60,553	10,217,000
05/19/2018	0.086703	0.087196	0.076389	0.079081	129,554	11,190,900
05/18/2018	0.076817	0.092544	0.073956	0.086712	139,174	9,914,920
05/17/2018	0.077616	0.089251	0.074464	0.076804	152,995	10,018,000
05/16/2018	0.078301	0.080579	0.072858	0.077545	29,465	10,106,500
05/15/2018	0.072770	0.085361	0.072770	0.078306	54,296	9,392,500
05/14/2018	0.072929	0.079607	0.069861	0.073626	58,163	9,413,040
05/13/2018	0.076989	0.080777	0.073372	0.073900	54,033	9,937,090
05/12/2018	0.073001	0.081797	0.070533	0.077089	48,634	9,422,410
05/11/2018	0.083575	0.088055	0.070385	0.074743	63,437	10,787,100
05/10/2018	0.087843	0.096143	0.082782	0.083498	48,163	11,338,000
05/09/2018	0.083485	0.092119	0.081314	0.086838	84,332	10,775,500
05/08/2018	0.086468	0.091803	0.082688	0.083602	37,737	11,160,500
05/07/2018	0.087953	0.093437	0.080839	0.086405	73,088	11,352,200
05/06/2018	0.088719	0.091759	0.077775	0.087895	55,128	11,451,000
05/05/2018	0.085660	0.090860	0.081406	0.088691	104,186	11,056,300
05/04/2018	0.091819	0.092779	0.079559	0.085642	90,523	11,851,300
05/03/2018	0.096565	0.098152	0.087493	0.092030	100,188	12,463,800
05/02/2018	0.091655	0.095430	0.083873	0.093643	65,823	11,830,100
05/01/2018	0.088553	0.094467	0.080318	0.091431	66,636	11,429,700
04/30/2018	0.101398	0.108715	0.084173	0.089636	150,385	13,087,500
04/29/2018	0.104067	0.110432	0.092205	0.101401	78,685	13,432,100
04/28/2018	0.102643	0.110292	0.098880	0.104044	56,431	13,248,200
04/27/2018	0.114579	0.114883	0.101980	0.103323	54,290	14,788,900
04/26/2018	0.094170	0.114722	0.093097	0.114404	117,119	12,154,600
04/25/2018	0.112944	0.115656	0.089904	0.093332	130,669	14,577,800
04/24/2018	0.111197	0.119617	0.109638	0.113351	150,503	14,352,400
04/23/2018	0.104746	0.112157	0.101576	0.111147	123,703	13,519,700
04/22/2018	0.097692	0.111709	0.097131	0.105049	159,112	12,609,200
04/21/2018	0.091980	0.106475	0.088741	0.097691	213,137	11,871,900
04/20/2018	0.079585	0.093723	0.071968	0.091993	145,847	10,272,200
04/19/2018	0.068567	0.078046	0.067645	0.076590	75,604	8,849,980
04/18/2018	0.062547	0.068713	0.061451	0.068658	53,537	8,073,050
04/17/2018	0.067250	0.073065	0.061210	0.062155	38,804	8,680,100
04/16/2018	0.076460	0.076894	0.067049	0.067245	51,594	9,868,770
04/15/2018	0.067075	0.079152	0.067075	0.076417	33,424	8,657,490
04/14/2018	0.072752	0.077544	0.063579	0.067069	58,056	9,390,160
04/13/2018	0.069065	0.086075	0.067217	0.072736	80,461	8,914,250
04/12/2018	0.066499	0.073708	0.058006	0.073708	112,051	8,583,120
04/11/2018	0.057188	0.066777	0.054483	0.066712	69,930	7,381,270
04/10/2018	0.049759	0.060713	0.045568	0.057080	69,489	6,422,470
04/09/2018	0.047810	0.053812	0.042625	0.049594	88,125	6,170,960
04/08/2018	0.039959	0.048950	0.038784	0.047959	50,599	5,157,580
04/07/2018	0.033965	0.041129	0.033927	0.039543	22,491	4,383,940
04/06/2018	0.033796	0.036159	0.032592	0.034032	18,685	4,362,090
04/05/2018	0.035608	0.036695	0.033661	0.033946	15,351	4,595,990
04/04/2018	0.040369	0.041607	0.034743	0.035630	10,254	5,210,540
04/03/2018	0.034661	0.040378	0.033193	0.040336	20,889	4,473,750
04/02/2018	0.034363	0.035869	0.031987	0.034630	16,771	4,435,250
04/01/2018	0.035829	0.036327	0.031628	0.034229	11,363	4,624,470
03/31/2018	0.035270	0.039476	0.034055	0.035819	7,675	4,552,350
03/30/2018	0.036534	0.037724	0.033242	0.035405	26,726	4,715,510
03/29/2018	0.041018	0.042424	0.035136	0.036637	22,155	5,294,320
03/28/2018	0.042250	0.044376	0.038205	0.040956	36,177	5,453,200
03/27/2018	0.047161	0.048074	0.040984	0.042250	99,742	6,087,120
03/26/2018	0.053855	0.054444	0.045020	0.047204	41,435	6,951,130
03/25/2018	0.055531	0.055583	0.050025	0.053942	17,800	7,167,460
03/24/2018	0.054612	0.056383	0.051771	0.056245	28,201	7,048,860
03/23/2018	0.061741	0.062197	0.050552	0.054041	46,377	7,969,030
03/22/2018	0.062005	0.063906	0.053517	0.061748	34,657	8,003,100
03/21/2018	0.060700	0.066561	0.057255	0.061932	31,433	7,834,690
03/20/2018	0.054292	0.061961	0.050606	0.060455	38,368	7,007,530
03/19/2018	0.054405	0.058197	0.047960	0.053778	21,446	7,022,170
03/18/2018	0.058972	0.058972	0.040838	0.054630	63,472	7,611,660
03/17/2018	0.065013	0.071043	0.057092	0.059074	63,476	8,391,260
03/16/2018	0.062258	0.066411	0.056511	0.064948	66,186	8,035,690
03/15/2018	0.054470	0.100186	0.049049	0.062322	76,724	7,030,480
03/14/2018	0.068752	0.070613	0.050795	0.054451	72,413	8,873,890
03/13/2018	0.065885	0.070864	0.063528	0.068734	41,402	8,503,920
03/12/2018	0.071760	0.076058	0.063398	0.066058	42,229	9,262,130
03/11/2018	0.073084	0.074544	0.056737	0.071879	113,963	9,433,080
03/10/2018	0.078763	0.082893	0.056073	0.076995	157,333	10,166,100
03/09/2018	0.072920	0.081209	0.065433	0.081209	106,355	9,411,830
03/08/2018	0.086659	0.091212	0.071571	0.071946	75,278	11,185,200
03/07/2018	0.087364	0.090589	0.068959	0.085279	145,156	11,276,200
03/06/2018	0.096458	0.098375	0.083499	0.087341	91,843	12,450,000
03/05/2018	0.107803	0.108716	0.093317	0.096556	136,210	13,914,300
03/04/2018	0.107372	0.112709	0.100416	0.108920	82,958	13,858,600
03/03/2018	0.105521	0.113514	0.102656	0.106892	73,172	13,619,800
03/02/2018	0.105550	0.118820	0.104419	0.108563	110,455	13,623,400
03/01/2018	0.102400	0.120595	0.096707	0.105671	203,614	13,216,900
02/28/2018	0.114131	0.114131	0.095970	0.102317	139,240	14,731,100
02/27/2018	0.116186	0.120782	0.109441	0.114147	93,750	14,996,300
02/26/2018	0.111839	0.122853	0.107462	0.115865	118,839	14,435,200
02/25/2018	0.113439	0.118324	0.108015	0.111753	122,899	14,641,800
02/24/2018	0.119345	0.120755	0.110751	0.113685	77,803	15,404,000
02/23/2018	0.117707	0.128121	0.109008	0.122809	133,007	15,192,600
02/22/2018	0.115406	0.128548	0.111223	0.117865	112,357	14,895,600
02/21/2018	0.123858	0.126021	0.106047	0.117037	167,856	15,986,500
02/20/2018	0.133114	0.141416	0.121541	0.122904	198,306	17,181,300
02/19/2018	0.139401	0.141842	0.128672	0.135077	190,090	17,992,600
02/18/2018	0.150217	0.157222	0.132553	0.137036	280,373	19,388,800
02/17/2018	0.130955	0.158803	0.127266	0.156099	314,730	16,902,500
02/16/2018	0.139562	0.150641	0.120690	0.132083	262,468	-
02/15/2018	0.117615	0.147653	0.116220	0.138580	475,754	-
02/14/2018	0.089961	0.134644	0.088187	0.120166	405,825	-
02/13/2018	0.098305	0.100499	0.085155	0.091046	284,162	-
02/12/2018	0.095084	0.101405	0.087852	0.098161	279,883	-
02/11/2018	0.103354	0.104915	0.086973	0.094621	202,022	-
02/10/2018	0.113796	0.123311	0.096106	0.103499	412,943	-
02/09/2018	0.114807	0.121199	0.102403	0.115281	332,141	-
02/08/2018	0.104677	0.124983	0.102039	0.113987	402,893	-
02/07/2018	0.117288	0.128595	0.099889	0.100197	723,362	-
02/06/2018	0.095338	0.127832	0.074026	0.118657	365,798	-
02/05/2018	0.141356	0.143675	0.066627	0.095000	249,785	-
02/04/2018	0.153603	0.178525	0.122427	0.144041	294,934	-
02/03/2018	0.177328	0.187419	0.152160	0.153578	301,672	-
02/02/2018	0.227739	0.227739	0.141502	0.174364	402,995	-
02/01/2018	0.206077	0.289956	0.171543	0.228889	1,375,500	-
01/31/2018	0.194619	0.205720	0.192721	0.205720	1,317,180	-
