Date	Open	High	Low	Close	Volume	Market Cap
07/15/2018	0.004386	0.004506	0.003698	0.004472	2,703	175,119
07/14/2018	0.004416	0.004752	0.003732	0.004387	8	176,316
07/13/2018	0.004314	0.004748	0.004217	0.004425	277	172,262
07/12/2018	0.004466	0.004758	0.004238	0.004302	934	178,316
07/11/2018	0.004356	0.005291	0.004356	0.004466	1,285	173,925
07/10/2018	0.004890	0.004978	0.004352	0.004356	1,285	195,251
07/09/2018	0.005214	0.005375	0.004704	0.004894	716	208,200
07/08/2018	0.004773	0.005437	0.004706	0.005215	26	190,597
07/07/2018	0.005166	0.005413	0.004767	0.004778	1,721	206,250
07/06/2018	0.005434	0.005688	0.004580	0.005168	1,958	216,970
07/05/2018	0.005929	0.005991	0.004601	0.005436	1,390	236,731
07/04/2018	0.005909	0.006024	0.004620	0.005916	3,221	235,925
07/03/2018	0.005301	0.006072	0.005219	0.005909	4,175	211,644
07/02/2018	0.005833	0.005941	0.005243	0.005324	1,182	232,902
07/01/2018	0.005391	0.005862	0.005312	0.005830	3,230	215,251
06/30/2018	0.005079	0.005753	0.004945	0.005386	2,742	202,782
06/29/2018	0.005346	0.005377	0.004602	0.005067	7,344	213,454
06/28/2018	0.004907	0.007185	0.004781	0.004808	25,558	195,932
06/27/2018	0.004734	0.004929	0.004628	0.004905	61	189,014
06/26/2018	0.006273	0.006299	0.004743	0.004750	768	250,458
06/25/2018	0.004921	0.006515	0.004884	0.006273	4,302	196,466
06/24/2018	0.004933	0.005507	0.004622	0.004930	37	196,980
06/23/2018	0.005029	0.005344	0.004899	0.004934	204	200,798
06/22/2018	0.005447	0.006313	0.004925	0.005027	611	217,487
06/21/2018	0.005715	0.006483	0.005437	0.005453	779	228,179
06/20/2018	0.005953	0.006314	0.005581	0.005716	4,251	237,686
06/19/2018	0.005747	0.006458	0.005747	0.005949	208	229,471
06/18/2018	0.005466	0.006234	0.005139	0.005750	2,524	218,261
06/17/2018	0.005222	0.005535	0.005220	0.005468	186	208,519
06/16/2018	0.005347	0.005422	0.005185	0.005209	416	213,514
06/15/2018	0.005967	0.006014	0.005305	0.005362	350	238,254
06/14/2018	0.005109	0.005977	0.004740	0.005977	557	203,975
06/13/2018	0.005353	0.005810	0.005090	0.005107	3,024	213,733
06/12/2018	0.005497	0.006178	0.005136	0.005336	2,747	219,495
06/11/2018	0.005494	0.005538	0.004738	0.005500	5,403	219,368
06/10/2018	0.006569	0.006569	0.004657	0.005486	2,990	262,294
06/09/2018	0.006173	0.006877	0.006172	0.006557	691	246,486
06/08/2018	0.006641	0.007665	0.006069	0.006175	7,685	265,155
06/07/2018	0.006719	0.007081	0.006067	0.006632	849	268,276
06/06/2018	0.006996	0.007977	0.006334	0.006719	7,245	279,324
06/05/2018	0.005956	0.007564	0.005024	0.007001	35,458	237,797
06/04/2018	0.006172	0.006211	0.005233	0.005955	691	246,419
06/03/2018	0.005340	0.006199	0.005320	0.006174	8,933	213,201
06/02/2018	0.005561	0.007210	0.005335	0.005340	8,292	222,026
06/01/2018	0.006113	0.009598	0.004671	0.005563	79,381	244,062
05/31/2018	0.006692	0.011462	0.005869	0.006296	80,584	267,203
05/30/2018	0.007325	0.007561	0.006253	0.007198	320	292,487
05/29/2018	0.006200	0.007649	0.005716	0.007321	11,369	247,566
05/28/2018	0.007412	0.007468	0.005769	0.006215	7,098	295,951
05/27/2018	0.007627	0.007686	0.006328	0.007413	18,595	304,535
05/26/2018	0.008012	0.008270	0.007601	0.007612	2,135	319,886
05/25/2018	0.007744	0.008327	0.006569	0.008011	4,476	309,221
05/24/2018	0.007002	0.008188	0.006658	0.007736	4,055	279,574
05/23/2018	0.008361	0.008433	0.006584	0.007032	6,124	333,847
05/22/2018	0.008313	0.008971	0.008056	0.008378	20,326	331,930
05/21/2018	0.007855	0.009297	0.007608	0.008330	11,677	313,638
05/20/2018	0.007600	0.009353	0.007078	0.007845	19,972	303,446
05/19/2018	0.008307	0.009701	0.007514	0.007594	971	331,686
05/18/2018	0.009343	0.009693	0.008024	0.008307	29,659	373,053
05/17/2018	0.009823	0.010474	0.007387	0.009351	22,351	392,233
05/16/2018	0.008479	0.010553	0.007491	0.009812	55,753	338,541
05/15/2018	0.007192	0.010308	0.007192	0.008476	79,855	287,175
05/14/2018	0.005304	0.009172	0.005007	0.007203	28,060	211,766
05/13/2018	0.004995	0.006075	0.004939	0.005305	1,803	199,443
05/12/2018	0.004759	0.005974	0.004759	0.004999	416	190,004
05/11/2018	0.005312	0.006221	0.004768	0.004768	12,403	212,097
05/10/2018	0.006163	0.006308	0.005301	0.005306	3,086	246,096
05/09/2018	0.006156	0.006867	0.005404	0.006160	3,840	245,795
05/08/2018	0.008815	0.009555	0.004958	0.006164	20,929	351,948
05/07/2018	0.007834	0.009062	0.006091	0.008762	38,992	312,806
05/06/2018	0.008533	0.008631	0.005051	0.007829	9,873	340,719
05/05/2018	0.009147	0.009856	0.007873	0.008531	5,479	365,212
05/04/2018	0.008904	0.010483	0.008514	0.009141	7,523	355,534
05/03/2018	0.008302	0.009915	0.007450	0.008924	814	331,472
05/02/2018	0.007684	0.009130	0.007278	0.008301	256	306,810
05/01/2018	0.008873	0.009217	0.007268	0.007700	1,653	354,296
04/30/2018	0.009402	0.009917	0.007792	0.008853	1,890	375,385
04/29/2018	0.009792	0.009961	0.008801	0.009405	225	390,980
04/28/2018	0.008508	0.010289	0.008200	0.009793	4,097	339,722
04/27/2018	0.008121	0.009622	0.007602	0.008562	9,829	324,239
04/26/2018	0.007658	0.009997	0.007038	0.008107	14,812	305,760
04/25/2018	0.008330	0.008330	0.007001	0.007592	950	332,616
04/24/2018	0.007596	0.008719	0.007066	0.008368	3,565	303,303
04/23/2018	0.007091	0.007638	0.006902	0.007595	2,993	283,138
04/22/2018	0.007799	0.008019	0.007021	0.007108	2,027	311,384
04/21/2018	0.008313	0.008536	0.007033	0.007799	2,746	331,911
04/20/2018	0.007431	0.008312	0.006545	0.008312	8,074	296,693
04/19/2018	0.006668	0.007428	0.005905	0.007428	4,054	266,258
04/18/2018	0.006298	0.007583	0.006291	0.006664	10,555	251,476
04/17/2018	0.006495	0.007259	0.005556	0.006293	922	259,321
04/16/2018	0.006712	0.007552	0.005852	0.006493	3,509	267,979
04/15/2018	0.007165	0.008194	0.006689	0.006714	2,648	286,102
04/14/2018	0.007438	0.009503	0.006554	0.007160	6,864	296,967
04/13/2018	0.007279	0.008169	0.007063	0.007438	831	290,648
04/12/2018	0.006210	0.008244	0.005689	0.007269	3,384	247,964
04/11/2018	0.006896	0.008092	0.005592	0.006228	6,606	275,340
04/10/2018	0.005440	0.006931	0.005430	0.006887	2,040	217,214
04/09/2018	0.005830	0.005871	0.004446	0.005422	5,631	232,783
04/08/2018	0.006004	0.006203	0.005476	0.005818	2,553	239,737
04/07/2018	0.005936	0.006307	0.005633	0.006005	3,175	237,009
04/06/2018	0.006898	0.006973	0.005417	0.005934	7,386	275,428
04/05/2018	0.007061	0.007379	0.006526	0.006929	9,697	281,928
04/04/2018	0.011403	0.011403	0.005639	0.007065	77,411	455,296
04/03/2018	0.012727	0.012783	0.010231	0.011396	21,276	508,185
04/02/2018	0.009018	0.015170	0.009006	0.012910	33,887	360,088
04/01/2018	0.009005	0.011193	0.007350	0.008982	35,605	359,551
03/31/2018	0.009523	0.009998	0.008772	0.009003	1,078	380,247
03/30/2018	0.009316	0.009760	0.008628	0.009527	1,957	371,983
03/29/2018	0.011813	0.011863	0.008503	0.009343	2,342	471,673
03/28/2018	0.010832	0.012930	0.010671	0.011797	3,015	432,504
03/27/2018	0.011630	0.012207	0.009262	0.010831	4,606	464,374
03/26/2018	0.015095	0.015180	0.010460	0.011640	10,198	602,727
03/25/2018	0.013792	0.015358	0.012746	0.015110	857	550,698
03/24/2018	0.013580	0.015242	0.013536	0.013969	972	542,216
03/23/2018	0.014997	0.015619	0.012189	0.013407	2,159	598,801
03/22/2018	0.014496	0.015793	0.013738	0.014998	2,367	578,809
03/21/2018	0.018557	0.019552	0.011749	0.014472	32,538	740,963
03/20/2018	0.027211	0.027211	0.016906	0.018488	9,337	1,086,470
03/19/2018	0.012064	0.028037	0.011557	0.025539	12,692	481,699
03/18/2018	0.013134	0.013134	0.010038	0.012114	195	524,428
03/17/2018	0.012438	0.014402	0.011373	0.013156	804	496,612
03/16/2018	0.014304	0.015406	0.012235	0.012428	2,676	571,120
03/15/2018	0.012424	0.016142	0.011659	0.014316	4,076	496,062
03/14/2018	0.018354	0.018645	0.012193	0.012429	265	732,823
03/13/2018	0.019086	0.019540	0.013436	0.018347	1,436	762,083
03/12/2018	0.020986	0.021663	0.019009	0.019197	16	837,911
03/11/2018	0.021128	0.024279	0.019785	0.021037	491	843,592
03/10/2018	0.021426	0.023506	0.020340	0.021198	963	855,491
03/09/2018	0.015697	0.021496	0.015043	0.021431	10,268	626,735
03/08/2018	0.019217	0.019510	0.014966	0.015777	1,390	767,283
03/07/2018	0.020954	0.022441	0.017346	0.019246	826	836,663
03/06/2018	0.027304	0.027304	0.020791	0.020963	1,443	1,090,190
03/05/2018	0.018451	0.027419	0.017203	0.027320	9,459	736,704
03/04/2018	0.016137	0.018787	0.015778	0.018454	1,110	644,301
03/03/2018	0.019165	0.020611	0.015980	0.016151	2,164	765,243
03/02/2018	0.016454	0.023641	0.011195	0.019186	14,990	656,969
03/01/2018	0.018131	0.018664	0.013588	0.016473	1,526	723,922
02/28/2018	0.021751	0.021764	0.014732	0.018119	4,646	868,491
02/27/2018	0.022794	0.024917	0.017286	0.021752	3,409	910,102
02/26/2018	0.022803	0.024195	0.018174	0.022730	4,343	910,466
02/25/2018	0.023072	0.023425	0.022241	0.022781	947	921,236
02/24/2018	0.022194	0.023798	0.021200	0.023122	993	886,144
02/23/2018	0.021543	0.023380	0.020978	0.022217	752	860,188
02/22/2018	0.026656	0.027218	0.020802	0.021567	2,101	1,064,330
02/21/2018	0.024767	0.026797	0.020679	0.026692	3,198	1,500,740
02/20/2018	0.026444	0.027163	0.023870	0.023994	4,901	1,602,340
02/19/2018	0.025221	0.026523	0.022445	0.026431	3,725	1,528,240
02/18/2018	0.025407	0.030439	0.022162	0.025324	34,239	1,539,520
02/17/2018	0.028310	0.031952	0.024834	0.025337	7,103	1,715,450
02/16/2018	0.029451	0.031053	0.023560	0.028304	2,788	1,784,560
02/15/2018	0.029437	0.030538	0.025485	0.029491	3,662	1,783,740
02/14/2018	0.027988	0.033196	0.026928	0.029422	18,669	1,695,910
02/13/2018	0.031584	0.031697	0.026654	0.028050	4,176	1,913,800
02/12/2018	0.027672	0.031840	0.025540	0.031533	4,906	1,676,750
02/11/2018	0.029894	0.032260	0.024606	0.027511	5,393	1,811,430
02/10/2018	0.027528	0.032484	0.025805	0.029925	1,457	1,668,080
02/09/2018	0.031257	0.032892	0.026294	0.027522	1,756	1,894,000
02/08/2018	0.025957	0.034074	0.025425	0.031183	6,931	1,572,830
02/07/2018	0.026997	0.029362	0.024318	0.026054	6,972	1,635,900
02/06/2018	0.020185	0.027249	0.014713	0.027106	4,666	1,223,120
02/05/2018	0.024713	0.025664	0.017667	0.020132	9,109	1,497,510
02/04/2018	0.030038	0.031353	0.024418	0.024955	5,028	1,820,150
02/03/2018	0.028850	0.030919	0.025216	0.030032	9,529	1,748,160
02/02/2018	0.034218	0.034218	0.025375	0.028753	4,314	2,073,440
02/01/2018	0.044440	0.044975	0.032337	0.034311	28,601	2,692,850
01/31/2018	0.045046	0.045304	0.036329	0.044342	26,815	2,729,580
01/30/2018	0.058715	0.060541	0.042651	0.044974	767,359	3,557,810
01/29/2018	0.058392	0.065120	0.035454	0.058693	319,039	3,538,250
01/28/2018	0.050776	0.067435	0.050776	0.058457	13,625	3,076,750
01/27/2018	0.052255	0.056158	0.047801	0.050461	13,251	3,166,390
01/26/2018	0.057193	0.058804	0.047887	0.052268	23,135	3,465,570
01/25/2018	0.056795	0.060107	0.052055	0.057357	8,279	3,441,470
01/24/2018	0.068661	0.069838	0.043246	0.054063	103,146	4,160,480
01/23/2018	0.081549	0.085501	0.057076	0.068672	204,475	4,941,420
01/22/2018	0.102355	0.103582	0.055927	0.081747	236,887	6,202,210
01/21/2018	0.113125	0.136659	0.091700	0.101179	64,630	6,854,760
01/20/2018	0.080120	0.120215	0.080120	0.115011	61,334	4,854,890
01/19/2018	0.075234	0.082393	0.069390	0.081991	9,832	4,558,780
01/18/2018	0.078951	0.090130	0.060927	0.075873	20,056	4,784,000
01/17/2018	0.094078	0.095507	0.059007	0.078314	7,283	5,700,640
01/16/2018	0.120872	0.120952	0.068019	0.094505	10,058	7,324,200
01/15/2018	0.128567	0.141119	0.119682	0.120686	21,036	7,790,480
01/14/2018	0.152148	0.155068	0.126930	0.128915	29,962	9,219,410
01/13/2018	0.138280	0.164456	0.136401	0.152009	67,245	8,379,040
01/12/2018	0.129914	0.144342	0.117488	0.131309	33,659	7,872,140
01/11/2018	0.133884	0.151470	0.119109	0.126892	41,093	8,112,650
01/10/2018	0.129684	0.150835	0.126513	0.134044	121,939	7,858,190
01/09/2018	0.105788	0.142427	0.105788	0.138474	66,664	6,410,200
01/08/2018	0.116297	0.128345	0.089389	0.106084	66,586	7,046,970
01/07/2018	0.076756	0.118937	0.076726	0.115627	73,470	4,651,030
01/06/2018	0.076848	0.081079	0.064974	0.076797	9,590	4,656,590
01/05/2018	0.069994	0.079958	0.058009	0.076624	33,526	4,241,260
01/04/2018	0.049783	0.072726	0.049684	0.070010	17,176	3,016,580
01/03/2018	0.065275	0.074303	0.057302	0.064174	19,627	3,955,330
01/02/2018	0.054425	0.072583	0.052985	0.069848	16,407	3,297,880
01/01/2018	0.061331	0.063117	0.048652	0.054363	12,950	3,716,360
12/31/2017	0.056739	0.063493	0.054559	0.061172	13,700	3,438,080
12/30/2017	0.049367	0.063584	0.040136	0.057303	24,152	2,991,380
12/29/2017	0.047727	0.053588	0.041776	0.048693	10,796	2,891,990
12/28/2017	0.046418	0.049308	0.037163	0.046103	12,894	2,812,670
12/27/2017	0.040237	0.049720	0.038109	0.046514	10,654	2,438,140
12/26/2017	0.036979	0.049706	0.034326	0.038569	14,333	2,240,750
12/25/2017	0.044164	0.052682	0.037004	0.037009	14,096	2,676,080
12/24/2017	0.049069	0.053012	0.034654	0.043797	34,640	2,973,300
12/23/2017	0.051409	0.056956	0.044278	0.048512	5,921	3,115,100
12/22/2017	0.063498	0.063919	0.037400	0.050968	5,739	3,847,650
12/21/2017	0.063826	0.069149	0.054033	0.063264	7,601	3,867,540
12/20/2017	0.068458	0.072487	0.055462	0.063721	12,375	4,148,200
12/19/2017	0.065139	0.073246	0.057051	0.069347	65,235	3,947,090
12/18/2017	0.069522	0.072901	0.057795	0.064746	7,715	4,212,690
12/17/2017	0.051933	0.080337	0.049475	0.069477	6,584	3,146,890
12/16/2017	0.062992	0.079917	0.051160	0.051873	6,093	3,816,970
12/15/2017	0.077653	0.077676	0.057292	0.062886	5,951	4,705,350
12/14/2017	0.068182	0.077652	0.055334	0.077561	8,100	4,131,500
12/13/2017	0.064781	0.079514	0.059840	0.068312	6,370	3,925,390
12/12/2017	0.063840	0.080059	0.058558	0.064732	22,377	3,868,350
12/11/2017	0.070261	0.077724	0.055941	0.064001	7,011	4,257,420
12/10/2017	0.064642	0.077320	0.048118	0.070394	15,818	3,917,000
12/09/2017	0.044198	0.069229	0.044198	0.064393	8,598	2,678,170
12/08/2017	0.035849	0.045363	0.033333	0.044207	3,746	2,172,280
12/07/2017	0.034234	0.038230	0.032236	0.035787	3,864	2,074,430
12/06/2017	0.033632	0.035574	0.031680	0.034341	1,641	2,037,920
12/05/2017	0.027712	0.034174	0.027291	0.033693	3,858	1,679,210
12/04/2017	0.030671	0.034375	0.027062	0.027678	3,217	1,887,410
12/03/2017	0.031224	0.036781	0.024064	0.030378	17,030	1,921,410
12/02/2017	0.033467	0.035658	0.027972	0.031022	4,083	2,059,480
12/01/2017	0.025304	0.037110	0.025010	0.032771	9,406	1,557,120
11/30/2017	0.029414	0.033615	0.020388	0.025370	6,893	1,810,070
11/29/2017	0.036656	0.037234	0.019360	0.028719	12,955	2,255,700
11/28/2017	0.044778	0.046201	0.028324	0.036642	22,294	2,755,530
11/27/2017	0.046414	0.052581	0.037702	0.044720	21,289	2,856,170
11/26/2017	0.041979	0.052799	0.039827	0.046419	9,758	2,583,240
11/25/2017	0.043300	0.043980	0.026750	0.041980	7,070	2,664,570
11/24/2017	0.050028	0.051583	0.033289	0.033289	5,446	3,078,590
11/23/2017	0.053410	0.053791	0.037351	0.050265	9,185	3,286,740
11/22/2017	0.064777	0.065273	0.044853	0.053305	5,717	3,986,190
11/21/2017	0.047307	0.081747	0.034675	0.064688	18,587	2,911,160
11/20/2017	0.041274	0.052248	0.041126	0.047333	3,004	2,539,910
11/19/2017	0.049694	0.054011	0.038853	0.041309	3,527	3,058,010
11/18/2017	0.039117	0.055252	0.037617	0.049816	9,954	2,407,150
11/17/2017	0.046150	0.046446	0.032726	0.040069	5,115	2,839,950
11/16/2017	0.041048	0.052368	0.028105	0.046182	5,912	2,526,000
11/15/2017	0.053500	0.061164	0.026837	0.041080	21,967	3,292,250
11/14/2017	0.048942	0.066650	0.048942	0.053471	1,058	-
11/13/2017	0.055044	0.063287	0.048666	0.048944	6,483	-
11/12/2017	0.071731	0.071731	0.048801	0.054956	3,244	-
11/11/2017	0.063341	0.073022	0.054901	0.071723	8,872	-
11/10/2017	0.073924	0.098179	0.063523	0.063523	21,730	-
11/09/2017	0.082284	0.082485	0.057468	0.073888	10,719	-
11/08/2017	0.078585	0.108337	0.065270	0.082731	22,804	-
11/07/2017	0.078570	0.078641	0.078163	0.078641	4,427	-
