Date	Open	High	Low	Close	Volume	Market Cap
07/15/2018	0.001402	0.001504	0.001380	0.001459	10,142	7,971,740
07/14/2018	0.001375	0.001450	0.001375	0.001403	11,256	7,817,410
07/13/2018	0.001317	0.001481	0.001317	0.001377	38,207	7,489,420
07/12/2018	0.001341	0.001414	0.001292	0.001315	23,588	7,622,820
07/11/2018	0.001331	0.001408	0.001296	0.001378	37,473	7,541,910
07/10/2018	0.001479	0.001538	0.001330	0.001331	43,547	8,380,670
07/09/2018	0.001609	0.001613	0.001467	0.001480	36,935	9,116,700
07/08/2018	0.001615	0.001625	0.001498	0.001609	29,557	9,154,040
07/07/2018	0.001515	0.001635	0.001456	0.001632	20,583	8,585,630
07/06/2018	0.001326	0.001571	0.001326	0.001463	85,153	7,515,450
07/05/2018	0.001494	0.001521	0.001321	0.001327	24,204	8,465,560
07/04/2018	0.001385	0.001528	0.001313	0.001490	46,026	7,848,640
07/03/2018	0.001515	0.001534	0.001373	0.001385	34,655	8,586,540
07/02/2018	0.001386	0.001528	0.001324	0.001520	33,688	7,851,870
07/01/2018	0.001336	0.001406	0.001247	0.001385	44,509	7,570,980
06/30/2018	0.001321	0.001422	0.001178	0.001336	41,869	7,484,910
06/29/2018	0.001369	0.001427	0.001200	0.001320	35,247	7,759,680
06/28/2018	0.001480	0.001533	0.001360	0.001369	17,289	8,388,190
06/27/2018	0.001512	0.001576	0.001429	0.001479	21,713	8,564,300
06/26/2018	0.001562	0.001614	0.001511	0.001539	30,994	8,851,320
06/25/2018	0.001557	0.001639	0.001528	0.001562	13,318	8,821,600
06/24/2018	0.001663	0.001667	0.001445	0.001561	89,942	9,419,440
06/23/2018	0.001651	0.001712	0.001605	0.001663	42,740	9,355,580
06/22/2018	0.001765	0.001806	0.001584	0.001650	76,369	10,001,600
06/21/2018	0.001822	0.001879	0.001761	0.001806	81,993	10,320,300
06/20/2018	0.001847	0.001870	0.001720	0.001822	171,480	10,464,300
06/19/2018	0.001750	0.001847	0.001679	0.001846	320,522	9,913,030
06/18/2018	0.001745	0.001826	0.001663	0.001751	89,588	9,886,740
06/17/2018	0.001821	0.001899	0.001693	0.001748	154,787	10,318,800
06/16/2018	0.001855	0.001872	0.001756	0.001820	158,334	10,465,400
06/15/2018	0.001868	0.001903	0.001762	0.001862	63,164	10,536,500
06/14/2018	0.001662	0.001930	0.001662	0.001870	404,609	9,373,480
06/13/2018	0.001758	0.001825	0.001604	0.001660	162,567	9,916,180
06/12/2018	0.002014	0.002029	0.001740	0.001778	212,746	11,361,600
06/11/2018	0.001989	0.002116	0.001883	0.002014	215,747	11,217,600
06/10/2018	0.002425	0.002425	0.001983	0.001986	57,396	13,675,500
06/09/2018	0.002386	0.002447	0.002310	0.002420	400,856	13,455,200
06/08/2018	0.002468	0.002504	0.002309	0.002386	442,189	13,920,700
06/07/2018	0.002442	0.002537	0.002371	0.002414	56,167	13,772,200
06/06/2018	0.002468	0.002544	0.002361	0.002408	119,789	13,921,700
06/05/2018	0.002619	0.002624	0.002343	0.002514	137,598	14,770,100
06/04/2018	0.002576	0.003246	0.002374	0.002618	491,225	14,532,100
06/03/2018	0.002571	0.002702	0.002507	0.002631	64,804	14,500,400
06/02/2018	0.002334	0.002670	0.002260	0.002531	140,996	13,031,600
06/01/2018	0.002426	0.002489	0.002292	0.002335	60,942	13,547,200
05/31/2018	0.002280	0.002494	0.002248	0.002423	99,429	12,728,600
05/30/2018	0.002301	0.002406	0.002176	0.002317	67,347	12,845,400
05/29/2018	0.002101	0.002347	0.002101	0.002299	84,636	11,729,700
05/28/2018	0.002400	0.002442	0.002076	0.002104	89,379	13,399,800
05/27/2018	0.002392	0.002440	0.002335	0.002400	59,576	13,354,700
05/26/2018	0.002427	0.002593	0.002360	0.002438	44,641	13,553,600
05/25/2018	0.002671	0.002736	0.002372	0.002430	98,084	14,916,000
05/24/2018	0.002484	0.002736	0.002327	0.002667	105,320	13,870,700
05/23/2018	0.002787	0.002802	0.002264	0.002491	162,848	15,563,300
05/22/2018	0.002961	0.003034	0.002637	0.002791	86,453	16,531,000
05/21/2018	0.003071	0.003154	0.002859	0.002962	66,972	17,148,200
05/20/2018	0.003056	0.003222	0.002994	0.003067	80,894	17,062,300
05/19/2018	0.003170	0.003251	0.003035	0.003112	105,454	17,698,300
05/18/2018	0.003128	0.003232	0.003021	0.003170	101,452	17,467,500
05/17/2018	0.003192	0.003366	0.003051	0.003127	135,100	17,824,600
05/16/2018	0.003214	0.003292	0.002945	0.003261	121,622	17,943,100
05/15/2018	0.003390	0.003561	0.003141	0.003215	135,143	18,924,100
05/14/2018	0.003559	0.003611	0.003217	0.003395	224,291	19,870,500
05/13/2018	0.003539	0.003715	0.003263	0.003715	269,934	19,757,500
05/12/2018	0.002874	0.003554	0.002806	0.003525	240,410	16,044,800
05/11/2018	0.003170	0.003314	0.002854	0.002882	132,732	17,696,400
05/10/2018	0.003198	0.003408	0.003160	0.003166	191,681	17,853,400
05/09/2018	0.003309	0.003400	0.003133	0.003252	139,738	18,473,000
05/08/2018	0.003467	0.003532	0.003275	0.003314	147,363	19,354,500
05/07/2018	0.003575	0.003655	0.003240	0.003456	131,863	19,960,300
05/06/2018	0.003817	0.003930	0.003501	0.003648	197,363	21,312,000
05/05/2018	0.003571	0.003815	0.003428	0.003815	155,872	19,938,800
05/04/2018	0.003777	0.003884	0.003486	0.003520	178,214	21,089,600
05/03/2018	0.003517	0.003878	0.003442	0.003798	271,492	19,624,800
05/02/2018	0.003786	0.003901	0.003466	0.003517	282,271	21,121,500
05/01/2018	0.003843	0.003857	0.003508	0.003743	184,021	21,441,300
04/30/2018	0.003967	0.004123	0.003759	0.003871	180,787	22,132,600
04/29/2018	0.004312	0.004391	0.003849	0.004039	165,772	24,054,800
04/28/2018	0.004009	0.004392	0.003930	0.004383	167,049	22,363,500
04/27/2018	0.004459	0.004525	0.003812	0.004027	283,964	24,647,400
04/26/2018	0.003649	0.004532	0.003574	0.004383	261,492	20,165,400
04/25/2018	0.004356	0.004531	0.003385	0.003651	418,179	24,075,000
04/24/2018	0.004509	0.004806	0.004268	0.004380	504,086	24,921,500
04/23/2018	0.003693	0.004630	0.003622	0.004534	362,205	20,409,100
04/22/2018	0.003461	0.003831	0.003221	0.003770	223,637	19,127,800
04/21/2018	0.003408	0.003461	0.003049	0.003461	144,130	18,837,200
04/20/2018	0.003124	0.003564	0.003007	0.003472	228,774	17,265,300
04/19/2018	0.002618	0.003222	0.002591	0.003151	309,646	14,467,700
04/18/2018	0.002540	0.002641	0.002463	0.002616	95,570	14,038,400
04/17/2018	0.002525	0.002609	0.002418	0.002483	75,701	13,952,800
04/16/2018	0.002598	0.002676	0.002449	0.002524	71,289	14,358,200
04/15/2018	0.002550	0.002706	0.002517	0.002650	54,850	14,090,400
04/14/2018	0.002489	0.002581	0.002360	0.002549	41,703	13,751,700
04/13/2018	0.002485	0.002646	0.002356	0.002370	114,465	13,729,500
04/12/2018	0.002180	0.002482	0.002033	0.002481	86,354	12,046,500
04/11/2018	0.002176	0.002227	0.002055	0.002188	95,944	12,025,700
04/10/2018	0.002145	0.002202	0.002029	0.002189	64,632	11,851,800
04/09/2018	0.002244	0.002353	0.002043	0.002155	90,259	12,401,000
04/08/2018	0.002213	0.002358	0.002166	0.002240	79,437	12,103,500
04/07/2018	0.002217	0.002346	0.002137	0.002212	74,403	12,125,800
04/06/2018	0.002191	0.002265	0.002078	0.002215	57,210	11,981,200
04/05/2018	0.002129	0.002279	0.002116	0.002241	55,437	11,641,500
04/04/2018	0.002441	0.002480	0.002114	0.002129	84,273	13,249,100
04/03/2018	0.002405	0.002655	0.002327	0.002335	199,459	13,057,200
04/02/2018	0.002358	0.002469	0.002293	0.002403	53,898	12,801,600
04/01/2018	0.002416	0.002457	0.002203	0.002349	46,437	13,113,200
03/31/2018	0.002346	0.002511	0.002301	0.002415	60,511	12,735,000
03/30/2018	0.002259	0.002411	0.002131	0.002291	93,534	12,263,900
03/29/2018	0.002696	0.002754	0.002230	0.002246	119,854	14,633,900
03/28/2018	0.002622	0.002770	0.002568	0.002692	105,573	14,200,400
03/27/2018	0.002851	0.002875	0.002505	0.002622	210,542	15,388,900
03/26/2018	0.003126	0.003229	0.002613	0.002854	154,792	16,876,500
03/25/2018	0.002791	0.003342	0.002728	0.003190	216,630	15,067,400
03/24/2018	0.003009	0.003084	0.002765	0.002828	138,287	16,246,800
03/23/2018	0.002975	0.003047	0.002748	0.002973	131,202	16,062,900
03/22/2018	0.003102	0.003243	0.002913	0.002976	138,157	16,745,500
03/21/2018	0.002955	0.003513	0.002949	0.003084	370,262	15,878,100
03/20/2018	0.003526	0.003598	0.002835	0.002967	632,945	18,765,400
03/19/2018	0.003677	0.003842	0.003228	0.003492	501,694	19,459,500
03/18/2018	0.002956	0.003708	0.002450	0.003693	466,462	15,640,100
03/17/2018	0.003890	0.003898	0.002952	0.003016	409,643	20,584,400
03/16/2018	0.004443	0.004642	0.003694	0.003885	1,133,710	23,412,200
03/15/2018	0.002660	0.005771	0.002416	0.004178	1,890,190	14,013,900
03/14/2018	0.003007	0.003108	0.002486	0.002711	101,950	15,846,700
03/13/2018	0.003153	0.003306	0.002872	0.003006	89,280	16,566,800
03/12/2018	0.003500	0.003575	0.003058	0.003114	130,914	18,391,300
03/11/2018	0.003108	0.003549	0.002966	0.003509	83,417	16,328,000
03/10/2018	0.003258	0.003683	0.003129	0.003214	107,361	17,116,400
03/09/2018	0.003473	0.003566	0.002842	0.003260	83,175	18,246,500
03/08/2018	0.003749	0.003906	0.003162	0.003488	112,871	19,700,500
03/07/2018	0.004148	0.004563	0.003239	0.003691	194,406	21,796,500
03/06/2018	0.004772	0.004772	0.003997	0.004520	169,034	25,072,700
03/05/2018	0.004592	0.004843	0.004264	0.004704	143,889	24,126,000
03/04/2018	0.004643	0.004742	0.004157	0.004593	143,207	24,392,800
03/03/2018	0.004574	0.004970	0.004403	0.004551	112,356	24,032,200
03/02/2018	0.004430	0.004907	0.004360	0.004663	181,936	23,273,800
03/01/2018	0.004253	0.004843	0.004188	0.004510	244,838	22,346,800
02/28/2018	0.004819	0.004946	0.004251	0.004322	160,683	25,320,500
02/27/2018	0.004711	0.005073	0.004412	0.004824	195,748	24,752,000
02/26/2018	0.005389	0.005515	0.004305	0.004393	376,150	28,153,300
02/25/2018	0.005098	0.005620	0.004944	0.005384	139,741	26,631,100
02/24/2018	0.005912	0.006047	0.004881	0.005107	166,895	30,887,200
02/23/2018	0.004787	0.005929	0.004242	0.005919	317,775	25,005,600
02/22/2018	0.005626	0.005766	0.004292	0.004750	330,122	29,391,800
02/21/2018	0.005509	0.006161	0.005012	0.005633	366,083	28,487,800
02/20/2018	0.006948	0.007291	0.005515	0.005515	532,225	35,934,600
02/19/2018	0.006544	0.007546	0.006491	0.007032	333,862	33,843,900
02/18/2018	0.007309	0.007727	0.005883	0.006850	516,751	37,797,300
02/17/2018	0.007063	0.007883	0.006916	0.007611	401,350	36,528,800
02/16/2018	0.007389	0.007879	0.006804	0.007064	266,762	38,211,700
02/15/2018	0.007498	0.008094	0.007047	0.007481	467,206	38,774,900
02/14/2018	0.006785	0.007781	0.006773	0.007781	437,884	35,089,200
02/13/2018	0.007384	0.007741	0.006743	0.006799	352,110	38,188,100
02/12/2018	0.007835	0.008487	0.006953	0.007482	816,091	40,520,200
02/11/2018	0.008377	0.008507	0.007181	0.007847	323,339	43,322,800
02/10/2018	0.009036	0.010129	0.007872	0.008498	633,766	46,732,100
02/09/2018	0.009804	0.009931	0.008356	0.009032	925,523	50,699,700
02/08/2018	0.007266	0.009825	0.007050	0.009780	1,247,530	37,578,300
02/07/2018	0.006236	0.008633	0.005400	0.007201	1,097,480	32,251,800
02/06/2018	0.005336	0.006286	0.003939	0.006272	426,939	27,595,100
02/05/2018	0.006442	0.006607	0.004431	0.005323	441,376	33,317,900
02/04/2018	0.007720	0.008356	0.005965	0.006506	361,136	39,924,200
02/03/2018	0.007218	0.008191	0.006345	0.007718	755,843	-
02/02/2018	0.007419	0.007753	0.005590	0.006850	697,707	-
02/01/2018	0.008593	0.008986	0.006333	0.007720	904,749	-
01/31/2018	0.009049	0.010300	0.008136	0.008839	1,560,770	-
01/30/2018	0.011207	0.011377	0.007668	0.008627	2,518,600	-
01/29/2018	0.012794	0.013379	0.009890	0.010925	4,265,500	-
01/28/2018	0.013717	0.014589	0.012049	0.013133	3,257,670	-
01/27/2018	0.014700	0.014857	0.013167	0.013924	1,767,080	-
01/26/2018	0.014106	0.015708	0.012178	0.014706	2,821,800	-
01/25/2018	0.014476	0.017064	0.011058	0.014414	6,237,150	-
01/24/2018	0.022433	0.024974	0.012471	0.013708	11,293,600	-
01/23/2018	0.014550	0.022553	0.012520	0.022427	856,621	-
01/22/2018	0.014345	0.014577	0.014287	0.014577	451,064	-
