Date	Open	High	Low	Close	Volume	Market Cap
07/15/2018	0.086206	0.090164	0.084420	0.085581	17	124,999
07/14/2018	0.083172	0.086471	0.082191	0.086287	19	120,599
07/13/2018	0.090148	0.091775	0.082371	0.083014	36	130,715
07/12/2018	0.091804	0.100534	0.069295	0.089885	15	133,116
07/11/2018	0.063038	0.091804	0.053637	0.091804	19	91,405
07/10/2018	0.071976	0.125345	0.061369	0.063036	295	104,365
07/09/2018	0.129408	0.144301	0.068569	0.072030	18	187,641
07/08/2018	0.077505	0.129509	0.077076	0.129427	18	112,381
07/07/2018	0.134640	0.135250	0.073999	0.077440	22	195,228
07/06/2018	0.083095	0.139526	0.077489	0.134822	83	120,488
07/05/2018	0.074886	0.141106	0.074243	0.083133	13	108,585
07/04/2018	0.097881	0.138654	0.074454	0.074625	25	141,928
07/03/2018	0.128671	0.132784	0.097657	0.097836	24	186,573
07/02/2018	0.129584	0.148201	0.112451	0.129266	213	187,897
07/01/2018	0.131693	0.132651	0.109612	0.129549	98	190,955
06/30/2018	0.109269	0.146543	0.109269	0.131596	1,008	158,440
06/29/2018	0.061130	0.110324	0.059203	0.109158	23	88,638
06/28/2018	0.090419	0.090721	0.060718	0.061108	8	131,107
06/27/2018	0.103762	0.107237	0.061516	0.090251	34	150,454
06/26/2018	0.062968	0.114777	0.062398	0.103861	47	91,303
06/25/2018	0.081719	0.104338	0.051569	0.062968	30	118,493
06/24/2018	0.051636	0.098185	0.048722	0.082054	23	74,873
06/23/2018	0.059801	0.081968	0.051135	0.051651	20	86,712
06/22/2018	0.076282	0.121491	0.052003	0.059762	89	110,608
06/21/2018	0.072985	0.131143	0.056446	0.076301	25	105,828
06/20/2018	0.089337	0.089337	0.068395	0.072981	223	129,538
06/19/2018	0.083906	0.170018	0.083540	0.089280	86	121,663
06/18/2018	0.140670	0.158009	0.083592	0.083956	36	203,972
06/17/2018	0.078153	0.155925	0.078056	0.140694	56	113,321
06/16/2018	0.058003	0.118001	0.044249	0.078014	324	84,105
06/15/2018	0.103350	0.117267	0.057606	0.058162	15	149,858
06/14/2018	0.117867	0.135408	0.065595	0.103405	14	170,906
06/13/2018	0.071613	0.134394	0.070862	0.117905	89	103,838
06/12/2018	0.089457	0.172408	0.070414	0.071329	25	129,713
06/11/2018	0.105021	0.144980	0.086963	0.089479	70	152,281
06/10/2018	0.141708	0.174215	0.100761	0.104846	31	205,476
06/09/2018	0.073898	0.195040	0.073879	0.141430	33	107,153
06/08/2018	0.169153	0.171211	0.073499	0.073879	14	245,271
06/07/2018	0.078174	0.199853	0.057456	0.168864	27	113,353
06/06/2018	0.196549	0.197525	0.074831	0.078198	400	284,996
06/05/2018	0.177847	0.198359	0.076479	0.196945	812	257,878
06/04/2018	0.195511	0.196477	0.119335	0.177860	215	283,490
06/03/2018	0.083089	0.198948	0.083072	0.195752	559	120,479
06/02/2018	0.093837	0.111808	0.083196	0.083196	18	136,063
06/01/2018	0.101763	0.115865	0.089854	0.093866	25	147,557
05/31/2018	0.080752	0.132143	0.079775	0.101603	131	117,090
05/30/2018	0.080440	0.087267	0.068391	0.080830	10	116,638
05/29/2018	0.067062	0.080396	0.066793	0.080391	356	97,240
05/28/2018	0.108774	0.119025	0.108630	0.114196	23	157,722
05/27/2018	0.121029	0.121029	0.100678	0.108751	671	175,492
05/26/2018	0.123021	0.125783	0.120324	0.120975	19	178,380
05/25/2018	0.139679	0.142165	0.113103	0.113103	57	202,534
05/24/2018	0.087211	0.177094	0.033332	0.139481	128	126,456
05/23/2018	0.160926	0.161952	0.082088	0.087428	174	233,342
05/22/2018	0.233310	0.233899	0.044170	0.161188	632	338,300
05/21/2018	0.199496	0.239619	0.198287	0.233677	1,439	289,269
05/20/2018	0.103655	0.201549	0.097384	0.199238	210	150,300
05/19/2018	0.185810	0.224867	0.102141	0.103570	31	269,425
05/18/2018	0.278779	0.278894	0.185814	0.185814	317	404,229
05/17/2018	0.115517	0.279055	0.093048	0.279055	97	167,500
05/16/2018	0.204176	0.205216	0.037927	0.115451	5	296,055
05/15/2018	0.210122	0.213088	0.201190	0.204079	135	304,676
05/14/2018	0.239102	0.239951	0.123355	0.210414	139	346,698
05/13/2018	0.270195	0.288328	0.238942	0.239200	130	391,782
05/12/2018	0.094660	0.273318	0.089548	0.270737	305	137,257
05/11/2018	0.106564	0.106564	0.094829	0.094829	153	154,517
05/10/2018	0.106519	0.107638	0.101636	0.106486	157	154,453
05/09/2018	0.216327	0.251831	0.105425	0.106419	77	313,674
05/08/2018	0.229421	0.230088	0.112044	0.216657	119	332,661
05/07/2018	0.261046	0.266198	0.225650	0.228939	154	378,517
05/06/2018	0.283710	0.286540	0.255807	0.260900	12	411,379
05/05/2018	0.251911	0.284267	0.251516	0.283548	1,910	365,271
05/04/2018	0.268644	0.270534	0.243023	0.252031	813	389,534
05/03/2018	0.100397	0.270135	0.058384	0.268917	233	145,576
05/02/2018	0.099346	0.100782	0.098926	0.100393	1	144,051
05/01/2018	0.093517	0.093517	0.090219	0.090783	2	135,600
04/30/2018	0.096229	0.099294	0.092960	0.093435	2	139,532
04/29/2018	0.123305	0.195823	0.094912	0.096255	48	178,792
04/28/2018	0.118777	0.126153	0.118777	0.123295	136	172,226
04/27/2018	0.219999	0.227260	0.119549	0.119806	44	318,998
04/26/2018	0.174751	0.220341	0.133283	0.219618	84	253,389
04/25/2018	0.141113	0.183122	0.113709	0.173054	562	204,614
04/24/2018	0.186168	0.200125	0.137649	0.141162	0	269,943
04/23/2018	0.140642	0.186163	0.138612	0.186163	79	203,931
04/22/2018	0.206555	0.218101	0.140301	0.141003	1,152	299,505
04/21/2018	0.123191	0.211577	0.120231	0.206555	1,892	178,628
04/20/2018	0.144541	0.212731	0.090595	0.123272	188	209,584
04/19/2018	0.117498	0.144714	0.114830	0.144714	256	170,372
04/18/2018	0.251744	0.257801	0.117187	0.117434	666	365,029
04/17/2018	0.211434	0.257041	0.102713	0.251622	65	306,579
04/16/2018	0.126181	0.305974	0.121674	0.211466	303	182,962
04/15/2018	0.223234	0.233545	0.125077	0.126234	13	323,690
04/14/2018	0.178141	0.225048	0.176764	0.222995	71	258,304
04/13/2018	0.145229	0.181345	0.144715	0.178141	337	210,582
04/12/2018	0.081155	0.084669	0.076028	0.083787	9	117,674
04/11/2018	0.083148	0.085089	0.079882	0.081517	10	120,565
04/10/2018	0.067767	0.083600	0.067056	0.082953	115	98,262
04/09/2018	0.105378	0.107548	0.066266	0.067455	21	152,798
04/08/2018	0.130910	0.137174	0.105207	0.105207	17	189,820
04/07/2018	0.120394	0.130969	0.120258	0.130969	338	174,571
04/06/2018	0.126915	0.128087	0.120276	0.120422	23	184,026
04/05/2018	0.080369	0.127408	0.054190	0.127408	207	116,535
04/04/2018	0.081052	0.081052	0.079768	0.080465	258	117,525
04/03/2018	0.090300	0.094750	0.090009	0.093730	10	130,935
04/02/2018	0.090299	0.090317	0.088417	0.090236	9	130,933
03/31/2018	0.118024	0.125247	0.117194	0.120763	2,011	171,135
03/30/2018	0.101573	0.127201	0.096714	0.118132	2,031	147,281
03/29/2018	0.142723	0.143403	0.093262	0.101870	270	206,948
03/28/2018	0.133564	0.142747	0.115267	0.142469	127	193,667
03/27/2018	0.132926	0.147738	0.120366	0.133520	247	192,742
03/26/2018	0.169072	0.170171	0.128678	0.133007	2,773	245,154
03/25/2018	0.195009	0.195981	0.155345	0.169447	792	282,763
03/24/2018	0.243434	0.248770	0.188243	0.197379	5,723	352,979
03/23/2018	0.262386	0.262873	0.208803	0.241198	12,928	380,460
03/22/2018	0.318941	0.322600	0.234863	0.262431	9,669	462,465
03/21/2018	0.316288	0.328113	0.273749	0.318165	7,727	458,617
03/20/2018	0.305031	0.343578	0.253393	0.314352	70,956	442,295
03/19/2018	0.291995	0.304926	0.271302	0.302614	49,284	423,393
03/18/2018	0.275498	0.303328	0.233469	0.293170	1,355	399,472
03/17/2018	0.290136	0.291528	0.189287	0.275748	739	348,163
03/16/2018	0.243101	0.294967	0.215083	0.289932	2,797	291,720
03/15/2018	0.131313	0.244652	0.112530	0.243383	2,241	157,576
03/14/2018	0.112069	0.141652	0.098818	0.131372	3	134,483
03/13/2018	0.175760	0.194853	0.106643	0.112053	238	210,912
03/12/2018	0.134823	0.220955	0.090408	0.176269	686	161,788
03/11/2018	0.154883	0.162982	0.128151	0.135226	247	185,860
03/10/2018	0.158618	0.167238	0.154007	0.155419	8	190,342
03/09/2018	0.157961	0.269032	0.123891	0.158550	18	189,553
03/08/2018	0.263232	0.277121	0.154103	0.158632	198	315,878
03/07/2018	0.278651	0.281583	0.188898	0.263639	502	334,381
03/06/2018	0.188350	0.299058	0.184194	0.279012	111	226,020
03/05/2018	0.321933	0.323683	0.184745	0.188782	386	386,319
03/04/2018	0.228796	0.404171	0.227550	0.322168	605	274,555
03/03/2018	0.597215	0.621519	0.228679	0.229192	236	716,658
03/02/2018	0.267725	0.639019	0.089889	0.597681	2,281	321,270
03/01/2018	0.229679	0.271583	0.106073	0.268382	23	275,614
02/28/2018	0.224166	0.231917	0.218936	0.223207	923	268,999
02/27/2018	0.231066	0.247376	0.223842	0.224431	1,021	277,279
02/26/2018	0.358316	0.365059	0.214895	0.230407	38	429,979
02/25/2018	0.254048	0.360334	0.212483	0.357859	470	304,858
02/24/2018	0.195271	0.256503	0.193031	0.254506	409	234,325
02/23/2018	0.314938	0.331276	0.307165	0.321116	16	377,925
02/22/2018	0.243345	0.336794	0.240572	0.315232	23	292,014
02/21/2018	0.217071	0.259906	0.206379	0.243592	38	260,485
02/20/2018	0.335194	0.441019	0.215173	0.217341	369	402,232
02/19/2018	0.325134	0.426593	0.324131	0.334890	294	390,161
02/18/2018	0.338685	0.344469	0.312102	0.326636	298	406,422
02/17/2018	0.290547	0.400312	0.286830	0.337650	38	348,656
02/16/2018	0.406040	0.413406	0.279593	0.290612	62	487,247
02/15/2018	0.437955	0.450845	0.364559	0.407782	463	525,545
02/14/2018	0.323544	0.438661	0.296018	0.437728	471	388,252
02/13/2018	0.297514	0.368945	0.277317	0.324511	639	357,016
02/12/2018	0.405669	0.438484	0.297022	0.297022	248	486,803
02/11/2018	0.338039	0.423345	0.312637	0.403134	902	405,646
02/10/2018	0.390999	0.423455	0.323424	0.338328	2,330	469,199
02/09/2018	0.404959	0.411177	0.341260	0.390714	800	485,951
02/08/2018	0.309528	0.415697	0.309528	0.404021	1,368	371,433
02/07/2018	0.464307	0.498586	0.310022	0.310670	7,122	557,168
02/06/2018	0.306991	0.472997	0.233700	0.468800	7,218	368,389
02/05/2018	0.368714	0.417351	0.273808	0.306233	10,535	442,457
02/04/2018	0.472501	0.720883	0.362520	0.372323	26,589	567,001
02/03/2018	0.496652	0.599689	0.397976	0.472373	8,310	595,982
02/02/2018	0.710726	0.710726	0.269229	0.494616	4,533	852,871
02/01/2018	0.666939	1.15	0.280346	0.712731	9,055	800,327
01/31/2018	0.669468	1.15	0.598454	0.604127	7,895	803,361
01/30/2018	0.763261	0.864302	0.666783	0.667984	1,809	915,913
01/29/2018	1.01	1.04	0.679936	0.762981	3,662	1,208,270
01/28/2018	0.776222	1.83	0.685945	1.01	196,871	931,466
01/27/2018	0.536099	0.781045	0.534840	0.771650	2,059	643,319
01/26/2018	0.831565	0.931745	0.485155	0.536294	2,270	997,878
01/25/2018	0.790445	0.988156	0.590224	0.833842	3,278	948,534
01/24/2018	0.923201	1.08	0.545547	0.780466	4,851	1,107,840
01/23/2018	0.980407	1.37	0.769506	0.923274	2,539	1,176,490
01/22/2018	1.25	1.27	0.778665	0.982885	4,484	1,497,070
01/21/2018	1.27	1.44	0.702269	1.24	16,971	1,528,160
01/20/2018	1.07	1.57	1.07	1.27	14,148	1,281,010
01/19/2018	1.11	1.56	0.982106	1.06	29,858	1,327,060
01/18/2018	1.50	1.61	1.02	1.12	28,004	1,802,180
01/17/2018	1.27	1.64	1.21	1.49	5,295	1,521,070
01/16/2018	1.55	2.22	1.08	1.27	19,348	1,865,780
01/15/2018	1.66	1.83	1.34	1.55	23,762	1,994,510
01/14/2018	2.00	2.24	1.08	1.67	55,357	2,399,010
01/13/2018	2.52	2.63	1.25	2.00	74,932	3,022,820
01/12/2018	2.56	2.72	2.23	2.52	51,386	3,073,420
01/11/2018	2.55	3.44	2.04	2.54	93,795	3,057,180
01/10/2018	2.08	4.87	1.79	2.32	508,687	2,500,880
01/09/2018	1.18	2.60	1.14	2.13	116,544	1,414,850
01/08/2018	1.03	1.34	0.924636	1.18	33,596	1,241,970
01/07/2018	0.948919	1.15	0.825663	1.03	23,885	1,138,700
01/06/2018	0.947519	1.02	0.859554	0.949440	7,614	1,137,020
01/05/2018	0.910027	1.04	0.765221	0.945597	12,289	1,092,030
01/04/2018	0.736250	0.956479	0.667387	0.911456	20,999	883,500
01/03/2018	0.795492	0.980305	0.693712	0.735078	11,960	954,591
01/02/2018	0.637892	0.990820	0.637892	0.795278	17,795	765,470
01/01/2018	0.704309	0.834900	0.607413	0.637271	7,985	845,171
12/31/2017	0.643452	1.03	0.584034	0.700950	18,315	772,142
12/30/2017	0.648370	0.793895	0.486558	0.649545	17,614	778,044
12/29/2017	0.547307	0.689593	0.491156	0.646535	13,032	656,768
12/28/2017	0.505274	0.689270	0.412406	0.544022	20,749	606,329
12/27/2017	0.362792	0.509588	0.319517	0.506174	11,834	435,351
12/26/2017	0.328605	0.416073	0.243603	0.362070	7,089	394,326
12/25/2017	0.379056	0.394527	0.251259	0.328534	5,700	454,867
12/24/2017	0.455205	0.585242	0.206379	0.377029	5,945	546,246
12/23/2017	0.444555	0.508863	0.260975	0.449876	5,248	533,466
12/22/2017	0.582806	0.587634	0.162141	0.440536	3,716	699,368
12/21/2017	0.354303	0.706855	0.263802	0.580754	614	425,164
12/20/2017	0.560685	0.565660	0.338337	0.353910	1,893	672,822
12/19/2017	0.640167	0.717487	0.410724	0.561282	6,934	768,200
12/18/2017	0.551356	0.742524	0.297330	0.641136	12,032	661,627
12/17/2017	0.573418	0.604192	0.338360	0.552093	7,689	573,418
12/16/2017	0.709500	0.928447	0.545889	0.571874	17,191	709,500
12/15/2017	1.03	1.03	0.526735	0.708063	5,918	1,031,330
12/14/2017	1.06	1.13	0.512876	1.03	5,553	1,058,740
12/13/2017	1.62	1.67	1.04	1.06	42,450	1,623,950
12/12/2017	1.31	1.63	1.13	1.62	30,846	1,312,300
12/11/2017	1.28	1.38	1.18	1.32	42,264	1,279,880
12/10/2017	1.39	1.39	1.18	1.27	93,122	1,388,840
12/09/2017	1.17	1.57	1.17	1.29	147,428	1,173,620
12/08/2017	0.819743	1.19	0.780675	1.17	109,439	819,743
12/07/2017	0.757976	0.881016	0.630737	0.808639	68,054	757,976
12/06/2017	0.818586	0.854264	0.745269	0.760620	6,012	818,586
12/05/2017	0.900128	0.919522	0.818162	0.820026	8,306	900,128
12/04/2017	0.828884	0.936793	0.786399	0.899666	9,708	828,884
12/03/2017	0.904061	0.961835	0.754079	0.776491	28,845	-
12/02/2017	0.973280	0.973488	0.827235	0.903756	15,809	-
12/01/2017	0.612879	0.973307	0.558650	0.973307	15,228	-
