Date	Open	High	Low	Close	Volume	Market Cap
07/15/2018	0.035382	0.041329	0.035243	0.041034	199,327	12,293,000
07/14/2018	0.036372	0.038154	0.031660	0.035377	152,329	12,637,000
07/13/2018	0.038805	0.040037	0.034131	0.036379	166,684	13,482,100
07/12/2018	0.040023	0.041437	0.036687	0.038683	213,315	13,902,000
07/11/2018	0.040183	0.041885	0.034403	0.040029	149,777	13,957,400
07/10/2018	0.045124	0.045981	0.036877	0.040181	398,817	14,816,500
07/09/2018	0.037055	0.183885	0.037007	0.045156	163,882	12,166,900
07/08/2018	0.042873	0.043307	0.036949	0.036991	20,541	14,077,300
07/07/2018	0.040734	0.042939	0.038728	0.042876	152,534	13,374,900
07/06/2018	0.034537	0.042849	0.034324	0.040766	189,680	11,340,300
07/05/2018	0.040210	0.040738	0.031929	0.034562	140,845	13,203,000
07/04/2018	0.033173	0.041763	0.032654	0.040093	182,028	10,892,400
07/03/2018	0.032223	0.034928	0.032198	0.033184	172,351	8,720,690
07/02/2018	0.032809	0.032888	0.028024	0.032162	47,808	8,879,390
07/01/2018	0.035020	0.039548	0.031538	0.032816	85,164	9,477,520
06/30/2018	0.032817	0.036469	0.032817	0.034989	6,454	8,881,370
06/29/2018	0.031812	0.033158	0.029649	0.032832	35,473	8,609,540
06/28/2018	0.032324	0.038030	0.029965	0.031856	67,933	8,747,950
06/27/2018	0.033011	0.034300	0.030468	0.032279	52,234	8,934,010
06/26/2018	0.035664	0.035859	0.033021	0.033021	15,894	9,651,960
06/25/2018	0.040544	0.040630	0.035592	0.035650	14,715	10,972,800
06/24/2018	0.038268	0.041078	0.035002	0.040609	25,478	10,356,600
06/23/2018	0.035531	0.042537	0.034429	0.038291	27,928	9,615,860
06/22/2018	0.046912	0.059379	0.035515	0.035515	69,015	12,696,100
06/21/2018	0.045104	0.048295	0.043807	0.043834	13,706	12,206,800
06/20/2018	0.049002	0.055443	0.043099	0.045107	37,617	13,261,700
06/19/2018	0.044530	0.054340	0.044361	0.048960	53,610	12,051,400
06/18/2018	0.035325	0.049266	0.035302	0.044571	66,840	-
06/17/2018	0.043316	0.048193	0.035334	0.035342	52,120	-
06/16/2018	0.047889	0.056955	0.039477	0.043329	119,164	-
06/15/2018	0.054960	0.055054	0.046797	0.047970	39,353	-
06/14/2018	0.045517	0.060916	0.043722	0.054918	54,332	-
06/13/2018	0.049773	0.059749	0.042569	0.045388	103,735	-
06/12/2018	0.055064	0.062312	0.049121	0.049576	101,033	-
06/11/2018	0.052200	0.055093	0.052200	0.054922	118,622	-
