Date	Open	High	Low	Close	Volume	Market Cap
07/15/2018	0.195647	0.201663	0.189206	0.199310	398,773	68,476,400
07/14/2018	0.201004	0.203627	0.192787	0.194691	499,009	70,351,400
07/13/2018	0.204858	0.217063	0.199866	0.200695	776,288	71,700,300
07/12/2018	0.206945	0.211780	0.193267	0.204594	598,761	72,430,800
07/11/2018	0.210715	0.215486	0.202571	0.206735	531,092	73,750,200
07/10/2018	0.235123	0.236526	0.207929	0.211167	584,208	82,293,000
07/09/2018	0.247927	0.253253	0.234844	0.235216	575,313	86,774,400
07/08/2018	0.248090	0.252688	0.239516	0.246745	497,111	86,831,500
07/07/2018	0.231080	0.255759	0.230163	0.249942	1,712,400	80,878,000
07/06/2018	0.218486	0.231747	0.215816	0.229949	458,131	76,470,100
07/05/2018	0.231130	0.241421	0.215229	0.218494	646,977	80,895,500
07/04/2018	0.235724	0.247761	0.230494	0.232286	617,233	82,503,400
07/03/2018	0.249639	0.260895	0.235103	0.236518	721,174	87,373,600
07/02/2018	0.222635	0.252846	0.212614	0.249000	832,198	77,922,200
07/01/2018	0.226203	0.230038	0.214822	0.221200	552,528	79,171,000
06/30/2018	0.180985	0.227225	0.180985	0.226619	1,331,670	63,344,800
06/29/2018	0.166213	0.183460	0.162135	0.181072	435,250	58,174,600
06/28/2018	0.172153	0.175574	0.164628	0.166278	1,015,270	60,253,500
06/27/2018	0.170717	0.175756	0.165746	0.171995	450,340	59,750,800
06/26/2018	0.179486	0.185113	0.170625	0.170771	466,123	62,820,000
06/25/2018	0.186768	0.189040	0.178558	0.179697	534,090	65,368,700
06/24/2018	0.193838	0.193838	0.169898	0.186944	486,218	67,843,300
06/23/2018	0.185813	0.197427	0.184344	0.193660	473,507	65,034,500
06/22/2018	0.212270	0.213048	0.176818	0.186089	976,667	74,294,400
06/21/2018	0.224460	0.234165	0.212161	0.212881	916,385	78,561,000
06/20/2018	0.222616	0.241406	0.211512	0.225581	1,090,550	77,915,400
06/19/2018	0.209795	0.223699	0.209103	0.220765	636,392	73,428,300
06/18/2018	0.214128	0.219117	0.203779	0.210080	649,237	74,944,700
06/17/2018	0.222324	0.227596	0.210932	0.214002	659,047	77,813,500
06/16/2018	0.223513	0.231015	0.209285	0.222022	491,185	78,229,400
06/15/2018	0.239984	0.240677	0.222245	0.223557	420,554	83,994,600
06/14/2018	0.214586	0.246365	0.213462	0.239964	1,224,850	75,105,000
06/13/2018	0.228528	0.231770	0.200626	0.214526	1,545,500	79,984,700
06/12/2018	0.264913	0.269029	0.225996	0.228636	1,093,790	92,719,400
06/11/2018	0.242126	0.264211	0.241323	0.262975	822,274	84,744,100
06/10/2018	0.296918	0.296918	0.238184	0.241828	1,404,290	103,921,000
06/09/2018	0.295341	0.310230	0.290372	0.297624	980,861	103,369,000
06/08/2018	0.307156	0.320542	0.293531	0.293531	1,653,140	107,505,000
06/07/2018	0.330176	0.334410	0.302987	0.306770	1,534,880	115,562,000
06/06/2018	0.336001	0.344035	0.323187	0.329864	958,238	117,600,000
06/05/2018	0.339333	0.342375	0.321210	0.336191	1,150,320	118,767,000
06/04/2018	0.360814	0.363464	0.330667	0.340509	1,482,450	126,285,000
06/03/2018	0.368361	0.373085	0.360251	0.362294	1,784,810	128,926,000
06/02/2018	0.351132	0.370455	0.346440	0.367310	1,931,240	122,896,000
06/01/2018	0.344391	0.358604	0.340150	0.349503	1,749,230	120,537,000
05/31/2018	0.336011	0.352050	0.331817	0.344773	1,893,860	117,604,000
05/30/2018	0.351707	0.360788	0.332259	0.335834	1,887,930	123,097,000
05/29/2018	0.316005	0.353393	0.307569	0.351257	2,054,720	110,602,000
05/28/2018	0.345454	0.349226	0.312380	0.315850	1,893,850	120,909,000
05/27/2018	0.364613	0.364613	0.339327	0.345249	1,537,460	127,614,000
05/26/2018	0.342905	0.378707	0.341086	0.364620	2,132,460	120,017,000
05/25/2018	0.361846	0.368043	0.337588	0.342848	884,160	126,646,000
05/24/2018	0.347501	0.364461	0.327020	0.360526	994,366	121,625,000
05/23/2018	0.376795	0.384650	0.325221	0.348690	1,671,040	131,878,000
05/22/2018	0.424544	0.425094	0.375938	0.376997	1,350,350	148,591,000
05/21/2018	0.453276	0.459815	0.422359	0.424356	1,486,740	158,647,000
05/20/2018	0.454060	0.466800	0.447304	0.453171	1,025,440	158,921,000
05/19/2018	0.456888	0.469481	0.446857	0.453086	1,142,290	159,911,000
05/18/2018	0.443198	0.466155	0.431033	0.456841	1,238,790	155,119,000
05/17/2018	0.480957	0.489524	0.439751	0.444447	1,213,040	168,335,000
05/16/2018	0.504069	0.509343	0.473950	0.480891	2,304,810	176,424,000
05/15/2018	0.517117	0.540287	0.502760	0.504004	4,057,270	180,991,000
05/14/2018	0.503561	0.519388	0.467152	0.516912	7,448,630	176,246,000
05/13/2018	0.463815	0.507848	0.461998	0.503457	7,268,850	162,335,000
05/12/2018	0.465587	0.479527	0.435912	0.464764	5,915,750	162,956,000
05/11/2018	0.528553	0.542279	0.463324	0.467844	7,637,640	184,994,000
05/10/2018	0.540756	0.580562	0.526081	0.526373	8,782,470	189,265,000
05/09/2018	0.553441	0.566589	0.518740	0.539512	8,745,840	193,704,000
05/08/2018	0.575398	0.605246	0.550472	0.552857	11,448,600	201,389,000
05/07/2018	0.539151	0.576308	0.517246	0.573018	11,589,100	188,703,000
05/06/2018	0.569823	0.579571	0.515715	0.538399	10,221,100	199,438,000
05/05/2018	0.582434	0.605718	0.568581	0.571535	8,913,690	203,852,000
05/04/2018	0.568115	0.595175	0.545682	0.582583	9,514,950	198,840,000
05/03/2018	0.566081	0.580635	0.553803	0.567669	12,504,300	198,128,000
05/02/2018	0.548807	0.579055	0.542267	0.564701	12,012,700	192,082,000
05/01/2018	0.546737	0.564090	0.513602	0.550401	11,765,500	191,358,000
04/30/2018	0.518846	0.595504	0.501624	0.544691	16,614,200	181,596,000
04/29/2018	0.484039	0.524225	0.484039	0.515714	13,234,600	169,414,000
04/28/2018	0.452135	0.485825	0.448890	0.484476	11,109,500	158,247,000
04/27/2018	0.490388	0.490388	0.452005	0.452005	9,550,110	171,636,000
04/26/2018	0.437818	0.491522	0.427058	0.490148	9,472,480	153,236,000
04/25/2018	0.533049	0.533049	0.420517	0.434367	11,093,000	186,567,000
04/24/2018	0.492222	0.540175	0.492222	0.536824	14,352,600	172,278,000
04/23/2018	0.499589	0.506020	0.491080	0.492385	13,159,300	174,856,000
04/22/2018	0.491732	0.507285	0.484899	0.499311	12,728,200	172,106,000
04/21/2018	0.482384	0.494580	0.437563	0.491349	13,561,900	168,834,000
04/20/2018	0.483105	0.491307	0.463220	0.481416	12,657,700	169,087,000
04/19/2018	0.446446	0.482795	0.445759	0.482795	12,987,800	156,256,000
04/18/2018	0.418092	0.447514	0.418092	0.446290	11,779,200	146,332,000
04/17/2018	0.409593	0.442639	0.407598	0.416794	11,459,000	143,358,000
04/16/2018	0.424280	0.427754	0.395853	0.409538	9,864,350	148,498,000
04/15/2018	0.394515	0.427119	0.394515	0.423946	10,745,200	138,080,000
04/14/2018	0.380040	0.418225	0.374964	0.394007	9,167,990	133,014,000
04/13/2018	0.387293	0.419498	0.374365	0.381543	11,271,600	135,552,000
04/12/2018	0.358107	0.390432	0.339751	0.386811	11,536,600	125,337,000
04/11/2018	0.356482	0.375550	0.352602	0.359287	10,603,500	124,769,000
04/10/2018	0.318395	0.357976	0.313079	0.355836	9,540,080	111,438,000
04/09/2018	0.328047	0.339652	0.300099	0.311528	9,020,550	114,817,000
04/08/2018	0.306240	0.330459	0.300253	0.327094	10,058,800	107,184,000
04/07/2018	0.275059	0.305454	0.275013	0.304124	8,668,510	96,270,600
04/06/2018	0.285239	0.290033	0.270799	0.275062	7,671,220	99,833,600
04/05/2018	0.289063	0.308896	0.272381	0.286925	9,738,160	101,172,000
04/04/2018	0.295325	0.300448	0.269061	0.290161	8,929,810	103,364,000
04/03/2018	0.273958	0.298269	0.269954	0.295473	8,705,370	95,885,300
04/02/2018	0.262899	0.279084	0.259882	0.273684	7,697,230	92,014,500
04/01/2018	0.280087	0.284584	0.244567	0.261580	7,962,260	98,030,300
03/31/2018	0.286772	0.298324	0.278543	0.280171	7,349,410	100,370,000
03/30/2018	0.280455	0.306109	0.268745	0.287494	7,631,570	98,159,100
03/29/2018	0.352725	0.354318	0.275649	0.280161	8,848,710	123,454,000
03/28/2018	0.343633	0.359677	0.336340	0.351367	8,432,800	120,272,000
03/27/2018	0.371228	0.372369	0.337205	0.342625	6,654,480	129,930,000
03/26/2018	0.405745	0.413622	0.346954	0.371496	9,116,330	142,011,000
03/25/2018	0.410346	0.418074	0.393788	0.406105	8,585,700	143,621,000
03/24/2018	0.414342	0.433272	0.401918	0.419085	8,999,810	145,020,000
03/23/2018	0.419889	0.427333	0.379220	0.409140	9,846,940	146,961,000
03/22/2018	0.444646	0.457575	0.390708	0.419292	10,720,800	155,626,000
03/21/2018	0.392459	0.455803	0.390060	0.445421	12,823,600	137,361,000
03/20/2018	0.387416	0.401789	0.361059	0.391713	8,897,510	135,596,000
03/19/2018	0.371102	0.386310	0.353199	0.381644	8,994,920	129,886,000
03/18/2018	0.372332	0.380326	0.284184	0.373338	9,742,300	130,316,000
03/17/2018	0.423994	0.423994	0.366734	0.373861	9,340,520	148,398,000
03/16/2018	0.417999	0.442162	0.416015	0.424420	10,271,100	146,300,000
03/15/2018	0.442636	0.444595	0.396093	0.419737	8,460,960	154,923,000
03/14/2018	0.566199	0.577406	0.431777	0.443609	5,288,160	198,170,000
03/13/2018	0.507505	0.565642	0.504771	0.563841	4,227,540	177,627,000
03/12/2018	0.510991	0.563421	0.496240	0.510198	5,513,180	178,847,000
03/11/2018	0.465669	0.516688	0.446866	0.513524	2,527,380	162,984,000
03/10/2018	0.478701	0.511314	0.466054	0.467710	2,491,710	167,545,000
03/09/2018	0.485427	0.492362	0.431485	0.480877	3,412,130	169,899,000
03/08/2018	0.517473	0.523540	0.461371	0.486422	3,397,200	181,115,000
03/07/2018	0.533835	0.567519	0.455621	0.521148	5,364,650	186,842,000
03/06/2018	0.583690	0.583690	0.529083	0.533870	3,218,950	204,292,000
03/05/2018	0.594186	0.608093	0.576373	0.586738	4,530,590	207,965,000
03/04/2018	0.629218	0.640109	0.574630	0.592818	4,243,320	220,226,000
03/03/2018	0.652153	0.669431	0.615337	0.628706	3,547,810	228,254,000
03/02/2018	0.661663	0.673799	0.646619	0.652742	3,763,040	231,582,000
03/01/2018	0.662293	0.680856	0.649849	0.663065	3,992,240	231,802,000
02/28/2018	0.724143	0.740327	0.661052	0.661447	4,943,770	253,450,000
02/27/2018	0.691860	0.735180	0.676655	0.723957	5,426,840	242,151,000
02/26/2018	0.672751	0.698348	0.641757	0.691446	4,113,690	235,463,000
02/25/2018	0.646013	0.699827	0.636775	0.675715	5,793,540	226,104,000
02/24/2018	0.676026	0.718403	0.618498	0.650958	5,582,380	236,609,000
02/23/2018	0.601214	0.676693	0.572225	0.674791	6,902,820	210,425,000
02/22/2018	0.654794	0.713841	0.584273	0.601923	5,678,200	229,178,000
02/21/2018	0.695364	0.734271	0.623681	0.653669	7,049,450	243,377,000
02/20/2018	0.771259	0.820339	0.698196	0.699926	11,664,800	269,941,000
02/19/2018	0.760064	0.875907	0.710500	0.774362	29,965,000	266,022,000
02/18/2018	0.676664	0.781357	0.587149	0.761761	15,946,800	236,832,000
02/17/2018	0.644339	0.683901	0.636546	0.672487	8,038,940	225,519,000
02/16/2018	0.561803	0.666601	0.557657	0.639628	9,385,160	196,631,000
02/15/2018	0.568245	0.579358	0.529747	0.565251	7,288,970	198,886,000
02/14/2018	0.564205	0.587916	0.532434	0.568253	11,953,100	197,472,000
02/13/2018	0.488930	0.624750	0.482524	0.570759	30,283,200	171,125,000
02/12/2018	0.417541	0.519708	0.414619	0.490282	7,646,360	146,139,000
02/11/2018	0.419716	0.435649	0.378313	0.416157	2,544,010	146,901,000
02/10/2018	0.435503	0.480114	0.400166	0.419874	3,474,900	152,426,000
02/09/2018	0.412028	0.440020	0.391976	0.435194	3,047,610	144,210,000
02/08/2018	0.375524	0.433127	0.375524	0.411080	5,285,960	131,433,000
02/07/2018	0.425813	0.443644	0.373128	0.376771	5,201,810	149,035,000
02/06/2018	0.343707	0.438514	0.272057	0.425248	6,105,750	120,298,000
02/05/2018	0.430158	0.437098	0.307245	0.341506	4,347,320	150,555,000
02/04/2018	0.518612	0.525754	0.403487	0.434371	5,171,480	181,514,000
02/03/2018	0.500117	0.544792	0.453403	0.518558	5,826,330	175,041,000
02/02/2018	0.518440	0.523837	0.351950	0.494574	7,123,780	181,454,000
02/01/2018	0.619959	0.623401	0.480307	0.520347	6,605,630	216,986,000
01/31/2018	0.598872	0.624020	0.565813	0.620146	6,957,010	209,605,000
01/30/2018	0.700005	0.700005	0.562775	0.596778	5,598,540	245,002,000
01/29/2018	0.756799	0.761525	0.685925	0.697712	5,220,320	264,879,000
01/28/2018	0.789529	0.855933	0.751998	0.760601	9,034,380	276,335,000
01/27/2018	0.710961	0.846373	0.689705	0.780675	14,915,400	248,836,000
01/26/2018	0.756811	0.787677	0.678423	0.709853	5,618,280	264,884,000
01/25/2018	0.800383	0.832663	0.720689	0.760437	6,271,900	280,134,000
01/24/2018	0.798848	0.834116	0.766961	0.792863	6,451,640	279,597,000
01/23/2018	0.802235	0.862839	0.718654	0.801917	7,552,930	280,782,000
01/22/2018	0.905794	1.02	0.734843	0.802858	12,408,600	317,028,000
01/21/2018	1.20	1.20	0.840487	0.887828	22,703,900	418,474,000
01/20/2018	0.820674	1.22	0.805499	1.22	13,848,900	287,236,000
01/19/2018	0.739170	0.908227	0.703131	0.812905	7,383,730	258,709,000
01/18/2018	0.702454	0.819820	0.691333	0.744230	5,953,820	245,859,000
01/17/2018	0.751847	0.768202	0.479321	0.698634	7,658,770	263,146,000
01/16/2018	0.881772	0.881772	0.524756	0.756453	8,988,860	308,620,000
01/15/2018	1.01	1.04	0.848422	0.877688	8,351,260	352,434,000
01/14/2018	1.11	1.15	0.941085	1.01	5,844,480	387,253,000
01/13/2018	1.05	1.28	1.05	1.10	12,319,900	368,709,000
01/12/2018	1.03	1.14	0.989549	1.05	9,231,200	360,412,000
01/11/2018	1.18	1.29	0.972191	1.01	10,009,300	414,294,000
01/10/2018	1.24	1.26	1.09	1.19	11,260,700	433,396,000
01/09/2018	1.38	1.42	1.18	1.23	14,301,200	482,408,000
01/08/2018	1.27	1.44	1.05	1.38	25,545,400	445,086,000
01/07/2018	1.09	1.32	1.01	1.27	23,308,800	380,912,000
01/06/2018	0.964796	1.19	0.938462	1.06	16,319,300	337,679,000
01/05/2018	0.958734	1.26	0.851669	0.907486	23,599,300	335,557,000
01/04/2018	0.680094	1.02	0.680094	0.984368	24,679,000	238,033,000
01/03/2018	0.669799	0.704250	0.629135	0.681167	8,620,400	234,430,000
01/02/2018	0.729082	0.764335	0.585715	0.673712	12,671,100	255,179,000
01/01/2018	0.600415	0.736103	0.574218	0.733563	11,506,300	210,145,000
12/31/2017	0.558809	0.613538	0.524516	0.601552	9,962,080	195,583,000
12/30/2017	0.488004	0.586128	0.433333	0.586128	9,126,190	170,801,000
12/29/2017	0.508161	0.518447	0.461160	0.486348	5,757,530	177,856,000
12/28/2017	0.502782	0.513637	0.436507	0.506697	5,458,410	175,974,000
12/27/2017	0.515710	0.530669	0.460536	0.505501	6,065,390	180,498,000
12/26/2017	0.506289	0.549637	0.435954	0.521421	10,452,900	177,201,000
12/25/2017	0.549337	0.584542	0.488990	0.501933	7,740,550	192,268,000
12/24/2017	0.584562	0.604374	0.443830	0.544162	15,183,200	204,597,000
12/23/2017	0.439272	0.723386	0.439272	0.577680	24,055,000	153,745,000
12/22/2017	0.427648	0.456331	0.283609	0.426878	14,979,800	149,677,000
12/21/2017	0.378562	0.466434	0.368811	0.424287	12,030,600	132,497,000
12/20/2017	0.438729	0.438729	0.352756	0.372796	10,481,200	153,555,000
12/19/2017	0.431075	0.508603	0.415128	0.439356	13,254,800	150,876,000
12/18/2017	0.418269	0.434907	0.362783	0.434907	18,220,400	146,394,000
12/17/2017	0.341848	0.444421	0.339906	0.417596	20,035,600	119,647,000
12/16/2017	0.318199	0.352860	0.293005	0.341393	13,859,700	111,369,000
12/15/2017	0.312604	0.354452	0.258224	0.320793	13,211,800	109,412,000
12/14/2017	0.261320	0.366843	0.253102	0.308503	16,021,700	91,461,900
12/13/2017	0.231428	0.288013	0.224191	0.261878	10,439,800	80,999,700
12/12/2017	0.254114	0.270264	0.209596	0.231424	10,320,200	88,940,000
12/11/2017	0.255079	0.287951	0.245527	0.260592	7,534,170	89,277,800
12/10/2017	0.241055	0.267001	0.215909	0.252898	3,142,570	84,369,300
12/09/2017	0.244985	0.267705	0.226415	0.238859	3,173,600	85,744,800
12/08/2017	0.260004	0.273486	0.211824	0.245226	4,528,570	91,001,400
12/07/2017	0.283690	0.308353	0.235807	0.260064	6,697,780	99,291,400
12/06/2017	0.312358	0.353649	0.267842	0.291570	12,387,900	109,325,000
12/05/2017	0.229270	0.313877	0.221351	0.313877	12,459,200	80,244,600
12/04/2017	0.232595	0.253270	0.206793	0.229581	6,981,590	81,408,100
12/03/2017	0.207998	0.255528	0.193607	0.230629	8,765,840	72,799,200
12/02/2017	0.177941	0.222175	0.167361	0.207898	7,396,790	62,279,400
12/01/2017	0.169528	0.179564	0.161270	0.177823	4,352,980	59,334,900
11/30/2017	0.147360	0.176797	0.142163	0.170461	4,621,870	51,575,900
11/29/2017	0.176567	0.182296	0.137963	0.145255	5,052,720	61,798,300
11/28/2017	0.186821	0.192135	0.175586	0.176424	5,251,760	65,387,300
11/27/2017	0.182888	0.185542	0.171907	0.184168	4,242,550	64,010,900
11/26/2017	0.183492	0.185923	0.170017	0.182888	1,860,700	64,222,100
11/25/2017	0.192811	0.193242	0.174594	0.180959	2,292,830	67,483,800
11/24/2017	0.165317	0.193379	0.155927	0.192921	3,763,260	57,860,800
11/23/2017	0.169655	0.190338	0.157085	0.164384	3,325,760	59,379,300
11/22/2017	0.156980	0.174569	0.150318	0.168515	2,709,660	54,942,900
11/21/2017	0.163476	0.168005	0.153796	0.154972	1,952,710	57,216,700
11/20/2017	0.162366	0.166283	0.156672	0.162183	1,916,880	56,827,900
11/19/2017	0.170798	0.173812	0.157416	0.162354	1,646,620	59,779,400
11/18/2017	0.155009	0.177912	0.150702	0.170872	1,948,470	54,253,000
11/17/2017	0.169455	0.171535	0.152477	0.159649	2,547,360	59,309,100
11/16/2017	0.187482	0.188444	0.164531	0.169761	1,766,160	65,618,600
11/15/2017	0.187613	0.193513	0.176030	0.186138	1,689,780	65,664,700
11/14/2017	0.184815	0.199968	0.170400	0.188114	2,203,410	64,685,100
11/13/2017	0.169117	0.205014	0.168743	0.183071	2,992,650	59,191,100
11/12/2017	0.179667	0.198376	0.145948	0.170898	5,455,200	62,883,400
11/11/2017	0.186398	0.197687	0.166026	0.179770	2,238,980	65,239,300
11/10/2017	0.224700	0.231280	0.180161	0.187602	2,125,460	78,645,100
11/09/2017	0.216713	0.248233	0.195411	0.223969	3,347,920	75,849,700
11/08/2017	0.177328	0.258522	0.171102	0.213909	5,493,180	62,064,900
11/07/2017	0.167836	0.177565	0.162294	0.177539	1,267,510	58,742,700
11/06/2017	0.173370	0.173470	0.156914	0.167456	1,599,470	60,679,600
11/05/2017	0.176922	0.182497	0.169625	0.172059	1,080,670	61,922,500
11/04/2017	0.170295	0.185698	0.162385	0.177603	1,757,130	59,603,300
11/03/2017	0.161143	0.188294	0.158104	0.171798	2,411,460	56,400,000
11/02/2017	0.156799	0.194406	0.138434	0.167427	3,643,740	54,879,700
11/01/2017	0.190372	0.190372	0.155311	0.157611	3,130,450	66,630,200
10/31/2017	0.211457	0.221311	0.184711	0.193912	2,251,570	74,010,000
10/30/2017	0.199246	0.210863	0.195898	0.209849	1,492,410	69,736,100
10/29/2017	0.205613	0.218749	0.182713	0.198876	2,352,990	71,964,600
10/28/2017	0.224610	0.227004	0.199226	0.206531	1,522,820	78,613,400
10/27/2017	0.227601	0.235078	0.219734	0.224644	1,419,580	79,660,300
10/26/2017	0.254033	0.254033	0.224187	0.227041	1,681,240	88,911,700
10/25/2017	0.255253	0.257736	0.235772	0.254435	2,161,880	89,338,400
10/24/2017	0.244765	0.294806	0.236123	0.254453	3,665,750	85,667,600
10/23/2017	0.263856	0.276816	0.228412	0.248675	2,972,470	92,349,700
10/22/2017	0.258186	0.285979	0.249826	0.264695	4,038,780	90,365,200
10/21/2017	0.223434	0.266299	0.203227	0.252681	5,154,740	78,201,800
10/20/2017	0.298908	0.323952	0.216270	0.223874	7,715,660	104,618,000
10/19/2017	0.367808	0.377265	0.293921	0.300000	5,812,480	128,733,000
10/18/2017	0.402731	0.402731	0.325790	0.366229	5,336,930	140,956,000
10/17/2017	0.422383	0.422383	0.359183	0.400848	6,321,060	147,834,000
10/16/2017	0.415525	0.527722	0.389498	0.423807	12,123,000	145,434,000
10/15/2017	0.391134	0.423696	0.370720	0.413516	5,135,330	136,897,000
10/14/2017	0.434848	0.459368	0.389206	0.391860	4,219,350	152,197,000
10/13/2017	0.441636	0.473790	0.414082	0.434603	7,521,630	154,573,000
10/12/2017	0.452886	0.475765	0.423021	0.444011	8,959,280	158,510,000
10/11/2017	0.416346	0.454111	0.408787	0.450463	5,477,860	145,721,000
10/10/2017	0.380399	0.433060	0.360251	0.407469	7,138,890	133,140,000
10/09/2017	0.404506	0.439560	0.357163	0.380589	6,781,680	141,577,000
10/08/2017	0.462486	0.473417	0.358079	0.397137	7,203,350	161,870,000
10/07/2017	0.472246	0.476171	0.423777	0.463657	7,408,570	165,286,000
10/06/2017	0.406319	0.485050	0.404342	0.475765	12,167,500	142,212,000
10/05/2017	0.397030	0.417906	0.378043	0.406538	6,291,110	138,960,000
10/04/2017	0.343186	0.398695	0.336883	0.397361	7,604,930	120,115,000
10/03/2017	0.367254	0.367254	0.295817	0.345535	8,211,990	128,539,000
10/02/2017	0.437667	0.440264	0.356767	0.356767	7,101,340	153,183,000
10/01/2017	0.451547	0.451884	0.382034	0.436647	10,005,100	158,041,000
09/30/2017	0.312497	0.472558	0.300089	0.451364	23,440,700	109,374,000
09/29/2017	0.245437	0.334931	0.214421	0.308440	8,896,430	85,903,000
09/28/2017	0.193377	0.283820	0.191310	0.243795	8,113,680	67,681,900
09/27/2017	0.194737	0.206099	0.194253	0.194586	1,097,010	68,158,000
09/26/2017	0.182039	0.223162	0.182039	0.194958	1,319,050	63,713,600
09/25/2017	0.170636	0.182637	0.158580	0.182198	1,021,370	59,722,600
09/24/2017	0.131110	0.190250	0.130275	0.170278	1,025,740	45,888,600
09/23/2017	0.149562	0.157440	0.126297	0.131129	1,186,670	52,346,600
09/22/2017	0.169826	0.181675	0.139869	0.150503	1,423,220	59,438,900
09/21/2017	0.189132	0.207892	0.155292	0.169680	2,126,270	66,196,100
09/20/2017	0.156494	0.189448	0.152489	0.189165	2,718,640	54,773,000
