Date	Open	High	Low	Close	Volume	Market Cap
07/15/2018	1.40	1.40	1.31	1.35	81	1,002,570
07/14/2018	1.31	1.43	1.31	1.40	330	939,275
07/13/2018	1.27	1.31	1.25	1.31	13	910,795
07/12/2018	1.34	1.47	1.25	1.27	2,536	960,390
07/11/2018	1.44	1.45	1.31	1.34	1,356	1,034,000
07/10/2018	1.49	1.56	1.29	1.44	1,728	1,063,400
07/09/2018	1.87	1.87	1.48	1.49	1,107	1,340,120
07/08/2018	1.19	1.89	1.19	1.87	2,150	850,094
07/07/2018	1.85	1.85	1.14	1.19	444	1,321,090
07/06/2018	1.20	1.85	1.16	1.85	2	854,240
07/05/2018	1.45	1.69	1.19	1.20	2,952	1,037,270
07/04/2018	1.04	1.46	1.03	1.45	4,570	743,654
07/03/2018	1.27	1.37	1.03	1.04	116	906,464
07/02/2018	1.33	1.35	1.06	1.27	878	952,730
07/01/2018	1.21	1.34	1.20	1.33	1,159	863,407
06/30/2018	1.21	1.26	1.18	1.21	36	866,761
06/29/2018	1.19	1.53	1.16	1.21	266	850,817
06/28/2018	1.12	1.26	0.954394	1.19	3,010	802,407
06/27/2018	1.06	1.16	1.05	1.12	924	754,363
06/26/2018	1.07	1.20	0.959672	1.06	2,167	761,446
06/25/2018	1.05	1.13	0.924956	1.06	1,450	748,147
06/24/2018	1.27	1.46	1.02	1.07	4,690	903,407
06/23/2018	1.25	1.36	1.14	1.27	1,604	895,520
06/22/2018	1.61	1.73	1.16	1.25	5,482	1,144,950
06/21/2018	1.83	1.83	1.52	1.61	11,995	1,306,150
06/20/2018	1.52	1.89	1.42	1.83	6,002	1,084,520
06/19/2018	1.95	2.00	1.47	1.52	8,531	1,380,540
06/18/2018	2.00	2.09	1.44	1.95	21,932	1,414,100
06/17/2018	1.98	2.09	1.98	2.00	1,902	1,401,860
06/16/2018	2.10	2.18	1.97	1.98	4,110	1,486,070
06/15/2018	2.07	2.13	1.94	2.10	95,598	1,461,120
06/14/2018	1.91	2.24	1.86	2.16	102,398	1,342,990
06/13/2018	2.12	2.12	1.83	1.90	42,856	1,495,480
06/12/2018	1.95	2.40	1.82	2.12	95,759	1,366,830
06/11/2018	2.07	2.09	1.89	1.95	50,641	1,453,420
06/10/2018	2.15	2.15	2.03	2.07	3,090	1,508,720
06/09/2018	2.00	2.54	1.91	2.15	37,644	1,402,240
06/08/2018	1.95	2.01	1.92	2.00	798	1,369,200
06/07/2018	2.06	2.22	1.95	1.95	18,594	1,442,780
06/06/2018	1.93	2.28	1.93	2.06	2,797	1,353,950
06/05/2018	2.02	2.02	1.84	1.93	3,283	1,415,610
06/04/2018	2.29	2.31	2.02	2.02	2,030	1,600,190
06/03/2018	1.94	2.69	1.94	2.25	17,295	1,357,960
06/02/2018	1.99	2.08	1.92	1.94	9,968	1,391,170
06/01/2018	1.85	1.99	1.73	1.99	20,938	1,298,390
05/31/2018	1.61	1.96	1.59	1.85	3,579	1,122,880
05/30/2018	1.58	1.95	1.58	1.61	544	1,104,570
05/29/2018	1.88	1.89	1.15	1.58	51,304	1,313,530
05/28/2018	1.73	2.11	1.26	1.82	63,766	1,209,260
05/27/2018	1.92	1.93	1.70	1.73	971	1,340,910
05/26/2018	1.89	2.13	1.87	1.92	2,140	1,320,140
05/25/2018	2.26	2.27	1.78	1.89	23,668	1,578,000
05/24/2018	2.00	2.73	1.86	2.26	149,181	1,396,160
05/23/2018	2.13	2.26	1.87	2.01	3,025	1,477,540
05/22/2018	2.14	2.18	2.03	2.13	730	1,489,130
05/21/2018	2.45	2.61	2.14	2.15	5,904	1,703,200
05/20/2018	2.30	2.70	2.15	2.45	2,323	1,592,810
05/19/2018	2.43	2.43	2.28	2.30	520	1,683,000
05/18/2018	2.14	2.59	2.11	2.43	58,524	1,486,140
05/17/2018	2.16	2.52	1.91	2.14	22,154	1,497,290
05/16/2018	1.90	2.18	1.85	2.16	38,019	1,317,290
05/15/2018	2.15	2.19	1.68	1.90	5,060	1,489,950
05/14/2018	2.01	2.34	1.68	2.16	5,435	1,384,480
05/13/2018	1.98	2.29	1.97	2.01	8,596	1,366,570
05/12/2018	2.12	2.28	1.91	1.99	7,616	1,454,030
05/11/2018	2.52	2.52	1.65	2.12	9,211	1,726,440
05/10/2018	2.64	2.83	2.40	2.52	3,353	1,805,390
05/09/2018	3.08	3.22	2.63	2.64	70,773	2,098,290
05/08/2018	2.80	3.10	2.68	3.09	3,752	1,903,880
05/07/2018	3.92	3.94	2.74	2.79	148,260	2,649,760
05/06/2018	3.79	3.92	3.41	3.92	144,306	2,556,250
05/05/2018	3.61	4.27	3.29	3.79	7,251	2,432,040
05/04/2018	3.88	3.89	3.52	3.61	2,424	2,592,720
05/03/2018	3.74	4.11	3.06	3.89	22,382	2,495,510
05/02/2018	3.96	3.99	3.41	3.74	8,030	2,640,500
05/01/2018	3.04	3.97	2.92	3.97	2,462	2,028,310
04/30/2018	4.26	4.37	3.02	3.04	15,910	2,830,320
04/29/2018	3.67	4.41	3.53	4.26	2,477	2,438,980
04/28/2018	2.95	3.73	2.95	3.67	808	1,961,980
04/27/2018	3.27	3.67	2.97	2.97	873	2,159,200
04/26/2018	3.43	3.58	3.07	3.26	11,448	2,265,910
04/25/2018	3.50	3.65	3.12	3.40	2,369	2,313,260
04/24/2018	3.34	4.29	3.22	3.51	10,285	2,205,460
04/23/2018	3.89	4.67	2.66	3.34	17,426	2,567,330
04/22/2018	3.22	4.03	2.93	3.90	1,161	2,121,680
04/21/2018	3.66	3.75	2.64	3.22	2,027	2,411,400
04/20/2018	3.91	4.04	3.55	3.66	5,166	2,576,180
04/19/2018	3.80	4.49	3.40	3.91	24,732	2,481,090
04/18/2018	2.75	4.03	2.75	3.80	6,725	1,799,900
04/17/2018	2.77	2.91	2.47	2.75	2,183	1,812,110
04/16/2018	4.36	4.62	2.74	2.77	9,995	2,839,740
04/15/2018	3.43	4.49	3.43	4.36	147	2,232,510
04/14/2018	2.75	3.47	2.56	3.43	280	1,790,660
04/13/2018	3.22	3.43	2.78	2.80	893	2,093,000
04/12/2018	2.59	3.74	2.59	3.20	3,548	1,678,330
04/11/2018	2.48	3.63	2.47	2.60	5,288	1,606,320
04/10/2018	2.43	2.70	2.41	2.47	1,755	1,576,170
04/09/2018	2.86	3.03	2.23	2.43	5,296	1,855,020
04/08/2018	3.44	3.50	2.86	2.86	1,784	2,225,290
04/07/2018	2.75	3.78	2.75	3.44	1,830	1,780,100
04/06/2018	2.31	2.89	2.18	2.75	549	1,493,840
04/05/2018	2.07	3.71	1.94	2.32	2,491	1,339,460
04/04/2018	2.58	2.58	2.00	2.07	7	1,671,240
04/03/2018	2.34	2.89	1.97	2.58	5,743	1,511,460
04/02/2018	2.84	2.92	2.33	2.34	1,836	1,833,240
04/01/2018	2.51	2.87	2.45	2.82	992	1,622,580
03/31/2018	2.55	2.91	2.43	2.51	1,179	1,643,700
03/30/2018	3.25	3.62	2.51	2.55	3,704	2,100,310
03/29/2018	2.10	4.01	2.00	3.26	11,625	1,348,640
03/28/2018	2.09	2.12	1.91	2.09	2,154	1,348,330
03/27/2018	1.97	2.15	1.69	2.09	1,028	1,267,330
03/26/2018	2.11	2.12	1.89	1.97	6	1,358,570
03/25/2018	2.13	2.17	2.09	2.11	45	1,368,790
03/24/2018	2.23	2.25	2.13	2.16	253	1,434,630
03/23/2018	2.50	2.50	2.15	2.20	977	1,609,490
03/22/2018	2.32	2.51	2.17	2.50	49	1,496,930
03/21/2018	2.40	2.49	1.80	2.32	172	1,548,520
03/20/2018	1.86	2.42	1.68	2.38	949	1,196,000
03/19/2018	2.54	2.62	2.13	2.32	1,029	1,638,950
03/18/2018	2.34	2.63	1.93	2.55	1,545	1,508,290
03/17/2018	2.74	2.77	2.33	2.34	860	1,768,590
03/16/2018	2.66	2.81	2.55	2.74	1,641	1,714,150
03/15/2018	2.55	2.69	2.47	2.66	1,014	1,643,400
03/14/2018	2.81	2.87	2.50	2.55	37	1,809,190
03/13/2018	3.13	3.68	2.69	2.81	1,502	2,020,700
03/12/2018	4.01	4.08	2.84	3.15	1,220	2,587,110
03/11/2018	3.57	4.80	2.91	4.02	8,870	2,296,530
03/10/2018	4.04	4.69	3.05	3.59	2,002	2,592,240
03/09/2018	3.37	4.71	2.62	4.04	7,004	2,166,760
03/08/2018	3.36	3.40	2.54	3.32	1,977	2,157,400
03/07/2018	3.90	3.92	3.29	3.36	948	2,509,130
03/06/2018	4.40	5.21	3.39	3.90	5,148	2,765,040
03/05/2018	4.10	4.56	3.36	3.83	4,250	2,569,570
03/04/2018	4.56	5.74	4.01	4.10	5,344	2,860,720
03/03/2018	3.50	4.68	3.35	4.56	2,529	2,192,230
03/02/2018	3.40	4.65	3.20	3.54	1,330	2,129,840
03/01/2018	2.90	4.67	2.87	3.90	7,990	1,808,390
02/28/2018	4.27	4.41	2.89	2.89	2,181	2,666,400
02/27/2018	5.30	5.34	4.23	4.27	534	3,309,910
02/26/2018	4.94	5.35	4.85	5.28	107	3,080,260
02/25/2018	3.89	4.98	3.82	4.93	315	2,424,900
02/24/2018	4.08	4.86	3.77	3.89	374	2,543,040
02/23/2018	3.76	5.28	2.43	4.08	1,878	2,344,100
02/22/2018	4.32	4.89	3.45	3.76	598	2,694,880
02/21/2018	3.95	4.89	2.52	4.32	4,954	2,465,050
02/20/2018	4.79	4.79	3.92	3.96	4,112	2,986,500
02/19/2018	5.29	5.55	4.34	4.78	1,658	3,301,760
02/18/2018	5.73	5.82	4.18	5.32	530	3,574,880
02/17/2018	5.61	5.96	4.46	5.71	2,994	3,498,420
02/16/2018	4.31	6.10	4.29	5.61	1,671	2,687,630
02/15/2018	5.77	6.10	4.17	4.32	1,824	3,598,420
02/14/2018	5.87	5.94	3.96	5.77	4,552	3,663,200
02/13/2018	5.37	6.24	4.18	5.89	6,436	3,337,770
02/12/2018	4.71	6.21	4.45	5.36	9,977	2,924,950
02/11/2018	5.65	5.92	4.30	4.69	572	3,507,110
02/10/2018	6.08	7.11	4.29	5.66	2,529	3,766,610
02/09/2018	5.23	6.46	4.98	6.08	1,359	3,196,460
02/08/2018	6.48	6.90	5.10	5.21	2,324	3,959,960
02/07/2018	7.47	7.48	5.06	6.50	7,828	4,564,730
02/06/2018	5.27	7.94	3.41	7.50	17,373	3,224,760
02/05/2018	5.66	5.77	3.89	5.26	4,340	3,460,170
02/04/2018	4.71	6.59	4.25	5.72	2,062	2,880,830
02/03/2018	6.36	7.91	4.66	4.71	8,894	3,890,960
02/02/2018	5.75	6.40	4.13	6.34	7,968	3,512,560
02/01/2018	8.56	9.17	5.63	5.76	5,884	5,232,220
01/31/2018	8.20	8.96	6.34	8.54	8,843	-
01/30/2018	8.82	8.83	6.38	8.19	3,163	-
01/29/2018	9.08	9.72	6.56	8.81	13,256	-
01/28/2018	9.94	10.00	8.20	9.09	10,302	-
01/27/2018	8.82	11.05	6.36	9.87	32,346	-
01/26/2018	9.72	9.87	6.12	8.82	29,073	-
01/25/2018	5.25	11.47	5.21	9.75	26,879	-
01/24/2018	5.38	6.22	4.98	5.21	12,562	-
01/23/2018	6.86	7.00	5.05	5.38	8,992	-
01/22/2018	5.26	7.34	5.16	6.87	1,307	-
01/21/2018	6.99	8.38	5.11	5.23	8,506	-
01/20/2018	7.28	8.04	6.61	6.97	12,048	-
01/19/2018	6.72	8.75	5.91	7.21	34,369	-
01/18/2018	3.78	6.78	3.78	6.78	23,413	-
01/17/2018	5.06	5.30	2.85	3.94	4,589	-
01/16/2018	7.72	7.73	3.27	5.08	10,996	-
01/15/2018	6.75	8.25	5.21	7.70	33,451	-
01/14/2018	3.21	7.71	2.96	6.79	26,369	-
01/13/2018	2.14	3.30	2.14	3.21	7,857	-
01/12/2018	2.61	3.51	2.13	2.14	7,467	-
01/11/2018	2.40	2.70	2.13	2.59	6,140	-
01/10/2018	2.36	2.85	2.14	2.40	14,414	-
01/09/2018	3.27	3.33	1.72	2.36	10,710	-
01/08/2018	2.62	3.66	2.05	3.27	17,951	-
01/07/2018	2.73	3.03	1.95	2.61	11,831	-
01/06/2018	2.29	3.35	2.22	2.73	12,966	-
01/05/2018	3.48	3.54	2.24	2.29	21,500	-
01/04/2018	3.20	3.73	3.07	3.49	3,043	-
01/03/2018	2.79	3.26	2.62	3.19	993	-
01/02/2018	2.73	3.04	2.69	2.79	3,616	-
01/01/2018	2.97	2.97	2.63	2.73	492	-
12/31/2017	2.56	3.22	2.48	2.96	715	-
12/30/2017	2.79	2.85	2.34	2.59	1,521	-
12/29/2017	3.25	3.37	2.29	2.80	4,093	-
12/28/2017	2.99	3.49	2.94	3.23	3,513	-
12/27/2017	2.71	3.93	2.27	3.00	7,217	-
12/26/2017	3.55	3.55	2.29	2.71	5,489	-
12/25/2017	3.12	3.58	3.10	3.55	2,857	-
12/24/2017	2.81	3.10	2.41	3.10	3,762	-
12/23/2017	3.85	4.12	2.78	2.78	3,107	-
12/22/2017	3.80	4.49	2.95	3.81	1,087	-
12/21/2017	3.28	3.84	3.10	3.79	332	-
12/20/2017	3.05	3.68	2.69	3.28	772	-
12/19/2017	3.66	4.03	3.01	3.05	4,809	-
12/18/2017	7.13	7.13	3.36	3.67	9,952	-
12/17/2017	4.72	7.34	3.04	7.11	16,067	-
12/16/2017	5.05	8.86	4.46	4.71	6,205	-
12/15/2017	4.60	5.37	4.60	5.04	6,445	-
12/14/2017	4.67	6.30	3.70	4.59	24,396	-
12/13/2017	4.89	6.52	3.73	4.67	11,836	-
12/12/2017	3.54	4.99	3.20	4.88	6,001	-
12/11/2017	3.09	5.27	3.09	3.56	10,788	-
12/10/2017	4.30	4.44	2.91	3.10	4,107	-
12/09/2017	3.43	5.61	3.12	4.28	3,069	-
12/08/2017	2.85	4.17	2.79	3.39	1,395	-
12/07/2017	4.21	4.33	2.78	2.88	865	-
12/06/2017	4.38	5.11	3.91	4.22	2,696	-
12/05/2017	6.86	6.88	4.25	4.38	2,184	-
12/04/2017	4.25	6.84	4.14	6.84	2,099	-
12/03/2017	3.66	5.96	3.43	4.22	1,528	-
12/02/2017	3.13	5.77	2.92	3.66	2,706	-
12/01/2017	2.95	3.56	2.91	3.14	3,893	-
11/30/2017	2.87	3.92	2.86	2.96	2,237	-
11/29/2017	4.04	4.14	2.65	2.83	3,919	-
11/28/2017	3.76	4.19	3.60	4.03	1,729	-
11/27/2017	5.14	5.19	2.83	3.77	4,488	-
11/26/2017	4.27	5.17	4.05	5.14	1,387	-
11/25/2017	5.92	6.15	4.12	4.27	2,840	-
11/24/2017	4.53	6.01	3.62	5.92	2,768	-
11/23/2017	3.87	4.70	3.83	4.55	2,377	-
11/22/2017	4.10	4.17	2.91	3.86	1,388	-
11/21/2017	3.85	4.51	3.27	4.10	882	-
11/20/2017	4.39	4.39	3.41	3.86	3,510	-
11/19/2017	4.74	4.74	3.90	4.39	7,053	-
11/18/2017	4.38	4.78	4.18	4.75	3,674	-
11/17/2017	4.73	5.16	4.31	4.39	766	-
11/16/2017	4.56	4.80	4.36	4.67	1,382	-
11/15/2017	4.36	4.80	4.09	4.56	8,108	-
11/14/2017	3.67	4.82	3.65	4.35	1,837	-
11/13/2017	3.59	3.90	3.56	3.67	4,078	-
11/12/2017	4.33	4.50	3.56	3.58	5,981	-
11/11/2017	3.90	4.54	3.90	4.33	5,125	-
11/10/2017	4.74	4.94	3.91	3.91	11,398	-
11/09/2017	4.23	4.94	4.20	4.74	10,750	-
11/08/2017	4.64	4.84	3.75	4.25	4,651	-
11/07/2017	3.93	4.86	3.88	4.00	19,631	-
11/06/2017	4.47	4.50	3.65	3.93	3,483	-
11/05/2017	3.84	4.60	3.84	4.46	4,642	-
11/04/2017	4.13	4.16	3.38	3.84	7,531	-
11/03/2017	3.71	4.39	3.38	4.13	6,140	-
11/02/2017	4.79	5.26	3.47	3.69	25,871	-
11/01/2017	5.45	5.59	4.78	4.78	3,324	-
10/31/2017	5.08	5.69	4.93	5.46	6,828	-
10/30/2017	5.89	6.02	5.04	5.09	7,107	-
10/29/2017	5.87	5.97	4.78	5.90	2,649	-
10/28/2017	5.33	6.17	5.00	5.87	5,870	-
10/27/2017	5.29	5.87	3.99	5.31	15,041	-
10/26/2017	4.65	5.57	3.76	5.29	15,718	-
10/25/2017	4.34	5.84	4.21	4.66	3,761	-
10/24/2017	3.28	10.05	3.23	4.34	11,199	-
10/23/2017	4.03	4.09	2.40	3.28	12,076	-
10/22/2017	5.44	5.89	3.51	4.04	15,593	-
10/21/2017	6.06	6.06	4.87	5.44	3,389	-
10/20/2017	4.92	10.59	4.92	6.07	7,265	-
10/19/2017	4.89	9.25	4.84	4.92	2,299	-
10/18/2017	5.85	6.08	4.70	4.90	8,672	-
10/17/2017	6.43	7.33	4.76	5.86	7,109	-
10/16/2017	7.53	7.82	6.34	6.41	2,747	-
10/15/2017	7.33	13.15	5.48	7.51	4,334	-
10/14/2017	4.72	8.05	3.24	7.30	18,630	-
10/13/2017	7.54	7.54	0.718863	4.71	12,068	-
10/12/2017	7.99	8.13	6.75	7.55	8,116	-
10/11/2017	8.69	10.55	2.99	7.99	12,768	-
10/10/2017	7.49	27.31	7.37	8.69	18,820	-
10/09/2017	9.13	10.39	7.47	7.47	10,435	-
10/08/2017	7.79	10.96	7.17	9.13	8,484	-
10/07/2017	10.32	10.44	7.68	7.80	4,680	-
10/06/2017	10.00	10.72	8.41	10.34	12,943	-
10/05/2017	8.18	10.05	2.31	10.00	41,860	-
10/04/2017	8.62	9.98	8.11	8.18	12,062	-
10/03/2017	9.21	12.18	8.21	8.60	11,275	-
10/02/2017	11.84	12.24	7.82	9.21	5,285	-
10/01/2017	12.42	17.19	8.66	11.84	11,666	-
09/30/2017	12.00	12.81	11.25	12.42	9,639	-
09/29/2017	12.73	14.75	10.53	12.00	15,703	-
09/28/2017	9.64	12.75	7.97	12.75	20,886	-
09/27/2017	9.89	12.29	6.44	9.58	31,515	-
09/26/2017	10.81	12.08	6.46	9.90	31,593	-
09/25/2017	11.76	12.19	10.92	10.94	23,084	-
