Date	Open	High	Low	Close	Volume	Market Cap
07/15/2018	0.055683	0.057264	0.053204	0.056316	23,399	20,474,600
07/14/2018	0.050571	0.056118	0.048422	0.054824	23,790	18,595,000
07/13/2018	0.036088	0.052776	0.035816	0.048588	23,419	13,269,400
07/12/2018	0.036080	0.038531	0.032908	0.036046	12,424	13,133,800
07/11/2018	0.037538	0.038344	0.033049	0.036385	13,109	13,664,400
07/10/2018	0.034244	0.040183	0.032916	0.037537	11,564	12,461,500
07/09/2018	0.039572	0.040942	0.035518	0.040198	13,559	14,400,500
07/08/2018	0.036564	0.040558	0.032192	0.039581	11,949	13,305,800
07/07/2018	0.035570	0.036663	0.030935	0.036605	12,281	12,944,200
07/06/2018	0.031043	0.035678	0.030715	0.035631	13,870	11,296,800
07/05/2018	0.032145	0.036135	0.030931	0.031048	12,423	11,697,900
07/04/2018	0.033476	0.036631	0.029496	0.032077	11,771	12,182,200
07/03/2018	0.033011	0.036038	0.029987	0.033489	13,275	12,012,900
07/02/2018	0.030210	0.036024	0.028335	0.033166	12,039	10,993,500
07/01/2018	0.033661	0.034715	0.027316	0.030206	12,826	12,249,500
06/30/2018	0.033010	0.034912	0.027704	0.032951	13,145	12,012,500
06/29/2018	0.020951	0.032965	0.020951	0.032965	7,800	7,621,670
06/28/2018	0.029443	0.032578	0.020819	0.020937	8,198	10,711,100
06/27/2018	0.034536	0.035602	0.027951	0.030291	14,499	12,564,200
06/26/2018	0.033365	0.037573	0.032449	0.034550	12,040	12,137,900
06/25/2018	0.034406	0.037819	0.032324	0.033365	12,931	12,516,600
06/24/2018	0.033807	0.037576	0.030029	0.034473	9,800	12,298,700
06/23/2018	0.037114	0.037828	0.031124	0.033811	11,331	13,501,800
06/22/2018	0.040413	0.042411	0.034455	0.037109	11,959	14,702,000
06/21/2018	0.041454	0.043211	0.038908	0.040455	13,723	15,080,700
06/20/2018	0.032971	0.043877	0.030317	0.041445	12,079	11,994,700
06/19/2018	0.040506	0.044171	0.031069	0.032951	11,858	14,735,800
06/18/2018	0.040288	0.045128	0.034465	0.040528	11,905	14,656,500
06/17/2018	0.032157	0.044130	0.032157	0.040426	11,427	11,698,400
06/16/2018	0.034083	0.043843	0.030023	0.032072	14,073	12,399,100
06/15/2018	0.037345	0.043723	0.028090	0.030632	10,461	13,541,200
06/14/2018	0.037718	0.044434	0.025025	0.037405	12,160	13,676,400
06/13/2018	0.042350	0.047872	0.032439	0.037730	13,501	15,356,000
06/12/2018	0.048460	0.050857	0.041018	0.047012	12,948	17,566,300
06/11/2018	0.052372	0.052372	0.041844	0.049363	12,710	18,983,800
06/10/2018	0.055544	0.060033	0.042154	0.052297	13,771	20,133,700
06/09/2018	0.057128	0.063332	0.055474	0.055474	13,747	20,708,100
06/08/2018	0.063354	0.064152	0.056530	0.057153	14,932	22,964,700
06/07/2018	0.057979	0.065733	0.054323	0.063298	16,342	21,016,400
06/06/2018	0.053978	0.061647	0.049485	0.057927	14,135	19,566,300
06/05/2018	0.060601	0.061467	0.049481	0.052773	14,920	21,966,900
06/04/2018	0.062315	0.069399	0.060132	0.060572	13,893	22,588,000
06/03/2018	0.069844	0.071425	0.062657	0.062667	15,354	25,317,300
06/02/2018	0.070474	0.072080	0.046138	0.068995	15,070	25,545,700
06/01/2018	0.067402	0.072156	0.067349	0.070504	13,806	24,432,100
05/31/2018	0.068799	0.072642	0.039726	0.067353	16,232	24,938,500
05/30/2018	0.070764	0.072731	0.060302	0.068802	15,805	25,650,900
05/29/2018	0.061724	0.072298	0.060126	0.070717	14,783	22,374,000
05/28/2018	0.072712	0.072712	0.060223	0.061748	13,812	26,352,800
05/27/2018	0.070925	0.072943	0.061068	0.072695	13,649	25,705,200
05/26/2018	0.069849	0.076246	0.060977	0.070894	14,089	25,315,000
05/25/2018	0.070670	0.078073	0.058688	0.069939	15,665	25,612,700
05/24/2018	0.072768	0.079091	0.057277	0.065124	14,662	26,373,100
05/23/2018	0.077328	0.081907	0.072197	0.072953	14,459	28,015,100
05/22/2018	0.083992	0.086377	0.076973	0.077409	15,574	30,429,300
05/21/2018	0.086725	0.088420	0.080838	0.084007	17,025	31,419,300
05/20/2018	0.079335	0.089201	0.078818	0.086616	14,557	28,742,200
05/19/2018	0.080694	0.087711	0.078740	0.079276	15,817	29,234,300
05/18/2018	0.077796	0.089001	0.076478	0.087701	15,949	28,184,400
05/17/2018	0.082383	0.087766	0.077601	0.077728	15,735	29,846,500
05/16/2018	0.081885	0.088626	0.078217	0.082347	15,314	29,665,900
05/15/2018	0.090815	0.093460	0.080243	0.081930	16,792	32,901,200
05/14/2018	0.081356	0.092232	0.075484	0.090971	18,676	29,474,200
05/13/2018	0.076960	0.088550	0.076152	0.081370	16,341	27,881,600
05/12/2018	0.086696	0.088112	0.078216	0.087050	16,855	31,408,900
05/11/2018	0.095317	0.095317	0.083379	0.086950	18,622	34,532,100
05/10/2018	0.093426	0.100600	0.091298	0.095203	14,848	33,847,200
05/09/2018	0.095085	0.123291	0.089124	0.093858	21,712	34,448,000
05/08/2018	0.093622	0.106353	0.090946	0.095137	18,012	33,918,200
05/07/2018	0.100853	0.106189	0.087574	0.093420	19,301	36,537,800
05/06/2018	0.099195	0.114521	0.090216	0.095622	12,525	35,937,000
05/05/2018	0.095266	0.099229	0.088730	0.099173	799	34,513,800
05/04/2018	0.096209	0.109392	0.090892	0.095236	4,041	34,853,500
05/03/2018	0.082107	0.096708	0.081235	0.096247	590	29,743,100
05/02/2018	0.085371	0.090411	0.080571	0.082111	83	30,925,500
05/01/2018	0.099345	0.099345	0.078731	0.085517	1,178	35,987,500
04/30/2018	0.101725	0.102125	0.082556	0.099255	9,208	36,849,600
04/29/2018	0.101407	0.108026	0.086498	0.101757	1,809	36,734,400
04/28/2018	0.083258	0.102407	0.082883	0.101397	7,639	30,159,800
04/27/2018	0.077271	0.084489	0.074304	0.083963	677	27,980,800
04/26/2018	0.082083	0.159022	0.075621	0.077161	7,723	29,723,300
04/25/2018	0.106312	0.172959	0.081286	0.081286	357	38,496,700
04/24/2018	0.090229	0.108211	0.090229	0.106898	2,530	32,673,200
04/23/2018	0.092797	0.094337	0.080742	0.090211	2,764	33,603,000
04/22/2018	0.088818	0.096228	0.080733	0.093143	1,017	32,162,100
04/21/2018	0.077291	0.088818	0.075989	0.088818	690	27,988,000
04/20/2018	0.074051	0.096105	0.073690	0.077309	3,389	26,815,200
04/19/2018	0.093663	0.101936	0.072138	0.074120	671	33,916,900
04/18/2018	0.073334	0.096481	0.067346	0.093611	539	26,555,400
04/17/2018	0.072175	0.087748	0.071336	0.073274	149	26,135,700
04/16/2018	0.071965	0.072879	0.067645	0.068233	392	26,059,700
04/15/2018	0.075319	0.075886	0.070533	0.071898	2,016	27,274,300
04/14/2018	0.076810	0.091913	0.074976	0.075367	238	27,814,300
04/13/2018	0.083292	0.083860	0.072507	0.076810	764	30,161,600
04/12/2018	0.068953	0.083543	0.062350	0.083180	304	24,968,000
04/11/2018	0.063607	0.069138	0.062011	0.069138	880	23,032,000
04/10/2018	0.083543	0.084476	0.060124	0.063473	75	30,251,100
04/09/2018	0.067596	0.083211	0.062228	0.083158	137	24,476,500
04/08/2018	0.060065	0.067743	0.060008	0.067476	156	21,749,500
04/07/2018	0.062895	0.069711	0.057347	0.060064	559	22,774,400
04/06/2018	0.063631	0.069457	0.054953	0.062912	1,231	23,041,000
04/05/2018	0.070210	0.070210	0.061454	0.063922	478	25,423,100
04/04/2018	0.071123	0.071123	0.062048	0.070252	1,497	25,753,700
04/03/2018	0.077314	0.078598	0.070771	0.071172	198	27,995,300
04/02/2018	0.064907	0.067505	0.064486	0.066601	120	23,503,000
04/01/2018	0.077626	0.078564	0.061323	0.064590	246	28,108,300
03/31/2018	0.077914	0.082327	0.076593	0.077613	195	28,212,500
03/30/2018	0.069093	0.080638	0.065406	0.077971	134	25,018,200
03/29/2018	0.087938	0.088117	0.068200	0.069279	163	31,842,000
03/28/2018	0.079764	0.087810	0.076440	0.087810	331	28,611,000
03/27/2018	0.079240	0.081593	0.073006	0.079770	380	28,423,000
03/26/2018	0.096600	0.097215	0.076744	0.079360	258	34,650,100
03/25/2018	0.097406	0.099878	0.083187	0.096796	205	34,939,000
03/24/2018	0.097811	0.099249	0.084208	0.098681	990	35,084,500
03/23/2018	0.098741	0.099188	0.092788	0.096673	758	35,417,900
03/22/2018	0.103126	0.105714	0.096674	0.098757	204	36,990,700
03/21/2018	0.090324	0.103394	0.088695	0.102924	108	32,378,400
03/20/2018	0.104402	0.107437	0.084131	0.089773	8	37,424,800
03/19/2018	0.082196	0.109843	0.079576	0.103538	2,378	29,462,000
03/18/2018	0.087699	0.087699	0.066525	0.082529	2,803	31,434,400
03/17/2018	0.102938	0.102938	0.086150	0.087912	119	36,896,600
03/16/2018	0.101523	0.106084	0.088312	0.102768	77	36,389,500
03/15/2018	0.089987	0.106424	0.084571	0.101580	124	32,254,500
03/14/2018	0.106615	0.109254	0.085234	0.089967	155,025	38,205,000
03/13/2018	0.099441	0.110565	0.095364	0.106667	174,234	35,634,200
03/12/2018	0.102286	0.112932	0.066214	0.099377	275,503	36,653,600
03/11/2018	0.102849	0.111142	0.087895	0.102429	425,647	36,855,400
03/10/2018	0.122266	0.129544	0.106604	0.106695	228,243	43,813,300
03/09/2018	0.119413	0.124859	0.098372	0.122013	227,606	42,791,100
03/08/2018	0.140432	0.146249	0.119480	0.120369	249,738	50,323,200
03/07/2018	0.158465	0.164032	0.129655	0.144389	336,370	56,785,200
03/06/2018	0.164270	0.165249	0.147988	0.158473	403,074	58,839,700
03/05/2018	0.173693	0.179376	0.163912	0.164440	181,975	62,214,900
03/04/2018	0.170569	0.175192	0.162641	0.173737	186,134	61,096,000
03/03/2018	0.186024	0.188120	0.166736	0.170464	235,870	66,631,700
03/02/2018	0.193984	0.201274	0.181369	0.189868	268,750	69,482,900
03/01/2018	0.198777	0.209881	0.190384	0.194123	425,952	71,199,500
02/28/2018	0.158262	0.204185	0.157681	0.198635	555,325	56,687,600
02/27/2018	0.157630	0.160390	0.142889	0.158246	439,286	56,461,300
02/26/2018	0.148680	0.159670	0.139600	0.157189	425,403	53,255,500
02/25/2018	0.149710	0.154540	0.131120	0.153584	529,413	53,624,600
02/24/2018	0.170469	0.172878	0.147022	0.150032	321,373	61,060,000
02/23/2018	0.166394	0.185593	0.163505	0.169747	290,452	59,597,200
02/22/2018	0.181055	0.191805	0.159667	0.166587	201,981	64,849,400
02/21/2018	0.190963	0.214187	0.177809	0.181353	292,215	68,398,100
02/20/2018	0.213666	0.219847	0.190099	0.191201	272,758	76,529,700
02/19/2018	0.209780	0.221535	0.198376	0.213562	253,035	75,137,700
02/18/2018	0.237130	0.245057	0.197224	0.210571	476,996	84,934,000
02/17/2018	0.242589	0.251184	0.213619	0.236806	429,193	86,889,200
02/16/2018	0.172145	0.244553	0.170957	0.242513	453,676	61,658,100
02/15/2018	0.187699	0.243685	0.171877	0.171877	489,062	67,229,000
02/14/2018	0.242445	0.247382	0.140868	0.187597	562	86,836,300
02/13/2018	0.222438	0.257729	0.170125	0.243170	945	79,670,600
02/12/2018	0.266942	0.281687	0.218695	0.222035	2,658	95,610,400
02/11/2018	0.287527	0.287527	0.212230	0.265252	2,992	102,983,000
02/10/2018	0.246166	0.291401	0.232314	0.287773	504	87,958,900
02/09/2018	0.230932	0.284062	0.223543	0.245993	1,678	82,515,600
02/08/2018	0.219591	0.242648	0.219019	0.229953	304,219	77,532,100
02/07/2018	0.212569	0.259555	0.191369	0.220262	495,310	75,053,100
02/06/2018	0.189302	0.222556	0.144611	0.213383	399,148	66,838,100
02/05/2018	0.235128	0.239628	0.169218	0.188804	340,562	83,018,100
02/04/2018	0.290104	0.294614	0.223032	0.237603	312,599	102,429,000
02/03/2018	0.245540	0.304118	0.222871	0.287732	833,449	86,694,300
02/02/2018	0.295557	0.305519	0.172741	0.241651	1,103,100	104,354,000
02/01/2018	0.353420	0.400283	0.279364	0.296453	620,498	124,466,000
01/31/2018	0.386073	0.387132	0.291056	0.354368	582,455	135,966,000
01/30/2018	0.441838	0.442436	0.348528	0.384980	700,789	155,605,000
01/29/2018	0.471069	0.495032	0.411860	0.441662	503,995	165,899,000
01/28/2018	0.510346	0.527317	0.455250	0.468775	1,047,460	179,732,000
01/27/2018	0.472002	0.605388	0.430018	0.507140	2,071,680	166,227,000
01/26/2018	0.345473	0.610705	0.312560	0.480412	3,665,660	121,667,000
01/25/2018	0.463771	0.479037	0.299214	0.355110	1,296,650	163,329,000
01/24/2018	0.474680	0.474680	0.435142	0.458798	861,495	165,136,000
01/23/2018	0.450083	0.482002	0.394314	0.468319	806,388	156,129,000
01/22/2018	0.501799	0.572759	0.384387	0.458399	1,198,080	174,069,000
01/21/2018	0.702623	0.707864	0.475376	0.496941	967,855	243,733,000
01/20/2018	0.682380	0.733227	0.650463	0.701123	1,220,450	236,711,000
01/19/2018	0.671582	0.741041	0.600914	0.676663	1,218,540	231,343,000
01/18/2018	0.624948	0.752997	0.569887	0.682600	1,698,460	215,279,000
01/17/2018	0.642034	0.667866	0.392158	0.614982	1,993,290	221,015,000
01/16/2018	0.876023	0.876023	0.508156	0.653168	2,757,090	301,490,000
01/15/2018	1.07	1.15	0.851781	0.880835	2,447,650	368,124,000
01/14/2018	1.27	1.27	1.07	1.07	1,844,420	438,626,000
01/13/2018	1.30	1.36	1.24	1.27	3,447,470	447,334,000
01/12/2018	1.04	1.30	0.993230	1.30	5,534,630	358,422,000
01/11/2018	1.31	1.44	1.04	1.05	4,850,300	450,550,000
01/10/2018	1.34	1.55	1.22	1.34	805,367	462,125,000
01/09/2018	1.26	2.84	1.07	1.39	1,146,120	434,176,000
01/08/2018	0.690003	1.40	0.687900	1.26	954,057	237,428,000
01/07/2018	0.524914	0.685970	0.463706	0.685860	580,160	180,621,000
01/06/2018	0.342258	0.831390	0.314765	0.525586	313,089	117,770,000
01/05/2018	0.273278	0.340578	0.253591	0.340578	85,903	94,034,100
01/04/2018	0.224622	0.345232	0.217502	0.276256	183,369	77,241,800
01/03/2018	0.205171	0.232336	0.188899	0.224264	124,939	70,413,200
01/02/2018	0.192467	0.223386	0.185893	0.207061	146,640	66,053,200
01/01/2018	0.159336	0.205168	0.158963	0.192311	65,849	54,555,500
12/31/2017	0.167317	0.181320	0.154934	0.161625	149,230	57,288,100
12/30/2017	0.187779	0.190638	0.160886	0.168732	68,057	64,294,300
12/29/2017	0.186306	0.211634	0.178987	0.190533	132,015	63,789,900
12/28/2017	0.194632	0.195562	0.166355	0.184972	81,312	63,163,800
12/27/2017	0.208986	0.208986	0.181738	0.194923	161,995	67,821,700
12/26/2017	0.237226	0.246091	0.195829	0.213556	116,562	65,125,300
12/25/2017	0.207595	0.234733	0.198251	0.232086	198,431	56,990,800
12/24/2017	0.214308	0.222648	0.172432	0.206382	143,257	58,833,600
12/23/2017	0.199634	0.257750	0.188189	0.211940	131,739	54,805,200
12/22/2017	0.233221	0.234795	0.130942	0.194372	107,931	64,025,800
12/21/2017	0.230960	0.243287	0.206173	0.223790	76,493	61,262,500
12/20/2017	0.262337	0.271782	0.218046	0.230615	241,827	69,585,300
12/19/2017	0.236995	0.353250	0.209354	0.262658	423,546	62,863,300
12/18/2017	0.486088	0.490423	0.243577	0.252297	1,311,610	128,936,000
12/17/2017	0.337647	0.502655	0.314962	0.486543	831,700	89,561,500
12/16/2017	0.355629	0.362774	0.323658	0.336818	423,320	94,324,400
12/15/2017	0.334545	0.357538	0.303725	0.356701	674,341	88,732,200
12/14/2017	0.284691	0.343623	0.278478	0.335663	435,968	75,509,400
12/13/2017	0.274015	0.307526	0.235039	0.284913	360,995	72,677,700
12/12/2017	0.259956	0.281802	0.226932	0.273822	340,635	68,948,800
12/11/2017	0.216529	0.270256	0.213033	0.267838	379,159	57,430,400
12/10/2017	0.246811	0.253768	0.205040	0.221234	294,983	65,462,300
12/09/2017	0.233891	0.253428	0.215754	0.245984	162,000	62,035,500
12/08/2017	0.220572	0.236306	0.180674	0.233939	321,942	57,619,000
12/07/2017	0.238173	0.263915	0.205982	0.206480	217,984	62,216,900
12/06/2017	0.202258	0.244320	0.197367	0.237007	244,908	52,835,000
12/05/2017	0.196789	0.211839	0.188898	0.202633	121,596	51,406,300
12/04/2017	0.198750	0.205289	0.189710	0.196665	188,618	51,918,600
12/03/2017	0.204337	0.211944	0.194623	0.201983	218,934	53,378,100
12/02/2017	0.181099	0.205108	0.174958	0.204256	320,065	47,307,700
12/01/2017	0.126040	0.202857	0.119098	0.181088	434,455	32,924,900
11/30/2017	0.114022	0.129984	0.105690	0.126069	186,285	29,785,600
11/29/2017	0.133572	0.138982	0.109165	0.112566	149,848	34,890,500
11/28/2017	0.133725	0.138695	0.126426	0.133478	206,522	34,188,500
11/27/2017	0.119094	0.134567	0.109779	0.133885	304,647	30,447,900
11/26/2017	0.129509	0.143493	0.117330	0.119121	252,495	33,110,500
11/25/2017	0.130040	0.135548	0.109732	0.129511	153,692	33,246,300
11/24/2017	0.112433	0.131065	0.094431	0.128956	126,458	28,744,900
11/23/2017	0.098879	0.136673	0.098879	0.112994	279,304	25,279,800
11/22/2017	0.079640	0.103866	0.075160	0.098654	194,565	19,493,800
11/21/2017	0.066589	0.079743	0.064124	0.079537	79,930	16,299,200
11/20/2017	0.066174	0.073429	0.062289	0.066692	42,850	16,197,600
11/19/2017	0.066042	0.076993	0.059538	0.076993	34,757	16,165,300
11/18/2017	0.067394	0.070172	0.062093	0.066212	70,447	16,496,300
11/17/2017	0.068156	0.073675	0.065700	0.067586	68,415	16,682,900
11/16/2017	0.072489	0.075911	0.063294	0.068206	44,699	17,743,500
11/15/2017	0.070196	0.076635	0.065000	0.072546	76,589	17,182,100
11/14/2017	0.068363	0.071009	0.063311	0.070158	137,297	16,733,400
11/13/2017	0.060977	0.072205	0.060977	0.068366	79,652	-
11/12/2017	0.068025	0.070143	0.060253	0.060880	58,056	-
11/11/2017	0.062141	0.071139	0.061182	0.068017	141,164	-
11/10/2017	0.064687	0.071122	0.058884	0.063210	58,774	-
11/09/2017	0.068206	0.070769	0.063587	0.064656	125,663	-
11/08/2017	0.050130	0.068717	0.049930	0.068576	120,575	-
11/07/2017	0.048793	0.052747	0.048324	0.050166	53,844	-
11/06/2017	0.052121	0.052121	0.048720	0.048720	34,093	-
11/05/2017	0.053000	0.053810	0.050607	0.052072	21,508	-
11/04/2017	0.052002	0.054035	0.050067	0.052931	24,788	-
11/03/2017	0.046668	0.054484	0.043481	0.051993	54,402	-
11/02/2017	0.048092	0.049435	0.044704	0.046440	38,337	-
11/01/2017	0.056127	0.058197	0.047960	0.047960	79,228	-
10/31/2017	0.064858	0.067586	0.054221	0.056230	64,205	-
10/30/2017	0.057435	0.070965	0.055812	0.064822	135,062	-
10/29/2017	0.058090	0.059284	0.052720	0.057476	33,765	-
10/28/2017	0.053123	0.059651	0.051270	0.058115	58,318	-
10/27/2017	0.052776	0.057933	0.050463	0.053267	52,456	-
10/26/2017	0.049280	0.052858	0.048674	0.052802	57,735	-
10/25/2017	0.057164	0.062811	0.046607	0.049386	168,393	-
10/24/2017	0.049030	0.247930	0.046284	0.075674	135,025	-
10/23/2017	0.069211	0.211282	0.042553	0.049058	141,242	-
10/22/2017	0.059882	0.069856	0.053430	0.069251	271,732	-
10/21/2017	0.060453	0.060953	0.051429	0.059841	160,161	-
10/20/2017	0.060742	0.061157	0.055663	0.060531	151,363	-
10/19/2017	0.055223	0.060822	0.052229	0.060792	44,675	-
10/18/2017	0.052332	0.062546	0.046915	0.055352	116,894	-
10/17/2017	0.048731	0.053813	0.044355	0.052394	99,116	-
10/16/2017	0.053607	0.060955	0.047631	0.048638	33,266	-
10/15/2017	0.065752	0.066347	0.053396	0.053465	27,118	-
10/14/2017	0.055031	0.068435	0.053123	0.065559	16,458	-
10/13/2017	0.063991	0.072623	0.047955	0.054977	13,235	-
10/12/2017	0.071148	0.076391	0.062177	0.064134	34,160	-
10/11/2017	0.066721	0.075719	0.060124	0.071147	41,505	-
10/10/2017	0.062358	0.066684	0.057050	0.059731	57,519	-
10/09/2017	0.056012	0.069648	0.055598	0.062204	40,606	-
10/08/2017	0.059281	0.068284	0.050827	0.056008	81,603	-
10/07/2017	0.066250	0.076966	0.054618	0.059366	58,420	-
10/06/2017	0.058360	0.066364	0.057936	0.066364	55,102	-
10/05/2017	0.055482	0.058905	0.054950	0.058234	47,461	-
10/04/2017	0.053368	0.056446	0.050672	0.055485	47,854	-
10/03/2017	0.045765	0.053066	0.036109	0.053066	60,751	-
10/02/2017	0.051657	0.169448	0.038556	0.045730	102,164	-
10/01/2017	0.040400	0.055957	0.039002	0.051657	41,446	-
