Date	Open	High	Low	Close	Volume	Market Cap
07/15/2018	0.032346	0.033923	0.032301	0.033510	152,626	10,512,500
07/14/2018	0.032320	0.032499	0.032167	0.032360	95,923	10,504,100
07/13/2018	0.032169	0.032637	0.031949	0.032263	128,479	10,455,100
07/12/2018	0.033307	0.033324	0.030890	0.032089	134,762	10,824,800
07/11/2018	0.033685	0.034005	0.032949	0.033308	146,247	10,947,600
07/10/2018	0.037418	0.037532	0.033167	0.033644	139,533	12,161,000
07/09/2018	0.039114	0.039202	0.037289	0.037450	135,884	12,712,000
07/08/2018	0.038167	0.039736	0.037949	0.039115	148,019	12,404,400
07/07/2018	0.039417	0.039729	0.036693	0.038394	196,128	12,810,500
07/06/2018	0.039810	0.040148	0.038413	0.039455	143,285	12,938,100
07/05/2018	0.041975	0.041978	0.038974	0.039583	151,802	13,641,700
07/04/2018	0.040192	0.043150	0.040054	0.041724	354,045	13,062,500
07/03/2018	0.038586	0.042523	0.038479	0.040171	264,814	12,540,500
07/02/2018	0.035798	0.039211	0.035466	0.038680	172,499	11,634,300
07/01/2018	0.036030	0.036197	0.035230	0.035789	111,370	11,709,800
06/30/2018	0.032962	0.036089	0.032962	0.035976	152,487	10,712,800
06/29/2018	0.032326	0.033248	0.031510	0.032933	140,913	10,506,000
06/28/2018	0.034101	0.035500	0.032251	0.032286	153,748	11,082,900
06/27/2018	0.032749	0.034262	0.032137	0.034112	157,841	10,643,500
06/26/2018	0.035406	0.035507	0.032765	0.032808	122,777	11,506,900
06/25/2018	0.034100	0.036071	0.033348	0.035406	256,132	11,082,400
06/24/2018	0.036266	0.036330	0.032235	0.034166	143,332	11,786,500
06/23/2018	0.045218	0.045987	0.035331	0.036273	145,288	14,695,900
06/22/2018	0.037903	0.045552	0.034773	0.045204	193,211	12,318,600
06/21/2018	0.037858	0.038913	0.037632	0.037912	387,797	12,303,700
06/20/2018	0.039824	0.039844	0.037088	0.037861	168,244	12,942,700
06/19/2018	0.040017	0.040284	0.039103	0.039805	167,981	13,005,600
06/18/2018	0.039014	0.040351	0.037444	0.040035	152,854	12,679,600
06/17/2018	0.038458	0.039694	0.038404	0.039333	170,731	12,498,900
06/16/2018	0.039783	0.040258	0.038339	0.038414	159,476	12,929,600
06/15/2018	0.041895	0.042405	0.039672	0.039881	144,456	13,615,700
06/14/2018	0.039598	0.042213	0.038744	0.041930	226,761	12,869,500
06/13/2018	0.043223	0.043223	0.038120	0.039574	185,803	14,047,400
06/12/2018	0.048788	0.049005	0.042908	0.043112	187,319	15,856,000
06/11/2018	0.046287	0.048786	0.045857	0.048786	195,726	15,043,200
06/10/2018	0.054864	0.054864	0.045923	0.046207	209,734	17,830,600
06/09/2018	0.055473	0.055944	0.054788	0.054788	185,825	18,028,700
06/08/2018	0.056277	0.056597	0.055014	0.055488	183,271	18,289,900
06/07/2018	0.058729	0.059036	0.056153	0.056228	257,643	19,087,100
06/06/2018	0.059789	0.062369	0.057653	0.058696	300,292	19,431,500
06/05/2018	0.057924	0.061230	0.056892	0.059786	473,687	18,825,100
06/04/2018	0.061111	0.061237	0.057472	0.057910	224,396	19,861,000
06/03/2018	0.060940	0.110547	0.060876	0.061121	253,169	19,805,600
06/02/2018	0.059724	0.061149	0.059481	0.060956	182,221	19,410,200
06/01/2018	0.060557	0.062138	0.058816	0.059791	208,179	19,681,100
05/31/2018	0.058785	0.061571	0.058590	0.060452	214,093	19,105,000
05/30/2018	0.059555	0.060618	0.058014	0.058815	238,632	19,355,500
05/29/2018	0.055107	0.059619	0.054028	0.059523	272,150	17,909,800
05/28/2018	0.060798	0.061505	0.054678	0.054854	213,772	19,759,300
05/27/2018	0.062611	0.065595	0.060631	0.060860	436,319	20,348,400
05/26/2018	0.064145	0.065979	0.062510	0.062572	246,499	20,847,100
05/25/2018	0.065917	0.067314	0.063595	0.064150	195,081	21,423,100
05/24/2018	0.066358	0.068436	0.062622	0.065812	255,502	21,566,200
05/23/2018	0.074415	0.074902	0.066186	0.066577	280,534	24,185,000
05/22/2018	0.083092	0.083304	0.074493	0.074493	205,318	27,005,100
05/21/2018	0.082334	0.085861	0.081571	0.083181	396,182	26,758,600
05/20/2018	0.078586	0.082644	0.078104	0.082171	202,841	25,540,400
05/19/2018	0.078712	0.079657	0.077843	0.078543	197,371	25,581,500
05/18/2018	0.078360	0.079044	0.076426	0.078630	233,200	25,467,000
05/17/2018	0.084207	0.087707	0.078037	0.078261	481,315	27,367,300
05/16/2018	0.077845	0.086334	0.074245	0.084648	861,088	25,299,800
05/15/2018	0.078594	0.081009	0.077650	0.077864	315,978	25,543,200
05/14/2018	0.080390	0.080979	0.074717	0.078702	364,081	26,126,900
05/13/2018	0.077254	0.080821	0.076030	0.080407	301,683	25,107,600
05/12/2018	0.078221	0.079531	0.073962	0.077301	339,534	25,421,900
05/11/2018	0.089778	0.090805	0.077865	0.078406	547,564	29,178,000
05/10/2018	0.088545	0.098664	0.088376	0.091060	927,375	28,777,000
05/09/2018	0.089203	0.089254	0.084541	0.088545	347,726	28,990,900
05/08/2018	0.090445	0.091763	0.086932	0.089311	386,291	29,394,800
05/07/2018	0.094454	0.095264	0.086410	0.090218	467,591	30,697,600
05/06/2018	0.098434	0.099607	0.092607	0.094445	371,809	31,991,100
05/05/2018	0.100858	0.102011	0.096147	0.098391	888,308	32,778,700
05/04/2018	0.101547	0.102010	0.097311	0.100881	536,485	33,002,700
05/03/2018	0.101083	0.106437	0.098296	0.101398	1,114,080	32,852,100
05/02/2018	0.096385	0.102215	0.094281	0.100916	903,073	31,325,000
05/01/2018	0.096018	0.097142	0.091281	0.096372	636,201	31,205,800
04/30/2018	0.099511	0.099631	0.093795	0.095906	562,840	32,341,200
04/29/2018	0.098083	0.100174	0.095100	0.099467	524,665	31,877,100
04/28/2018	0.092655	0.099655	0.092025	0.097621	552,780	30,113,000
04/27/2018	0.098171	0.099248	0.092581	0.093271	617,694	31,905,700
04/26/2018	0.091662	0.098156	0.086387	0.097937	743,024	29,790,300
04/25/2018	0.108933	0.108933	0.086654	0.090398	970,365	35,403,300
04/24/2018	0.109278	0.111459	0.104610	0.110544	1,565,410	35,515,300
04/23/2018	0.104618	0.114470	0.102116	0.109325	2,332,580	34,000,900
04/22/2018	0.097435	0.107179	0.095535	0.104383	1,353,340	31,666,600
04/21/2018	0.096674	0.098056	0.086389	0.098056	884,628	31,419,000
04/20/2018	0.097777	0.099548	0.091551	0.096715	1,272,000	31,777,400
04/19/2018	0.094499	0.097736	0.091935	0.097736	1,113,450	30,712,200
04/18/2018	0.085376	0.094884	0.084762	0.094884	968,228	27,747,100
04/17/2018	0.090083	0.090083	0.084393	0.085733	780,681	29,277,000
04/16/2018	0.094318	0.100030	0.084459	0.090044	1,199,440	30,653,300
04/15/2018	0.088209	0.095929	0.088209	0.094322	1,001,980	28,667,800
04/14/2018	0.079186	0.099916	0.077979	0.088990	6,676,920	25,735,500
04/13/2018	0.075378	0.083867	0.072606	0.078821	1,129,080	24,497,800
04/12/2018	0.069573	0.077647	0.068105	0.075569	2,287,770	22,611,300
04/11/2018	0.066248	0.071042	0.064908	0.068769	1,150,490	21,530,600
04/10/2018	0.067328	0.067543	0.060869	0.066421	1,275,520	21,881,800
04/09/2018	0.065971	0.097314	0.065372	0.066547	12,060,100	21,440,500
04/08/2018	0.065780	0.070104	0.061364	0.066333	1,838,850	21,378,500
04/07/2018	0.054138	0.071080	0.053738	0.065607	3,298,230	17,594,900
04/06/2018	0.053912	0.055802	0.051517	0.054082	427,216	17,521,400
04/05/2018	0.053473	0.055542	0.051608	0.054143	365,267	17,378,600
04/04/2018	0.060256	0.060256	0.052558	0.053441	383,339	19,583,300
04/03/2018	0.057088	0.061383	0.055789	0.060017	501,990	18,553,600
04/02/2018	0.051949	0.057596	0.051621	0.057047	494,675	16,883,400
04/01/2018	0.054019	0.054722	0.048553	0.051642	344,918	17,556,000
03/31/2018	0.049582	0.056697	0.049428	0.053933	408,654	16,114,200
03/30/2018	0.052701	0.052903	0.047893	0.049585	260,470	17,127,800
03/29/2018	0.062887	0.062959	0.051572	0.052833	323,658	20,438,200
03/28/2018	0.061638	0.064077	0.061638	0.062820	361,174	20,032,400
03/27/2018	0.065371	0.066025	0.060813	0.061671	397,152	21,245,600
03/26/2018	0.065127	0.073520	0.063861	0.065556	1,713,580	21,166,300
03/25/2018	0.063647	0.070719	0.062997	0.064593	1,530,780	20,685,200
03/24/2018	0.064631	0.067123	0.062182	0.064074	445,045	21,004,900
03/23/2018	0.070018	0.070690	0.062476	0.063715	549,469	22,755,900
03/22/2018	0.075094	0.077700	0.069140	0.070686	534,271	24,405,700
03/21/2018	0.074540	0.079145	0.074381	0.075132	711,000	24,225,600
03/20/2018	0.068060	0.075757	0.068060	0.074956	1,126,250	22,119,600
03/19/2018	0.065035	0.074208	0.062713	0.067978	753,505	21,136,300
03/18/2018	0.068224	0.068224	0.053893	0.064563	577,819	22,172,800
03/17/2018	0.073873	0.073873	0.065189	0.068387	548,294	24,008,900
03/16/2018	0.076779	0.084670	0.069436	0.073677	1,656,220	24,953,300
03/15/2018	0.079064	0.079455	0.067361	0.076860	1,261,780	25,695,900
03/14/2018	0.095674	0.104379	0.076134	0.079166	2,328,050	31,094,000
03/13/2018	0.105406	0.105406	0.093530	0.096526	1,614,290	34,256,800
03/12/2018	0.114270	0.115218	0.097358	0.104381	2,801,100	37,137,600
03/11/2018	0.112004	0.117450	0.101849	0.116567	4,789,100	36,401,200
03/10/2018	0.113855	0.115258	0.103074	0.107766	2,475,710	37,002,800
03/09/2018	0.130259	0.139664	0.099727	0.116987	8,104,430	42,334,100
03/08/2018	0.123285	0.220479	0.115746	0.134974	38,198,500	40,067,500
03/07/2018	0.129964	0.137613	0.113633	0.123299	2,357,560	42,238,300
03/06/2018	0.125840	0.136866	0.122331	0.130979	2,371,240	40,898,100
03/05/2018	0.113484	0.148165	0.111132	0.128863	11,649,100	36,882,200
03/04/2018	0.109319	0.127866	0.105287	0.113572	3,206,870	35,528,700
03/03/2018	0.112937	0.125239	0.106209	0.110128	2,109,620	36,704,400
03/02/2018	0.095451	0.123687	0.093958	0.114787	9,544,040	31,021,700
03/01/2018	0.082733	0.104598	0.080767	0.096017	2,472,520	26,888,300
02/28/2018	0.087590	0.090222	0.082640	0.082685	426,461	28,466,600
02/27/2018	0.088618	0.096267	0.085613	0.088666	800,712	28,800,900
02/26/2018	0.084762	0.091157	0.082686	0.087700	374,561	27,547,600
02/25/2018	0.086509	0.087859	0.080132	0.084670	561,349	28,115,300
02/24/2018	0.097527	0.100761	0.084854	0.086789	420,083	31,696,200
02/23/2018	0.094461	0.099201	0.092268	0.097627	263,952	30,699,900
02/22/2018	0.102613	0.106203	0.093576	0.094544	300,233	33,349,200
02/21/2018	0.110273	0.115735	0.101265	0.102715	513,725	35,838,900
02/20/2018	0.111724	0.120859	0.105734	0.110803	749,724	36,310,200
02/19/2018	0.107120	0.113929	0.106745	0.111588	359,354	34,814,100
02/18/2018	0.121133	0.122602	0.105884	0.107026	497,068	39,368,100
02/17/2018	0.116568	0.122952	0.115283	0.120940	429,443	37,884,700
02/16/2018	0.113055	0.118539	0.108117	0.117081	183,026	36,742,800
02/15/2018	0.113386	0.115173	0.107750	0.113742	329,209	36,850,300
02/14/2018	0.105456	0.114190	0.102383	0.112918	435,715	34,273,200
02/13/2018	0.105449	0.116901	0.100506	0.105163	1,263,490	34,270,800
02/12/2018	0.100518	0.108928	0.099986	0.106256	305,357	32,668,300
02/11/2018	0.106287	0.106287	0.095051	0.100011	226,792	34,543,300
02/10/2018	0.111807	0.118770	0.100567	0.106464	509,942	36,337,300
02/09/2018	0.102591	0.112441	0.095829	0.112311	477,166	33,342,200
02/08/2018	0.094665	0.105700	0.094665	0.102284	228,761	30,766,000
02/07/2018	0.096737	0.112651	0.088440	0.094796	373,280	31,439,500
02/06/2018	0.081580	0.100002	0.066060	0.099441	473,664	26,513,600
02/05/2018	0.107857	0.107857	0.076145	0.082212	547,762	35,053,500
02/04/2018	0.131167	0.133343	0.100585	0.108885	338,531	42,629,300
02/03/2018	0.123982	0.134742	0.105980	0.129460	663,459	40,294,300
02/02/2018	0.120407	0.125555	0.091124	0.123631	1,105,780	39,132,300
02/01/2018	0.161165	0.161429	0.114906	0.120842	723,750	52,378,600
01/31/2018	0.168240	0.168240	0.152238	0.160814	887,878	54,678,100
01/30/2018	0.198510	0.219381	0.167438	0.169698	3,423,300	64,515,700
01/29/2018	0.205473	0.215827	0.197887	0.199150	2,443,390	66,778,800
01/28/2018	0.198613	0.216813	0.196989	0.205678	1,931,650	64,549,300
01/27/2018	0.186395	0.206199	0.183707	0.196581	1,549,360	60,578,300
01/26/2018	0.201200	0.206036	0.177266	0.188162	706,309	65,390,100
01/25/2018	0.200683	0.209368	0.188781	0.203027	873,884	65,222,100
01/24/2018	0.190152	0.208062	0.185715	0.197452	959,498	61,799,500
01/23/2018	0.185421	0.204376	0.172679	0.192540	721,955	60,261,900
01/22/2018	0.208699	0.216157	0.172248	0.184569	1,252,600	67,827,100
01/21/2018	0.233892	0.253476	0.200653	0.208102	3,446,270	76,014,900
01/20/2018	0.226778	0.249579	0.218957	0.233232	2,152,510	73,703,000
01/19/2018	0.209531	0.257049	0.206829	0.224312	6,969,140	68,097,600
01/18/2018	0.197914	0.233126	0.187586	0.201179	1,851,720	64,322,100
01/17/2018	0.193794	0.207337	0.144880	0.197745	2,377,320	62,982,900
01/16/2018	0.304314	0.306480	0.166141	0.195282	3,821,030	98,902,000
01/15/2018	0.282644	0.357391	0.271781	0.306744	13,650,600	91,859,400
01/14/2018	0.307861	0.311488	0.251660	0.284229	1,721,620	100,055,000
01/13/2018	0.279876	0.337024	0.277702	0.310237	5,449,510	90,959,600
01/12/2018	0.258163	0.297958	0.244850	0.282886	2,403,220	83,902,900
01/11/2018	0.287303	0.304536	0.219129	0.253317	3,430,120	93,373,400
01/10/2018	0.327987	0.327987	0.266522	0.283596	3,761,980	106,596,000
01/09/2018	0.310305	0.353451	0.301266	0.324758	6,822,890	100,849,000
01/08/2018	0.353358	0.363115	0.265076	0.312440	4,661,420	114,841,000
01/07/2018	0.367230	0.372523	0.340094	0.359427	3,823,740	119,350,000
01/06/2018	0.376473	0.376473	0.294155	0.367253	6,517,480	122,354,000
01/05/2018	0.410469	0.463555	0.307892	0.348667	8,537,610	133,402,000
01/04/2018	0.342783	0.476606	0.342565	0.410748	22,719,300	111,404,000
01/03/2018	0.289230	0.356479	0.280163	0.334208	10,909,800	93,999,800
01/02/2018	0.280888	0.332107	0.266297	0.287498	7,732,470	91,288,600
01/01/2018	0.261472	0.284244	0.236294	0.280764	4,024,510	84,978,500
12/31/2017	0.236830	0.271457	0.230980	0.264720	2,619,700	76,969,800
12/30/2017	0.290999	0.290999	0.212644	0.242655	3,969,390	94,574,700
12/29/2017	0.313347	0.323606	0.285850	0.291453	5,085,900	101,838,000
12/28/2017	0.310515	0.331512	0.251741	0.314912	9,394,980	100,917,000
12/27/2017	0.286792	0.368324	0.267037	0.314505	13,539,800	93,207,400
12/26/2017	0.263476	0.327581	0.241681	0.299169	14,461,000	85,629,700
12/25/2017	0.219075	0.302299	0.208942	0.257984	8,505,970	71,199,300
12/24/2017	0.191515	0.225569	0.168375	0.219460	5,595,400	62,242,400
12/23/2017	0.163973	0.223465	0.163465	0.190060	3,487,760	53,291,200
12/22/2017	0.231359	0.231359	0.117604	0.163282	3,100,200	75,191,700
12/21/2017	0.224884	0.250319	0.199123	0.221918	3,886,810	73,087,200
12/20/2017	0.234026	0.241771	0.185821	0.224172	3,093,730	76,058,300
12/19/2017	0.205242	0.291690	0.200483	0.234242	8,268,210	66,703,500
12/18/2017	0.186791	0.211511	0.173867	0.208004	4,031,950	60,707,100
12/17/2017	0.181464	0.201614	0.173913	0.186307	3,715,790	58,975,900
12/16/2017	0.149567	0.217845	0.145839	0.182285	7,247,900	48,609,300
12/15/2017	0.152479	0.171654	0.126296	0.147812	3,286,790	49,555,700
12/14/2017	0.139842	0.154820	0.136486	0.154820	1,716,020	45,448,700
12/13/2017	0.137712	0.150745	0.130364	0.139351	1,976,560	44,756,400
12/12/2017	0.118718	0.154685	0.116552	0.137594	5,997,940	38,583,200
12/11/2017	0.096889	0.143638	0.096523	0.117485	4,687,300	31,488,800
12/10/2017	0.111039	0.116605	0.089311	0.097500	939,865	36,087,800
12/09/2017	0.116272	0.131143	0.099949	0.109794	809,500	37,788,400
12/08/2017	0.103582	0.126456	0.094282	0.120997	1,197,830	33,664,200
12/07/2017	0.129726	0.149809	0.100759	0.100759	2,091,510	42,160,900
12/06/2017	0.151453	0.151721	0.123017	0.127081	2,194,990	49,222,200
12/05/2017	0.154292	0.186787	0.140280	0.148671	3,182,650	50,144,800
12/04/2017	0.124794	0.180026	0.124269	0.154279	6,625,150	40,557,900
12/03/2017	0.117718	0.133409	0.115516	0.123661	1,155,830	38,258,400
12/02/2017	0.120659	0.122930	0.114666	0.117612	955,225	39,214,300
12/01/2017	0.107624	0.121345	0.099052	0.120834	904,518	34,977,900
11/30/2017	0.109707	0.121362	0.092151	0.108246	809,858	35,654,900
11/29/2017	0.134210	0.136241	0.105450	0.108106	1,551,500	43,618,200
11/28/2017	0.157487	0.163733	0.131610	0.138339	4,156,580	51,183,100
11/27/2017	0.107201	0.243151	0.106467	0.157056	22,382,300	34,840,500
11/26/2017	0.100048	0.107538	0.099088	0.107177	263,599	32,515,500
11/25/2017	0.095091	0.101699	0.094542	0.100073	227,721	30,904,600
11/24/2017	0.097092	0.098728	0.092732	0.095266	254,506	31,554,900
11/23/2017	0.096113	0.100141	0.092474	0.097517	327,582	31,236,800
11/22/2017	0.086969	0.097817	0.086969	0.096103	293,536	28,264,900
11/21/2017	0.091062	0.092693	0.083284	0.087689	220,678	29,595,100
11/20/2017	0.090784	0.095441	0.090316	0.091110	409,273	29,504,700
11/19/2017	0.092864	0.094410	0.089619	0.090722	261,209	30,180,700
11/18/2017	0.085668	0.093389	0.083072	0.093040	265,379	27,842,200
11/17/2017	0.090780	0.091294	0.084983	0.085901	260,553	29,503,400
11/16/2017	0.089809	0.098565	0.087068	0.090852	416,808	29,188,000
11/15/2017	0.085495	0.093474	0.085495	0.088294	230,518	27,785,900
11/14/2017	0.084405	0.088363	0.083038	0.085444	177,238	27,431,600
11/13/2017	0.076278	0.085152	0.074539	0.084135	170,830	24,790,400
11/12/2017	0.086169	0.086169	0.069228	0.076173	208,926	28,005,000
11/11/2017	0.088464	0.091224	0.083092	0.084914	231,472	28,750,800
11/10/2017	0.101720	0.103111	0.085988	0.089513	289,878	33,059,100
11/09/2017	0.096624	0.109549	0.094223	0.101737	575,722	31,402,900
11/08/2017	0.087361	0.108774	0.083624	0.096379	1,111,480	28,392,300
11/07/2017	0.098464	0.098464	0.086303	0.086723	363,818	32,000,800
11/06/2017	0.082082	0.115644	0.080433	0.097098	1,519,410	26,676,700
11/05/2017	0.083253	0.087809	0.081732	0.082003	151,605	27,057,200
11/04/2017	0.086328	0.093036	0.079606	0.082973	275,497	28,056,600
11/03/2017	0.071439	0.093842	0.070187	0.086755	406,389	23,217,700
11/02/2017	0.082248	0.085208	0.070282	0.071387	226,244	26,730,700
11/01/2017	0.088729	0.090030	0.080579	0.082142	238,335	28,836,900
10/31/2017	0.088747	0.090044	0.087143	0.088204	128,874	28,842,800
10/30/2017	0.087874	0.093374	0.086462	0.088940	207,528	28,559,100
10/29/2017	0.082140	0.092067	0.076493	0.088977	262,409	26,695,500
10/28/2017	0.087355	0.088658	0.081890	0.082210	145,919	28,390,200
10/27/2017	0.085896	0.090624	0.083694	0.087195	194,044	27,916,300
10/26/2017	0.084399	0.100415	0.083011	0.085871	480,733	27,429,500
10/25/2017	0.080066	0.086535	0.074780	0.084388	250,702	26,021,300
10/24/2017	0.073742	0.084548	0.071150	0.079967	253,544	23,966,200
10/23/2017	0.073793	0.076275	0.065613	0.073864	283,318	23,982,900
10/22/2017	0.079373	0.082666	0.072322	0.074173	260,990	25,796,100
10/21/2017	0.084984	0.086045	0.079565	0.079912	147,242	27,619,700
10/20/2017	0.088213	0.094625	0.084062	0.084732	287,866	28,669,200
10/19/2017	0.089730	0.090387	0.084126	0.087898	214,456	29,162,100
10/18/2017	0.095920	0.096879	0.082795	0.089720	220,450	31,173,800
10/17/2017	0.094249	0.108956	0.086764	0.096083	644,205	30,631,000
10/16/2017	0.085707	0.117258	0.077451	0.094298	739,341	27,854,700
10/15/2017	0.088189	0.092186	0.083066	0.085637	169,131	28,661,300
10/14/2017	0.089569	0.093189	0.084973	0.087181	210,302	29,109,900
10/13/2017	0.100171	0.101548	0.084121	0.089490	271,002	32,555,700
10/12/2017	0.108367	0.109029	0.096822	0.100023	260,509	35,219,300
10/11/2017	0.094750	0.110615	0.094750	0.108408	278,260	30,793,700
10/10/2017	0.089486	0.105997	0.086673	0.094702	330,625	29,083,000
10/09/2017	0.094586	0.103622	0.084723	0.089963	337,070	30,740,500
10/08/2017	0.115954	0.117146	0.093423	0.094553	429,054	37,685,200
10/07/2017	0.129153	0.129775	0.113935	0.115377	285,321	41,974,800
10/06/2017	0.129211	0.132577	0.125384	0.129374	211,189	41,993,400
10/05/2017	0.135280	0.135849	0.125638	0.130040	262,770	43,965,900
10/04/2017	0.131485	0.144274	0.128175	0.135109	397,413	42,732,500
10/03/2017	0.132832	0.138523	0.125749	0.130861	348,077	43,170,500
10/02/2017	0.131311	0.137242	0.129966	0.132286	249,157	42,676,200
10/01/2017	0.145070	0.147078	0.130193	0.132529	524,859	47,147,700
09/30/2017	0.139708	0.150486	0.139116	0.145189	310,917	45,405,100
09/29/2017	0.141658	0.145944	0.131746	0.139838	414,016	46,039,000
09/28/2017	0.149975	0.150249	0.139731	0.142587	316,205	48,742,000
09/27/2017	0.143759	0.157683	0.141212	0.148526	366,216	46,721,800
09/26/2017	0.146724	0.150017	0.138438	0.143233	396,631	47,685,400
09/25/2017	0.126979	0.159348	0.125327	0.146185	550,352	41,268,200
09/24/2017	0.131929	0.134290	0.125903	0.127040	208,139	42,876,800
09/23/2017	0.122993	0.138718	0.122360	0.131937	256,101	39,972,800
09/22/2017	0.133567	0.138466	0.120747	0.122236	423,430	43,409,300
09/21/2017	0.166867	0.167563	0.127047	0.132103	861,813	54,231,700
09/20/2017	0.170975	0.185619	0.167106	0.168036	732,566	55,566,800
09/19/2017	0.189452	0.216824	0.164388	0.169228	1,620,250	61,572,000
09/18/2017	0.160943	0.209958	0.160308	0.191193	2,193,680	52,306,500
09/17/2017	0.137100	0.174419	0.130391	0.162246	878,727	44,557,600
09/16/2017	0.127917	0.141222	0.123010	0.137208	298,218	41,572,900
09/15/2017	0.108007	0.131178	0.093468	0.128139	284,813	35,102,200
09/14/2017	0.140434	0.149323	0.107365	0.107365	243,163	45,641,100
09/13/2017	0.142419	0.147579	0.120313	0.140473	288,923	46,286,300
09/12/2017	0.144072	0.155491	0.138940	0.142723	352,450	46,823,300
09/11/2017	0.142497	0.145938	0.133068	0.143540	242,379	46,311,600
09/10/2017	0.148376	0.149240	0.131409	0.142115	224,928	48,222,200
09/09/2017	0.153230	0.156174	0.142419	0.148151	240,329	49,799,700
09/08/2017	0.182815	0.184752	0.147570	0.152959	446,660	59,414,900
09/07/2017	0.173777	0.181557	0.162560	0.181557	479,401	56,477,400
09/06/2017	0.168983	0.188633	0.167145	0.173988	560,485	54,919,500
09/05/2017	0.162972	0.176895	0.141197	0.171380	505,025	52,966,000
09/04/2017	0.211117	0.213068	0.152946	0.163058	627,304	68,613,000
09/03/2017	0.210619	0.235171	0.202395	0.211048	415,843	68,451,100
09/02/2017	0.254171	0.257281	0.204660	0.210318	449,215	82,605,500
09/01/2017	0.248878	0.278300	0.242960	0.256053	782,272	80,885,500
08/31/2017	0.252530	0.260842	0.233934	0.250076	688,273	82,072,300
08/30/2017	0.267604	0.273004	0.224124	0.252840	1,030,360	86,971,400
08/29/2017	0.295445	0.303210	0.260513	0.270334	1,230,330	96,019,700
08/28/2017	0.267715	0.304567	0.246388	0.295032	1,367,590	87,007,400
08/27/2017	0.243802	0.268621	0.242420	0.268434	545,372	79,235,800
08/26/2017	0.246501	0.253628	0.241654	0.242695	382,099	80,112,800
08/25/2017	0.242872	0.263797	0.242594	0.249199	638,043	78,933,400
08/24/2017	0.238163	0.255197	0.232673	0.242290	1,081,340	77,403,000
08/23/2017	0.198948	0.247049	0.198948	0.238337	1,270,310	64,658,200
08/22/2017	0.213535	0.214879	0.186843	0.198869	434,947	69,398,900
08/21/2017	0.212653	0.223619	0.198522	0.215067	684,346	69,112,100
08/20/2017	0.191130	0.215295	0.182428	0.210529	522,895	62,117,200
08/19/2017	0.199858	0.207083	0.177301	0.192030	541,925	64,953,900
08/18/2017	0.251538	0.254431	0.184916	0.200122	1,369,450	81,749,800
08/17/2017	0.194475	0.253469	0.194395	0.253469	2,019,150	63,204,200
08/16/2017	0.172097	0.225871	0.169073	0.197073	1,649,020	55,931,500
08/15/2017	0.175161	0.178005	0.152278	0.171881	565,228	56,927,200
08/14/2017	0.173257	0.207084	0.156108	0.177037	1,176,220	21,657,100
08/13/2017	0.190402	0.202740	0.148293	0.175851	1,584,740	23,800,300
08/12/2017	0.172878	0.281406	0.171947	0.189530	5,418,760	21,609,700
08/11/2017	0.113032	0.227089	0.112832	0.175063	4,083,800	14,129,000
08/10/2017	0.121343	0.121531	0.113432	0.113775	366,688	15,167,900
08/09/2017	0.126688	0.126688	0.111876	0.118865	328,634	15,836,000
08/08/2017	0.103266	0.129583	0.100252	0.126769	402,146	12,908,200
08/07/2017	0.104851	0.104879	0.100259	0.103271	258,590	13,106,400
08/06/2017	0.108418	0.110861	0.101151	0.104371	308,068	13,552,300
08/05/2017	0.101580	0.112430	0.100582	0.108242	314,224	12,697,500
08/04/2017	0.099106	0.102761	0.097816	0.101348	228,827	12,388,200
08/03/2017	0.097591	0.101139	0.093199	0.100898	247,049	12,198,800
08/02/2017	0.092596	0.098484	0.086789	0.097441	253,944	11,574,500
08/01/2017	0.082862	0.095987	0.078721	0.092577	338,201	10,357,800
07/31/2017	0.079604	0.082616	0.076645	0.082616	151,023	9,950,540
07/30/2017	0.083577	0.083577	0.076310	0.079346	290,143	10,447,100
07/29/2017	0.090748	0.090748	0.077160	0.084341	281,350	11,343,500
07/28/2017	0.093345	0.095542	0.085505	0.089113	253,857	11,668,100
07/27/2017	0.094504	0.097546	0.092687	0.093353	215,406	11,813,000
07/26/2017	0.099857	0.104992	0.091480	0.094578	255,456	12,482,100
07/25/2017	0.120169	0.141788	0.093611	0.101508	791,658	15,021,100
07/24/2017	0.104108	0.124238	0.099827	0.120149	584,667	13,013,500
07/23/2017	0.108466	0.110883	0.100487	0.104175	237,473	13,558,300
07/22/2017	0.099382	0.108404	0.098795	0.108223	264,113	12,422,800
07/21/2017	0.104832	0.110438	0.097501	0.099232	148,309	13,104,000
07/20/2017	0.085475	0.107737	0.084716	0.104056	275,193	10,684,400
07/19/2017	0.095303	0.103733	0.080956	0.085601	417,718	11,912,900
07/18/2017	0.094521	0.103470	0.086290	0.094866	270,067	11,815,200
07/17/2017	0.075314	0.094348	0.075314	0.094348	220,854	9,414,190
07/16/2017	0.080959	0.082997	0.068733	0.075636	171,821	10,119,900
07/15/2017	0.094684	0.098283	0.079635	0.079635	184,286	11,835,500
07/14/2017	0.097088	0.098561	0.087780	0.094033	270,222	12,136,000
07/13/2017	0.108369	0.118432	0.089023	0.097112	287,868	13,546,100
07/12/2017	0.080479	0.124408	0.075118	0.110597	490,378	10,059,900
07/11/2017	0.101681	0.104209	0.066522	0.080636	452,845	12,710,200
07/10/2017	0.129294	0.130232	0.098611	0.101384	307,505	16,161,700
07/09/2017	0.135921	0.137783	0.128450	0.129086	358,677	16,990,100
07/08/2017	0.133762	0.135790	0.124408	0.135754	298,213	16,720,300
07/07/2017	0.159757	0.159757	0.130708	0.133637	421,165	19,969,600
07/06/2017	0.163754	0.169186	0.150725	0.159911	467,231	20,469,200
07/05/2017	0.181260	0.182565	0.156644	0.163621	835,807	22,657,500
07/04/2017	0.189864	0.195785	0.165595	0.181328	597,737	23,733,000
07/03/2017	0.185631	0.193352	0.173245	0.190307	549,350	23,203,900
07/02/2017	0.160178	0.191518	0.154745	0.188592	534,983	20,022,200
07/01/2017	0.172676	0.179398	0.155129	0.157343	540,949	21,584,500
06/30/2017	0.191941	0.200164	0.170335	0.172420	657,890	23,992,700
06/29/2017	0.200587	0.208054	0.183272	0.191597	841,843	25,073,300
06/28/2017	0.221804	0.224223	0.191390	0.200836	873,948	27,725,500
06/27/2017	0.195645	0.215482	0.161145	0.215482	882,133	24,455,600
06/26/2017	0.241958	0.252303	0.172807	0.189662	991,733	30,244,800
06/25/2017	0.293521	0.299031	0.230849	0.245142	1,822,540	36,690,200
06/24/2017	0.250695	0.341233	0.244444	0.294751	3,591,680	31,336,900
06/23/2017	0.202012	0.264269	0.195382	0.247021	1,395,640	25,251,500
06/22/2017	0.227925	0.253646	0.192074	0.202145	2,728,090	28,490,600
06/21/2017	0.272993	0.292952	0.212630	0.227469	2,031,050	34,124,100
06/20/2017	0.341058	0.470686	0.246067	0.269348	8,105,490	-
06/19/2017	0.274781	0.349216	0.251678	0.321871	3,663,160	-
