Date	Open	High	Low	Close	Volume	Market Cap
07/15/2018	0.014289	0.020886	0.014268	0.019999	1,977,790	-
07/14/2018	0.021481	0.022721	0.011913	0.014183	2,519,830	-
07/13/2018	0.026800	0.027832	0.021426	0.021652	1,082,020	-
07/12/2018	0.027162	0.028208	0.025588	0.026870	1,610,580	-
07/11/2018	0.031646	0.031651	0.026513	0.026830	2,237,710	-
07/10/2018	0.033338	0.039361	0.031608	0.031664	5,781,930	-
07/09/2018	0.033750	0.034772	0.032896	0.033377	4,279,900	-
07/08/2018	0.032875	0.035251	0.032817	0.033756	1,142,780	-
07/07/2018	0.032120	0.032940	0.031446	0.032940	4,499,280	-
07/06/2018	0.034458	0.034458	0.030491	0.032152	5,604,180	-
07/05/2018	0.034449	0.036141	0.031731	0.034497	6,036,660	-
07/04/2018	0.036638	0.036995	0.032956	0.034294	5,337,360	-
07/03/2018	0.031671	0.038027	0.031163	0.036956	3,948,130	-
07/02/2018	0.028928	0.032043	0.028416	0.031849	3,255,190	-
07/01/2018	0.028714	0.029397	0.027961	0.028921	2,023,990	-
06/30/2018	0.026525	0.029029	0.026525	0.028804	1,325,190	-
06/29/2018	0.025642	0.026818	0.025023	0.026604	2,002,220	-
06/28/2018	0.028528	0.029220	0.025102	0.025575	3,307,850	-
06/27/2018	0.027050	0.029396	0.026023	0.028552	1,810,870	-
06/26/2018	0.029168	0.029418	0.026853	0.027141	1,636,180	-
06/25/2018	0.028676	0.030014	0.027039	0.029190	1,468,660	-
06/24/2018	0.029244	0.029465	0.025877	0.028365	1,027,460	-
06/23/2018	0.028100	0.029535	0.027831	0.029242	1,562,080	-
06/22/2018	0.035767	0.035767	0.027301	0.028060	1,805,180	-
06/21/2018	0.035208	0.036010	0.033062	0.035907	2,479,210	-
06/20/2018	0.039559	0.040060	0.034984	0.035073	3,240,630	-
06/19/2018	0.039131	0.039950	0.037360	0.039563	2,680,000	-
06/18/2018	0.035680	0.039669	0.034320	0.039151	1,229,660	-
06/17/2018	0.033348	0.035479	0.033142	0.035337	601,140	-
06/16/2018	0.032726	0.033865	0.032351	0.033279	1,023,640	-
06/15/2018	0.033993	0.035172	0.032078	0.032765	2,652,990	-
06/14/2018	0.032954	0.034760	0.031081	0.034039	2,694,360	-
06/13/2018	0.030427	0.031860	0.028856	0.031766	2,525,840	-
06/12/2018	0.037070	0.038193	0.030133	0.030389	783,449	-
06/11/2018	0.036913	0.037870	0.034200	0.036859	782,037	-
06/10/2018	0.048445	0.048445	0.036031	0.036574	1,021,740	-
06/09/2018	0.052044	0.052367	0.048626	0.048626	2,344,810	-
06/08/2018	0.053173	0.053727	0.050506	0.052017	2,436,550	-
06/07/2018	0.051645	0.053937	0.051506	0.053066	3,506,270	-
06/06/2018	0.055380	0.055384	0.050778	0.051870	1,141,890	-
06/05/2018	0.051962	0.055718	0.049657	0.055287	2,454,770	-
06/04/2018	0.057762	0.058193	0.050277	0.052135	3,212,810	-
06/03/2018	0.060046	0.060375	0.058105	0.058533	2,068,640	-
06/02/2018	0.060064	0.060729	0.058424	0.060336	2,598,620	-
06/01/2018	0.060425	0.060924	0.056464	0.060274	3,061,070	-
05/31/2018	0.051016	0.063305	0.050949	0.060407	2,203,930	-
05/30/2018	0.053116	0.055008	0.050051	0.051055	2,431,590	-
05/29/2018	0.049307	0.054178	0.047139	0.053109	3,269,260	-
05/28/2018	0.053333	0.054836	0.049273	0.049394	2,746,920	-
05/27/2018	0.054880	0.054880	0.052891	0.053294	1,983,790	-
05/26/2018	0.053910	0.058750	0.052554	0.054962	4,067,740	-
05/25/2018	0.055351	0.055439	0.052641	0.053592	3,171,500	-
05/24/2018	0.051174	0.057880	0.049673	0.055321	2,951,620	-
05/23/2018	0.067496	0.067496	0.050102	0.051045	2,851,040	-
05/22/2018	0.072288	0.072344	0.065605	0.067160	2,307,150	-
05/21/2018	0.078039	0.078440	0.071307	0.072375	1,700,530	-
05/20/2018	0.078895	0.079585	0.072137	0.078105	2,358,480	-
05/19/2018	0.078942	0.081477	0.076398	0.079043	4,543,090	-
05/18/2018	0.084262	0.084869	0.074330	0.078683	3,797,360	-
05/17/2018	0.083983	0.090714	0.083876	0.083876	2,994,520	-
05/16/2018	0.092164	0.092656	0.079100	0.083732	9,013,150	-
05/15/2018	0.094073	0.102194	0.091953	0.092356	7,974,400	-
05/14/2018	0.090606	0.103113	0.083205	0.094910	9,264,630	-
05/13/2018	0.078710	0.095662	0.078463	0.091445	11,849,700	-
05/12/2018	0.085485	0.091623	0.065354	0.079701	7,881,230	-
05/11/2018	0.107743	0.109518	0.080202	0.085645	11,903,000	-
05/10/2018	0.111828	0.120373	0.104789	0.109492	11,154,200	-
05/09/2018	0.110924	0.123781	0.095750	0.112485	10,201,000	-
05/08/2018	0.109511	0.132316	0.104499	0.111383	4,869,140	-
05/07/2018	0.095484	0.125508	0.086501	0.108467	12,393,600	-
05/06/2018	0.087901	0.102367	0.079615	0.095147	3,670,580	-
05/05/2018	0.083848	0.092609	0.080187	0.087824	3,713,230	-
05/04/2018	0.101279	0.101279	0.081813	0.083612	4,432,900	-
05/03/2018	0.078565	0.103863	0.078550	0.102155	4,953,330	-
05/02/2018	0.073220	0.083372	0.069156	0.078644	9,296,100	-
05/01/2018	0.068750	0.075326	0.062641	0.072945	3,233,190	-
04/30/2018	0.069099	0.074929	0.063357	0.068579	3,747,200	-
04/29/2018	0.068737	0.075349	0.063619	0.069212	3,729,520	-
04/28/2018	0.058857	0.072622	0.058818	0.069387	3,391,100	-
04/27/2018	0.064410	0.064410	0.059045	0.059045	5,128,610	-
04/26/2018	0.058761	0.064778	0.056041	0.064474	6,298,750	-
04/25/2018	0.078520	0.078520	0.057873	0.058638	4,635,360	-
04/24/2018	0.067738	0.078715	0.067738	0.077994	5,140,180	-
04/23/2018	0.065677	0.071204	0.064181	0.067615	4,974,520	-
04/22/2018	0.061204	0.070021	0.060907	0.065839	5,066,780	-
04/21/2018	0.057271	0.077567	0.057055	0.061926	6,491,650	-
04/20/2018	0.052870	0.058660	0.051546	0.057353	5,729,740	-
04/19/2018	0.053168	0.053175	0.052773	0.052959	3,940,270	-
04/17/2018	0.036570	0.037092	0.036228	0.036860	58	12,433,900
04/16/2018	0.042953	0.043129	0.035898	0.036559	1,513	14,604,200
04/15/2018	0.038662	0.042954	0.036687	0.042954	1,218	13,144,900
04/14/2018	0.040524	0.041065	0.036663	0.038629	744	13,778,000
04/13/2018	0.038577	0.041831	0.035427	0.040524	1,164	13,116,200
04/12/2018	0.035168	0.040517	0.034598	0.038528	3,408	11,957,100
04/11/2018	0.035188	0.035324	0.031620	0.035264	4,914	11,963,900
04/10/2018	0.035079	0.035369	0.032573	0.035146	2,758	11,926,700
04/09/2018	0.037859	0.039777	0.033468	0.034994	3,084	12,872,100
04/08/2018	0.036556	0.039051	0.036090	0.037892	5,258,440	12,428,900
04/07/2018	0.034167	0.037066	0.033879	0.036479	2,601,880	11,616,900
04/06/2018	0.034783	0.035328	0.033136	0.034149	2,601,700	11,826,100
04/05/2018	0.033977	0.036209	0.033239	0.034960	3,434,370	11,552,300
04/04/2018	0.039882	0.039882	0.033817	0.034047	5,416,210	13,559,900
04/03/2018	0.035385	0.039760	0.034621	0.039402	3,423,820	12,030,800
04/02/2018	0.034157	0.038432	0.030687	0.035361	5,027,600	11,613,400
04/01/2018	0.036617	0.037109	0.031029	0.034097	6,353,000	10,679,200
03/31/2018	0.043896	0.049977	0.035126	0.036570	18,702,400	8,556,630
03/30/2018	0.046225	0.048335	0.042774	0.044778	13,973,700	9,010,580
03/29/2018	0.050979	0.060369	0.045262	0.045927	22,377,300	9,937,410
03/28/2018	0.040660	0.060186	0.038670	0.050973	26,521,200	7,925,860
03/27/2018	0.042453	0.042721	0.036436	0.041060	12,600,400	8,275,390
03/26/2018	0.043389	0.045003	0.039955	0.042458	12,054,800	8,457,780
03/25/2018	0.044493	0.045279	0.042845	0.043444	5,503,780	8,673,100
03/24/2018	0.047668	0.049333	0.044807	0.045379	9,650,220	9,291,970
03/23/2018	0.044747	0.047180	0.041604	0.047180	9,189,300	8,722,500
03/22/2018	0.045364	0.049644	0.042079	0.045236	11,146,800	8,842,730
03/21/2018	0.045569	0.049839	0.044155	0.045396	7,900,130	8,882,830
03/20/2018	0.042537	0.047143	0.039105	0.045487	10,661,200	8,291,820
03/19/2018	0.037608	0.043159	0.037608	0.042461	5,885,620	7,330,930
03/18/2018	0.037785	0.039413	0.033073	0.037711	5,650,650	7,365,460
03/17/2018	0.040723	0.041323	0.037649	0.037863	5,470,950	7,938,190
03/16/2018	0.042340	0.043276	0.038555	0.040662	7,029,500	8,253,270
03/15/2018	0.042845	0.044218	0.035267	0.042368	6,064,380	8,351,660
03/14/2018	0.047384	0.052968	0.041887	0.042863	9,342,880	9,236,620
03/13/2018	0.046469	0.047095	0.042251	0.047095	4,925,630	9,058,090
03/12/2018	0.040672	0.049362	0.040672	0.046431	8,321,650	7,928,140
03/11/2018	0.038655	0.044066	0.037310	0.040799	1,092,540	7,534,980
03/10/2018	0.038614	0.042790	0.038391	0.038736	3,243,540	7,527,060
03/09/2018	0.036200	0.039273	0.033580	0.038601	3,718,700	7,056,440
03/08/2018	0.038082	0.047576	0.033274	0.036102	4,153,350	7,423,370
03/07/2018	0.054045	0.054993	0.032013	0.038201	3,472,600	10,535,000
03/06/2018	0.062094	0.064991	0.052924	0.054063	3,481,620	12,104,000
03/05/2018	0.064963	0.066491	0.061617	0.062336	3,335,840	12,663,300
03/04/2018	0.063521	0.067281	0.061701	0.064846	3,353,660	12,382,200
03/03/2018	0.065326	0.066443	0.061701	0.063541	2,512,440	12,734,100
03/02/2018	0.063138	0.068158	0.062877	0.065110	2,429,500	12,307,500
03/01/2018	0.064633	0.066151	0.061727	0.063213	2,575,490	12,599,000
02/28/2018	0.070702	0.072956	0.064602	0.064884	2,843,820	13,781,900
02/27/2018	0.072410	0.076110	0.067929	0.070733	2,486,620	14,114,800
02/26/2018	0.073426	0.075901	0.070741	0.072193	2,178,890	14,312,800
02/25/2018	0.073565	0.080103	0.071316	0.073349	1,692,230	14,340,000
02/24/2018	0.073828	0.087676	0.071031	0.073766	3,711,490	14,391,300
02/23/2018	0.070212	0.076921	0.068029	0.073658	1,738,870	13,686,500
02/22/2018	0.075599	0.079499	0.067904	0.069855	1,284,670	14,736,500
02/21/2018	0.085732	0.085732	0.073816	0.075986	1,413,310	16,711,600
02/20/2018	0.092700	0.095745	0.084538	0.085544	1,781,580	18,069,900
02/19/2018	0.096994	0.102357	0.093836	0.094528	1,970,690	18,907,100
02/18/2018	0.105750	0.106731	0.095002	0.097369	7,010,060	20,613,900
02/17/2018	0.096337	0.110691	0.095568	0.106708	5,837,200	18,779,000
02/16/2018	0.093782	0.099174	0.090992	0.096330	2,912,170	18,280,900
02/15/2018	0.101270	0.107144	0.093524	0.093842	3,824,190	19,740,600
02/14/2018	0.095134	0.101566	0.092521	0.101394	3,209,320	18,544,500
02/13/2018	0.090218	0.096565	0.083655	0.095609	2,158,270	17,586,100
02/12/2018	0.088038	0.097406	0.084723	0.090167	1,804,010	16,985,100
02/11/2018	0.094110	0.097346	0.081775	0.087600	1,804,420	18,156,700
02/10/2018	0.097205	0.108799	0.093637	0.094134	3,109,220	18,753,700
02/09/2018	0.079627	0.095995	0.073455	0.095995	4,860,320	-
02/08/2018	0.072641	0.084494	0.072641	0.079462	3,834,610	-
02/07/2018	0.075061	0.092205	0.067288	0.073546	4,020,050	-
02/06/2018	0.066869	0.076988	0.053408	0.075537	4,314,950	-
02/05/2018	0.091192	0.093171	0.061261	0.067051	3,921,460	-
02/04/2018	0.120109	0.120216	0.088473	0.092864	5,149,830	-
02/03/2018	0.110622	0.125350	0.101125	0.119069	6,759,790	-
02/02/2018	0.115548	0.116559	0.086863	0.109895	3,507,570	-
02/01/2018	0.143266	0.151266	0.106639	0.115946	11,811,600	-
01/31/2018	0.139984	0.156588	0.114830	0.144589	18,141,000	-
01/30/2018	0.183953	0.185794	0.138666	0.140315	8,983,000	-
01/29/2018	0.218702	0.218702	0.175793	0.183788	6,317,510	-
01/28/2018	0.212717	0.218943	0.187644	0.214184	8,106,580	-
01/27/2018	0.231202	0.235076	0.208416	0.211547	9,303,010	-
01/26/2018	0.250033	0.258813	0.193397	0.232509	10,692,300	-
01/25/2018	0.255379	0.262508	0.249795	0.252769	13,261,300	-
