Date	Open	High	Low	Close	Volume	Market Cap
07/15/2018	0.207323	0.211772	0.205277	0.211239	10,749	-
07/14/2018	0.208213	0.213196	0.204654	0.210883	13,038	-
07/13/2018	0.208767	0.218904	0.204226	0.208114	22,958	-
07/12/2018	0.230027	0.230831	0.209086	0.209086	20,088	-
07/11/2018	0.225546	0.232042	0.221746	0.230129	7,740	-
07/10/2018	0.245420	0.247856	0.221083	0.224671	43,709	-
07/09/2018	0.254320	0.266276	0.238380	0.245528	34,251	-
07/08/2018	0.253474	0.257886	0.245485	0.254175	11,058	-
07/07/2018	0.257710	0.257710	0.242792	0.253474	11,082	-
07/06/2018	0.246523	0.257709	0.231314	0.257709	42,841	-
07/05/2018	0.253362	0.253491	0.240796	0.246581	25,021	-
07/04/2018	0.255198	0.256711	0.240816	0.253362	55,678	-
07/03/2018	0.270567	0.287081	0.245039	0.255081	48,761	-
07/02/2018	0.239288	0.287814	0.230684	0.270561	177,704	-
07/01/2018	0.232974	0.243810	0.225750	0.239114	37,696	-
06/30/2018	0.225840	0.240740	0.225840	0.232974	27,796	-
06/29/2018	0.223997	0.229279	0.210955	0.224946	53,059	-
06/28/2018	0.235771	0.245122	0.217871	0.224306	34,919	-
06/27/2018	0.238597	0.241110	0.227149	0.235527	32,823	-
06/26/2018	0.241159	0.262120	0.233409	0.234369	51,065	-
06/25/2018	0.222972	0.245106	0.217969	0.241454	111,294	-
06/24/2018	0.260913	0.260913	0.164605	0.222899	224,185	-
06/23/2018	0.253729	0.260913	0.244634	0.260913	48,785	-
06/22/2018	0.327471	0.329836	0.238202	0.255578	177,610	-
06/21/2018	0.321627	0.333136	0.313382	0.327309	27,792	-
06/20/2018	0.354433	0.354433	0.318712	0.332308	73,999	-
06/19/2018	0.336154	0.362054	0.334706	0.354698	19,800	-
06/18/2018	0.329970	0.350762	0.322014	0.336395	38,789	-
06/17/2018	0.334403	0.346420	0.329794	0.329794	17,011	-
06/16/2018	0.344342	0.347865	0.334403	0.334403	33,369	-
06/15/2018	0.360660	0.370608	0.335434	0.351647	38,244	-
06/14/2018	0.328412	0.373505	0.326687	0.361100	75,479	-
06/13/2018	0.364064	0.389325	0.317112	0.327891	143,308	-
06/12/2018	0.412983	0.412983	0.362868	0.375474	41,504	-
06/11/2018	0.407618	0.420413	0.389498	0.413586	68,946	-
06/10/2018	0.461029	0.461029	0.377314	0.409631	180,694	-
06/09/2018	0.473665	0.473665	0.459386	0.461029	26,046	-
06/08/2018	0.491551	0.491551	0.462110	0.473891	62,239	-
06/07/2018	0.471574	0.491541	0.458461	0.491268	85,247	-
06/06/2018	0.464899	0.475097	0.459730	0.471766	38,126	-
06/05/2018	0.468593	0.477208	0.454944	0.465983	35,346	-
06/04/2018	0.486832	0.487014	0.454750	0.469506	124,528	-
06/03/2018	0.485463	0.495687	0.475786	0.487471	67,919	-
06/02/2018	0.492948	0.500160	0.481994	0.485463	27,950	-
06/01/2018	0.487247	0.505633	0.486611	0.493187	46,984	-
05/31/2018	0.478746	0.495043	0.478299	0.487410	43,583	-
05/30/2018	0.475950	0.506075	0.472945	0.478355	69,708	-
05/29/2018	0.475086	0.491225	0.447860	0.475318	129,553	-
05/28/2018	0.493778	0.504266	0.458980	0.458980	86,620	-
05/27/2018	0.511718	0.511718	0.470858	0.494899	67,316	-
05/26/2018	0.507331	0.524699	0.457055	0.511718	131,946	-
05/25/2018	0.531744	0.531744	0.496628	0.507178	90,077	-
05/24/2018	0.517413	0.538914	0.502377	0.531420	150,442	-
05/23/2018	0.574284	0.577532	0.512448	0.516257	144,240	-
05/22/2018	0.603829	0.613659	0.558838	0.573621	240,322	-
05/21/2018	0.537118	0.600706	0.534141	0.585923	257,890	-
05/20/2018	0.532680	0.546070	0.517422	0.537673	57,585	-
05/19/2018	0.513432	0.546149	0.506844	0.541815	71,760	-
05/18/2018	0.519012	0.524321	0.491933	0.514287	112,559	-
05/17/2018	0.498841	0.587802	0.492381	0.519671	189,848	-
05/16/2018	0.512752	0.513784	0.480563	0.499795	131,410	-
05/15/2018	0.519551	0.528666	0.500426	0.512743	89,367	-
05/14/2018	0.549368	0.553117	0.484023	0.522728	235,554	-
05/13/2018	0.518806	0.549253	0.513962	0.549253	108,873	-
05/12/2018	0.495498	0.525570	0.484439	0.516430	141,952	-
05/11/2018	0.531771	0.566686	0.484975	0.496326	254,867	-
05/10/2018	0.592191	0.606798	0.521796	0.523532	259,230	-
05/09/2018	0.613469	0.621168	0.558450	0.592680	99,301	-
05/08/2018	0.628470	0.650461	0.596186	0.613699	111,401	-
05/07/2018	0.667161	0.667161	0.595721	0.638015	180,613	-
05/06/2018	0.693763	0.700545	0.623196	0.667003	195,811	-
05/05/2018	0.690124	0.742365	0.670786	0.691931	342,733	-
05/04/2018	0.719136	0.719136	0.671350	0.697414	110,270	-
05/03/2018	0.708103	0.722944	0.698543	0.719198	161,834	-
05/02/2018	0.706669	0.765005	0.696478	0.705791	351,015	-
05/01/2018	0.705306	0.722247	0.677852	0.711690	141,914	-
04/30/2018	0.688992	0.765037	0.678639	0.706269	255,808	-
04/29/2018	0.687825	0.715338	0.654534	0.687825	189,373	-
04/28/2018	0.735514	0.773115	0.687825	0.695529	209,890	-
04/27/2018	0.617276	0.876075	0.617276	0.751791	1,310,430	-
04/26/2018	0.507723	0.594309	0.485652	0.594309	115,509	-
04/25/2018	0.578926	0.596472	0.476829	0.508515	280,024	-
04/24/2018	0.552108	0.597855	0.548520	0.579643	217,803	-
04/23/2018	0.577552	0.593046	0.552601	0.552601	129,232	-
04/22/2018	0.592672	0.611991	0.576789	0.578182	67,021	-
04/21/2018	0.634072	0.689047	0.567860	0.594436	330,750	-
04/20/2018	0.549201	0.641801	0.538031	0.635104	331,434	-
04/19/2018	0.544334	0.559631	0.534149	0.549996	227,593	-
04/18/2018	0.560466	0.562428	0.544387	0.544573	111,120	-
04/17/2018	0.552671	0.562694	0.552671	0.558883	36,967	-
04/16/2018	0.557733	0.567683	0.543392	0.552670	118,177	-
04/15/2018	0.540593	0.580558	0.540314	0.558714	162,066	-
04/14/2018	0.549630	0.558945	0.540221	0.540593	90,907	-
04/13/2018	0.570444	0.592075	0.546770	0.550378	145,968	-
04/12/2018	0.550546	0.587931	0.536331	0.585714	89,015	-
04/11/2018	0.527199	0.558497	0.524308	0.542721	50,950	-
04/10/2018	0.539562	0.554363	0.518626	0.536252	61,793	-
04/09/2018	0.561100	0.569520	0.540561	0.542365	46,335	-
04/08/2018	0.565791	0.570373	0.549892	0.560928	33,163	-
04/07/2018	0.548022	0.566539	0.548022	0.565791	38,215	-
04/06/2018	0.572981	0.583246	0.547093	0.547093	55,741	-
04/05/2018	0.572000	0.601280	0.558488	0.571054	98,355	-
04/04/2018	0.624004	0.666631	0.572790	0.572883	177,405	-
04/03/2018	0.583718	0.631221	0.574271	0.621004	112,238	-
04/02/2018	0.555008	0.583880	0.540898	0.582842	81,774	-
04/01/2018	0.573983	0.592802	0.501529	0.555164	160,767	-
03/31/2018	0.592049	0.601647	0.553752	0.573983	82,030	-
03/30/2018	0.582860	0.611522	0.544641	0.592392	246,598	-
03/29/2018	0.670919	0.683370	0.582388	0.591781	235,237	-
03/28/2018	0.645815	0.704679	0.638035	0.673391	149,007	-
03/27/2018	0.584316	0.757378	0.554117	0.644969	410,858	-
03/26/2018	0.605363	0.620641	0.558621	0.585611	159,198	-
03/25/2018	0.542321	0.811572	0.539457	0.605337	313,807	-
03/24/2018	0.571729	0.576503	0.535829	0.542321	92,961	-
03/23/2018	0.553150	0.581761	0.523891	0.562392	81,786	-
03/22/2018	0.563871	0.603602	0.524827	0.549125	113,742	-
03/21/2018	0.535023	0.610484	0.526865	0.562046	172,764	-
03/20/2018	0.566281	0.572287	0.479716	0.535638	194,416	-
03/19/2018	0.527466	0.583968	0.518119	0.566961	138,468	-
03/18/2018	0.537660	0.543319	0.449370	0.525586	352,145	-
03/17/2018	0.584823	0.603688	0.535302	0.537660	130,346	-
03/16/2018	0.551795	0.677301	0.545867	0.584277	202,084	-
03/15/2018	0.611370	0.650874	0.530612	0.546711	242,449	-
03/14/2018	0.657292	0.674194	0.603999	0.607104	186,694	-
03/13/2018	0.684168	0.684168	0.655595	0.656654	106,213	-
03/12/2018	0.688948	0.748043	0.657858	0.683249	163,092	-
03/11/2018	0.671470	0.693291	0.639629	0.690013	154,235	-
03/10/2018	0.674002	0.692167	0.635891	0.666788	174,263	-
03/09/2018	0.677384	0.696012	0.614264	0.674489	274,051	-
03/08/2018	0.617082	0.829772	0.541796	0.681494	556,400	-
03/07/2018	0.821448	0.849366	0.549359	0.594667	530,798	-
03/06/2018	0.800742	0.891925	0.787090	0.818634	187,815	-
03/05/2018	0.890050	0.894785	0.767812	0.822773	632,005	-
03/04/2018	0.950328	0.950328	0.860685	0.893592	426,484	-
03/03/2018	0.974752	0.992719	0.943709	0.945505	232,307	-
03/02/2018	1.01	1.03	0.946252	0.975494	299,997	-
03/01/2018	1.02	1.02	0.998439	1.00	64,291	-
02/28/2018	1.02	1.05	0.994358	1.02	184,541	-
02/27/2018	1.01	1.06	0.991715	1.02	216,501	-
02/26/2018	0.981777	1.05	0.962068	1.01	231,449	-
02/25/2018	1.04	1.04	0.954210	1.01	320,955	-
02/24/2018	1.10	1.11	1.03	1.04	137,452	-
02/23/2018	1.05	1.12	1.05	1.10	158,749	-
02/22/2018	1.12	1.19	0.978166	1.07	294,870	-
02/21/2018	1.18	1.20	1.12	1.15	206,011	-
02/20/2018	1.33	1.33	1.19	1.19	308,577	-
02/19/2018	1.35	1.35	1.24	1.33	269,786	-
02/18/2018	1.51	1.55	1.27	1.32	763,153	-
02/17/2018	1.43	1.52	1.41	1.50	426,818	-
02/16/2018	1.33	1.58	1.33	1.43	1,071,810	-
02/15/2018	1.24	1.30	1.22	1.30	352,904	-
02/14/2018	1.18	1.26	1.18	1.26	293,209	-
02/13/2018	1.19	1.20	1.16	1.19	208,077	-
02/12/2018	1.19	1.22	1.17	1.20	282,843	-
02/11/2018	1.25	1.25	1.15	1.19	254,934	-
02/10/2018	1.25	1.32	1.21	1.24	276,826	-
02/09/2018	1.22	1.26	1.15	1.26	217,037	-
02/08/2018	1.15	1.33	1.15	1.25	357,487	-
02/07/2018	1.13	1.33	1.09	1.15	601,730	-
02/06/2018	1.13	1.15	1.05	1.14	583,549	-
02/05/2018	1.08	1.25	1.02	1.14	630,617	-
02/04/2018	1.14	1.14	1.01	1.08	378,692	-
02/03/2018	1.09	1.18	0.980958	1.14	475,058	-
02/02/2018	0.995828	1.16	0.901002	1.09	860,105	-
02/01/2018	1.30	1.39	0.931356	1.00	726,859	-
01/31/2018	1.38	1.46	1.28	1.32	492,340	-
01/30/2018	1.51	1.66	1.34	1.34	505,702	-
01/29/2018	1.68	1.69	1.50	1.51	441,912	-
01/28/2018	1.58	1.70	1.53	1.68	466,350	-
01/27/2018	1.45	1.66	1.35	1.57	797,006	-
01/26/2018	1.67	1.82	1.24	1.36	1,195,120	-
01/25/2018	1.70	1.86	1.65	1.69	318,756	-
01/24/2018	1.48	1.74	1.46	1.69	274,162	-
01/23/2018	1.67	1.80	1.40	1.45	574,310	-
01/22/2018	1.84	1.87	1.48	1.66	548,889	-
01/21/2018	1.98	2.01	1.74	1.84	571,268	-
01/20/2018	1.82	1.99	1.80	1.99	533,093	-
01/19/2018	1.80	1.93	1.63	1.82	565,719	-
01/18/2018	1.82	2.02	1.66	1.84	755,919	-
01/17/2018	1.90	2.01	1.17	1.82	1,671,240	-
01/16/2018	2.43	2.43	1.36	1.90	1,107,350	-
01/15/2018	2.39	2.53	2.31	2.44	531,491	-
01/14/2018	2.25	2.45	2.15	2.41	1,185,660	-
01/13/2018	2.29	2.31	2.16	2.25	565,528	-
01/12/2018	2.33	2.44	2.22	2.28	568,295	-
01/11/2018	2.43	2.47	2.25	2.36	710,855	-
01/10/2018	2.52	2.60	2.33	2.42	969,041	-
01/09/2018	2.62	2.65	2.50	2.59	606,332	-
01/08/2018	2.59	2.65	2.46	2.64	703,286	-
01/07/2018	2.69	2.72	2.49	2.58	897,931	-
01/06/2018	2.48	2.82	2.40	2.69	912,833	-
01/05/2018	2.67	2.78	2.54	2.55	926,722	-
01/04/2018	2.67	2.98	2.59	2.66	2,009,590	-
01/03/2018	2.75	3.11	2.68	2.68	1,520,130	-
01/02/2018	2.66	2.81	2.57	2.75	792,005	-
01/01/2018	2.66	2.67	2.37	2.66	922,429	-
12/31/2017	2.24	2.73	2.04	2.69	2,218,250	-
12/30/2017	2.52	2.56	2.05	2.24	1,787,490	-
12/29/2017	2.67	2.68	2.49	2.49	905,883	-
12/28/2017	2.74	2.79	2.57	2.65	960,314	-
12/27/2017	2.85	3.14	2.63	2.74	1,769,990	-
12/26/2017	2.72	2.97	2.58	2.83	1,630,990	-
12/25/2017	2.74	2.87	2.62	2.73	1,419,160	-
12/24/2017	2.93	3.05	2.53	2.74	1,940,160	-
12/23/2017	3.01	3.31	2.66	2.91	1,870,890	-
12/22/2017	3.75	3.75	1.98	2.91	4,584,970	-
12/21/2017	3.88	4.01	3.61	3.75	3,026,500	-
12/20/2017	3.68	4.30	3.29	3.88	7,526,310	-
12/19/2017	3.78	3.82	3.63	3.66	3,237,620	-
12/18/2017	3.80	4.08	3.59	3.87	5,502,940	-
12/17/2017	3.46	3.82	3.22	3.73	4,087,180	-
12/16/2017	3.36	3.73	3.27	3.45	4,989,480	-
12/15/2017	2.84	3.47	2.71	3.35	5,085,090	-
12/14/2017	3.68	3.93	2.67	2.80	7,945,730	-
