Date	Open	High	Low	Close	Volume	Market Cap
07/15/2018	0.202979	0.211592	0.199142	0.209184	5,994	-
07/14/2018	0.207008	0.209626	0.202979	0.202994	3,356	-
07/13/2018	0.207249	0.216541	0.195195	0.206915	40,475	-
07/12/2018	0.224768	0.226772	0.207472	0.207554	31,414	-
07/11/2018	0.221931	0.225126	0.220090	0.224867	12,919	-
07/10/2018	0.243052	0.243052	0.218256	0.221083	50,446	-
07/09/2018	0.253782	0.254166	0.243160	0.243160	27,790	-
07/08/2018	0.246266	0.254163	0.243346	0.253645	36,964	-
07/07/2018	0.246493	0.254524	0.242306	0.246263	15,775	-
07/06/2018	0.238689	0.250143	0.220739	0.246518	40,550	-
07/05/2018	0.243473	0.249181	0.221784	0.238743	43,679	-
07/04/2018	0.250046	0.252216	0.224019	0.243421	28,258	-
07/03/2018	0.263468	0.287216	0.249970	0.249970	115,701	-
07/02/2018	0.239496	0.282158	0.230103	0.267777	191,743	-
07/01/2018	0.234797	0.239726	0.230431	0.239404	12,204	-
06/30/2018	0.233799	0.243732	0.226342	0.234797	19,574	-
06/29/2018	0.222320	0.233721	0.212503	0.233719	45,426	-
06/28/2018	0.239315	0.243753	0.218567	0.222623	33,596	-
06/27/2018	0.235029	0.240854	0.220824	0.238976	42,026	-
06/26/2018	0.240929	0.262983	0.232801	0.235162	61,151	-
06/25/2018	0.227416	0.245953	0.213650	0.236717	72,867	-
06/24/2018	0.252997	0.254036	0.183183	0.227345	166,780	-
06/23/2018	0.247735	0.263983	0.246116	0.252999	39,488	-
06/22/2018	0.325892	0.325901	0.230003	0.247764	241,010	-
06/21/2018	0.333777	0.333791	0.313236	0.325766	38,775	-
06/20/2018	0.346973	0.347061	0.326324	0.334305	38,087	-
06/19/2018	0.337628	0.349137	0.330006	0.341446	46,045	-
06/18/2018	0.330801	0.340872	0.326201	0.337868	30,164	-
06/17/2018	0.331190	0.340742	0.327995	0.330636	25,331	-
06/16/2018	0.338844	0.346353	0.331171	0.331188	52,044	-
06/15/2018	0.357040	0.357040	0.332813	0.339117	53,305	-
06/14/2018	0.318661	0.361580	0.318479	0.357483	126,154	-
06/13/2018	0.367041	0.367043	0.317862	0.317898	270,406	-
06/12/2018	0.407919	0.407932	0.367647	0.373584	75,889	-
06/11/2018	0.406825	0.418635	0.366575	0.406015	164,258	-
06/10/2018	0.443142	0.448532	0.387616	0.406338	231,790	-
06/09/2018	0.456458	0.462823	0.443106	0.443106	68,360	-
06/08/2018	0.490003	0.490003	0.456696	0.456696	98,985	-
06/07/2018	0.454809	0.489623	0.445360	0.489623	258,493	-
06/06/2018	0.463814	0.472851	0.446193	0.454714	61,052	-
06/05/2018	0.468252	0.473604	0.453542	0.464863	64,256	-
06/04/2018	0.480819	0.486080	0.452559	0.469068	155,044	-
06/03/2018	0.483382	0.489479	0.477882	0.482526	91,166	-
06/02/2018	0.485498	0.488942	0.474159	0.483397	43,306	-
06/01/2018	0.481915	0.498281	0.477643	0.485727	106,521	-
05/31/2018	0.485004	0.493016	0.470512	0.482033	56,437	-
05/30/2018	0.474823	0.504410	0.467826	0.470148	119,692	-
05/29/2018	0.467994	0.487182	0.441700	0.474191	185,488	-
05/28/2018	0.498349	0.498558	0.459156	0.461444	126,046	-
05/27/2018	0.506035	0.506035	0.473587	0.499454	68,649	-
05/26/2018	0.505919	0.525054	0.495401	0.505577	168,362	-
05/25/2018	0.521666	0.533064	0.490626	0.505769	102,912	-
05/24/2018	0.518184	0.544609	0.492390	0.521318	116,277	-
05/23/2018	0.567773	0.567898	0.509159	0.516989	174,189	-
05/22/2018	0.590369	0.620552	0.560051	0.567130	343,954	-
05/21/2018	0.508229	0.591252	0.506434	0.587392	313,652	-
05/20/2018	0.526729	0.544208	0.507287	0.509097	91,445	-
05/19/2018	0.503957	0.529481	0.502962	0.525216	89,198	-
05/18/2018	0.512682	0.518659	0.493598	0.504765	97,920	-
05/17/2018	0.499440	0.580808	0.488112	0.513318	249,878	-
05/16/2018	0.497540	0.509489	0.485706	0.500392	104,316	-
05/15/2018	0.515509	0.517511	0.495816	0.503484	88,645	-
05/14/2018	0.543321	0.547651	0.484384	0.516846	259,094	-
05/13/2018	0.515458	0.543679	0.511389	0.536566	130,620	-
05/12/2018	0.500798	0.520777	0.476126	0.515463	202,905	-
05/11/2018	0.528537	0.564071	0.488947	0.509321	294,553	-
05/10/2018	0.588573	0.592284	0.510681	0.528334	317,833	-
05/09/2018	0.608306	0.610026	0.545354	0.589054	214,839	-
05/08/2018	0.600427	0.631084	0.583603	0.608545	177,781	-
05/07/2018	0.656763	0.656770	0.586335	0.600629	249,525	-
05/06/2018	0.673179	0.677605	0.612653	0.656616	244,183	-
05/05/2018	0.675848	0.714137	0.671098	0.672764	316,373	-
05/04/2018	0.690242	0.700191	0.664659	0.679617	212,747	-
05/03/2018	0.707644	0.712548	0.678231	0.698851	254,223	-
05/02/2018	0.688802	0.740652	0.688802	0.707393	340,593	-
05/01/2018	0.697295	0.710968	0.671171	0.691823	256,408	-
04/30/2018	0.687530	0.743476	0.667604	0.698240	412,864	-
04/29/2018	0.666770	0.704210	0.653364	0.677913	271,215	-
04/28/2018	0.732700	0.732700	0.666889	0.667630	365,318	-
04/27/2018	0.624247	0.832220	0.602364	0.708899	2,864,530	-
04/26/2018	0.496315	0.575658	0.484553	0.575658	299,210	-
04/25/2018	0.569700	0.576757	0.449038	0.489868	510,666	-
04/24/2018	0.548172	0.591863	0.546354	0.570439	355,707	-
04/23/2018	0.572497	0.583390	0.548017	0.548291	338,794	-
04/22/2018	0.584468	0.596705	0.571458	0.573128	198,021	-
04/21/2018	0.636311	0.686145	0.564982	0.593393	325,247	-
04/20/2018	0.545166	0.636506	0.540001	0.636506	579,738	-
04/19/2018	0.543196	0.553131	0.535115	0.545949	187,730	-
04/18/2018	0.554394	0.556477	0.531473	0.543345	236,993	-
04/17/2018	0.556372	0.560230	0.547955	0.554970	83,572	-
04/16/2018	0.547661	0.565816	0.541657	0.556367	193,046	-
04/15/2018	0.534564	0.569851	0.534564	0.553668	209,903	-
04/14/2018	0.547882	0.558564	0.532485	0.534468	76,111	-
04/13/2018	0.564998	0.587256	0.544617	0.548516	225,960	-
04/12/2018	0.543979	0.586570	0.533954	0.564785	146,875	-
04/11/2018	0.525032	0.547181	0.525032	0.541918	55,144	-
04/10/2018	0.532346	0.554800	0.517982	0.523794	114,796	-
04/09/2018	0.544740	0.559779	0.531420	0.531420	180,648	-
04/08/2018	0.561433	0.561508	0.537401	0.544533	99,341	-
04/07/2018	0.553995	0.563177	0.539772	0.561428	46,486	-
04/06/2018	0.579424	0.587608	0.526846	0.553070	112,455	-
04/05/2018	0.576540	0.594734	0.561657	0.577872	144,474	-
04/04/2018	0.620696	0.655744	0.562543	0.577431	175,774	-
04/03/2018	0.572258	0.630009	0.572258	0.619113	185,544	-
04/02/2018	0.542350	0.586559	0.542324	0.571410	103,037	-
04/01/2018	0.576770	0.580827	0.516559	0.542460	174,092	-
03/31/2018	0.591074	0.600679	0.563397	0.573948	104,202	-
03/30/2018	0.591105	0.611131	0.563085	0.590854	192,484	-
03/29/2018	0.664347	0.681525	0.581747	0.591295	387,227	-
03/28/2018	0.646193	0.694524	0.641090	0.666757	210,441	-
03/27/2018	0.571300	0.708483	0.541538	0.649890	854,501	-
03/26/2018	0.602889	0.620218	0.552838	0.572565	240,096	-
03/25/2018	0.557346	0.769231	0.534585	0.602865	507,419	-
03/24/2018	0.567076	0.567105	0.534508	0.537306	125,310	-
03/23/2018	0.554200	0.572221	0.520673	0.546409	140,845	-
03/22/2018	0.568290	0.594979	0.519610	0.550169	178,427	-
03/21/2018	0.535094	0.608132	0.535094	0.566565	197,490	-
03/20/2018	0.562388	0.568473	0.499692	0.535708	259,092	-
03/19/2018	0.526684	0.577738	0.510946	0.558053	285,286	-
03/18/2018	0.547177	0.565095	0.442225	0.524462	446,792	-
03/17/2018	0.585292	0.592342	0.541015	0.547102	156,584	-
03/16/2018	0.545805	0.634748	0.541871	0.595566	245,933	-
03/15/2018	0.616472	0.638458	0.537555	0.539004	242,882	-
03/14/2018	0.661552	0.666633	0.594721	0.598604	280,883	-
03/13/2018	0.676634	0.680062	0.648767	0.661005	100,610	-
03/12/2018	0.673225	0.719227	0.653306	0.675737	184,615	-
03/11/2018	0.663080	0.683245	0.626810	0.674277	138,830	-
03/10/2018	0.682436	0.696248	0.649922	0.663129	144,675	-
03/09/2018	0.677324	0.705132	0.609730	0.682722	228,303	-
03/08/2018	0.608672	0.793230	0.567162	0.669360	643,852	-
03/07/2018	0.817691	0.868505	0.541380	0.606604	887,320	-
03/06/2018	0.820007	0.893616	0.806152	0.814946	320,278	-
03/05/2018	0.908067	0.908884	0.775123	0.822828	903,519	-
03/04/2018	0.958486	0.958677	0.870287	0.906872	605,431	-
03/03/2018	0.992834	1.00	0.945115	0.950363	305,138	-
03/02/2018	1.01	1.04	0.945589	0.993594	479,411	-
03/01/2018	1.00	1.03	0.986780	1.00	111,919	-
02/28/2018	1.03	1.06	0.989785	1.00	203,155	-
02/27/2018	1.03	1.06	0.990061	1.04	299,493	-
02/26/2018	0.989807	1.07	0.953577	1.02	299,961	-
02/25/2018	1.03	1.05	0.958414	1.00	334,938	-
02/24/2018	1.11	1.11	1.03	1.03	311,226	-
02/23/2018	1.10	1.12	1.04	1.10	272,106	-
02/22/2018	1.15	1.19	1.02	1.10	395,657	-
02/21/2018	1.20	1.22	1.12	1.16	426,713	-
02/20/2018	1.35	1.35	1.19	1.20	597,468	-
02/19/2018	1.32	1.37	1.24	1.35	385,612	-
02/18/2018	1.52	1.57	1.32	1.32	897,267	-
02/17/2018	1.46	1.53	1.43	1.52	625,502	-
02/16/2018	1.34	1.59	1.34	1.47	1,405,640	-
02/15/2018	1.24	1.33	1.23	1.32	588,672	-
02/14/2018	1.19	1.25	1.17	1.24	458,671	-
02/13/2018	1.18	1.21	1.16	1.17	310,827	-
02/12/2018	1.18	1.21	1.17	1.19	281,713	-
02/11/2018	1.23	1.23	1.15	1.19	412,918	-
02/10/2018	1.25	1.32	1.20	1.24	581,078	-
02/09/2018	1.22	1.27	1.15	1.27	400,017	-
02/08/2018	1.16	1.28	1.15	1.22	460,003	-
02/07/2018	1.12	1.33	1.09	1.15	871,691	-
02/06/2018	1.11	1.17	1.05	1.14	690,023	-
02/05/2018	1.03	1.22	0.992537	1.10	985,091	-
02/04/2018	1.13	1.14	1.00	1.03	488,239	-
02/03/2018	1.11	1.21	0.973710	1.13	728,521	-
02/02/2018	0.971640	1.09	0.900293	1.07	1,128,140	-
02/01/2018	1.37	1.39	0.912613	0.963934	933,021	-
01/31/2018	1.35	1.45	1.24	1.33	676,292	-
01/30/2018	1.49	1.63	1.35	1.35	939,838	-
01/29/2018	1.64	1.64	1.46	1.49	683,901	-
01/28/2018	1.54	1.66	1.48	1.62	692,925	-
01/27/2018	1.44	1.59	1.32	1.54	1,204,630	-
01/26/2018	1.64	1.72	1.20	1.34	1,796,430	-
01/25/2018	1.63	1.72	1.56	1.66	686,138	-
01/24/2018	1.44	1.67	1.40	1.61	612,162	-
01/23/2018	1.64	1.75	1.36	1.41	1,032,580	-
01/22/2018	1.81	1.85	1.27	1.62	1,003,490	-
01/21/2018	1.94	1.96	1.71	1.81	954,852	-
01/20/2018	1.76	1.97	1.73	1.96	737,342	-
01/19/2018	1.80	1.91	1.65	1.74	684,109	-
01/18/2018	1.80	2.03	1.62	1.80	1,249,520	-
01/17/2018	1.77	1.90	1.10	1.80	2,705,390	-
01/16/2018	2.37	2.37	1.40	1.76	1,774,960	-
01/15/2018	2.30	2.46	2.30	2.36	666,372	-
01/14/2018	2.18	2.40	2.07	2.30	1,655,590	-
01/13/2018	2.16	2.22	2.09	2.19	923,610	-
01/12/2018	2.19	2.31	2.12	2.16	714,267	-
01/11/2018	2.41	2.43	2.10	2.19	999,296	-
01/10/2018	2.45	2.51	2.32	2.41	1,267,140	-
01/09/2018	2.53	2.57	2.44	2.46	996,300	-
01/08/2018	2.50	2.58	2.33	2.53	1,372,480	-
01/07/2018	2.61	2.63	2.42	2.49	1,539,070	-
01/06/2018	2.46	2.80	2.31	2.63	1,885,510	-
01/05/2018	2.59	2.67	2.43	2.50	1,263,480	-
01/04/2018	2.54	2.92	2.53	2.60	2,895,320	-
01/03/2018	2.68	2.99	2.63	2.63	3,057,260	-
01/02/2018	2.53	2.76	2.47	2.66	1,548,200	-
01/01/2018	2.59	2.64	2.36	2.60	1,576,820	-
12/31/2017	2.09	2.61	2.00	2.57	3,935,610	-
12/30/2017	2.47	2.49	2.00	2.16	3,219,750	-
12/29/2017	2.63	2.65	2.46	2.52	1,914,560	-
12/28/2017	2.72	2.74	2.42	2.61	1,972,600	-
12/27/2017	2.78	3.07	2.53	2.68	3,656,750	-
12/26/2017	2.65	2.91	2.48	2.77	2,902,600	-
12/25/2017	2.65	2.81	2.54	2.66	2,337,460	-
12/24/2017	2.92	3.04	2.47	2.66	3,628,480	-
12/23/2017	2.96	3.21	2.66	2.91	3,990,830	-
12/22/2017	3.75	3.75	1.94	2.87	7,195,360	-
12/21/2017	3.89	4.04	3.57	3.75	6,033,080	-
12/20/2017	3.46	4.51	3.14	3.88	13,360,500	-
12/19/2017	3.62	3.62	3.41	3.43	4,519,870	-
12/18/2017	3.57	3.82	3.46	3.63	6,890,140	-
12/17/2017	3.31	3.70	3.11	3.55	6,736,800	-
12/16/2017	3.27	3.53	3.14	3.32	8,444,250	-
12/15/2017	2.71	3.38	2.64	3.26	10,440,500	-
12/14/2017	3.65	3.82	2.76	2.76	15,098,800	-
