Date	Open	High	Low	Close	Volume	Market Cap
07/15/2018	0.017234	0.018404	0.016858	0.018063	839,958	10,260,400
07/14/2018	0.017972	0.017991	0.016117	0.017243	970,371	10,699,700
07/13/2018	0.018461	0.019007	0.017971	0.018134	798,376	10,990,800
07/12/2018	0.019505	0.020271	0.017302	0.018428	1,159,480	11,612,100
07/11/2018	0.022083	0.022983	0.018371	0.019423	699,534	13,147,500
07/10/2018	0.028076	0.028563	0.021863	0.022362	4,652,180	16,715,500
07/09/2018	0.027786	0.029472	0.026904	0.028147	5,470,000	16,542,300
07/08/2018	0.026018	0.030423	0.026018	0.027839	5,686,800	15,490,100
07/07/2018	0.025513	0.026141	0.024299	0.026029	5,399,500	15,189,500
07/06/2018	0.027570	0.027969	0.024406	0.025486	2,082,470	16,413,700
07/05/2018	0.025632	0.029708	0.025558	0.027583	1,197,710	15,260,200
07/04/2018	0.024061	0.026269	0.022789	0.025517	1,399,430	14,324,900
07/03/2018	0.025913	0.034601	0.023572	0.023853	969,584	15,427,500
07/02/2018	0.023987	0.030342	0.021362	0.025892	112,358	14,280,900
07/01/2018	0.025146	0.025146	0.023708	0.023969	22,022	14,970,700
06/30/2018	0.024658	0.027000	0.023785	0.025498	68,993	14,680,600
06/29/2018	0.025304	0.026457	0.022763	0.024643	83,279	15,064,800
06/28/2018	0.026990	0.027816	0.024797	0.025295	68,133	16,068,600
06/27/2018	0.025735	0.028156	0.023690	0.026940	98,455	15,109,700
06/26/2018	0.030603	0.031148	0.024098	0.025823	254,447	17,968,100
06/25/2018	0.031377	0.033953	0.029984	0.030603	150,768	18,422,300
06/24/2018	0.028051	0.037181	0.024819	0.031505	660,382	16,469,600
06/23/2018	0.029099	0.030396	0.028034	0.028059	330,374	16,151,000
06/22/2018	0.033496	0.036907	0.028417	0.029080	213,184	18,591,900
06/21/2018	0.034290	0.037840	0.031974	0.033516	390,347	19,356,900
06/20/2018	0.032365	0.034787	0.030843	0.034299	1,219,470	18,270,200
