Date	Open	High	Low	Close	Volume	Market Cap
07/15/2018	0.083483	0.085734	0.083238	0.085262	74	1,910,000
07/14/2018	0.081864	0.087292	0.081193	0.083527	341	1,872,970
07/13/2018	0.088938	0.089343	0.079207	0.081925	1,034	2,034,790
07/12/2018	0.083947	0.090806	0.079820	0.088833	957	1,907,760
07/11/2018	0.085259	0.086314	0.078801	0.083959	310	1,937,580
07/10/2018	0.089561	0.089801	0.083648	0.085256	1,407	2,035,340
07/09/2018	0.086977	0.101479	0.083992	0.089626	9,204	1,976,620
07/08/2018	0.085452	0.096964	0.083297	0.086995	4,685	1,941,960
07/07/2018	0.082775	0.085660	0.080822	0.085522	1,429	1,881,120
07/06/2018	0.086362	0.089088	0.080361	0.082867	2,651	1,962,660
07/05/2018	0.082990	0.096039	0.078259	0.086383	9,862	1,886,020
07/04/2018	0.083696	0.084385	0.077858	0.082811	3,950	1,902,070
07/03/2018	0.084578	0.086656	0.078505	0.083688	620	1,896,210
07/02/2018	0.077207	0.090846	0.072547	0.084753	2,175	1,725,040
07/01/2018	0.076283	0.079364	0.072685	0.077154	1,552	1,704,400
06/30/2018	0.066957	0.076942	0.066957	0.076243	162	1,496,010
06/29/2018	0.064822	0.068997	0.059328	0.066894	1,881	1,448,310
06/28/2018	0.064049	0.072851	0.060521	0.064790	3,675	1,431,050
06/27/2018	0.062015	0.072359	0.059054	0.063964	1,204	1,385,590
06/26/2018	0.069710	0.071429	0.056840	0.062110	875	1,557,540
06/25/2018	0.060723	0.071256	0.056423	0.069700	11,734	1,356,720
06/24/2018	0.072614	0.081120	0.058853	0.061616	6,898	1,622,410
06/23/2018	0.071567	0.078161	0.071445	0.072624	608	1,599,010
06/22/2018	0.093862	0.094129	0.070239	0.071554	5,252	2,097,140
06/21/2018	0.080104	0.095627	0.076037	0.093957	7,540	1,789,760
06/20/2018	0.081860	0.081889	0.078737	0.080122	2,249	1,829,000
06/19/2018	0.079862	0.089646	0.079512	0.081809	1,549	1,784,360
06/18/2018	0.086239	0.086550	0.079658	0.079907	2,206	1,926,820
06/17/2018	0.095311	0.097245	0.079618	0.086433	11,445	2,129,520
06/16/2018	0.074615	0.096200	0.061838	0.095304	792	1,667,120
06/15/2018	0.082046	0.082046	0.074238	0.074837	972	1,833,150
06/14/2018	0.082444	0.085833	0.067718	0.082096	4,038	1,842,050
06/13/2018	0.081559	0.084132	0.070321	0.082320	3,307	1,822,270
06/12/2018	0.096112	0.096112	0.080353	0.081260	2,467	2,147,420
06/11/2018	0.085913	0.099704	0.083865	0.096121	4,455	1,919,550
06/10/2018	0.108222	0.108222	0.084949	0.085767	2,091	2,417,990
06/09/2018	0.101136	0.124615	0.099263	0.108027	2,590	2,259,680
06/08/2018	0.102427	0.105628	0.096241	0.101121	1,074	2,288,520
06/07/2018	0.111046	0.113463	0.100016	0.102269	4,464	2,481,100
06/06/2018	0.112001	0.121543	0.107606	0.110990	7,877	2,502,430
06/05/2018	0.119814	0.120868	0.108259	0.112135	6,720	2,677,010
06/04/2018	0.132612	0.133891	0.119051	0.119821	1,145	2,962,930
06/03/2018	0.129755	0.134427	0.128183	0.133128	2,260	2,899,120
06/02/2018	0.117617	0.130413	0.117617	0.129888	2,512	2,627,900
06/01/2018	0.122459	0.124212	0.112427	0.116497	3,379	2,736,100
05/31/2018	0.117512	0.132989	0.085450	0.123146	2,885	2,625,570
05/30/2018	0.115084	0.123793	0.112361	0.117740	13,495	2,571,310
05/29/2018	0.123807	0.133523	0.113909	0.115013	35,350	2,766,210
05/28/2018	0.135988	0.136808	0.120517	0.124028	5,895	3,038,360
05/27/2018	0.119672	0.134447	0.112741	0.134275	7,232	2,673,830
05/26/2018	0.134942	0.134942	0.116746	0.119609	2,175	3,015,000
05/25/2018	0.134386	0.162553	0.080464	0.135173	15,314	3,002,570
05/24/2018	0.125866	0.135236	0.117606	0.134219	3,226	2,812,220
05/23/2018	0.142439	0.143700	0.120869	0.126368	6,889	3,182,510
05/22/2018	0.154217	0.174024	0.141945	0.142655	7,725	3,445,660
05/21/2018	0.168388	0.180859	0.146737	0.154408	7,909	3,762,280
05/20/2018	0.171325	0.192130	0.162634	0.168169	77,571	3,827,910
05/19/2018	0.163406	0.177936	0.147533	0.171184	8,849	3,650,980
05/18/2018	0.178987	0.184065	0.157613	0.163415	3,376	3,999,090
05/17/2018	0.174834	0.190020	0.169642	0.179049	1,486	3,906,300
05/16/2018	0.172693	0.186289	0.163450	0.174664	10,129	3,858,460
05/15/2018	0.187495	0.189390	0.167738	0.172615	7,828	4,189,190
05/14/2018	0.175326	0.196215	0.161687	0.187778	6,368	3,917,290
05/13/2018	0.177548	0.187846	0.170402	0.175385	3,502	3,966,940
05/12/2018	0.157692	0.235326	0.153577	0.177782	4,383	3,523,310
05/11/2018	0.198379	0.215823	0.157990	0.157990	14,481	4,432,360
05/10/2018	0.221924	0.223815	0.197956	0.198208	19,990	4,958,440
05/09/2018	0.223114	0.243687	0.218025	0.221831	14,774	4,985,020
05/08/2018	0.225710	0.229043	0.210910	0.223410	8,249	5,043,020
05/07/2018	0.232935	0.235420	0.212640	0.224320	40,507	5,204,440
05/06/2018	0.239714	0.246201	0.227044	0.232798	4,005	5,355,920
05/05/2018	0.240930	0.247841	0.234747	0.239592	5,637	5,383,080
05/04/2018	0.227035	0.242443	0.219250	0.240906	5,035	5,072,630
05/03/2018	0.205766	0.236373	0.203739	0.227380	10,169	4,597,410
05/02/2018	0.190136	0.262952	0.190136	0.205773	33,652	4,248,190
05/01/2018	0.196745	0.216036	0.183817	0.190588	5,086	4,395,860
04/30/2018	0.229623	0.229623	0.187452	0.196196	10,390	5,130,460
04/29/2018	0.220038	0.244612	0.194272	0.235822	10,430	4,916,300
04/28/2018	0.196381	0.248447	0.189538	0.238584	11,274	4,387,740
04/27/2018	0.193091	0.225724	0.187479	0.197999	3,750	4,314,220
04/26/2018	0.213970	0.221681	0.189577	0.192774	5,731	4,780,730
04/25/2018	0.206107	0.223548	0.177172	0.211941	13,168	4,605,040
04/24/2018	0.184806	0.235503	0.184806	0.210913	11,213	4,129,100
04/23/2018	0.171591	0.188156	0.164374	0.184761	7,913	3,833,840
04/22/2018	0.166490	0.176741	0.161750	0.172176	5,616	3,719,880
04/21/2018	0.166650	0.173764	0.156001	0.166490	3,814	3,723,450
04/20/2018	0.155427	0.176121	0.155427	0.166724	7,198	3,472,700
04/19/2018	0.153179	0.164650	0.145240	0.155528	6,563	3,422,470
04/18/2018	0.140175	0.165973	0.139832	0.153082	2,566	3,131,930
04/17/2018	0.153768	0.168958	0.136712	0.140100	5,018	3,435,630
04/16/2018	0.155165	0.164240	0.142032	0.153770	5,217	3,466,830
04/15/2018	0.174496	0.177022	0.145430	0.155056	9,609	3,898,760
04/14/2018	0.166073	0.181240	0.154490	0.174474	4,021	3,710,550
04/13/2018	0.142255	0.186911	0.136260	0.166073	15,634	3,178,400
04/12/2018	0.122780	0.149363	0.115068	0.142028	7,827	2,743,260
04/11/2018	0.114037	0.124717	0.112645	0.123346	3,550	2,547,920
04/10/2018	0.130645	0.144293	0.105064	0.113789	8,633	2,918,990
04/09/2018	0.108334	0.130139	0.093703	0.130116	3,684	2,420,510
04/08/2018	0.108924	0.117729	0.104190	0.108105	3,100	2,433,690
04/07/2018	0.100518	0.111312	0.098337	0.108964	688	2,245,860
04/06/2018	0.104287	0.105625	0.099912	0.100536	2,479	2,330,090
04/05/2018	0.109018	0.118337	0.102622	0.104696	5,669	2,435,770
04/04/2018	0.127737	0.127737	0.108031	0.109097	1,781	2,854,030
04/03/2018	0.113125	0.128384	0.108904	0.127611	4,324	2,527,430
04/02/2018	0.120399	0.122651	0.104021	0.113012	4,244	2,689,950
04/01/2018	0.125279	0.126960	0.105048	0.113914	1,909	2,798,970
03/31/2018	0.124924	0.130247	0.110066	0.119375	5,783	2,791,040
03/30/2018	0.120112	0.125358	0.101807	0.125037	3,953	2,683,530
03/29/2018	0.125123	0.130909	0.116192	0.120459	3,510	2,795,470
03/28/2018	0.131591	0.136340	0.120605	0.124914	7,190	2,940,000
03/27/2018	0.143704	0.144389	0.124962	0.131552	4,485	3,210,630
03/26/2018	0.162549	0.164752	0.125746	0.143846	6,179	3,631,650
03/25/2018	0.154090	0.167196	0.140436	0.162883	3,955	3,442,670
03/24/2018	0.164694	0.185922	0.149493	0.155991	5,107	3,679,570
03/23/2018	0.149110	0.163030	0.135701	0.163030	8,590	3,331,390
03/22/2018	0.174585	0.180486	0.137869	0.149131	2,059	3,900,560
03/21/2018	0.142919	0.175841	0.136419	0.174270	8,357	3,193,080
03/20/2018	0.158006	0.158088	0.141981	0.142413	2,811	3,530,160
03/19/2018	0.146784	0.161954	0.139919	0.156679	1,986	3,279,430
03/18/2018	0.153744	0.154872	0.122807	0.147384	10,227	3,434,930
03/17/2018	0.157993	0.173913	0.149667	0.153978	6,072	3,529,850
03/16/2018	0.176831	0.186591	0.153628	0.157842	10,860	3,950,750
03/15/2018	0.169394	0.188513	0.147264	0.177003	8,980	3,784,580
03/14/2018	0.193686	0.207400	0.159095	0.169336	8,410	4,327,320
03/13/2018	0.196153	0.206565	0.181574	0.193636	5,845	4,382,430
03/12/2018	0.215105	0.230515	0.174454	0.196586	32,508	-
03/11/2018	0.198447	0.239396	0.180880	0.215541	13,191	-
03/10/2018	0.249025	0.251163	0.196246	0.199060	5,702	-
03/09/2018	0.210596	0.249817	0.171673	0.249117	14,341	-
03/08/2018	0.235233	0.255919	0.192811	0.211349	8,492	-
03/07/2018	0.262926	0.301595	0.204295	0.235591	33,997	-
03/06/2018	0.378161	0.397499	0.257156	0.262861	60,219	-
03/05/2018	0.222815	0.408123	0.207308	0.347642	34,425	-
03/04/2018	0.212768	0.231758	0.207072	0.222799	28,449	-
03/03/2018	0.239812	0.252787	0.204613	0.204736	33,189	-
03/02/2018	0.263642	0.265231	0.235290	0.240618	10,279	-
03/01/2018	0.238179	0.265444	0.190061	0.263803	15,022	-
02/28/2018	0.306531	0.306531	0.232636	0.238050	29,595	-
02/27/2018	0.272375	0.306650	0.242337	0.306609	39,101	-
02/26/2018	0.333371	0.361937	0.236906	0.236906	94,200	-
02/25/2018	0.345832	0.373315	0.299457	0.333104	56,705	-
02/24/2018	0.404955	0.409492	0.302903	0.358301	38,055	-
02/23/2018	0.388350	0.433962	0.364944	0.418829	85,931	-
