Date	Open	High	Low	Close	Volume	Market Cap
07/15/2018	0.061572	0.064415	0.061098	0.062408	3,795,540	17,779,900
07/14/2018	0.061219	0.062021	0.060969	0.061589	4,616,440	17,678,000
07/13/2018	0.061298	0.062272	0.060821	0.061247	3,999,120	17,700,700
07/12/2018	0.061370	0.062162	0.058830	0.061154	4,393,520	17,721,600
07/11/2018	0.061651	0.063212	0.060425	0.061360	2,949,390	17,802,700
07/10/2018	0.067266	0.067535	0.057718	0.061229	2,836,600	19,424,100
07/09/2018	0.070522	0.070754	0.067143	0.067292	2,793,670	20,364,400
07/08/2018	0.071444	0.072771	0.070521	0.070622	4,541,400	20,630,700
07/07/2018	0.069327	0.071585	0.068526	0.071294	4,994,640	20,019,200
07/06/2018	0.069465	0.070127	0.067775	0.069429	4,091,690	20,059,200
07/05/2018	0.069329	0.071010	0.068462	0.069404	5,370,650	20,019,700
07/04/2018	0.071217	0.071446	0.068695	0.068976	4,923,900	20,565,000
07/03/2018	0.071205	0.074907	0.070888	0.071212	4,455,990	20,561,700
07/02/2018	0.060463	0.073375	0.059900	0.071333	3,298,450	17,459,600
07/01/2018	0.065580	0.066074	0.060433	0.060443	3,053,230	18,937,200
06/30/2018	0.062636	0.066200	0.062636	0.065551	3,603,930	18,087,300
06/29/2018	0.064189	0.064572	0.059704	0.062507	3,557,570	18,535,500
06/28/2018	0.064569	0.067303	0.063021	0.064156	85,049	18,645,200
06/27/2018	0.064277	0.065221	0.062871	0.064494	939,611	18,561,000
06/26/2018	0.069016	0.071285	0.064351	0.064485	5,094,310	19,929,500
06/25/2018	0.067618	0.070457	0.067147	0.068924	3,355,680	19,525,900
06/24/2018	0.074268	0.074380	0.064097	0.067575	687,037	21,445,900
06/23/2018	0.072868	0.076682	0.070306	0.074291	742,438	21,041,800
06/22/2018	0.085596	0.085656	0.069705	0.072836	204,060	24,717,000
06/21/2018	0.084505	0.089849	0.083515	0.085678	1,243,670	24,402,300
06/20/2018	0.087473	0.087473	0.080441	0.084491	832,105	25,259,200
06/19/2018	0.080513	0.089792	0.079716	0.087090	1,821,630	23,249,300
06/18/2018	0.069576	0.088587	0.069576	0.080143	1,237,460	20,091,300
06/17/2018	0.071615	0.073731	0.069190	0.069874	1,104,960	20,680,100
06/16/2018	0.072853	0.075035	0.071341	0.071373	1,407,140	21,037,600
06/15/2018	0.080500	0.080959	0.072569	0.073245	1,784,440	23,245,700
06/14/2018	0.076889	0.087818	0.076698	0.080559	2,224,600	22,203,100
06/13/2018	0.080086	0.086175	0.073881	0.076842	1,990,170	23,126,100
06/12/2018	0.087827	0.093014	0.078356	0.079819	2,079,410	25,361,400
06/11/2018	0.081032	0.087930	0.079864	0.087930	2,525,770	23,399,200
06/10/2018	0.097065	0.097065	0.078698	0.080877	2,357,500	28,029,100
06/09/2018	0.100724	0.102387	0.096448	0.096448	2,491,780	29,085,600
06/08/2018	0.102238	0.103126	0.098777	0.100816	2,735,140	29,522,900
06/07/2018	0.104160	0.105073	0.101885	0.102135	2,736,030	30,077,800
06/06/2018	0.100450	0.105718	0.098977	0.104249	2,989,540	29,006,600
06/05/2018	0.097322	0.101386	0.094994	0.100690	2,711,680	28,103,300
06/04/2018	0.102336	0.103162	0.094904	0.097676	2,729,950	29,551,200
06/03/2018	0.101600	0.107958	0.098962	0.102399	2,633,960	29,338,600
06/02/2018	0.109759	0.110604	0.098551	0.101660	2,791,910	31,694,500
06/01/2018	0.109120	0.109997	0.102563	0.109573	3,062,150	31,510,200
05/31/2018	0.104979	0.112553	0.102983	0.109338	2,952,790	30,314,300
05/30/2018	0.108598	0.115270	0.103696	0.105095	2,421,870	31,359,400
05/29/2018	0.092083	0.109906	0.091178	0.108465	2,543,750	26,590,500
05/28/2018	0.097371	0.099720	0.090176	0.092282	2,200,600	28,117,400
05/27/2018	0.099697	0.100444	0.096427	0.097228	2,208,080	28,789,100
05/26/2018	0.104351	0.106753	0.099015	0.099528	2,067,200	30,133,000
05/25/2018	0.109044	0.111355	0.102537	0.104275	2,409,400	31,488,300
05/24/2018	0.101646	0.109583	0.101582	0.109036	2,489,080	29,351,900
05/23/2018	0.119749	0.120608	0.099765	0.102315	2,197,210	34,579,300
05/22/2018	0.125515	0.127264	0.119847	0.120190	2,913,660	36,244,400
05/21/2018	0.127987	0.128955	0.121017	0.125509	2,519,860	36,958,200
05/20/2018	0.118083	0.128344	0.115727	0.127828	2,202,010	33,862,300
05/19/2018	0.124350	0.125116	0.115514	0.116786	2,436,090	35,659,300
05/18/2018	0.125761	0.125957	0.118077	0.124855	3,094,890	36,064,000
05/17/2018	0.130342	0.131486	0.119255	0.125841	2,842,710	37,377,600
05/16/2018	0.132989	0.132989	0.122030	0.130198	2,916,890	38,136,600
05/15/2018	0.124583	0.132986	0.124510	0.132491	2,994,600	35,726,200
05/14/2018	0.129541	0.132966	0.120399	0.125280	1,283,990	36,759,300
05/13/2018	0.126055	0.131168	0.116179	0.129581	1,797,830	35,770,200
05/12/2018	0.120347	0.128110	0.112686	0.127021	3,243,570	34,150,400
05/11/2018	0.137667	0.138190	0.115684	0.120827	3,010,860	39,065,100
05/10/2018	0.142197	0.145313	0.137081	0.137377	3,335,530	40,350,800
05/09/2018	0.141551	0.149151	0.137187	0.142967	3,616,320	40,167,300
05/08/2018	0.143446	0.150088	0.135614	0.142136	3,817,710	40,705,000
05/07/2018	0.171486	0.172284	0.135515	0.142886	3,889,710	48,661,900
05/06/2018	0.176618	0.178314	0.164571	0.171608	3,950,460	50,118,200
05/05/2018	0.170852	0.177237	0.170223	0.175938	4,286,620	48,481,800
05/04/2018	0.166720	0.172867	0.161488	0.170569	4,221,550	47,309,500
05/03/2018	0.148189	0.169388	0.147100	0.167697	4,114,690	42,050,900
05/02/2018	0.150475	0.152642	0.147452	0.148539	2,121,440	34,122,700
05/01/2018	0.153741	0.153782	0.144781	0.150790	2,192,610	34,863,200
04/30/2018	0.157747	0.163122	0.151483	0.153856	3,656,660	35,771,700
04/29/2018	0.151055	0.160825	0.150754	0.157840	3,853,880	34,254,200
04/28/2018	0.129348	0.154790	0.129309	0.151255	3,859,240	29,331,600
04/27/2018	0.145289	0.147256	0.130359	0.130433	3,045,660	32,946,600
04/26/2018	0.144260	0.149223	0.137544	0.145164	3,160,940	32,713,200
04/25/2018	0.163893	0.166269	0.139683	0.143164	3,665,140	37,165,300
04/24/2018	0.145958	0.164527	0.145958	0.164527	3,835,070	33,098,300
04/23/2018	0.140551	0.146087	0.139396	0.145997	3,428,330	31,872,200
04/22/2018	0.135561	0.145392	0.132592	0.141089	3,284,360	30,740,600
04/21/2018	0.134724	0.136922	0.128864	0.134575	3,138,060	30,550,800
04/20/2018	0.121001	0.135300	0.118471	0.134814	3,208,310	27,438,900
04/19/2018	0.116174	0.122550	0.115618	0.120802	2,999,300	26,344,200
04/18/2018	0.111853	0.116110	0.108477	0.115812	2,385,690	25,364,300
04/17/2018	0.109785	0.116121	0.109707	0.111921	2,667,360	24,890,000
04/16/2018	0.117900	0.118741	0.109076	0.110165	2,495,660	26,729,800
04/15/2018	0.109269	0.119586	0.109269	0.117993	2,094,410	24,772,900
04/14/2018	0.104605	0.116811	0.103341	0.109550	1,794,890	23,715,600
04/13/2018	0.107169	0.118031	0.104381	0.105971	2,581,000	24,297,000
04/12/2018	0.087862	0.107213	0.087862	0.106547	2,690,540	19,919,700
04/11/2018	0.085858	0.087979	0.083438	0.087979	1,422,130	19,465,400
04/10/2018	0.083935	0.088016	0.083460	0.085747	1,396,510	19,029,400
04/09/2018	0.091200	0.092757	0.082845	0.083859	1,831,350	20,676,500
04/08/2018	0.089576	0.092453	0.089378	0.091088	2,142,240	20,308,300
04/07/2018	0.087096	0.096074	0.086930	0.089646	2,176,190	19,746,000
04/06/2018	0.098585	0.099991	0.084964	0.087048	1,829,490	22,350,700
04/05/2018	0.091735	0.102260	0.087855	0.098996	2,622,660	20,797,900
04/04/2018	0.098995	0.104186	0.088027	0.091642	2,624,370	22,443,800
04/03/2018	0.085784	0.099518	0.085151	0.098905	2,381,070	19,448,600
04/02/2018	0.086624	0.091684	0.084622	0.085682	982,103	19,638,900
04/01/2018	0.089997	0.091320	0.082427	0.086349	1,299,180	20,403,600
03/31/2018	0.088758	0.095141	0.088045	0.089980	2,153,430	20,122,900
03/30/2018	0.088429	0.092561	0.080818	0.088517	2,145,740	20,048,300
03/29/2018	0.101754	0.102223	0.087006	0.088470	2,195,760	23,069,400
03/28/2018	0.103579	0.104666	0.099888	0.101654	2,598,540	23,483,100
03/27/2018	0.110146	0.112141	0.100451	0.103371	4,241,090	24,971,900
03/26/2018	0.115925	0.116629	0.101131	0.110016	6,490,150	26,282,100
03/25/2018	0.112604	0.119907	0.108341	0.116401	6,657,640	25,529,200
03/24/2018	0.127077	0.127077	0.112733	0.114053	6,665,020	28,810,500
03/23/2018	0.118719	0.125578	0.112164	0.125578	7,396,730	26,915,400
03/22/2018	0.129800	0.134616	0.116048	0.118731	6,341,410	29,427,600
03/21/2018	0.115882	0.138720	0.115058	0.129743	7,919,900	26,272,300
03/20/2018	0.112187	0.118870	0.107870	0.115790	4,382,110	25,434,600
03/19/2018	0.106654	0.112572	0.103028	0.111177	3,862,800	24,180,000
03/18/2018	0.115808	0.115808	0.090843	0.106690	2,136,460	26,255,500
03/17/2018	0.131214	0.132331	0.112689	0.115990	2,626,020	29,748,400
03/16/2018	0.113375	0.147658	0.108833	0.130841	3,062,830	25,703,900
03/15/2018	0.112457	0.114942	0.105914	0.113479	2,283,540	25,495,900
03/14/2018	0.136388	0.138832	0.100363	0.112384	4,305,910	30,921,200
03/13/2018	0.137590	0.144214	0.133735	0.135912	2,475,950	31,193,900
03/12/2018	0.140032	0.164893	0.135428	0.137916	2,723,350	31,747,500
03/11/2018	0.166474	0.172743	0.139075	0.139075	2,561,500	37,742,300
03/10/2018	0.177620	0.181167	0.165681	0.167004	1,536,940	40,269,200
03/09/2018	0.167865	0.178318	0.142744	0.177631	3,280,890	38,057,700
03/08/2018	0.193521	0.197088	0.162960	0.168231	1,771,860	43,874,200
03/07/2018	0.206899	0.209708	0.183852	0.193011	1,896,120	46,907,200
03/06/2018	0.234587	0.234587	0.199829	0.206870	1,983,450	53,184,500
03/05/2018	0.236280	0.238478	0.231073	0.234263	1,842,180	53,568,500
03/04/2018	0.231371	0.237383	0.220967	0.235883	1,729,450	52,455,500
03/03/2018	0.244496	0.247310	0.229538	0.230629	2,071,800	55,431,100
03/02/2018	0.240548	0.248046	0.233732	0.244880	2,223,050	54,536,100
03/01/2018	0.226478	0.242215	0.225302	0.240911	2,281,160	51,346,100
02/28/2018	0.235171	0.239792	0.219484	0.226454	2,382,540	53,317,100
02/27/2018	0.239273	0.246224	0.227929	0.236196	2,830,480	-
02/26/2018	0.242813	0.257618	0.207800	0.238007	3,766,700	-
02/25/2018	0.269683	0.273478	0.226933	0.244395	2,887,580	-
02/24/2018	0.242555	0.273599	0.231146	0.271940	3,332,220	-
02/23/2018	0.226283	0.243003	0.220977	0.243003	1,949,670	-
02/22/2018	0.218559	0.238024	0.205857	0.226538	1,499,070	-
02/21/2018	0.230119	0.232457	0.212931	0.219570	2,192,110	-
02/20/2018	0.245503	0.248900	0.229538	0.230879	2,315,410	-
02/19/2018	0.231747	0.245565	0.229375	0.244391	2,637,190	-
02/18/2018	0.232257	0.241063	0.218829	0.232627	2,140,910	-
02/17/2018	0.225759	0.234099	0.222008	0.232010	1,787,720	-
02/16/2018	0.232547	0.263635	0.224981	0.225965	2,761,950	-
02/15/2018	0.205844	0.233453	0.183230	0.233162	3,020,380	-
02/14/2018	0.218642	0.218642	0.181219	0.206990	2,534,340	-
02/13/2018	0.250357	0.259830	0.185502	0.218737	766,196	-
02/12/2018	0.239937	0.265375	0.227326	0.259413	648,349	-
02/11/2018	0.251108	0.274655	0.227730	0.238910	802,506	-
02/10/2018	0.287365	0.328361	0.225899	0.251524	1,451,980	-
02/09/2018	0.276497	0.293494	0.246261	0.287466	576,660	-
02/08/2018	0.311490	0.335947	0.251113	0.276159	907,429	-
02/07/2018	0.296638	0.355301	0.276534	0.312378	1,470,990	-
02/06/2018	0.218639	0.325845	0.167720	0.302605	1,472,550	-
02/05/2018	0.351109	0.373348	0.180670	0.214790	1,517,540	-
02/04/2018	0.405879	0.405879	0.320406	0.354551	1,896,250	-
02/03/2018	0.256792	0.409775	0.256792	0.409775	1,374,880	-
02/02/2018	0.390444	0.390444	0.233554	0.253454	1,158,460	-
02/01/2018	0.338560	0.429283	0.333930	0.392092	1,700,280	-
01/31/2018	0.318426	0.409977	0.301406	0.351051	1,694,220	-
01/30/2018	0.326640	0.327671	0.293772	0.316473	1,766,030	-
