Date	Open	High	Low	Close	Volume	Market Cap
07/15/2018	0.029142	0.030003	0.029028	0.029567	905	16,024,900
07/14/2018	0.032408	0.034859	0.029080	0.029169	808	17,820,800
07/13/2018	0.032395	0.034491	0.029045	0.032346	4,801	17,814,000
07/12/2018	0.026661	0.035236	0.024685	0.032301	6,358	14,660,700
07/11/2018	0.033862	0.034423	0.026451	0.026661	2,046	18,620,700
07/10/2018	0.035845	0.035972	0.030496	0.033861	2,105	19,711,000
07/09/2018	0.029886	0.037575	0.029832	0.035853	5,433	16,434,100
07/08/2018	0.034431	0.035415	0.029747	0.029890	3,163	18,933,500
07/07/2018	0.027098	0.034467	0.026644	0.034403	750	14,901,100
07/06/2018	0.023521	0.027361	0.022287	0.027109	542	12,934,200
07/05/2018	0.027663	0.031075	0.023289	0.023532	336	15,211,700
07/04/2018	0.028009	0.030150	0.026050	0.027576	1,741	15,402,000
07/03/2018	0.034239	0.034861	0.027945	0.027996	685	18,827,800
07/02/2018	0.031732	0.034560	0.031414	0.034212	2,244	17,449,300
07/01/2018	0.024208	0.032472	0.024002	0.031709	868	13,311,800
06/30/2018	0.022856	0.024288	0.022440	0.024203	7	12,568,400
06/29/2018	0.030283	0.030485	0.020474	0.022841	293	16,652,500
06/28/2018	0.031252	0.031854	0.024937	0.030272	3,409	17,185,300
06/27/2018	0.028837	0.031400	0.028641	0.031195	877	15,857,100
06/26/2018	0.032914	0.032914	0.029605	0.029649	1,539	18,099,400
06/25/2018	0.026471	0.033409	0.026310	0.032914	3,284	14,556,500
06/24/2018	0.032958	0.033070	0.024521	0.026580	399	18,123,300
06/23/2018	0.032468	0.033408	0.026327	0.032967	2,289	17,853,900
06/22/2018	0.033681	0.033681	0.025582	0.032447	2,130	18,521,100
06/21/2018	0.040643	0.042453	0.040615	0.041647	0	22,349,000
06/20/2018	0.042430	0.042430	0.024943	0.040658	351	23,331,900
06/19/2018	0.041409	0.042403	0.026325	0.042403	554	22,770,600
06/18/2018	0.024958	0.041741	0.024878	0.041434	42	13,723,900
06/16/2018	0.031714	0.032182	0.031578	0.032004	20	17,439,500
06/15/2018	0.033741	0.033884	0.031497	0.031801	20	18,553,900
06/14/2018	0.030996	0.034065	0.023149	0.033748	556	17,044,600
06/13/2018	0.031081	0.031081	0.030329	0.030923	0	17,091,200
06/12/2018	0.036888	0.037403	0.036656	0.037266	283	20,284,200
06/11/2018	0.034514	0.037048	0.033734	0.036900	995	18,979,000
06/10/2018	0.035073	0.037515	0.033125	0.034454	2	19,286,500
06/09/2018	0.039704	0.039998	0.035005	0.035005	40	21,833,000
06/08/2018	0.026813	0.039951	0.026666	0.039721	1,608	14,744,400
06/07/2018	0.035758	0.037026	0.026700	0.026792	1,254	19,662,800
06/06/2018	0.037165	0.039288	0.034562	0.035725	889	20,436,700
06/05/2018	0.039736	0.039955	0.025301	0.037223	2,560	21,850,500
06/04/2018	0.037699	0.042499	0.029534	0.039730	1,402	20,730,100
06/03/2018	0.042953	0.049636	0.036105	0.037752	944	23,619,400
06/02/2018	0.037311	0.043638	0.037102	0.043004	3,810	20,516,800
06/01/2018	0.040254	0.045519	0.026268	0.037327	1,107	22,135,300
05/31/2018	0.030697	0.040699	0.026206	0.040190	1,062	16,880,100
05/30/2018	0.030798	0.034671	0.030019	0.030720	1,071	16,935,800
05/29/2018	0.023122	0.030796	0.023063	0.030779	8,848	12,714,400
05/28/2018	0.023512	0.026818	0.018902	0.023188	2,962	12,928,800
05/27/2018	0.027636	0.027636	0.022923	0.023512	586	15,196,600
05/26/2018	0.027486	0.030304	0.025024	0.027595	5,179	15,114,100
05/25/2018	0.021704	0.027482	0.021704	0.027482	2,616	11,934,900
05/24/2018	0.024038	0.027424	0.018600	0.021680	2,190	13,218,400
05/23/2018	0.022524	0.024368	0.017947	0.024147	1,317	12,385,800
05/22/2018	0.023556	0.023637	0.019979	0.022569	152	12,953,200
05/21/2018	0.022351	0.023667	0.015687	0.023606	3,916	12,290,900
05/20/2018	0.018877	0.027508	0.017239	0.022323	2,241	10,380,600
05/19/2018	0.019432	0.021044	0.017082	0.018862	3,745	10,685,600
05/18/2018	0.022646	0.023124	0.018006	0.019434	2,236	12,453,100
05/17/2018	0.023959	0.024205	0.012805	0.022669	12,886	13,174,800
05/16/2018	0.029330	0.031242	0.007489	0.023931	9,909	16,128,600
05/15/2018	0.025453	0.029640	0.022004	0.029317	6,124	13,996,500
05/14/2018	0.028451	0.032884	0.001885	0.025489	2,001	15,644,800
05/13/2018	0.021890	0.028950	0.021768	0.028463	7,281	12,037,000
05/12/2018	0.024269	0.024575	0.018502	0.018502	399	13,345,200
05/11/2018	0.025949	0.035356	0.024007	0.024318	1,991	14,269,100
05/10/2018	0.027443	0.028038	0.024951	0.025930	542	15,090,600
05/09/2018	0.030240	0.030284	0.026233	0.027417	1,477	16,628,700
05/08/2018	0.032054	0.032634	0.023848	0.030280	317	17,626,000
05/07/2018	0.035123	0.035151	0.026718	0.031983	25	19,313,600
05/06/2018	0.033345	0.035117	0.031931	0.035103	157	18,335,900
05/05/2018	0.024835	0.037341	0.017087	0.033275	4,034	13,656,800
05/04/2018	0.026651	0.027039	0.022049	0.024833	1,280	14,654,900
05/03/2018	0.027642	0.033981	0.021152	0.026682	3,159	15,200,100
05/02/2018	0.026684	0.036231	0.021591	0.027644	2,994	14,673,200
05/01/2018	0.030103	0.030103	0.018598	0.026751	827	16,553,600
04/30/2018	0.021045	0.030904	0.020066	0.030023	3,705	11,572,600
04/29/2018	0.022908	0.031720	0.017752	0.021052	2,994	12,596,900
04/28/2018	0.022297	0.023987	0.022240	0.023722	1,587	12,260,900
04/27/2018	0.020454	0.027092	0.018286	0.022375	2,812	11,247,300
04/26/2018	0.022462	0.023024	0.014218	0.020425	575	12,351,500
04/25/2018	0.019385	0.028078	0.013584	0.022249	3,391	10,659,800
04/24/2018	0.022215	0.028062	0.016552	0.019510	32	12,215,600
04/23/2018	0.020764	0.026386	0.019985	0.022198	4,165	11,417,800
04/22/2018	0.012747	0.023433	0.012519	0.020558	380	7,009,430
04/21/2018	0.023349	0.024388	0.023170	0.023892	24	12,839,600
04/20/2018	0.021086	0.023558	0.018154	0.023341	484	11,594,700
04/19/2018	0.017553	0.021087	0.017151	0.021072	1,817	9,652,420
04/18/2018	0.016623	0.017705	0.014183	0.017540	1,193	9,141,110
04/17/2018	0.018402	0.019298	0.016554	0.016608	247	10,119,100
04/16/2018	0.014854	0.018429	0.012987	0.018393	653	8,167,850
04/15/2018	0.019726	0.021035	0.014724	0.014860	757	10,847,300
04/14/2018	0.014868	0.019913	0.014817	0.019705	362	8,175,980
04/13/2018	0.013461	0.017830	0.012301	0.014868	952	7,402,160
04/12/2018	0.017783	0.017784	0.010500	0.013444	607	9,778,580
04/11/2018	0.016463	0.017826	0.010504	0.017826	1,047	9,052,680
04/10/2018	0.017920	0.017943	0.013759	0.016447	1,322	9,853,800
04/09/2018	0.015820	0.023845	0.015790	0.017899	5,218	8,699,110
04/08/2018	0.018973	0.027278	0.011124	0.015793	8,757	10,433,200
04/07/2018	0.019467	0.020938	0.008994	0.018958	3,780	10,704,600
04/06/2018	0.011666	0.019443	0.008853	0.019443	842	6,414,850
04/05/2018	0.019357	0.019478	0.011366	0.011393	207	10,644,000
04/04/2018	0.014296	0.020245	0.012700	0.019349	256	7,861,010
04/03/2018	0.017623	0.017699	0.014298	0.014305	292	9,690,700
04/02/2018	0.015561	0.022556	0.015460	0.017610	337	8,557,080
04/01/2018	0.014691	0.038187	0.014691	0.015485	4,566	8,078,540
03/31/2018	0.014973	0.015518	0.012271	0.014692	94	8,233,750
03/30/2018	0.021110	0.021210	0.012060	0.014971	422	11,608,000
03/29/2018	0.023427	0.023465	0.020547	0.021162	12	12,882,100
03/28/2018	0.023828	0.024781	0.023176	0.023399	1	13,102,600
03/27/2018	0.025733	0.025815	0.023803	0.023833	427	14,150,100
03/26/2018	0.033759	0.033945	0.024734	0.025772	159	18,564,100
03/25/2018	0.014558	0.034540	0.014422	0.033785	1,039	8,005,410
03/24/2018	0.017022	0.017040	0.014726	0.014760	649	9,360,070
03/23/2018	0.020883	0.020883	0.014250	0.016777	403	11,483,500
03/22/2018	0.026818	0.026818	0.020178	0.020884	133	14,747,200
03/21/2018	0.016042	0.028461	0.013930	0.026868	106	8,821,220
03/20/2018	0.019920	0.027859	0.012209	0.015998	97	10,953,700
03/19/2018	0.034973	0.036007	0.017555	0.019700	92	19,231,100
03/18/2018	0.029235	0.038636	0.013188	0.035120	1,596	16,076,000
03/17/2018	0.020754	0.020797	0.019720	0.019737	82	11,412,200
03/16/2018	0.015943	0.021448	0.015346	0.020719	159	8,766,900
03/15/2018	0.015511	0.016402	0.013173	0.015952	301	8,529,580
03/14/2018	0.021135	0.021619	0.015112	0.015518	9	11,621,900
03/13/2018	0.016996	0.024400	0.016900	0.021132	211	9,345,940
03/12/2018	0.028633	0.029593	0.016479	0.017094	1,333	15,745,100
03/11/2018	0.025825	0.028723	0.017521	0.028723	784	14,201,000
03/10/2018	0.021019	0.026315	0.014953	0.025914	881	11,558,400
03/09/2018	0.027601	0.027927	0.019041	0.021010	34	15,177,800
03/08/2018	0.020276	0.028071	0.015970	0.027777	870	11,149,700
03/07/2018	0.020368	0.025118	0.017956	0.020305	492	11,200,200
03/06/2018	0.026826	0.033445	0.017940	0.020394	1,794	14,751,300
03/05/2018	0.016327	0.031585	0.016215	0.026886	15,979	8,977,860
03/04/2018	0.020592	0.028574	0.016173	0.016338	855	11,323,200
03/03/2018	0.014325	0.024459	0.014325	0.020627	1,307	7,877,300
03/02/2018	0.020717	0.021185	0.007687	0.014343	3,976	11,392,100
03/01/2018	0.019617	0.020910	0.017030	0.020770	239	10,787,500
02/28/2018	0.018556	0.020633	0.012798	0.019589	1,353	10,203,800
02/27/2018	0.018561	0.031391	0.007540	0.018578	1,494	10,206,500
02/26/2018	0.025500	0.025980	0.017156	0.018507	5,123	14,022,300
02/25/2018	0.029864	0.030156	0.009594	0.025468	1,772	16,421,800
02/24/2018	0.031353	0.034601	0.024301	0.029909	239	17,240,900
02/23/2018	0.031701	0.033816	0.024845	0.031393	631	17,431,900
02/22/2018	0.034016	0.037256	0.025407	0.031730	1,701	18,705,100
02/21/2018	0.033537	0.041385	0.026419	0.034050	1,987	18,441,900
02/20/2018	0.028264	0.035148	0.026471	0.033579	1,062	15,542,000
02/19/2018	0.033968	0.043553	0.025095	0.028238	2,343	18,678,600
02/18/2018	0.046482	0.046482	0.024511	0.034125	744	25,560,000
02/17/2018	0.020999	0.056549	0.020728	0.025548	712	11,547,000
02/16/2018	0.025236	0.109959	0.022654	0.023246	3,312	13,877,200
02/15/2018	0.017244	0.018569	0.017049	0.018437	13	9,482,580
02/14/2018	0.025189	0.027254	0.016802	0.017235	80	13,851,300
02/13/2018	0.022778	0.025872	0.021094	0.025264	611	12,525,300
02/12/2018	0.042801	0.046796	0.022107	0.022736	168	23,536,200
02/11/2018	0.049075	0.049075	0.042530	0.042530	2	26,986,200
02/10/2018	0.024938	0.050874	0.024099	0.049117	43	13,713,200
02/09/2018	0.029117	0.037846	0.028775	0.036962	36	16,010,900
02/08/2018	0.026242	0.029996	0.021386	0.029078	1,482	14,430,400
02/07/2018	0.023854	0.032827	0.019549	0.026288	515	13,117,200
02/06/2018	0.020976	0.031065	0.018057	0.030798	720	11,534,800
02/05/2018	0.039628	0.040308	0.019057	0.020902	2,954	21,791,300
02/04/2018	0.041054	0.044238	0.027909	0.040016	1,282	22,575,500
02/03/2018	0.042133	0.070353	0.038943	0.041148	17,575	23,168,300
02/02/2018	0.027279	0.047042	0.026885	0.043653	704	15,000,400
02/01/2018	0.047519	0.054908	0.025570	0.027372	310	26,130,600
01/31/2018	0.040551	0.053020	0.039213	0.047417	17	22,298,600
01/30/2018	0.044781	0.044894	0.029299	0.040425	8,649	24,624,600
01/29/2018	0.049286	0.059272	0.027996	0.044879	5,918	27,101,900
01/28/2018	0.054341	0.059642	0.049017	0.049358	1,058	29,881,600
01/27/2018	0.047335	0.054368	0.046661	0.054011	2,348	26,029,200
01/26/2018	0.047116	0.056226	0.046365	0.047332	7,185	25,909,000
01/25/2018	0.053235	0.056882	0.047046	0.047281	8,174	29,273,500
01/24/2018	0.054035	0.057255	0.050503	0.052818	306	29,713,200
01/23/2018	0.055213	0.059575	0.047966	0.054022	179	30,360,900
01/22/2018	0.058424	0.060537	0.042220	0.055323	2,018	32,126,800
01/21/2018	0.068734	0.068734	0.051247	0.058143	2,145	37,796,000
01/20/2018	0.063085	0.069616	0.050816	0.068584	7,509	34,689,700
01/19/2018	0.063197	0.079396	0.061636	0.062677	2,257	34,751,700
01/18/2018	0.072271	0.073218	0.061523	0.063691	31,148	39,741,000
01/17/2018	0.067544	0.075962	0.046232	0.071466	11,444	37,142,100
01/16/2018	0.076669	0.083254	0.052116	0.067794	32,608	42,159,500
01/15/2018	0.093995	0.095413	0.063499	0.076514	16,113	51,687,200
01/14/2018	0.099919	0.099919	0.068855	0.094016	19,591	54,944,800
01/13/2018	0.092819	0.103804	0.079023	0.099825	3,364	51,040,200
01/12/2018	0.080346	0.093998	0.077088	0.092842	26,788	44,181,800
01/11/2018	0.085727	0.091341	0.070331	0.079432	19,398	47,140,800
01/10/2018	0.087567	0.096834	0.084010	0.087420	15,538	48,152,300
01/09/2018	0.084056	0.089805	0.078747	0.087529	34,610	46,221,500
01/08/2018	0.087976	0.094996	0.071754	0.084295	52,975	48,377,100
01/07/2018	0.070438	0.087184	0.070264	0.087184	47,203	38,733,200
01/06/2018	0.042953	0.075712	0.042266	0.070466	183,136	23,619,400
01/05/2018	0.029798	0.044041	0.029544	0.042745	53,494	16,385,700
01/04/2018	0.051811	0.051811	0.028800	0.029922	40,214	28,490,500
01/03/2018	0.055913	0.059561	0.035528	0.051729	24,618	30,746,200
01/02/2018	0.050505	0.058734	0.030130	0.055655	28,564	27,772,100
01/01/2018	0.023355	0.051108	0.023311	0.050387	3,432	12,842,800
12/31/2017	0.046883	0.047761	0.023185	0.023385	3,197	25,780,500
12/30/2017	0.038456	0.049746	0.028171	0.047295	5,099	21,146,700
12/29/2017	0.049486	0.050978	0.038360	0.038469	3,085	27,212,000
12/28/2017	0.036724	0.049190	0.019467	0.049190	3,854	20,194,000
12/27/2017	0.040546	0.041247	0.024151	0.036785	3,507	22,296,100
12/26/2017	0.036393	0.040454	0.036375	0.040454	42,597	20,012,100
12/25/2017	0.036510	0.040412	0.036095	0.036380	651	20,076,500
12/24/2017	0.037481	0.037481	0.031968	0.036331	28	20,610,600
12/23/2017	0.018174	0.052558	0.018174	0.037043	4,396	9,993,530
12/22/2017	0.059369	0.059642	0.016710	0.018025	900	32,646,500
12/21/2017	0.047960	0.059276	0.038422	0.059145	195	26,373,000
12/20/2017	0.050528	0.051325	0.044763	0.047909	266	27,785,200
12/19/2017	0.064853	0.067202	0.040056	0.050583	1,571	35,662,200
12/18/2017	0.056741	0.067539	0.043577	0.065006	14,685	31,201,300
12/17/2017	0.031273	0.062955	0.028316	0.056815	68,388	17,197,000
12/16/2017	0.040675	0.042942	0.027246	0.031186	8,519	22,366,900
12/15/2017	0.038567	0.040599	0.025399	0.040599	4,782	21,207,400
12/14/2017	0.036144	0.038559	0.032949	0.038531	14,100	19,875,200
12/13/2017	0.034061	0.038938	0.018148	0.036163	7,954	18,729,700
12/12/2017	0.029261	0.044801	0.028506	0.034037	3,937	16,090,200
12/11/2017	0.017517	0.031143	0.017496	0.029450	18,792	9,632,240
12/10/2017	0.024640	0.024640	0.017433	0.017497	572	13,549,300
12/09/2017	0.017966	0.025543	0.017966	0.024561	2,405	9,879,260
12/08/2017	0.016775	0.018354	0.013756	0.017966	2,661	9,224,500
12/07/2017	0.016769	0.017266	0.015932	0.016751	2,364	9,220,940
12/06/2017	0.018086	0.018154	0.016487	0.016827	902	9,945,450
12/05/2017	0.018655	0.018705	0.018058	0.018118	72	10,258,500
12/04/2017	0.018522	0.018866	0.017012	0.018646	2,229	10,185,000
12/03/2017	0.018310	0.024807	0.017547	0.018488	1,955	10,068,600
12/02/2017	0.020829	0.026751	0.016453	0.018304	2,399	11,453,700
12/01/2017	0.017451	0.026535	0.013873	0.020830	22,219	9,596,380
11/30/2017	0.017122	0.021463	0.015865	0.017495	1,969	9,415,220
11/29/2017	0.020748	0.026511	0.016542	0.016906	6,722	11,409,300
11/28/2017	0.014966	0.021117	0.014875	0.020732	4,458	8,229,640
11/27/2017	0.016987	0.023914	0.014578	0.014986	2,169	9,341,220
11/26/2017	0.016788	0.017069	0.016298	0.016992	760	9,231,600
11/25/2017	0.017860	0.026435	0.016562	0.016788	1,077	9,820,830
11/24/2017	0.014676	0.022813	0.014402	0.017862	1,525	8,070,120
11/23/2017	0.012821	0.015262	0.012659	0.014750	758	7,050,100
11/22/2017	0.009206	0.018694	0.009198	0.012792	3,467	5,062,090
11/21/2017	0.014704	0.016108	0.009135	0.009194	2,756	8,085,500
11/20/2017	0.017589	0.017941	0.014727	0.014727	9,126	9,671,920
11/19/2017	0.016049	0.021530	0.015982	0.017608	186	8,825,140
11/18/2017	0.019693	0.019693	0.015859	0.016090	4,188	10,829,000
11/17/2017	0.019720	0.019786	0.014709	0.019723	1,690	10,844,200
11/16/2017	0.019664	0.019866	0.019130	0.019490	5	10,812,800
11/15/2017	0.017085	0.020023	0.016652	0.019679	3,436	9,395,180
11/14/2017	0.017369	0.024585	0.016042	0.017076	1,821	9,551,190
11/13/2017	0.019877	0.024084	0.017133	0.017370	691	10,930,200
11/12/2017	0.024792	0.025017	0.019463	0.019845	3,234	13,632,600
11/11/2017	0.021382	0.025243	0.019860	0.024789	3,642	11,757,800
11/10/2017	0.023521	0.023755	0.020370	0.021444	6,897	12,934,100
11/09/2017	0.024933	0.026272	0.022912	0.023510	1,824	13,710,600
11/08/2017	0.024077	0.025749	0.022227	0.025069	10,232	13,239,600
11/07/2017	0.020813	0.028636	0.020791	0.024094	18,726	11,444,700
11/06/2017	0.022732	0.026993	0.020782	0.020782	4,321	12,500,100
11/05/2017	0.029361	0.029417	0.022592	0.022710	4,805	16,145,400
11/04/2017	0.024991	0.030311	0.022347	0.029323	10,402	13,742,600
11/03/2017	0.023945	0.026051	0.023250	0.024987	7,296	13,167,100
11/02/2017	0.023165	0.032532	0.020877	0.023828	15,956	12,738,100
11/01/2017	0.024448	0.036746	0.021729	0.023101	19,326	13,443,500
10/31/2017	0.026995	0.027342	0.020321	0.024493	3,343	14,844,600
10/30/2017	0.025813	0.031599	0.022625	0.026981	12,160	14,194,500
10/29/2017	0.030946	0.032715	0.025356	0.025865	11,717	17,017,100
10/28/2017	0.025270	0.041333	0.025063	0.030959	17,685	13,895,500
10/27/2017	0.025180	0.030041	0.025138	0.025247	5,382	13,846,400
10/26/2017	0.025388	0.035943	0.025090	0.025193	14,165	13,960,500
10/25/2017	0.037608	0.037742	0.025314	0.025442	12,554	20,680,500
10/24/2017	0.027072	0.046357	0.026659	0.037575	24,197	14,886,500
10/23/2017	0.029452	0.031242	0.023572	0.027090	3,047	16,195,200
10/22/2017	0.025171	0.031379	0.024782	0.029469	9,907	13,841,300
10/21/2017	0.034959	0.040606	0.025172	0.025172	14,683	19,223,900
10/20/2017	0.029678	0.044969	0.029674	0.035005	22,291	16,319,900
10/19/2017	0.031363	0.160191	0.029701	0.029702	22,677	17,246,000
10/18/2017	0.049974	0.049977	0.030694	0.031436	21,307	27,480,200
10/17/2017	0.056199	0.056199	0.040772	0.050033	8,603	30,903,300
10/16/2017	0.027584	0.062924	0.027571	0.056092	21,712	15,168,200
10/15/2017	0.057580	0.203644	0.027449	0.027511	8,370	31,662,900
10/14/2017	0.062888	0.066835	0.043845	0.055022	7,126	34,581,700
10/13/2017	0.050522	0.065172	0.043646	0.062826	18,045	27,781,700
10/12/2017	0.065222	0.069571	0.046676	0.049952	23,655	35,865,000
10/11/2017	0.059397	0.087348	0.046168	0.065221	94,701	32,662,000
10/10/2017	0.062358	0.063936	0.047657	0.059400	6,896	34,290,300
10/09/2017	0.065606	0.065618	0.040204	0.044431	11,555	36,076,000
10/08/2017	0.040490	0.083279	0.034147	0.065601	46,376	22,265,100
10/07/2017	0.075303	0.075767	0.039247	0.040548	6,352	41,408,300
10/06/2017	0.070930	0.075433	0.030668	0.075433	22,225	39,003,700
10/05/2017	0.063910	0.109049	0.044943	0.070911	84,290	35,143,400
10/04/2017	0.049691	0.073337	0.044097	0.063913	63,035	27,324,900
10/03/2017	0.050520	0.076756	0.021952	0.049577	80,608	27,780,300
10/02/2017	0.021595	0.050486	0.021362	0.050486	16,240	11,875,000
10/01/2017	0.023636	0.026765	0.021578	0.021595	15,752	12,997,200
09/30/2017	0.020810	0.026825	0.020810	0.023628	2,683	11,443,200
09/29/2017	0.023113	0.026988	0.020442	0.020805	6,912	12,709,500
09/28/2017	0.022148	0.027920	0.022127	0.023156	5,125	12,178,900
09/27/2017	0.022005	0.027569	0.021754	0.022160	5,727	12,100,300
09/26/2017	0.023017	0.089275	0.019633	0.022027	5,068	12,657,100
09/25/2017	0.027716	0.033514	0.020740	0.023026	1,477	15,240,600
09/24/2017	0.032966	0.033509	0.021948	0.027338	849	18,127,800
09/23/2017	0.021681	0.033109	0.021427	0.032965	7,081	11,922,300
09/22/2017	0.030686	0.031418	0.021260	0.021705	3,246	16,874,100
09/21/2017	0.028364	0.034114	0.023408	0.030697	4,771	15,597,200
09/20/2017	0.029226	0.030695	0.021591	0.028464	10,816	16,071,100
09/19/2017	0.023873	0.034491	0.021357	0.029252	1,638	13,127,500
09/18/2017	0.019131	0.035431	0.019131	0.022670	6,573	10,520,100
09/17/2017	0.026888	0.042030	0.018686	0.019137	14,236	14,785,800
09/16/2017	0.124345	0.124345	0.021823	0.026822	3,424	-
09/15/2017	0.032259	0.217290	0.014929	0.030876	6,932	-
09/14/2017	0.039952	0.044689	0.024906	0.032432	9,630	-
09/13/2017	0.043089	0.049307	0.023449	0.046152	20,398	-
