Date	Open	High	Low	Close	Volume	Market Cap
07/15/2018	0.054502	0.056481	0.051463	0.053625	2,345	909,736
07/14/2018	0.051424	0.058098	0.048727	0.055106	5,915	858,360
07/13/2018	0.046325	0.055477	0.043411	0.053970	8,709	773,249
07/12/2018	0.052784	0.052784	0.044059	0.046233	4,505	881,053
07/11/2018	0.052716	0.053909	0.052315	0.052796	1,892	879,913
07/10/2018	0.057519	0.057920	0.052402	0.052714	5,643	960,085
07/09/2018	0.058416	0.059910	0.056467	0.057559	4,997	975,055
07/08/2018	0.058079	0.061251	0.057783	0.058428	3,883	969,440
07/07/2018	0.058068	0.058596	0.056000	0.058145	6,674	969,257
07/06/2018	0.059147	0.059147	0.055801	0.058167	5,951	987,262
07/05/2018	0.055326	0.060420	0.054954	0.059156	8,274	923,483
07/04/2018	0.055722	0.059949	0.053728	0.055207	4,636	930,091
07/03/2018	0.056874	0.058684	0.054679	0.055781	10,124	949,327
07/02/2018	0.052872	0.058967	0.051632	0.057142	24,157	882,520
07/01/2018	0.059360	0.063889	0.052866	0.052866	6,259	990,819
06/30/2018	0.055420	0.061504	0.055420	0.059333	4,638	925,052
06/29/2018	0.055248	0.056892	0.051776	0.055356	4,965	922,184
06/28/2018	0.057974	0.061005	0.054902	0.055214	1,598	967,679
06/27/2018	0.056642	0.068696	0.053258	0.057904	8,834	945,404
06/26/2018	0.059553	0.059682	0.056852	0.056907	1,819	993,998
06/25/2018	0.056934	0.060567	0.055940	0.059542	4,041	950,276
06/24/2018	0.064655	0.064768	0.054521	0.058079	11,467	1,079,160
06/23/2018	0.068140	0.069159	0.063192	0.064665	2,044	1,137,320
06/22/2018	0.082257	0.082372	0.066349	0.068129	3,281	1,372,940
06/21/2018	0.089333	0.095628	0.079270	0.082345	16,614	1,491,050
06/20/2018	0.093695	0.096853	0.087956	0.089875	3,793	1,563,860
06/19/2018	0.091166	0.093726	0.088700	0.093637	3,250	1,521,640
06/18/2018	0.087245	0.093129	0.085704	0.091216	12,294	1,456,200
06/17/2018	0.086974	0.101930	0.085748	0.087515	13,376	1,451,680
06/16/2018	0.085398	0.091284	0.080523	0.086762	8,332	1,425,360
06/15/2018	0.090996	0.091621	0.085374	0.085704	4,490	1,515,000
06/14/2018	0.085342	0.091424	0.084602	0.091011	4,231	1,420,880
06/13/2018	0.106951	0.107817	0.082529	0.085367	22,259	1,780,650
06/12/2018	0.110552	0.112912	0.102679	0.106658	9,214	1,840,580
06/11/2018	0.110099	0.111902	0.105754	0.110588	14,242	1,833,040
06/10/2018	0.129015	0.132649	0.109255	0.109848	14,162	2,147,980
06/09/2018	0.137570	0.138262	0.128835	0.128835	4,535	2,290,400
06/08/2018	0.136430	0.139986	0.135558	0.137624	9,818	2,271,420
06/07/2018	0.139938	0.141722	0.135728	0.136289	5,280	2,329,840
06/06/2018	0.137403	0.141981	0.136772	0.139819	2,700	2,287,620
06/05/2018	0.148311	0.148473	0.133968	0.137457	15,800	2,469,230
06/04/2018	0.150258	0.152749	0.146446	0.148240	3,517	2,501,650
06/03/2018	0.150439	0.155414	0.143700	0.150192	23,999	2,504,560
06/02/2018	0.152115	0.154075	0.148233	0.150421	2,596	2,532,470
06/01/2018	0.152135	0.154545	0.148955	0.152181	11,877	2,532,800
05/31/2018	0.151672	0.156833	0.150917	0.152021	15,342	2,525,090
05/30/2018	0.154011	0.157879	0.147912	0.151086	10,124	2,564,030
05/29/2018	0.143397	0.156657	0.142643	0.153910	4,710	2,387,320
05/28/2018	0.150704	0.150730	0.143263	0.143463	4,945	2,507,950
05/27/2018	0.150613	0.152870	0.147507	0.150669	10,250	2,506,440
05/26/2018	0.155594	0.159415	0.150256	0.150528	6,645	2,589,330
05/25/2018	0.157871	0.161124	0.151657	0.155798	8,368	2,627,230
05/24/2018	0.156217	0.162871	0.151837	0.157583	13,409	2,599,710
05/23/2018	0.176040	0.176689	0.154615	0.156297	27,561	2,929,580
05/22/2018	0.184816	0.190017	0.176250	0.176250	9,368	3,075,580
05/21/2018	0.186486	0.192172	0.180254	0.184854	7,003	3,103,360
05/20/2018	0.182688	0.187180	0.178559	0.186252	9,811	3,040,160
05/19/2018	0.184809	0.191434	0.182774	0.182774	9,944	3,075,450
05/18/2018	0.173918	0.199011	0.170944	0.184835	31,172	2,894,220
05/17/2018	0.181626	0.183380	0.173173	0.173761	11,171	3,022,490
05/16/2018	0.190012	0.190608	0.176841	0.181512	20,696	3,162,050
05/15/2018	0.198218	0.203999	0.189515	0.190117	24,670	3,298,600
05/14/2018	0.202331	0.203870	0.183614	0.197346	14,519	3,366,980
05/13/2018	0.189906	0.210327	0.184142	0.202368	16,660	3,160,220
05/12/2018	0.186614	0.197811	0.176233	0.189974	22,294	3,105,440
05/11/2018	0.208814	0.213434	0.184294	0.187159	24,534	3,474,870
05/10/2018	0.217949	0.221038	0.208567	0.208567	16,126	3,626,890
05/09/2018	0.222784	0.226596	0.213775	0.218009	49,930	3,707,340
05/08/2018	0.235506	0.240256	0.212432	0.223120	42,103	3,919,050
05/07/2018	0.241550	0.243874	0.227566	0.234981	31,656	4,019,630
05/06/2018	0.260033	0.271879	0.237367	0.241379	32,039	4,327,180
05/05/2018	0.256853	0.267224	0.252889	0.259928	29,921	4,274,160
05/04/2018	0.270365	0.270365	0.254182	0.256959	32,385	4,499,000
05/03/2018	0.253612	0.271821	0.251662	0.270549	61,473	4,220,220
05/02/2018	0.252404	0.258567	0.249971	0.253603	22,581	4,200,120
05/01/2018	0.256752	0.258175	0.244429	0.252810	20,258	4,272,470
04/30/2018	0.279422	0.279875	0.255630	0.256488	25,891	4,649,710
04/29/2018	0.273297	0.280536	0.262096	0.279505	27,327	4,547,790
04/28/2018	0.248354	0.276367	0.247796	0.276214	31,138	4,132,730
04/27/2018	0.265246	0.267270	0.249872	0.249872	21,812	4,413,610
04/26/2018	0.251562	0.265497	0.245868	0.264865	20,825	4,185,920
04/25/2018	0.293228	0.293228	0.248053	0.249447	40,325	4,879,220
04/24/2018	0.264739	0.295326	0.264739	0.295326	55,087	4,405,120
04/23/2018	0.247602	0.271755	0.247425	0.264536	62,712	4,119,980
04/22/2018	0.250916	0.256517	0.242387	0.248136	47,250	4,175,130
04/21/2018	0.274118	0.277715	0.243086	0.250775	59,967	4,561,180
04/20/2018	0.267406	0.280071	0.254114	0.274037	91,381	4,449,500
04/19/2018	0.254982	0.268327	0.253610	0.267622	67,816	4,241,170
04/18/2018	0.244851	0.257448	0.244224	0.253653	55,457	4,072,660
04/17/2018	0.248664	0.253249	0.241668	0.244625	41,493	4,136,080
04/16/2018	0.248804	0.250085	0.234960	0.248552	52,944	4,138,420
04/15/2018	0.235479	0.263196	0.234471	0.247328	156,872	3,916,780
04/14/2018	0.216897	0.254712	0.212933	0.235221	335,248	3,607,700
04/13/2018	0.206425	0.225154	0.204525	0.216897	40,302	3,433,520
04/12/2018	0.187377	0.207014	0.177032	0.206065	58,893	3,104,610
04/11/2018	0.177041	0.186839	0.167742	0.185940	29,721	2,933,360
04/10/2018	0.174055	0.178866	0.171457	0.176725	24,718	2,883,870
04/09/2018	0.186328	0.192699	0.169590	0.173194	26,325	3,087,230
04/08/2018	0.183223	0.187221	0.177373	0.185716	42,683	3,035,780
04/07/2018	0.173552	0.186953	0.173274	0.182856	40,078	2,875,550
04/06/2018	0.159830	0.207643	0.159793	0.173340	152,172	2,648,180
04/05/2018	0.168364	0.172357	0.155266	0.160548	666,760	2,789,590
04/04/2018	0.188202	0.190460	0.166387	0.171016	36,687	3,118,270
04/03/2018	0.197084	0.206917	0.185370	0.188579	66,271	3,263,880
04/02/2018	0.163183	0.212322	0.159732	0.196225	112,657	2,702,450
04/01/2018	0.138978	0.215692	0.125938	0.162701	492,378	2,301,590
03/31/2018	0.148943	0.152780	0.135717	0.138980	25,418	2,466,630
03/30/2018	0.138684	0.177209	0.128384	0.149050	48,489	2,296,730
03/29/2018	0.156655	0.156904	0.136413	0.138672	20,099	2,594,340
03/28/2018	0.155403	0.160182	0.153346	0.156509	18,936	2,573,610
03/27/2018	0.163679	0.163820	0.151541	0.154256	29,879	2,710,670
03/26/2018	0.170219	0.177758	0.154845	0.161904	25,913	2,818,970
03/25/2018	0.165364	0.181449	0.160973	0.169637	45,322	2,738,560
03/24/2018	0.170365	0.173702	0.166380	0.167806	40,777	2,821,380
03/23/2018	0.169397	0.169781	0.160726	0.168144	26,996	2,805,350
03/22/2018	0.176920	0.178894	0.160889	0.169966	30,776	2,929,940
03/21/2018	0.176717	0.184979	0.173276	0.176226	57,335	2,926,580
03/20/2018	0.169482	0.178689	0.164055	0.175903	39,401	2,806,770
03/19/2018	0.177568	0.188179	0.163753	0.169522	35,624	2,940,670
03/18/2018	0.159023	0.179250	0.142884	0.179250	41,565	2,633,500
03/17/2018	0.205437	0.205437	0.154329	0.159397	68,794	3,402,120
03/16/2018	0.206845	0.223747	0.194775	0.208920	49,338	3,425,450
03/15/2018	0.220060	0.223525	0.197613	0.206737	39,028	3,644,290
03/14/2018	0.265734	0.272514	0.213121	0.224083	76,628	4,400,670
03/13/2018	0.274499	0.290741	0.258621	0.263414	41,255	4,545,820
03/12/2018	0.294006	0.302358	0.267150	0.278326	49,096	4,868,870
03/11/2018	0.277000	0.298815	0.260907	0.294790	30,841	4,587,230
03/10/2018	0.291329	0.303221	0.274232	0.277357	62,760	4,824,520
03/09/2018	0.289421	0.294057	0.263662	0.287304	38,716	4,792,930
03/08/2018	0.320334	0.324068	0.288272	0.290494	49,001	5,304,860
03/07/2018	0.381562	0.389569	0.312965	0.320820	86,518	6,318,820
03/06/2018	0.397318	0.397318	0.362245	0.381540	87,775	6,579,750
03/05/2018	0.394387	0.406934	0.383843	0.398456	55,717	6,531,210
03/04/2018	0.416749	0.422356	0.383183	0.394790	90,739	6,901,540
03/03/2018	0.371595	0.425479	0.370040	0.404544	152,267	6,153,770
03/02/2018	0.361190	0.374374	0.360182	0.368667	83,866	5,981,450
03/01/2018	0.346004	0.367128	0.343963	0.361290	82,183	5,729,980
02/28/2018	0.355324	0.366566	0.345393	0.345699	50,318	5,884,320
02/27/2018	0.354015	0.372224	0.349978	0.352232	49,411	5,862,630
02/26/2018	0.335898	0.366774	0.325979	0.354746	46,407	5,562,610
02/25/2018	0.338855	0.342734	0.318894	0.330151	60,094	5,611,570
02/24/2018	0.330727	0.346035	0.314070	0.337677	49,103	5,476,970
02/23/2018	0.297909	0.337214	0.291009	0.334224	89,258	4,933,300
02/22/2018	0.335753	0.350322	0.295438	0.298437	48,377	5,559,990
02/21/2018	0.377295	0.379905	0.304136	0.337011	89,682	6,247,910
02/20/2018	0.444689	0.466593	0.373113	0.376463	149,540	7,363,940
02/19/2018	0.373334	0.533719	0.372131	0.443707	106,196	6,182,320
02/18/2018	0.397037	0.402516	0.365617	0.373248	46,686	6,574,840
02/17/2018	0.387856	0.429894	0.385908	0.396085	79,884	6,422,800
02/16/2018	0.384980	0.394194	0.374672	0.389180	73,053	6,375,180
02/15/2018	0.388509	0.404680	0.377078	0.384371	88,605	6,433,620
02/14/2018	0.363104	0.388910	0.360557	0.387276	106,124	6,012,920
02/13/2018	0.377670	0.384316	0.346437	0.364488	86,964	6,254,120
02/12/2018	0.352125	0.384597	0.352125	0.374847	119,826	5,831,110
02/11/2018	0.380018	0.380527	0.336001	0.351141	32,975	6,293,000
02/10/2018	0.386567	0.405088	0.363556	0.380077	73,440	6,401,450
02/09/2018	0.387432	0.392902	0.353473	0.386395	104,907	6,415,780
02/08/2018	0.362354	0.412055	0.360852	0.384485	66,748	6,000,490
02/07/2018	0.354224	0.408740	0.326397	0.363274	77,072	5,865,860
02/06/2018	0.313847	0.365056	0.241300	0.361529	77,145	5,197,230
02/05/2018	0.385353	0.395581	0.304719	0.314227	74,025	6,381,350
02/04/2018	0.470386	0.480782	0.372149	0.388776	120,507	7,789,470
02/03/2018	0.424470	0.484074	0.387198	0.470154	106,640	7,029,120
02/02/2018	0.461967	0.462279	0.350507	0.425768	175,154	7,650,060
02/01/2018	0.588673	0.595421	0.439402	0.459222	165,754	9,740,040
01/31/2018	0.599917	0.621601	0.573299	0.583031	170,945	9,926,100
01/30/2018	0.712510	0.719582	0.590967	0.604425	184,130	11,789,000
01/29/2018	0.734054	0.752318	0.672919	0.713757	191,970	12,145,500
01/28/2018	0.754651	0.801946	0.722969	0.734768	235,081	12,486,300
01/27/2018	0.689780	0.762414	0.663928	0.749508	201,671	11,412,900
01/26/2018	0.653096	0.749910	0.646258	0.690505	338,724	10,806,000
01/25/2018	0.708122	0.734181	0.625910	0.648212	266,798	11,716,400
01/24/2018	0.714792	0.755110	0.685322	0.702243	245,854	11,826,800
01/23/2018	0.718593	0.754710	0.664524	0.714756	154,674	11,889,700
01/22/2018	0.789935	0.877409	0.657919	0.722520	384,837	13,070,100
01/21/2018	0.887910	0.906395	0.755914	0.774015	241,526	14,691,200
01/20/2018	0.793496	0.984289	0.793496	0.883182	448,681	13,129,000
01/19/2018	0.821500	0.835196	0.767383	0.785664	324,252	13,591,900
01/18/2018	0.763570	0.901455	0.735135	0.832715	349,475	12,633,400
01/17/2018	0.810791	0.833243	0.634000	0.762227	331,959	13,414,700
01/16/2018	1.12	1.12	0.713160	0.821388	612,336	18,486,400
01/15/2018	1.16	1.29	1.13	1.13	699,101	19,131,100
01/14/2018	1.34	1.39	1.13	1.17	831,732	22,205,100
01/13/2018	1.51	1.58	1.30	1.34	1,766,720	25,004,800
01/12/2018	1.48	1.91	1.38	1.51	6,457,840	24,480,400
01/11/2018	1.04	1.58	0.891009	1.45	5,497,360	17,144,600
01/10/2018	1.11	1.16	0.947481	1.02	790,507	18,315,600
01/09/2018	1.14	1.19	1.04	1.11	985,155	18,759,100
01/08/2018	0.981763	1.15	0.943854	1.15	1,105,020	16,210,700
01/07/2018	1.04	1.05	0.946510	0.998107	778,180	17,215,300
01/06/2018	0.894412	1.14	0.867747	1.05	1,132,850	14,768,400
01/05/2018	0.820400	0.945716	0.782438	0.895435	703,297	13,546,300
01/04/2018	0.894381	0.919092	0.766307	0.819581	609,857	14,767,900
01/03/2018	0.754919	0.909312	0.702573	0.894779	904,122	12,465,100
01/02/2018	0.730519	0.900929	0.679002	0.746505	1,196,410	12,062,200
01/01/2018	0.752380	0.766791	0.684811	0.736727	257,391	12,423,200
12/31/2017	0.701026	0.781684	0.693427	0.751137	437,611	11,572,800
12/30/2017	0.778544	0.794985	0.657655	0.724326	887,415	12,852,500
12/29/2017	0.847603	0.986337	0.758716	0.779214	1,580,030	13,992,500
12/28/2017	0.639471	0.944400	0.574072	0.837762	3,482,050	10,556,600
12/27/2017	0.682233	0.688703	0.602167	0.629927	646,254	11,262,500
12/26/2017	0.547760	0.741414	0.495666	0.667596	1,645,120	9,042,620
12/25/2017	0.484923	0.554569	0.454631	0.548244	365,256	8,005,290
12/24/2017	0.440837	0.479729	0.409243	0.479729	363,499	7,277,500
12/23/2017	0.394599	0.489759	0.394599	0.434670	348,469	6,514,190
12/22/2017	0.486754	0.496727	0.321177	0.390936	372,990	8,035,500
12/21/2017	0.410799	0.495655	0.398684	0.490284	622,058	6,781,610
12/20/2017	0.438402	0.484700	0.372420	0.401377	394,832	7,237,300
12/19/2017	0.484258	0.504816	0.412823	0.448426	359,430	7,994,300
12/18/2017	0.382437	0.500019	0.368458	0.475304	725,246	6,313,240
12/17/2017	0.375702	0.401199	0.366107	0.381187	164,778	6,202,060
12/16/2017	0.354537	0.380223	0.353283	0.374208	196,208	5,852,660
12/15/2017	0.368225	0.375261	0.347742	0.354995	154,378	6,078,640
12/14/2017	0.362282	0.385494	0.345972	0.364841	257,143	5,980,520
12/13/2017	0.342801	0.427953	0.324589	0.364466	465,932	5,658,930
12/12/2017	0.348305	0.396221	0.314156	0.341071	294,206	5,749,790
12/11/2017	0.292899	0.376239	0.292899	0.345711	175,037	4,835,150
12/10/2017	0.356387	0.374868	0.288071	0.295378	166,725	5,882,120
12/09/2017	0.363858	0.392871	0.318758	0.351074	165,594	6,005,430
12/08/2017	0.338808	0.389802	0.282664	0.363428	203,033	5,591,980
12/07/2017	0.365266	0.385067	0.318244	0.338159	189,445	6,028,630
12/06/2017	0.376899	0.395088	0.324443	0.367366	300,827	6,220,630
12/05/2017	0.349370	0.465087	0.344238	0.377780	746,207	5,766,250
12/04/2017	0.341425	0.354574	0.328655	0.351185	158,999	5,635,130
12/03/2017	0.358658	0.378049	0.302695	0.339431	422,947	5,919,570
12/02/2017	0.350608	0.369299	0.336919	0.362563	158,879	5,786,700
12/01/2017	0.338733	0.362887	0.318170	0.347429	118,097	5,590,700
11/30/2017	0.307554	0.347645	0.282233	0.342896	115,287	5,076,100
11/29/2017	0.402133	0.419991	0.301894	0.302888	188,347	6,637,100
11/28/2017	0.369619	0.410339	0.366611	0.408751	137,450	6,100,470
11/27/2017	0.371289	0.390637	0.360904	0.370342	104,478	6,128,030
11/26/2017	0.338492	0.384572	0.336979	0.370630	221,969	5,586,720
11/25/2017	0.329763	0.346261	0.320827	0.337598	91,919	5,442,650
11/24/2017	0.322110	0.345049	0.314831	0.330595	180,459	5,316,350
11/23/2017	0.352730	0.359125	0.314482	0.315431	192,153	5,821,710
11/22/2017	0.309816	0.482442	0.306959	0.352758	1,218,070	5,113,310
11/21/2017	0.316886	0.330315	0.296958	0.307503	92,531	5,230,000
11/20/2017	0.306554	0.360507	0.306160	0.317832	190,949	5,059,480
11/19/2017	0.306110	0.319897	0.296130	0.306529	102,366	5,052,150
11/18/2017	0.287767	0.359568	0.276192	0.306721	310,700	4,749,400
11/17/2017	0.297436	0.303602	0.283031	0.288751	71,124	4,908,970
11/16/2017	0.306222	0.314902	0.287864	0.298673	65,563	5,053,970
11/15/2017	0.296846	0.315483	0.296846	0.304643	39,764	4,898,540
11/14/2017	0.284231	0.306714	0.284231	0.290751	78,041	4,690,360
11/13/2017	0.263928	0.302426	0.260855	0.284696	70,325	4,355,310
11/12/2017	0.301066	0.301389	0.254325	0.264370	79,266	4,968,150
11/11/2017	0.315793	0.333857	0.294717	0.301511	104,694	5,211,190
11/10/2017	0.351422	0.359526	0.305420	0.310704	112,038	5,799,120
11/09/2017	0.332820	0.360262	0.326232	0.348940	166,501	5,492,110
11/08/2017	0.326662	0.364871	0.317650	0.333337	325,757	5,390,480
11/07/2017	0.321574	0.485785	0.318705	0.325701	1,852,620	5,306,530
11/06/2017	0.324180	0.352307	0.305929	0.324599	115,335	5,349,530
11/05/2017	0.318784	0.350163	0.312229	0.319096	134,087	5,260,480
11/04/2017	0.280882	0.349066	0.272024	0.318958	164,817	4,635,040
11/03/2017	0.291968	0.381280	0.279025	0.280209	201,313	4,817,970
11/02/2017	0.307601	0.311743	0.276669	0.293851	67,684	5,075,950
11/01/2017	0.339024	0.341873	0.299204	0.307614	117,671	5,594,480
10/31/2017	0.320834	0.349083	0.318032	0.341114	52,701	5,294,320
10/30/2017	0.320026	0.332928	0.310795	0.325135	73,723	5,280,980
10/29/2017	0.330227	0.345907	0.318732	0.323871	110,210	5,449,300
10/28/2017	0.344676	0.352217	0.310603	0.331520	102,565	5,687,750
10/27/2017	0.310805	0.392156	0.301373	0.343724	313,150	5,128,800
10/26/2017	0.334692	0.347089	0.299008	0.313074	137,558	5,522,970
10/25/2017	0.362170	0.363159	0.326427	0.331670	155,773	5,976,400
10/24/2017	0.336315	0.430536	0.333278	0.362146	630,506	5,549,750
10/23/2017	0.408513	0.593592	0.330024	0.330024	3,004,760	6,741,120
10/22/2017	0.264866	0.476432	0.258722	0.406353	1,551,150	4,370,670
10/21/2017	0.298194	0.300670	0.254171	0.265040	66,715	4,920,630
10/20/2017	0.331272	0.341139	0.289420	0.299241	115,632	5,466,460
10/19/2017	0.295344	0.340592	0.293193	0.333113	111,085	4,873,600
10/18/2017	0.307063	0.323517	0.280762	0.295212	132,376	5,066,990
10/17/2017	0.332014	0.338209	0.298112	0.304115	94,290	5,478,710
10/16/2017	0.315276	0.349391	0.304735	0.332859	68,289	5,202,490
10/15/2017	0.329137	0.353362	0.297746	0.315257	55,292	5,431,230
10/14/2017	0.316837	0.377068	0.306466	0.332613	124,580	5,228,250
10/13/2017	0.316981	0.419196	0.274319	0.313313	279,483	5,230,640
10/12/2017	0.349992	0.383259	0.308440	0.316229	141,192	5,775,360
10/11/2017	0.345709	0.397672	0.310598	0.349697	235,136	5,704,680
10/10/2017	0.297673	0.378269	0.292138	0.345695	179,753	3,536,120
10/09/2017	0.376802	0.381008	0.291653	0.296037	126,503	4,476,100
10/08/2017	0.471039	0.482240	0.376481	0.376765	177,016	5,595,550
10/07/2017	0.497532	0.532077	0.444009	0.474293	91,931	5,910,270
10/06/2017	0.503503	0.530699	0.441677	0.502802	290,108	5,981,080
10/05/2017	0.505305	0.527454	0.490269	0.501123	107,405	6,002,480
10/04/2017	0.538231	0.543712	0.499750	0.508215	106,232	6,393,610
10/03/2017	0.579354	0.586398	0.507872	0.534105	132,389	6,882,050
10/02/2017	0.624038	0.626830	0.575361	0.580466	157,812	7,412,850
10/01/2017	0.651855	0.656035	0.608590	0.624434	184,481	7,743,280
09/30/2017	0.617570	0.667371	0.614757	0.651356	263,100	7,336,020
09/29/2017	0.639456	0.653125	0.604029	0.616598	286,137	7,596,000
09/28/2017	0.688284	0.689311	0.635783	0.641218	364,341	8,176,020
09/27/2017	0.614085	0.687158	0.609667	0.673398	501,765	7,294,610
09/26/2017	0.591505	0.670170	0.577679	0.616377	400,915	7,026,390
09/25/2017	0.571237	0.598782	0.563094	0.586991	274,490	6,785,630
09/24/2017	0.559914	0.583294	0.543268	0.567979	203,132	6,651,130
09/23/2017	0.549538	0.585228	0.538902	0.562971	284,509	6,527,870
09/22/2017	0.528641	0.577908	0.522287	0.548424	245,898	6,279,640
09/21/2017	0.674141	0.677329	0.532416	0.532416	351,847	8,008,020
09/20/2017	0.534758	0.784132	0.510778	0.682210	984,963	6,352,300
09/19/2017	0.505790	0.550809	0.483571	0.535630	310,917	6,008,170
09/18/2017	0.517707	0.554901	0.475856	0.499337	237,575	6,149,730
09/17/2017	0.472994	0.533488	0.436123	0.509846	284,550	5,618,600
09/16/2017	0.501670	0.560910	0.463244	0.474252	258,015	5,959,230
09/15/2017	0.456279	0.514796	0.371219	0.495488	376,568	5,420,040
09/14/2017	0.580888	0.586926	0.431277	0.451295	241,722	6,900,240
09/13/2017	0.617594	0.623279	0.554454	0.584599	213,276	7,336,270
09/12/2017	0.621528	0.631813	0.596864	0.616946	230,717	7,383,000
09/11/2017	0.617106	0.628589	0.563487	0.617640	251,005	7,330,450
09/10/2017	0.665073	0.665605	0.563422	0.606533	252,144	7,900,240
09/09/2017	0.643648	0.662745	0.579717	0.662745	340,214	7,645,730
09/08/2017	0.713264	0.744631	0.581148	0.639219	343,846	8,472,690
09/07/2017	0.732824	0.752993	0.694398	0.716626	349,451	8,704,990
09/06/2017	0.700678	0.801094	0.674768	0.736998	366,074	8,323,130
09/05/2017	0.676268	0.717661	0.596816	0.702168	329,710	8,033,150
09/04/2017	0.743963	0.773557	0.628907	0.666619	330,390	8,837,280
09/03/2017	0.758945	0.775047	0.718125	0.747324	290,128	9,015,250
09/02/2017	0.848772	0.891690	0.743790	0.759241	339,149	10,082,300
09/01/2017	0.786218	0.922548	0.773623	0.844397	758,711	9,339,190
08/31/2017	0.693596	0.896668	0.660263	0.790095	960,360	8,238,960
08/30/2017	0.674912	0.747918	0.637352	0.684924	510,237	8,017,020
08/29/2017	0.701168	0.701586	0.647738	0.681628	397,631	8,328,920
08/28/2017	0.693668	0.717756	0.660205	0.693247	306,069	8,237,600
08/27/2017	0.736627	0.757881	0.681208	0.693542	214,846	8,747,770
08/26/2017	0.719921	0.815555	0.698713	0.739283	1,677,690	8,549,380
08/25/2017	0.733092	0.774913	0.701552	0.719561	512,096	8,705,780
08/24/2017	0.711548	0.737109	0.686210	0.725543	410,915	8,449,940
08/23/2017	0.724112	0.743530	0.701903	0.713895	415,851	8,599,150
08/22/2017	0.790745	0.803959	0.671924	0.733677	326,627	9,390,400
08/21/2017	0.893658	0.909843	0.783032	0.783032	487,875	10,612,500
08/20/2017	0.744148	0.952385	0.727554	0.881453	865,077	8,837,040
08/19/2017	0.686860	0.778090	0.670702	0.743763	554,076	8,156,730
08/18/2017	0.879334	1.02	0.682049	0.693887	1,536,100	10,442,400
08/17/2017	0.599241	1.29	0.575557	0.821974	2,859,150	7,116,220
08/16/2017	0.605201	0.641798	0.577697	0.581290	431,571	7,186,980
08/15/2017	0.661239	0.685372	0.573004	0.605802	464,223	7,852,440
08/14/2017	0.513627	0.728107	0.510872	0.664388	849,944	6,099,500
08/13/2017	0.639992	0.732225	0.501292	0.542255	784,386	7,600,120
08/12/2017	0.472376	0.889018	0.448008	0.642875	1,678,780	5,609,630
08/11/2017	0.425692	0.495017	0.414092	0.473904	301,104	5,055,230
08/10/2017	0.422892	0.457014	0.409701	0.426471	316,093	5,021,980
08/09/2017	0.443212	0.453274	0.417824	0.417958	239,666	5,263,280
08/08/2017	0.416824	0.472523	0.410060	0.441787	287,890	4,949,850
08/07/2017	0.380486	0.447752	0.355309	0.416270	283,227	4,518,320
08/06/2017	0.386721	0.390356	0.350777	0.374723	281,084	4,592,370
08/05/2017	0.354536	0.390140	0.354093	0.382539	243,908	4,210,170
08/04/2017	0.375615	0.377595	0.344131	0.368914	331,528	4,460,480
08/03/2017	0.374279	0.384295	0.350745	0.375198	258,863	4,444,620
08/02/2017	0.371089	0.385097	0.355762	0.364792	245,904	4,406,730
08/01/2017	0.417455	0.418319	0.360813	0.368875	278,856	4,957,340
07/31/2017	0.405098	0.436910	0.395606	0.407373	261,602	4,810,590
07/30/2017	0.406152	0.412141	0.389042	0.401981	195,210	4,823,110
07/29/2017	0.409955	0.422134	0.373327	0.410450	390,119	4,868,280
07/28/2017	0.430909	0.448887	0.378247	0.405358	228,626	5,117,110
07/27/2017	0.424534	0.437029	0.410020	0.432411	225,419	5,041,400
07/26/2017	0.445292	0.445292	0.411597	0.425183	230,880	5,287,880
07/25/2017	0.448407	0.460821	0.423162	0.438429	190,162	5,324,870
07/24/2017	0.452016	0.468182	0.444653	0.450621	244,624	5,367,730
07/23/2017	0.460163	0.478536	0.430100	0.452119	358,976	5,464,480
07/22/2017	0.457339	0.490861	0.438302	0.453020	339,754	5,430,920
07/21/2017	0.461957	0.492445	0.442616	0.458282	279,475	5,485,760
07/20/2017	0.430823	0.472933	0.417086	0.461059	254,938	5,116,050
07/19/2017	0.406783	0.447173	0.401686	0.415580	241,647	4,830,570
07/18/2017	0.403578	0.451098	0.403578	0.413393	279,239	4,792,510
07/17/2017	0.396143	0.448948	0.378098	0.405145	266,207	4,704,150
07/16/2017	0.480764	0.492395	0.354018	0.383984	256,789	5,709,020
07/15/2017	0.475303	0.530234	0.387452	0.446219	266,028	5,644,160
07/14/2017	0.512723	0.539833	0.462738	0.499390	273,933	6,088,520
07/13/2017	0.551985	0.551985	0.494757	0.504467	275,602	6,554,750
07/12/2017	0.484364	0.560427	0.462679	0.541613	347,184	5,751,760
07/11/2017	0.492199	0.549007	0.472862	0.486991	374,397	5,844,800
07/10/2017	0.572139	0.621136	0.474934	0.484479	677,965	6,794,080
07/09/2017	0.579813	0.611408	0.564280	0.600451	351,000	6,885,210
07/08/2017	0.629514	0.642003	0.552576	0.582856	380,555	7,475,410
07/07/2017	0.744565	0.766887	0.571656	0.627861	455,706	8,841,620
07/06/2017	0.652999	0.822574	0.638897	0.749332	664,992	7,754,280
07/05/2017	0.682496	0.682496	0.606443	0.656749	427,384	8,104,560
07/04/2017	0.683929	0.694244	0.663410	0.677961	426,107	8,121,580
07/03/2017	0.697905	0.721963	0.664449	0.696462	374,065	8,287,540
07/02/2017	0.727605	0.750928	0.684078	0.706839	465,627	8,640,220
07/01/2017	0.692959	0.754556	0.689090	0.724323	381,223	8,228,800
06/30/2017	0.773917	0.923502	0.685488	0.692170	768,264	9,190,080
06/29/2017	0.646422	0.988895	0.613941	0.773056	1,277,340	7,676,010
06/28/2017	0.507487	0.655928	0.507487	0.640420	520,112	6,026,220
06/27/2017	0.632189	0.651432	0.506474	0.508883	663,014	7,507,000
06/26/2017	0.708951	0.721853	0.577255	0.632189	382,567	8,418,520
06/25/2017	0.692263	0.731736	0.673700	0.691774	510,200	8,220,360
06/24/2017	0.763178	0.777263	0.684586	0.703878	494,719	9,062,440
06/23/2017	0.795836	0.834696	0.706739	0.778739	641,789	9,450,250
06/22/2017	0.769864	0.900639	0.756707	0.793850	451,396	9,141,840
06/21/2017	0.830219	0.932851	0.740105	0.769558	537,679	9,858,530
06/20/2017	1.03	1.08	0.826090	0.826090	572,582	12,280,100
06/19/2017	1.11	1.26	0.983855	1.02	610,228	13,191,200
06/18/2017	1.29	1.36	1.08	1.13	632,487	15,335,600
06/17/2017	1.36	1.40	1.26	1.31	893,437	16,159,900
06/16/2017	1.29	1.39	1.24	1.35	1,192,900	15,338,200
06/15/2017	1.46	1.64	1.14	1.29	1,350,750	17,319,000
06/14/2017	1.18	1.87	1.11	1.47	2,854,210	14,052,100
06/13/2017	0.566972	1.21	0.539261	1.16	1,080,360	6,732,420
06/12/2017	0.707764	0.782726	0.492169	0.565869	324,970	8,404,230
06/11/2017	0.653339	0.741740	0.547946	0.722446	523,909	7,757,970
06/10/2017	0.674597	0.702939	0.632931	0.662138	324,557	8,010,400
06/09/2017	0.670199	0.730706	0.660381	0.681696	387,822	7,958,170
06/08/2017	0.735237	0.772214	0.660180	0.668998	418,714	8,730,460
06/07/2017	0.774861	0.803059	0.696996	0.735882	491,357	9,200,960
06/06/2017	0.745754	0.797158	0.675002	0.778040	493,287	8,855,340
06/05/2017	0.745885	0.806066	0.684025	0.750515	408,982	8,856,890
06/04/2017	0.775468	0.805143	0.596088	0.745209	464,263	9,208,170
06/03/2017	0.622927	0.934992	0.413786	0.774852	1,508,560	7,396,850
06/02/2017	0.631859	0.655398	0.557677	0.628780	282,160	7,502,910
06/01/2017	0.704446	0.713408	0.620140	0.631530	228,905	8,364,830
05/31/2017	0.686001	0.715680	0.595602	0.705111	206,417	8,145,080
05/30/2017	0.659640	0.716096	0.650533	0.661538	213,756	7,832,070
05/29/2017	0.677026	0.701022	0.598744	0.658978	248,417	8,038,500
05/28/2017	0.687104	0.766850	0.658957	0.676475	233,758	8,158,160
05/27/2017	0.627967	0.728108	0.612254	0.679470	288,572	7,456,010
05/26/2017	0.677227	0.703976	0.625851	0.631457	231,264	8,040,880
05/25/2017	0.813974	0.877199	0.657934	0.670744	225,926	10,298,300
05/24/2017	0.849337	0.871067	0.709879	0.814920	330,337	10,744,200
05/23/2017	0.895061	0.939958	0.845273	0.845273	410,356	11,321,100
05/22/2017	0.939003	0.999392	0.668398	0.894924	582,839	11,875,200
05/21/2017	0.890795	0.953704	0.769789	0.937159	580,379	11,264,000
05/20/2017	0.755149	0.911578	0.726820	0.889869	531,672	9,547,490
05/19/2017	0.871534	0.995025	0.712883	0.755995	265,715	11,017,400
05/18/2017	0.850241	1.00	0.776773	0.882740	317,672	10,746,900
05/17/2017	0.803188	0.937198	0.783041	0.868671	246,221	10,150,700
05/16/2017	0.773726	0.888925	0.758483	0.795552	273,402	9,777,070
05/15/2017	0.788263	0.815874	0.751541	0.778112	211,320	9,959,440
05/14/2017	0.843860	0.874092	0.776920	0.787736	233,522	10,660,400
05/13/2017	0.827135	0.886346	0.779593	0.840895	224,207	10,447,700
05/12/2017	0.846471	0.874691	0.781388	0.825818	257,908	10,690,500
05/11/2017	0.938506	0.952314	0.769530	0.846768	280,295	11,851,300
05/10/2017	0.961597	0.980971	0.846038	0.937516	595,478	12,141,200
05/09/2017	0.934416	1.02	0.891411	0.953040	457,488	11,796,400
05/08/2017	0.849717	0.933076	0.741341	0.932131	386,551	10,725,700
05/07/2017	0.878635	0.911488	0.816772	0.850634	381,335	11,089,300
05/06/2017	0.957946	1.04	0.878232	0.886113	518,556	12,088,700
05/05/2017	0.941178	1.13	0.852763	0.953005	678,255	11,875,600
05/04/2017	0.970011	1.30	0.783288	0.941155	647,249	12,237,700
05/03/2017	1.03	1.04	0.947255	0.972196	306,811	13,041,200
05/02/2017	0.999237	1.05	0.827875	1.03	452,813	12,603,200
05/01/2017	1.16	1.19	0.856783	1.01	254,667	14,675,600
04/30/2017	0.987763	1.25	0.871556	1.16	360,650	12,455,300
04/29/2017	1.00	1.11	0.950138	0.970543	244,309	12,626,000
04/28/2017	0.961279	1.11	0.905266	0.995366	399,524	12,118,400
04/27/2017	1.05	1.09	0.915974	0.958341	197,074	13,283,600
04/26/2017	1.13	1.19	0.928909	1.06	338,533	14,304,700
04/25/2017	1.11	1.18	1.02	1.14	482,076	13,960,700
04/24/2017	1.01	1.23	0.788707	1.10	293,915	12,705,800
04/23/2017	0.849154	1.09	0.746029	1.01	621,503	10,698,800
04/22/2017	0.918609	1.24	0.752005	0.832604	162,784	11,572,600
04/21/2017	1.09	1.09	0.911083	0.950565	252,405	13,704,200
04/20/2017	1.14	1.17	0.966161	1.09	494,069	14,358,100
04/19/2017	1.15	1.20	0.985323	1.14	588,525	14,507,400
04/18/2017	1.10	1.31	1.00	1.15	557,844	13,884,400
04/17/2017	1.24	1.25	0.933271	1.08	396,380	15,598,600
04/16/2017	1.54	1.57	1.06	1.24	368,158	19,356,400
04/15/2017	1.61	1.64	1.27	1.52	348,795	20,262,900
04/14/2017	2.49	2.89	0.915881	1.61	516,065	31,352,100
04/13/2017	1.76	2.96	1.75	2.35	626,149	22,178,300
04/12/2017	1.38	1.77	1.30	1.76	698,274	17,343,900
04/11/2017	1.15	1.37	1.06	1.36	380,268	14,468,900
04/10/2017	1.12	1.19	1.09	1.13	354,860	14,099,400
04/09/2017	1.14	1.18	1.02	1.14	385,050	14,294,200
04/08/2017	1.18	1.27	1.09	1.11	342,132	14,842,400
04/07/2017	0.838492	1.30	0.782406	1.19	421,902	10,554,900
04/06/2017	0.937441	0.991832	0.772916	0.842569	226,321	11,799,800
04/05/2017	0.961520	1.12	0.692486	0.931186	436,822	12,101,600
04/04/2017	0.680006	1.02	0.680006	0.964777	368,909	8,557,040
04/03/2017	0.718795	0.859366	0.486809	0.673233	181,926	9,044,630
04/02/2017	0.426991	0.715811	0.424263	0.715811	201,785	5,372,570
04/01/2017	0.410488	0.453344	0.410488	0.426677	112,247	5,164,610
03/31/2017	0.408000	0.527309	0.275448	0.417181	175,411	5,132,910
03/30/2017	0.293548	0.478157	0.292938	0.306955	27,501	3,692,680
03/29/2017	0.312646	0.751123	0.207988	0.292953	39,430	3,932,560
03/28/2017	0.343587	0.442754	0.264989	0.312860	44,633	4,321,260
03/27/2017	0.303396	0.423338	0.252096	0.289056	60,246	3,815,310
03/26/2017	0.293589	0.313736	0.281295	0.306805	209,455	3,691,780
03/25/2017	0.272284	0.320418	0.271151	0.308691	196,423	3,423,710
03/24/2017	0.283963	0.284968	0.270405	0.275508	172,035	3,570,260
03/23/2017	0.325262	0.327542	0.273969	0.283961	228,246	4,089,190
03/22/2017	0.329655	0.356162	0.255459	0.325157	216,650	4,144,050
03/21/2017	0.217730	0.418576	0.215053	0.329532	266,783	2,736,680
03/20/2017	0.218809	0.256297	0.212105	0.217531	39,659	2,749,800
03/19/2017	0.205498	0.228291	0.201091	0.218904	188,181	2,582,350
03/18/2017	0.232747	0.235619	0.205721	0.205736	104,076	2,924,590
03/17/2017	0.264887	0.265726	0.210400	0.232471	246,737	3,328,250
03/16/2017	0.227476	0.264673	0.184081	0.264492	74,705	2,858,000
03/15/2017	0.232839	0.232929	0.211622	0.216913	33,768	2,925,170
03/14/2017	0.229941	0.245475	0.229914	0.232789	247,282	2,888,460
03/13/2017	0.275649	0.295472	0.228689	0.229958	201,186	3,462,230
03/12/2017	0.271837	0.305284	0.262584	0.274003	340,304	3,413,950
03/11/2017	0.273946	0.312109	0.153253	0.271858	419,066	3,440,190
03/10/2017	0.273441	0.315538	0.209781	0.273854	286,207	3,433,540
03/09/2017	0.321649	0.337791	0.273535	0.273535	54,488	4,038,570
03/08/2017	0.284345	0.348620	0.260976	0.322440	806,812	3,569,880
03/07/2017	0.332379	0.350784	0.283552	0.284359	530,078	4,172,490
03/06/2017	0.270420	0.361480	0.240904	0.332526	487,851	3,394,190
03/05/2017	0.271475	0.279753	0.263136	0.270493	564,696	3,407,190
03/04/2017	0.331206	0.333626	0.146344	0.272173	336,359	4,156,590
03/03/2017	0.378920	0.401735	0.287890	0.330529	504,347	4,755,090
03/02/2017	0.365664	0.440035	0.062223	0.378732	1,013,110	4,588,400
03/01/2017	0.389412	0.389681	0.335183	0.361959	280,207	4,886,030
02/28/2017	0.329403	0.436533	0.317272	0.389348	472,337	4,132,790
02/27/2017	0.221869	0.332596	0.210029	0.328311	225,752	2,783,370
02/26/2017	0.255835	0.263237	0.171111	0.222054	11,523	3,209,300
02/25/2017	0.205993	0.275256	0.154104	0.252299	286,723	2,583,890
02/24/2017	0.277906	0.282053	0.179235	0.211334	22,060	3,485,680
02/23/2017	0.285751	0.289703	0.173512	0.279390	64,624	3,583,730
02/22/2017	0.329205	0.329205	0.241322	0.279287	197,788	4,128,380
02/21/2017	0.272901	0.328297	0.215199	0.327444	315,563	3,421,940
02/20/2017	0.356256	0.358161	0.273233	0.273233	241,668	4,466,700
02/19/2017	0.288167	0.356747	0.278467	0.356033	213,231	3,612,840
02/18/2017	0.306861	0.310473	0.285907	0.286875	301,835	3,846,920
02/17/2017	0.307258	0.312904	0.281909	0.305309	160,282	3,851,550
02/16/2017	0.301563	0.354328	0.281218	0.304127	225,071	3,779,840
02/15/2017	0.304864	0.327973	0.248371	0.301112	98,737	3,820,920
02/14/2017	0.266666	0.323809	0.131706	0.302689	116,316	3,341,930
02/13/2017	0.255355	0.459549	0.220174	0.266176	144,258	3,199,890
02/12/2017	0.316735	0.316899	0.240637	0.254806	12,267	3,968,600
02/11/2017	0.341595	0.341777	0.257911	0.314444	102,114	4,279,740
02/10/2017	0.275106	0.371587	0.253688	0.340886	62,453	3,446,220
02/09/2017	0.335468	0.359406	0.243734	0.274444	21,658	4,201,810
02/08/2017	0.343341	0.377535	0.334675	0.334697	103,913	4,300,110
02/07/2017	0.349206	0.384539	0.313399	0.337809	161,821	4,373,270
02/06/2017	0.405957	0.424299	0.323578	0.348411	107,237	5,083,670
02/05/2017	0.347487	0.437295	0.305082	0.405005	178,386	4,351,130
02/04/2017	0.279747	0.462568	0.275670	0.352413	91,734	3,502,740
02/03/2017	0.248890	0.351975	0.183030	0.282481	100,550	3,116,220
02/02/2017	0.155343	0.268823	0.154624	0.248744	142,206	1,944,870
02/01/2017	0.207697	0.270794	0.154965	0.155280	43,258	2,600,180
01/31/2017	0.148125	0.217457	0.147536	0.208943	88,726	1,854,280
01/30/2017	0.234363	0.284454	0.148728	0.148930	10,181	2,933,680
01/29/2017	0.207356	0.233471	0.206156	0.232818	79,009	2,595,490
01/28/2017	0.182547	0.229011	0.168357	0.207455	145,031	2,284,820
01/27/2017	0.308159	0.318715	0.179501	0.182503	6,387	3,856,790
01/26/2017	0.191650	0.325516	0.187550	0.303347	103,235	2,398,460
01/25/2017	0.206312	0.213890	0.128930	0.191572	63,182	2,581,720
01/24/2017	0.199141	0.211001	0.185127	0.206219	62,391	2,491,840
01/23/2017	0.166938	0.229496	0.163315	0.201531	71,122	2,088,730
01/22/2017	0.126794	0.177187	0.107991	0.166746	46,586	1,586,330
01/21/2017	0.102108	0.140064	0.086269	0.126797	51,533	1,277,380
01/20/2017	0.092513	0.103403	0.090516	0.102107	53,388	1,157,260
01/19/2017	0.111993	0.116333	0.091100	0.092529	56,227	1,400,860
01/18/2017	0.144629	0.146246	0.105077	0.111532	105,197	1,808,970
01/17/2017	0.116112	0.145116	0.115891	0.144535	86,297	1,452,190
01/16/2017	0.136398	0.141169	0.110433	0.116082	76,704	1,700,900
01/15/2017	0.130706	0.140872	0.126449	0.136403	40,383	1,629,920
01/14/2017	0.055691	0.147144	0.055526	0.130721	32,663	694,481
01/13/2017	0.133706	0.211195	0.054905	0.054945	110,797	1,667,330
01/12/2017	0.122061	0.282297	0.119036	0.133834	85,575	1,522,120
01/11/2017	0.175868	0.226868	0.094970	0.122355	43,360	2,193,100
01/10/2017	0.090143	0.223210	0.076867	0.173280	221,748	1,124,090
01/09/2017	0.067413	0.098792	0.043443	0.090190	20,224	840,654
01/08/2017	0.058690	0.090879	0.038754	0.067319	16,763	731,877
01/07/2017	0.045403	0.075460	0.041949	0.058689	19,675	566,188
01/06/2017	0.031033	0.046925	0.025648	0.045339	8,294	386,991
01/05/2017	0.020062	0.041600	0.008904	0.030949	14,345	250,179
01/04/2017	0.010355	0.027881	0.009247	0.020042	1,404	129,127
01/03/2017	0.009872	0.014957	0.009438	0.010357	74	123,107
01/02/2017	0.014217	0.015968	0.009548	0.009873	68	177,291
01/01/2017	0.011003	0.018923	0.010850	0.014209	859	137,212
12/31/2016	0.011515	0.012913	0.010713	0.011002	71	143,598
12/30/2016	0.008148	0.011519	0.007123	0.011514	444	101,609
12/29/2016	0.008383	0.008573	0.007347	0.008149	21	104,539
12/28/2016	0.007184	0.008382	0.007184	0.008382	29	89,583
12/27/2016	0.007442	0.009171	0.005862	0.007180	28	92,797
12/26/2016	0.007851	0.008082	0.007060	0.007437	37	97,898
12/25/2016	0.008152	0.008160	0.006846	0.007854	48	101,661
12/24/2016	0.007726	0.009838	0.007125	0.008150	77	96,347
12/23/2016	0.006277	0.009097	0.006277	0.007722	31	78,270
12/22/2016	0.006307	0.008626	0.006278	0.006279	26	78,651
12/21/2016	0.006639	0.008108	0.006129	0.006307	70	82,793
12/20/2016	0.006544	0.007824	0.004962	0.006642	167	81,604
12/19/2016	0.006174	0.007807	0.005971	0.006549	42	76,991
12/18/2016	0.006153	0.006773	0.005997	0.006172	24	76,725
12/17/2016	0.005643	0.006655	0.005174	0.006152	22	70,368
12/16/2016	0.007493	0.008675	0.004836	0.005643	53	93,439
12/15/2016	0.007026	0.010508	0.006900	0.007495	33	87,609
12/14/2016	0.005926	0.008913	0.005580	0.007023	63	73,897
12/13/2016	0.005765	0.007231	0.004893	0.005934	20	71,888
12/12/2016	0.003893	0.006168	0.003893	0.005766	21	48,541
12/11/2016	0.005875	0.008952	0.003766	0.003887	88	73,268
12/10/2016	0.008480	0.008903	0.004960	0.005157	87	105,743
12/09/2016	0.006245	0.009264	0.004359	0.008481	140	77,882
12/08/2016	0.007488	0.008538	0.004473	0.007724	118	93,372
12/07/2016	0.007054	0.007488	0.005116	0.007488	53	87,962
12/06/2016	0.007094	0.007956	0.006505	0.007054	33	88,461
12/05/2016	0.006478	0.007614	0.006454	0.007094	26	80,786
12/04/2016	0.006239	0.007056	0.005939	0.006475	93	77,802
12/03/2016	0.007769	0.007921	0.006226	0.006239	19	96,886
12/02/2016	0.005808	0.007767	0.005808	0.007767	34	72,428
12/01/2016	0.005201	0.006146	0.003308	0.005800	18	64,860
11/30/2016	0.006342	0.008588	0.004817	0.005201	51	79,081
11/29/2016	0.009368	0.009385	0.006195	0.006342	11	116,818
11/28/2016	0.004722	0.014354	0.004554	0.009367	520	58,879
11/27/2016	0.004996	0.005058	0.004533	0.004721	20	62,303
11/26/2016	0.004568	0.006536	0.004554	0.004998	25	56,963
11/25/2016	0.005604	0.005605	0.004488	0.004568	15	69,883
11/24/2016	0.006232	0.006608	0.002235	0.005605	24	77,717
11/23/2016	0.006439	0.006443	0.005986	0.006232	23	80,296
11/22/2016	0.006325	0.006454	0.005907	0.006387	10	78,880
11/21/2016	0.006221	0.006294	0.006112	0.006223	3	77,577
11/20/2016	0.006178	0.006467	0.006009	0.006221	15	77,045
11/19/2016	0.006922	0.006922	0.005364	0.006177	77	86,316
11/18/2016	0.007995	0.007995	0.006198	0.006924	37	99,701
11/17/2016	0.009424	0.011890	0.004937	0.004945	67	117,514
11/16/2016	0.009274	0.009832	0.007976	0.009424	22	115,643
11/15/2016	0.008827	0.009411	0.007941	0.008155	21	110,072
11/14/2016	0.008193	0.009330	0.007827	0.007898	9	102,164
11/13/2016	0.008397	0.009332	0.007977	0.008369	9	104,707
11/12/2016	0.008925	0.009447	0.007941	0.008397	19	111,296
11/11/2016	0.008429	0.009543	0.007949	0.008925	15	105,111
11/10/2016	0.008535	0.009310	0.008033	0.008428	27	106,428
11/09/2016	0.009626	0.009822	0.007968	0.008533	38	120,032
11/08/2016	0.009809	0.009867	0.008049	0.009629	20	122,316
11/07/2016	0.010673	0.010673	0.008186	0.009805	39	133,091
11/06/2016	0.008638	0.010679	0.007539	0.010676	22	107,717
11/05/2016	0.006485	0.008800	0.005788	0.008638	165	80,869
11/04/2016	0.005606	0.006487	0.005601	0.006486	30	69,908
11/03/2016	0.007508	0.007571	0.004642	0.005603	72	93,620
11/02/2016	0.006945	0.007491	0.006629	0.007491	32	86,603
11/01/2016	0.007998	0.008837	0.006670	0.006943	16	99,737
10/31/2016	0.007770	0.008194	0.007634	0.007999	26	96,888
10/30/2016	0.008899	0.008899	0.007112	0.007770	71	110,972
10/29/2016	0.008533	0.009016	0.008112	0.008902	33	106,404
10/28/2016	0.008842	0.009342	0.007946	0.008532	38	110,253
10/27/2016	0.008859	0.009403	0.007982	0.008837	38	110,459
10/26/2016	0.008371	0.010163	0.008304	0.008861	26	104,372
10/25/2016	0.008532	0.008637	0.008180	0.008367	22	106,333
10/24/2016	0.008338	0.008595	0.008149	0.008534	36	103,860
10/23/2016	0.007569	0.009206	0.007492	0.008336	31	94,278
10/22/2016	0.007353	0.007583	0.007282	0.007567	266	91,593
10/21/2016	0.007947	0.008214	0.006756	0.007354	295	98,981
10/20/2016	0.009584	0.009611	0.006935	0.007948	212	119,376
10/19/2016	0.008220	0.009618	0.008070	0.009584	42	102,389
10/18/2016	0.010445	0.010635	0.007477	0.008220	273	130,096
10/17/2016	0.009409	0.010641	0.008984	0.010445	288	117,203
10/16/2016	0.010814	0.011111	0.009096	0.009406	185	134,702
10/15/2016	0.010448	0.011970	0.009756	0.010811	97	130,135
10/14/2016	0.010149	0.011372	0.009609	0.010821	57	126,411
10/13/2016	0.010491	0.010879	0.009204	0.010375	76	130,670
10/12/2016	0.014540	0.014545	0.010491	0.010491	204	181,103
10/11/2016	0.012219	0.014549	0.012211	0.014549	31	152,197
10/10/2016	0.013239	0.013980	0.012206	0.012215	90	164,907
10/09/2016	0.013507	0.013508	0.012541	0.013236	145	168,213
10/08/2016	0.013774	0.013932	0.012695	0.013506	141	171,545
10/07/2016	0.012684	0.013891	0.012650	0.013771	77	157,970
10/06/2016	0.013430	0.015087	0.012601	0.012684	243	167,259
10/05/2016	0.017123	0.025625	0.010882	0.013431	257	213,251
10/04/2016	0.014072	0.017151	0.009438	0.017122	240	175,261
10/03/2016	0.013107	0.014071	0.011299	0.014071	263	163,239
10/02/2016	0.014960	0.015127	0.012235	0.013108	156	186,305
10/01/2016	0.016979	0.018075	0.014958	0.014981	541	211,433
09/30/2016	0.019578	0.028516	0.016429	0.018037	2,137	243,788
09/29/2016	0.014194	0.028463	0.014000	0.019575	951	176,739
09/28/2016	0.010461	0.015973	0.009692	0.014195	1,445	130,256
09/27/2016	0.010272	0.010489	0.009292	0.010461	2,096	127,900
09/26/2016	0.010344	0.011710	0.008853	0.010274	1,326	128,791
09/25/2016	0.011267	0.011952	0.008764	0.010345	1,290	140,271
09/24/2016	0.008435	0.015049	0.007354	0.011266	925	105,007
09/23/2016	0.004440	0.014696	0.004388	0.008283	1,949	55,271
09/22/2016	0.006445	0.006459	0.003898	0.004290	298	80,227
09/21/2016	0.006869	0.010242	0.005784	0.006444	272	85,501
09/20/2016	0.008054	0.009633	0.005652	0.006879	286	100,246
09/19/2016	0.009488	0.009491	0.006026	0.008162	171	118,094
09/18/2016	0.008936	0.010710	0.007470	0.009489	51	111,212
09/17/2016	0.007649	0.010946	0.007471	0.008938	78	95,199
09/16/2016	0.013083	0.013097	0.006918	0.007649	916	162,824
09/15/2016	0.012194	0.015439	0.011695	0.013086	91	151,746
09/14/2016	0.011087	0.022500	0.010636	0.012213	95	137,967
09/13/2016	0.009063	0.020459	0.007169	0.011754	149	112,775
09/12/2016	0.008767	0.009396	0.008697	0.009060	28	109,089
09/11/2016	0.009694	0.010483	0.008009	0.008765	26	120,619
09/10/2016	0.009576	0.010902	0.008107	0.009695	385	119,139
09/09/2016	0.009988	0.011669	0.009214	0.009577	45	124,270
09/08/2016	0.008606	0.009992	0.008148	0.009990	84	107,071
09/07/2016	0.011708	0.012448	0.008066	0.008606	54	145,658
09/06/2016	0.008655	0.011948	0.007990	0.011707	116	107,676
09/05/2016	0.010294	0.010688	0.008654	0.008654	42	128,064
09/04/2016	0.009406	0.010255	0.009057	0.010255	55	117,008
09/03/2016	0.010084	0.010146	0.008006	0.009433	54	125,434
09/02/2016	0.007942	0.010268	0.007357	0.010117	136	98,790
09/01/2016	0.007589	0.007939	0.006369	0.007711	51	94,397
08/31/2016	0.007490	0.009021	0.006553	0.007588	78	93,162
08/30/2016	0.006290	0.008638	0.006177	0.007489	165	78,231
08/29/2016	0.006925	0.008532	0.006267	0.006290	76	86,125
08/28/2016	0.008098	0.010447	0.006567	0.006925	69	100,697
08/27/2016	0.007365	0.009571	0.007266	0.008101	46	91,583
08/26/2016	0.008039	0.008333	0.006875	0.007364	156	99,969
08/25/2016	0.008251	0.008481	0.007260	0.008040	78	102,585
08/24/2016	0.008655	0.008872	0.007957	0.008250	213	107,600
08/23/2016	0.008572	0.009172	0.008094	0.008655	70	106,572
08/22/2016	0.009231	0.009527	0.008819	0.008966	36	114,760
08/21/2016	0.009167	0.010136	0.008464	0.009233	77	113,958
08/20/2016	0.009871	0.009926	0.009166	0.009168	52	122,691
08/19/2016	0.009975	0.010568	0.008832	0.009872	112	123,978
08/18/2016	0.010413	0.011792	0.009969	0.009972	58	129,420
08/17/2016	0.009641	0.010704	0.009221	0.010416	108	119,824
08/16/2016	0.010756	0.010769	0.008912	0.009635	223	133,671
08/15/2016	0.010127	0.010767	0.008607	0.010684	434	125,849
08/14/2016	0.008952	0.012749	0.008943	0.010121	1,492	111,245
08/13/2016	0.006434	0.010819	0.006404	0.008952	615	79,943
08/12/2016	0.006733	0.006993	0.006396	0.006434	61	83,657
08/11/2016	0.006022	0.006748	0.006016	0.006736	114	74,822
08/10/2016	0.007740	0.007740	0.006007	0.006020	189	96,158
08/09/2016	0.006895	0.007765	0.006468	0.007743	28	85,660
08/08/2016	0.007180	0.007309	0.006283	0.006894	71	89,194
08/07/2016	0.007529	0.007884	0.006720	0.007179	58	93,524
08/06/2016	0.011727	0.011905	0.006238	0.007529	157	145,662
08/05/2016	0.005110	0.033189	0.003430	0.011731	2,068	63,467
08/04/2016	0.005776	0.005843	0.005048	0.005110	24	71,731
08/03/2016	0.005747	0.006422	0.004937	0.005777	81	71,366
08/02/2016	0.007060	0.008133	0.005061	0.005710	189	87,675
08/01/2016	0.007110	0.009142	0.006822	0.007056	35	88,295
07/31/2016	0.007897	0.009491	0.007107	0.007114	33	98,061
07/30/2016	0.006679	0.009200	0.006679	0.007897	110	82,932
07/29/2016	0.006636	0.008274	0.005929	0.006678	120	82,389
07/28/2016	0.004950	0.012646	0.004046	0.006636	2,017	61,459
07/27/2016	0.005832	0.008606	0.003908	0.004950	383	72,404
07/26/2016	0.006694	0.008051	0.005707	0.005835	595	83,104
07/25/2016	0.009574	0.011057	0.005389	0.006692	1,725	118,853
07/24/2016	0.008685	0.009574	0.008191	0.009573	327	107,812
07/23/2016	0.009168	0.009844	0.008685	0.008686	71	113,787
07/22/2016	0.010834	0.010839	0.009131	0.009166	32	134,470
07/21/2016	0.009748	0.010992	0.009515	0.010836	36	120,987
07/20/2016	0.010993	0.011163	0.008938	0.009750	155	136,426
07/19/2016	0.009891	0.011221	0.009229	0.010994	428	122,748
07/18/2016	0.011037	0.011126	0.009593	0.009896	186	136,959
07/17/2016	0.009885	0.011095	0.009814	0.011027	58	122,655
07/16/2016	0.009398	0.010472	0.008855	0.009906	99	116,608
07/15/2016	0.008633	0.009680	0.008633	0.009406	52	107,115
07/14/2016	0.009561	0.009788	0.008624	0.008630	212	118,610
07/13/2016	0.010490	0.011049	0.009568	0.009578	43	130,134
07/12/2016	0.011064	0.011413	0.010065	0.010450	303	137,251
07/11/2016	0.010943	0.011961	0.010875	0.011233	142	135,742
07/10/2016	0.011539	0.011826	0.010425	0.010473	16	143,111
07/09/2016	0.010770	0.011592	0.009884	0.011538	88	133,565
07/08/2016	0.010572	0.011229	0.009223	0.010773	80	131,110
07/07/2016	0.011425	0.011468	0.009051	0.010557	49	141,673
07/06/2016	0.010900	0.011484	0.010760	0.011420	187	135,159
07/05/2016	0.009286	0.012379	0.009248	0.010899	175	115,142
07/04/2016	0.009106	0.010752	0.008766	0.009282	144	112,900
07/03/2016	0.011509	0.011813	0.008209	0.009087	111	142,689
07/02/2016	0.011906	0.013811	0.010394	0.011489	183	147,594
07/01/2016	0.011853	0.012905	0.011690	0.011900	141	146,927
06/30/2016	0.008725	0.012493	0.008528	0.011865	373	108,146
06/29/2016	0.009991	0.012044	0.006509	0.008713	1,148	123,825
06/28/2016	0.011009	0.011025	0.009581	0.009993	225	136,426
06/27/2016	0.010421	0.013073	0.010263	0.010859	53	129,134
06/26/2016	0.012685	0.013013	0.009332	0.010432	131	157,179
06/25/2016	0.008731	0.014353	0.008712	0.012689	78	108,178
06/24/2016	0.013475	0.016116	0.008652	0.008753	189	166,946
06/23/2016	0.023284	0.030140	0.010377	0.013473	1,874	288,439
06/22/2016	0.054746	0.055299	0.009606	0.022976	168	678,118
06/21/2016	0.011636	0.070751	0.009039	0.054745	7,120	144,113
06/20/2016	0.014685	0.019381	0.011327	0.011614	263	181,854
06/19/2016	0.014783	0.019387	0.013659	0.019057	306	183,057
06/18/2016	0.010536	0.017397	0.010256	0.014788	1,176	130,452
06/17/2016	0.009882	0.011935	0.008395	0.010542	1,513	122,342
06/16/2016	0.009889	0.010555	0.006835	0.009880	62	122,421
06/15/2016	0.009378	0.009883	0.007817	0.009883	160	116,084
06/14/2016	0.009570	0.010393	0.007527	0.009380	210	118,447
06/13/2016	0.010324	0.010551	0.006945	0.009569	1,413	127,765
06/12/2016	0.013515	0.013920	0.010249	0.010316	148	167,244
06/11/2016	0.012366	0.013524	0.010640	0.013524	53	153,010
06/10/2016	0.011867	0.012955	0.010128	0.012368	92	146,825
06/09/2016	0.012212	0.013185	0.011366	0.011868	71	151,077
06/08/2016	0.011837	0.013652	0.011409	0.012216	88	146,418
06/07/2016	0.011772	0.013245	0.011154	0.011836	176	145,609
06/06/2016	0.013027	0.016143	0.010754	0.011772	532	161,105
06/05/2016	0.019157	0.019523	0.011365	0.013028	215	236,900
06/04/2016	0.010975	0.028320	0.010834	0.019172	407	135,709
06/03/2016	0.009856	0.011112	0.009493	0.010974	396	121,854
06/02/2016	0.010709	0.013192	0.008773	0.009856	672	132,387
06/01/2016	0.011287	0.013423	0.010278	0.010736	415	139,522
05/31/2016	0.012663	0.012725	0.010515	0.011288	1,192	156,518
05/30/2016	0.014553	0.014656	0.011796	0.012683	3,654	179,868
05/29/2016	0.015020	0.015589	0.014095	0.014535	598	185,624
05/28/2016	0.014514	0.015386	0.014017	0.015037	376	179,338
05/27/2016	0.010904	0.014921	0.010904	0.014522	1,497	134,723
05/26/2016	0.009237	0.011260	0.009034	0.010904	267	114,120
05/25/2016	0.012871	0.013253	0.007875	0.009236	1,051	159,003
05/24/2016	0.008870	0.017552	0.008315	0.012870	2,970	109,562
05/23/2016	0.012544	0.013453	0.007417	0.008872	4,007	154,935
05/22/2016	0.013162	0.015690	0.012413	0.012547	1,850	162,552
05/21/2016	0.017404	0.017411	0.013036	0.013163	2,121	214,908
05/20/2016	0.013679	0.018285	0.013679	0.017399	1,300	168,899
05/19/2016	0.016873	0.017293	0.013946	0.014174	1,131	208,304
05/18/2016	0.018955	0.019893	0.013440	0.016875	5,201	233,979
05/17/2016	0.018501	0.023403	0.017712	0.019080	1,459	228,352
05/16/2016	0.029745	0.032838	0.010299	0.018507	7,197	367,088
05/15/2016	0.041478	0.042567	0.029750	0.029751	24,080	511,817
05/14/2016	0.041469	0.047148	0.039240	0.041466	32,598	511,657
05/13/2016	0.044308	0.047139	0.029913	0.041456	44,493	546,615
05/12/2016	0.018112	0.065643	0.016106	0.044300	35,238	223,414
05/11/2016	0.015782	0.019509	0.015782	0.018112	679	194,642
05/10/2016	0.016696	0.023638	0.015748	0.015783	1,022	205,897
05/09/2016	0.019835	0.021822	0.016691	0.016695	1,242	244,579
05/08/2016	0.055978	0.056120	0.017792	0.019850	6,791	690,190
05/07/2016	0.036330	0.056315	0.029829	0.055978	7,660	447,888
05/06/2016	0.045177	0.058944	0.036327	0.036327	17,734	556,887
05/05/2016	0.031864	0.045217	0.031530	0.045181	15,152	392,744
05/04/2016	0.030946	0.036632	0.030795	0.031864	3,418	381,399
05/03/2016	0.029775	0.030928	0.022720	0.030899	2,203	366,934
05/02/2016	0.043922	0.044161	0.023620	0.030767	7,263	541,204
05/01/2016	0.023120	0.045178	0.023120	0.043916	19,083	284,851
04/30/2016	0.018514	0.029013	0.018235	0.023106	2,455	228,080
04/29/2016	0.016017	0.020419	0.014556	0.018514	1,771	197,208
04/28/2016	0.015178	0.016619	0.014297	0.016017	245	186,725
04/27/2016	0.014835	0.017588	0.013918	0.015166	304	180,869
04/26/2016	0.016144	0.017796	0.013832	0.014830	406	196,538
04/25/2016	0.017469	0.017476	0.013851	0.016136	349	212,339
04/24/2016	0.013695	0.018195	0.013343	0.017447	390	166,230
04/23/2016	0.014637	0.015063	0.012889	0.013687	143	177,373
04/22/2016	0.011350	0.015833	0.011210	0.014633	324	137,300
04/21/2016	0.011966	0.012915	0.011154	0.011343	370	144,528
04/20/2016	0.012074	0.012653	0.011540	0.011967	96	145,744
04/19/2016	0.011211	0.012672	0.010870	0.012075	337	135,242
04/18/2016	0.010459	0.012233	0.010368	0.011208	156	126,082
04/17/2016	0.011180	0.011901	0.009805	0.010454	289	134,648
04/16/2016	0.010686	0.012044	0.009883	0.011178	168	128,611
04/15/2016	0.010775	0.011559	0.010426	0.010685	294	129,572
04/14/2016	0.010792	0.011012	0.010325	0.010755	218	129,674
04/13/2016	0.011780	0.011811	0.010527	0.010786	266	141,430
04/12/2016	0.011235	0.013133	0.010780	0.011783	278	134,766
04/11/2016	0.013362	0.015205	0.010360	0.011225	474	160,148
04/10/2016	0.013297	0.015701	0.013296	0.013352	321	159,221
04/09/2016	0.015416	0.016278	0.013291	0.013291	295	184,456
04/08/2016	0.013431	0.016550	0.013295	0.015393	562	160,551
04/07/2016	0.012827	0.015998	0.012677	0.013427	263	153,901
04/06/2016	0.014140	0.015603	0.012639	0.012821	348	169,469
04/05/2016	0.014874	0.015861	0.011841	0.014131	1,043	178,053
04/04/2016	0.008848	0.019459	0.008843	0.014861	2,373	105,799
04/03/2016	0.008753	0.010485	0.008531	0.008840	761	104,554
04/02/2016	0.008581	0.011368	0.008545	0.008746	410	102,378
04/01/2016	0.012086	0.012110	0.008501	0.008571	458	144,049
03/31/2016	0.010006	0.012135	0.010006	0.012076	222	119,153
03/30/2016	0.010225	0.011249	0.009987	0.009996	336	121,660
03/29/2016	0.010925	0.013371	0.009320	0.010217	579	129,881
03/28/2016	0.011695	0.012951	0.010807	0.010919	388	138,879
03/27/2016	0.012004	0.013537	0.011668	0.011702	564	142,437
03/26/2016	0.015425	0.015970	0.011248	0.011997	1,157	182,884
03/25/2016	0.014054	0.017333	0.011463	0.015300	756	166,447
03/24/2016	0.014394	0.014466	0.012607	0.014204	456	170,338
03/23/2016	0.014089	0.018078	0.014089	0.014381	473	166,552
03/22/2016	0.013208	0.017028	0.013189	0.014086	438	155,968
03/21/2016	0.013229	0.014652	0.012588	0.013215	416	156,051
03/20/2016	0.012885	0.013339	0.012334	0.013240	639	151,836
03/19/2016	0.013636	0.013641	0.012585	0.012885	340	160,531
03/18/2016	0.012455	0.014112	0.011913	0.013648	632	146,310
03/17/2016	0.013574	0.015237	0.011993	0.012458	1,178	159,263
03/16/2016	0.017157	0.017157	0.012452	0.013546	672	201,056
03/15/2016	0.019469	0.019469	0.014438	0.017155	1,020	227,843
03/14/2016	0.020287	0.024156	0.007843	0.019467	2,435	237,082
03/13/2016	0.023256	0.026975	0.020044	0.020804	2,892	271,402
03/12/2016	0.027415	0.029363	0.023256	0.023256	2,104	319,331
03/11/2016	0.030087	0.032074	0.024428	0.027422	3,887	350,992
03/10/2016	0.033880	0.034527	0.029114	0.030049	3,425	392,176
03/09/2016	0.033394	0.036137	0.029169	0.033885	5,077	385,555
03/08/2016	0.033332	0.040091	0.024410	0.034051	9,630	383,876
03/07/2016	0.019153	0.046656	0.018870	0.033503	4,150	219,978
03/06/2016	0.019017	0.021297	0.015663	0.019153	1,007	217,868
03/05/2016	0.014162	0.019134	0.014073	0.019019	754	161,828
03/04/2016	0.016180	0.020426	0.009943	0.014168	2,046	184,383
03/03/2016	0.016980	0.021878	0.016003	0.016174	943	192,960
03/02/2016	0.020109	0.022970	0.016983	0.016983	710	227,795
03/01/2016	0.023157	0.028410	0.017672	0.020109	1,487	261,463
02/29/2016	0.019489	0.032481	0.017268	0.023146	2,764	219,342
02/28/2016	0.023224	0.026093	0.018938	0.019492	2,612	260,451
02/27/2016	0.026481	0.033693	0.023049	0.023049	2,450	295,950
02/26/2016	0.036582	0.037488	0.022248	0.026439	3,598	407,364
02/25/2016	0.021566	0.037011	0.020031	0.030176	4,024	239,357
02/24/2016	0.025893	0.028789	0.015684	0.021565	2,090	286,530
02/23/2016	0.030420	0.034502	0.021161	0.025879	2,627	335,521
02/22/2016	0.015426	0.042333	0.015426	0.030383	5,624	169,662
02/21/2016	0.013539	0.019722	0.013520	0.015236	638	148,560
02/20/2016	0.018870	0.024533	0.013519	0.013520	1,373	206,442
02/19/2016	0.013651	0.021177	0.013621	0.018834	1,091	148,808
02/18/2016	0.016367	0.021783	0.012805	0.013639	1,092	177,778
02/17/2016	0.011468	0.021843	0.006700	0.016361	2,815	124,125
02/16/2016	0.009996	0.014066	0.006229	0.011463	3,630	107,802
02/15/2016	0.013042	0.013132	0.008004	0.009965	351	140,203
02/14/2016	0.007403	0.013031	0.007403	0.013031	241	79,312
02/13/2016	0.005810	0.007383	0.003924	0.007383	51	62,061
02/12/2016	0.007400	0.007462	0.007398	0.007455	1	78,782
02/11/2016	0.007451	0.007471	0.007336	0.007399	1	79,067
02/10/2016	0.004514	0.009160	0.004509	0.007442	1,504	47,736
02/09/2016	0.006610	0.006610	0.003953	0.004512	63	69,657
02/08/2016	0.007113	0.007172	0.006608	0.006610	66	74,705
02/07/2016	0.003840	0.007495	0.003777	0.007111	202	40,196
02/06/2016	0.006630	0.007353	0.003836	0.003841	27	69,158
02/05/2016	0.009719	0.009773	0.006613	0.006629	63	101,032
02/04/2016	0.006280	0.009786	0.006280	0.009736	161	65,220
02/03/2016	0.006339	0.006344	0.006248	0.006254	37	65,457
02/02/2016	0.010625	0.010863	0.003745	0.006336	222	109,286
02/01/2016	0.004802	0.011267	0.002439	0.011192	199	49,047
01/31/2016	0.011765	0.011829	0.004782	0.004794	153	119,358
01/30/2016	0.011758	0.011846	0.011732	0.011764	1	119,212
01/29/2016	0.012160	0.012160	0.011691	0.011986	4	121,732
01/28/2016	0.006164	0.012304	0.005742	0.012165	96	61,294
01/27/2016	0.006240	0.006310	0.006150	0.006162	102	61,615
01/26/2016	0.007844	0.007959	0.006213	0.006235	159	77,008
01/25/2016	0.008449	0.008594	0.007782	0.007838	35	82,430
01/24/2016	0.013855	0.013858	0.008433	0.008462	43	134,326
01/23/2016	0.015045	0.015521	0.008591	0.013833	900	144,766
01/22/2016	0.008613	0.015574	0.007761	0.015047	656	-
01/21/2016	0.014477	0.014589	0.008541	0.008624	0	-
01/20/2016	0.007443	0.014672	0.004547	0.014498	1,008	-
01/19/2016	0.013894	0.014734	0.007451	0.007451	223	-
01/18/2016	0.014117	0.015308	0.009040	0.013899	661	-
01/17/2016	0.008904	0.016155	0.008884	0.014137	417	-
01/16/2016	0.008758	0.008983	0.008758	0.008913	60	-
