Date	Open	High	Low	Close	Volume	Market Cap
07/15/2018	0.143118	0.184712	0.137268	0.180033	383	653,038
07/14/2018	0.169378	0.181960	0.137174	0.143194	623	772,861
07/13/2018	0.186946	0.196331	0.144315	0.169848	423	853,023
07/12/2018	0.194361	0.194361	0.168614	0.186752	2,280	886,857
07/11/2018	0.212222	0.222308	0.193230	0.194371	252	968,143
07/10/2018	0.188197	0.263294	0.185029	0.212177	2,360	856,661
07/09/2018	0.230555	0.231032	0.184366	0.188330	704	1,049,470
07/08/2018	0.209748	0.232437	0.201255	0.230595	166	954,759
07/07/2018	0.200770	0.210536	0.197804	0.209946	30	913,892
07/06/2018	0.183717	0.201091	0.183027	0.201091	411	836,268
07/05/2018	0.196784	0.202345	0.182167	0.183764	1,089	895,689
07/04/2018	0.230937	0.257121	0.196154	0.196353	1,093	1,051,140
07/03/2018	0.260216	0.260814	0.222988	0.230937	241	1,184,410
07/02/2018	0.194417	0.262545	0.173330	0.260660	1,348	884,915
07/01/2018	0.189838	0.292923	0.165422	0.194357	1,944	864,074
06/30/2018	0.177645	0.238130	0.177645	0.189758	2,347	808,575
06/29/2018	0.173593	0.217184	0.169625	0.177421	2,562	790,132
06/28/2018	0.197090	0.197090	0.168945	0.173502	209	897,083
06/27/2018	0.179195	0.197292	0.155688	0.197003	866	815,629
06/26/2018	0.199447	0.199880	0.164659	0.180407	596	907,810
06/25/2018	0.179536	0.200190	0.107433	0.199447	2,434	817,184
06/24/2018	0.214936	0.239142	0.178899	0.179876	1,514	978,310
06/23/2018	0.223016	0.236773	0.189876	0.214245	1,151	1,015,090
06/22/2018	0.240739	0.240808	0.200791	0.217652	249	1,095,750
06/21/2018	0.332539	0.456560	0.232543	0.243217	678	1,513,600
06/20/2018	0.664596	0.664596	0.166854	0.332710	1,160	3,025,000
06/19/2018	0.215407	0.699575	0.214203	0.664165	3,253	980,453
06/18/2018	0.221146	0.262862	0.183918	0.215505	1,270	1,006,580
06/17/2018	0.230180	0.329735	0.181640	0.221908	222	1,047,700
06/16/2018	0.244111	0.321123	0.219572	0.229621	1,253	1,111,110
06/15/2018	0.272312	0.352383	0.243310	0.244886	2,288	1,239,460
06/14/2018	0.198963	0.317923	0.198283	0.272522	1,718	905,605
06/13/2018	0.210185	0.211393	0.185859	0.198867	466	956,686
06/12/2018	0.209794	0.266111	0.208054	0.209661	201	954,904
06/11/2018	0.221464	0.288563	0.192217	0.209900	2,370	1,008,020
06/10/2018	0.199786	0.221258	0.191345	0.221258	229	909,352
06/09/2018	0.241392	0.247065	0.199578	0.199663	533	1,098,730
06/08/2018	0.258356	0.262880	0.185685	0.241441	1,663	1,175,940
06/07/2018	0.266020	0.309214	0.186380	0.258180	2,651	1,210,830
06/06/2018	0.276947	0.316040	0.261667	0.265837	914	1,260,560
06/05/2018	0.298210	0.302493	0.258822	0.277014	898	1,357,340
06/04/2018	0.298485	0.372363	0.275777	0.298107	5,245	1,358,600
06/03/2018	0.305938	0.338112	0.277543	0.298512	2,256	1,392,520
06/02/2018	0.310805	0.315863	0.263897	0.306053	1,861	1,414,670
06/01/2018	0.346926	0.406539	0.306877	0.310898	3,683	1,579,080
05/31/2018	0.309231	0.395780	0.307993	0.346406	349	1,407,510
05/30/2018	0.296302	0.366265	0.276532	0.309365	5,232	1,348,660
05/29/2018	0.307488	0.317441	0.282090	0.296115	4,052	1,399,570
05/28/2018	0.339364	0.365033	0.294223	0.308157	4,399	1,544,660
05/27/2018	0.354614	0.354614	0.318968	0.339340	2,165	1,614,070
05/26/2018	0.315536	0.455341	0.302716	0.354142	7,899	1,436,210
05/25/2018	0.378349	0.378971	0.302202	0.315837	2,399	1,722,110
05/24/2018	0.392892	0.399182	0.346881	0.377758	2,116	1,788,300
05/23/2018	0.430638	0.432304	0.321211	0.393932	3,931	1,960,110
05/22/2018	0.486587	0.493069	0.431125	0.431125	642	2,214,760
05/21/2018	0.523574	0.525543	0.432138	0.487084	1,524	2,383,120
05/20/2018	0.394760	0.552528	0.391022	0.522892	3,007	1,796,810
05/19/2018	0.539038	0.636567	0.392888	0.394473	265	2,453,510
05/18/2018	0.481385	0.542962	0.443767	0.539065	1,086	2,190,710
05/17/2018	0.482967	0.540026	0.467426	0.481330	3,198	2,197,900
05/16/2018	0.578977	0.579651	0.476979	0.512993	897	2,634,830
05/15/2018	0.527300	0.599590	0.495888	0.579144	12,193	2,399,660
05/14/2018	0.493877	0.546134	0.463980	0.522926	5,722	2,246,570
05/13/2018	0.476506	0.525438	0.441849	0.493998	3,489	2,167,550
05/12/2018	0.509630	0.537944	0.464702	0.476999	4,537	2,318,230
05/11/2018	0.484701	0.528000	0.465340	0.510980	3,047	2,199,980
05/10/2018	0.505805	0.575902	0.483750	0.484235	3,233	2,295,770
05/09/2018	0.510075	0.549111	0.496768	0.505847	438	2,315,150
05/08/2018	0.478053	0.604307	0.473824	0.510815	2,048	2,169,800
05/07/2018	0.561816	0.561816	0.446016	0.476395	2,550	2,549,990
05/06/2018	0.555244	0.569918	0.535122	0.561428	2,066	2,520,160
05/05/2018	0.553000	0.581640	0.531661	0.555099	5,101	2,509,980
05/04/2018	0.588685	0.628520	0.464090	0.553055	4,560	2,671,950
05/03/2018	0.603085	0.638074	0.563194	0.589725	4,601	2,737,300
05/02/2018	0.633321	0.717692	0.602287	0.603110	7,376	2,868,210
05/01/2018	0.627787	0.634497	0.578994	0.634497	3,283	2,843,140
04/30/2018	0.732650	0.734567	0.592058	0.627084	10,615	3,317,680
04/29/2018	0.636580	0.766265	0.634201	0.732815	18,036	2,882,650
04/28/2018	0.521756	0.662744	0.521069	0.636620	3,255	2,362,690
04/27/2018	0.481375	0.644650	0.473631	0.524504	14,400	2,178,420
04/26/2018	0.540927	0.575192	0.456150	0.480888	8,702	2,447,920
04/25/2018	0.616745	0.639753	0.536239	0.536548	20,394	2,791,030
04/24/2018	0.468473	0.741467	0.421151	0.618917	107,777	-
04/23/2018	0.476431	0.491061	0.468255	0.468255	50,581	-
