Date	Open	High	Low	Close	Volume	Market Cap
07/15/2018	0.032324	0.037104	0.032220	0.036500	884	168,858
07/14/2018	0.034838	0.039146	0.030486	0.032346	3,326	181,993
07/13/2018	0.037893	0.078588	0.030849	0.034775	75,921	197,951
07/12/2018	0.039298	0.039957	0.037178	0.037856	201	205,290
07/11/2018	0.035121	0.040942	0.034538	0.039306	11,822	183,474
07/10/2018	0.034609	0.043033	0.033879	0.035120	729	180,794
07/09/2018	0.041142	0.041241	0.033808	0.034634	494	214,924
07/08/2018	0.043120	0.043206	0.040569	0.041150	246	225,257
07/07/2018	0.038369	0.043313	0.038217	0.043168	53	200,438
07/06/2018	0.043570	0.043599	0.037894	0.038397	185	227,609
07/05/2018	0.041482	0.043993	0.040502	0.043577	536	216,699
07/04/2018	0.038867	0.042773	0.038274	0.041393	112	203,042
07/03/2018	0.039216	0.042719	0.038529	0.038863	1,325	204,861
07/02/2018	0.039142	0.041591	0.037031	0.039237	55	204,479
07/01/2018	0.048327	0.048580	0.038897	0.039128	1,134	252,457
06/30/2018	0.035007	0.048590	0.035007	0.048314	229	182,877
06/29/2018	0.036581	0.037287	0.033394	0.034967	969	191,099
06/28/2018	0.036105	0.039899	0.035877	0.036560	198	188,610
06/27/2018	0.038732	0.041108	0.033977	0.036078	81	202,335
06/26/2018	0.043174	0.043934	0.038711	0.038747	102	225,542
06/25/2018	0.036928	0.043376	0.035976	0.043174	47	192,912
06/24/2018	0.038721	0.038840	0.031565	0.037070	1,423	202,279
06/23/2018	0.043144	0.046599	0.038700	0.038731	1,433	223,228
06/22/2018	0.047609	0.047610	0.042406	0.043132	1,026	246,326
06/21/2018	0.050693	0.051336	0.047467	0.047623	255	262,283
06/20/2018	0.044255	0.050715	0.042773	0.050682	335	228,974
06/19/2018	0.051585	0.053850	0.043909	0.044227	641	266,900
06/18/2018	0.049710	0.052001	0.045249	0.051616	1,529	257,196
06/17/2018	0.045522	0.050326	0.041111	0.049735	636	235,530
06/16/2018	0.044619	0.050592	0.044517	0.045508	188	230,855
06/15/2018	0.045546	0.049515	0.043273	0.044768	433	235,652
06/14/2018	0.045849	0.046722	0.042441	0.045599	375	237,223
06/13/2018	0.049095	0.051737	0.044816	0.045843	985	254,015
06/12/2018	0.053064	0.054622	0.048647	0.048963	355	274,550
06/11/2018	0.049298	0.054013	0.048309	0.053084	512	255,066
06/10/2018	0.059195	0.059195	0.044950	0.049218	879	306,271
06/09/2018	0.055096	0.061358	0.055034	0.059088	392	285,063
06/08/2018	0.049851	0.055807	0.049652	0.055098	2,107	257,929
06/07/2018	0.053748	0.054947	0.049669	0.049777	856	278,092
06/06/2018	0.056285	0.059425	0.052970	0.053718	578	291,216
06/05/2018	0.055712	0.057201	0.050743	0.056320	282	288,250
06/04/2018	0.056683	0.060446	0.051444	0.055697	857	293,277
06/03/2018	0.053469	0.057381	0.052090	0.056713	761	276,649
06/02/2018	0.052748	0.059711	0.049978	0.053532	1,359	272,918
06/01/2018	0.061467	0.061798	0.051243	0.052763	2,559	318,028
05/31/2018	0.050971	0.061981	0.047711	0.061355	1,975	263,724
05/30/2018	0.056438	0.057376	0.050043	0.051542	1,320	292,011
05/29/2018	0.051877	0.059430	0.049714	0.056401	788	268,411
05/28/2018	0.065895	0.065973	0.047753	0.051999	1,802	340,941
05/27/2018	0.058718	0.073944	0.057383	0.065894	3,416	303,804
05/26/2018	0.059249	0.062325	0.054041	0.058605	118,833	306,555
05/25/2018	0.057578	0.062249	0.051029	0.059294	419	297,909
05/24/2018	0.057905	0.062504	0.054119	0.057494	894	299,599
05/23/2018	0.064366	0.068741	0.056450	0.058135	1,508	333,026
05/22/2018	0.065342	0.071637	0.059990	0.064484	3,618	338,076
05/21/2018	0.058698	0.075209	0.057568	0.065410	6,699	303,701
05/20/2018	0.057731	0.063483	0.057298	0.058623	1,730	298,698
05/19/2018	0.066545	0.068755	0.050082	0.057687	1,818	344,301
05/18/2018	0.059953	0.066181	0.058991	0.065383	1,738	310,198
05/17/2018	0.061872	0.069075	0.058471	0.059991	4,647	320,124
05/16/2018	0.062482	0.069199	0.058179	0.061817	3,069	323,280
05/15/2018	0.065347	0.072329	0.061826	0.062508	3,110	338,102
05/14/2018	0.067189	0.072776	0.057733	0.072050	6,882	347,633
05/13/2018	0.067777	0.069748	0.066180	0.067204	957	350,678
05/12/2018	0.067859	0.070774	0.060346	0.067853	1,879	351,099
05/11/2018	0.072593	0.080382	0.061736	0.067986	5,395	375,592
05/10/2018	0.081868	0.095064	0.066657	0.072537	31,535	423,583
05/09/2018	0.080884	0.095524	0.069919	0.081808	31,455	418,492
05/08/2018	0.083525	0.087083	0.067070	0.080992	12,881	432,157
05/07/2018	0.082961	0.108701	0.075810	0.083097	10,297	429,239
05/06/2018	0.097984	0.105193	0.081157	0.082867	7,412	506,965
05/05/2018	0.101725	0.117404	0.089018	0.097969	15,624	526,321
05/04/2018	0.122117	0.132122	0.100689	0.101634	56,049	631,832
05/03/2018	0.174349	0.174641	0.108236	0.122453	44,570	902,075
05/02/2018	0.109369	0.211716	0.097238	0.179363	108,906	559,309
05/01/2018	0.079112	0.138169	0.074332	0.109190	27,491	404,578
04/30/2018	0.100733	0.105874	0.078519	0.078977	15,883	515,146
04/29/2018	0.129716	0.146571	0.097073	0.100755	14,766	663,366
04/28/2018	0.153626	0.161571	0.128665	0.129702	1,429	785,637
04/27/2018	0.182242	0.184689	0.154175	0.154175	29,220	904,643
04/26/2018	0.192177	0.194306	0.158300	0.179348	31,341	944,354
04/25/2018	0.165285	0.199634	0.164297	0.190576	47,244	805,759
04/24/2018	0.145259	0.188379	0.145143	0.183666	43,199	708,132
04/23/2018	0.137555	0.153914	0.121622	0.145199	12,842	670,576
04/22/2018	0.131273	0.155146	0.129433	0.141789	10,558	639,951
04/21/2018	0.136257	0.165060	0.130945	0.133562	18,260	664,251
04/20/2018	0.166475	0.201053	0.114436	0.136233	47,765	811,559
04/19/2018	0.203397	0.229988	0.164176	0.166388	28,910	991,553
04/18/2018	0.170634	0.274537	0.160062	0.206666	126,996	831,834
04/17/2018	0.089413	0.277478	0.074037	0.159274	117,532	364,354
04/16/2018	0.064424	0.095934	0.061820	0.089380	4,697	330,052
04/15/2018	0.067826	0.072848	0.060599	0.064407	1,632	347,477
04/14/2018	0.064994	0.068247	0.056554	0.067758	340	332,972
04/13/2018	0.052143	0.066712	0.051025	0.064994	845	267,135
04/12/2018	0.055979	0.059689	0.048262	0.052061	567	286,787
04/11/2018	0.050190	0.056249	0.047057	0.056249	442	257,130
04/10/2018	0.049710	0.053476	0.048245	0.050082	1,171	254,669
04/09/2018	0.060041	0.064424	0.049383	0.049530	1,791	307,595
04/08/2018	0.050480	0.232953	0.040628	0.059900	112,926	258,617
04/07/2018	0.048273	0.056967	0.048171	0.050450	539	247,309
04/06/2018	0.048586	0.049093	0.044220	0.048262	93	248,914
04/05/2018	0.049630	0.050696	0.048244	0.048835	673	254,261
04/04/2018	0.051902	0.053894	0.048788	0.049678	383	265,899
04/03/2018	0.056751	0.059145	0.051656	0.051862	181	290,740
04/02/2018	0.045985	0.056767	0.045699	0.056709	255	235,588
04/01/2018	0.047235	0.048282	0.043029	0.045833	394	241,992
03/31/2018	0.051657	0.054244	0.046602	0.047235	503	264,646
03/30/2018	0.046589	0.053818	0.042136	0.051682	385	238,679
03/29/2018	0.048270	0.051582	0.043744	0.046716	1,661	247,290
03/28/2018	0.042515	0.049922	0.042187	0.048199	797	217,807
03/27/2018	0.056975	0.057161	0.042139	0.042510	1,219	291,887
03/26/2018	0.062692	0.063045	0.052409	0.057058	81	321,177
03/25/2018	0.073458	0.073693	0.052436	0.062754	1,728	376,331
03/24/2018	0.069665	0.079392	0.067746	0.074384	1,297	356,903
03/23/2018	0.055327	0.073003	0.050856	0.068971	6,421	283,447
03/22/2018	0.052173	0.056861	0.047840	0.055329	821	267,286
03/21/2018	0.051953	0.055686	0.046544	0.052175	1,090	266,161
03/20/2018	0.047945	0.052574	0.045321	0.051821	1,402	245,628
03/19/2018	0.042297	0.051661	0.041604	0.047416	224	216,690
03/18/2018	0.040025	0.044471	0.036565	0.042472	501	205,055
03/17/2018	0.050655	0.051158	0.039897	0.040078	981	259,513
03/16/2018	0.051311	0.054030	0.049675	0.050595	180	262,869
03/15/2018	0.051216	0.059294	0.048237	0.051359	1,721	262,382
03/14/2018	0.059095	0.064123	0.049582	0.051206	566	302,751
03/13/2018	0.059622	0.062076	0.052834	0.059080	465	305,450
03/12/2018	0.062575	0.064277	0.057501	0.059966	226	320,578
03/11/2018	0.057252	0.069541	0.055474	0.062720	2,228	293,306
03/10/2018	0.070694	0.074436	0.057284	0.057442	3,833	362,172
03/09/2018	0.060935	0.075442	0.055092	0.068912	2,888	312,178
03/08/2018	0.064130	0.083636	0.057116	0.061284	856	328,542
03/07/2018	0.067571	0.078430	0.052957	0.064222	1,813	346,173
03/06/2018	0.072729	0.079437	0.065295	0.067655	1,278	372,596
03/05/2018	0.090144	0.100882	0.067248	0.072918	807	461,817
03/04/2018	0.090525	0.101229	0.079506	0.090236	1,528	463,767
03/03/2018	0.087823	0.090644	0.075821	0.090642	1,036	449,926
03/02/2018	0.094561	0.096876	0.076828	0.087922	2,090	484,444
03/01/2018	0.086946	0.098991	0.084007	0.094732	2,867	445,433
02/28/2018	0.090697	0.097949	0.086051	0.086821	1,606	464,649
02/27/2018	0.091228	0.100015	0.085369	0.090716	4,577	467,368
02/26/2018	0.085824	0.103112	0.076845	0.086754	4,884	439,684
02/25/2018	0.077642	0.136164	0.072159	0.087841	20,717	397,765
02/24/2018	0.082329	0.088439	0.074975	0.077782	2,271	421,778
02/23/2018	0.093984	0.094812	0.079893	0.082417	2,467	481,489
02/22/2018	0.083332	0.102153	0.081227	0.093865	1,957	426,916
02/21/2018	0.094463	0.108760	0.082304	0.083434	1,665	483,942
02/20/2018	0.105224	0.113908	0.094036	0.094580	3,030	539,074
02/19/2018	0.120294	0.121162	0.100013	0.105169	3,849	616,278
02/18/2018	0.115006	0.132395	0.102286	0.120734	4,319	589,190
02/17/2018	0.097122	0.123254	0.096348	0.114746	3,271	497,566
02/16/2018	0.111819	0.117205	0.093082	0.097114	3,353	572,859
02/15/2018	0.115823	0.131652	0.110010	0.112237	2,107	593,374
02/14/2018	0.109203	0.124277	0.109203	0.115761	727	559,459
02/13/2018	0.123658	0.124208	0.106886	0.109400	1,772	633,510
02/12/2018	0.106639	0.125450	0.106639	0.115767	1,056	546,321
02/11/2018	0.122812	0.122812	0.106025	0.106025	1,786	629,177
02/10/2018	0.135846	0.144538	0.112825	0.122980	2,066	695,951
02/09/2018	0.115050	0.155237	0.104261	0.135844	6,632	589,413
02/08/2018	0.105714	0.123390	0.105612	0.114804	2,503	541,583
02/07/2018	0.103767	0.150985	0.094430	0.105985	4,358	531,611
02/06/2018	0.124367	0.133806	0.096689	0.103876	2,948	637,147
02/05/2018	0.187272	0.190362	0.104919	0.124153	22,047	959,410
02/04/2018	0.151338	0.539266	0.126684	0.189104	76,133	775,318
02/03/2018	0.147655	0.165295	0.136499	0.151308	3,542	756,451
02/02/2018	0.165968	0.165968	0.115321	0.147127	3,244	850,273
02/01/2018	0.176965	0.185967	0.137261	0.166433	8,260	906,609
01/31/2018	0.195781	0.196158	0.175675	0.176592	14,327	1,003,010
01/30/2018	0.214576	0.214576	0.183828	0.195256	13,492	1,099,290
01/29/2018	0.221368	0.282987	0.201429	0.208680	45,648	1,134,090
01/28/2018	0.235735	0.250749	0.215190	0.221609	6,824	1,207,690
01/27/2018	0.206215	0.246408	0.173566	0.234320	8,575	1,056,460
01/26/2018	0.215508	0.257411	0.199221	0.206327	6,346	1,104,070
01/25/2018	0.202629	0.248654	0.199470	0.216155	11,484	1,038,090
01/24/2018	0.191729	0.223639	0.175223	0.200319	12,789	982,247
01/23/2018	0.213765	0.239337	0.190318	0.191788	12,674	1,095,140
01/22/2018	0.237523	0.287267	0.187855	0.214154	2,862	1,216,850
01/21/2018	0.258632	0.288492	0.229487	0.235256	8,522	1,325,000
01/20/2018	0.240070	0.291353	0.226335	0.258045	7,494	1,229,900
01/19/2018	0.231674	0.263934	0.229796	0.238008	11,260	1,186,890
01/18/2018	0.264709	0.334005	0.236105	0.241985	19,820	1,356,130
01/17/2018	0.249821	0.333267	0.219105	0.262695	26,075	1,279,860
01/16/2018	0.378842	0.381740	0.221207	0.251060	16,770	1,940,850
01/15/2018	0.345760	0.415170	0.333428	0.374639	32,768	1,771,360
01/14/2018	0.400759	0.425590	0.293523	0.347346	89,055	2,053,130
01/13/2018	0.527084	0.577187	0.379091	0.388715	58,348	2,700,300
01/12/2018	0.456119	0.621876	0.421735	0.527484	52,754	2,336,740
01/11/2018	0.660785	0.664207	0.445981	0.505490	40,994	3,385,260
01/10/2018	0.680275	0.822634	0.554569	0.661857	86,087	3,485,120
01/09/2018	0.730230	0.996132	0.607201	0.679504	147,673	3,302,900
01/08/2018	0.660358	0.759434	0.494017	0.732920	116,167	2,986,870
01/07/2018	0.365786	0.699626	0.310588	0.659173	156,901	1,654,490
01/06/2018	0.398759	0.433418	0.321008	0.365999	44,342	1,803,630
01/05/2018	0.429924	0.455818	0.378775	0.398033	61,406	1,944,590
01/04/2018	0.475158	0.497480	0.376591	0.422636	108,696	2,149,190
01/03/2018	0.625161	0.653021	0.439252	0.468465	185,448	2,827,660
01/02/2018	0.809527	0.859932	0.582711	0.605347	326,454	3,580,620
01/01/2018	1.09	1.09	0.678746	0.805416	395,768	4,584,540
12/31/2017	0.930847	1.21	0.918666	1.08	496,573	3,931,060
12/30/2017	1.20	1.56	0.982355	0.982355	449,939	4,844,180
12/29/2017	1.51	2.00	1.01	1.30	474,572	5,943,390
12/28/2017	1.27	1.71	1.00	1.57	317,080	4,708,390
12/27/2017	1.25	1.60	1.14	1.28	153,336	4,123,950
12/26/2017	1.05	1.44	1.02	1.32	108,964	3,461,190
12/25/2017	0.990406	1.75	0.850325	1.02	266,743	3,261,500
12/24/2017	0.729830	1.12	0.565522	0.958575	166,403	2,184,450
12/23/2017	1.52	1.59	0.581593	0.722886	162,567	4,550,800
12/22/2017	1.83	2.02	1.37	1.51	166,210	5,487,240
12/21/2017	1.97	2.52	1.69	1.85	510,077	5,910,250
12/20/2017	0.316035	3.00	0.218203	1.95	1,582,210	882,718
12/19/2017	0.288883	0.392208	0.209069	0.316131	97,754	749,102
12/18/2017	0.221474	0.296880	0.190633	0.289373	9,344	574,304
12/17/2017	0.215751	0.230458	0.193410	0.221758	2,098	559,464
12/16/2017	0.233123	0.277645	0.210152	0.215149	1,301	604,510
12/15/2017	0.321276	0.330473	0.166946	0.232688	5,541	833,100
12/14/2017	0.325186	0.352900	0.310043	0.320977	1,511	843,240
12/13/2017	0.323574	0.338949	0.260537	0.325387	2,987	839,058
12/12/2017	0.257256	0.325556	0.218744	0.323259	7,071	667,090
12/11/2017	0.232099	0.268054	0.202989	0.258904	21,995	601,857
12/10/2017	0.298317	0.298317	0.201580	0.231839	1,521	773,566
12/09/2017	0.240296	0.315421	0.216855	0.297359	3,636	623,110
12/08/2017	0.226854	0.269340	0.191017	0.240302	25,019	588,256
12/07/2017	0.304750	0.315253	0.189639	0.226522	12,626	790,248
12/06/2017	0.247711	0.310478	0.236944	0.305800	4,196	642,340
12/05/2017	0.291030	0.567449	0.247627	0.248151	12,266	754,669
12/04/2017	0.172917	0.379882	0.167158	0.290860	18,754	448,392
12/03/2017	0.116772	0.242818	0.115149	0.172595	5,703	302,801
12/02/2017	0.163949	0.163949	0.106995	0.116731	5,226	425,137
12/01/2017	0.137168	0.187508	0.098669	0.163955	1,813	355,690
11/30/2017	0.138106	0.171660	0.117106	0.137529	1,485	358,123
11/29/2017	0.212693	0.216438	0.125791	0.136328	5,175	551,534
11/28/2017	0.276742	0.758560	0.191010	0.212833	20,008	717,620
11/27/2017	0.285326	0.321138	0.163843	0.273410	15,548	739,877
11/26/2017	0.197704	0.321531	0.190904	0.285397	14,097	512,666
11/25/2017	0.318659	0.326128	0.181275	0.197697	15,577	826,315
11/24/2017	0.197601	0.323717	0.151625	0.318715	23,095	-
11/23/2017	0.266382	0.296219	0.179903	0.268493	2,542	-
11/22/2017	0.213731	0.348833	0.182638	0.348833	11,442	-
11/21/2017	0.198255	0.217320	0.135474	0.213454	3,755	-
11/20/2017	0.235431	0.281038	0.157383	0.198567	18,494	-
11/19/2017	0.280757	0.281688	0.083112	0.235689	26,518	-
11/18/2017	0.368677	0.407812	0.177578	0.233214	8,606	-
11/17/2017	0.449401	0.451902	0.346244	0.369242	6,364	-
11/16/2017	0.483181	0.509245	0.412760	0.449811	2,218	-
11/15/2017	0.466342	0.559657	0.396093	0.483235	7,315	-
11/14/2017	0.431900	0.475873	0.390794	0.466088	1,929	-
11/13/2017	0.477697	0.495634	0.412923	0.431919	2,140	-
11/12/2017	0.450075	0.494333	0.392212	0.476939	4,379	-
11/11/2017	0.486173	0.537279	0.429171	0.450024	12,165	-
11/10/2017	0.366688	0.523006	0.365476	0.487575	5,913	-
11/09/2017	0.511355	0.575437	0.363534	0.366512	8,880	-
11/08/2017	0.534855	0.585540	0.475262	0.514124	5,640	-
11/07/2017	0.615090	0.615856	0.471345	0.535233	4,803	-
11/06/2017	0.488912	0.617399	0.484169	0.614175	9,706	-
11/05/2017	0.598103	0.605009	0.466236	0.488442	6,022	-
11/04/2017	0.468410	0.771514	0.426641	0.597341	43,133	-
11/03/2017	0.506788	0.514841	0.384818	0.468334	4,629	-
11/02/2017	0.443066	0.510115	0.411319	0.504439	5,265	-
11/01/2017	0.558659	0.560828	0.448101	0.451676	8,289	-
10/31/2017	0.515288	0.610216	0.466214	0.559691	8,652	-
10/30/2017	0.603793	0.617022	0.372112	0.515018	9,662	-
10/29/2017	0.510064	0.615275	0.509083	0.605847	6,778	-
10/28/2017	0.511558	0.536486	0.502980	0.510292	4,245	-
10/27/2017	0.545430	0.557275	0.487786	0.511098	8,089	-
10/26/2017	0.554142	0.641725	0.489881	0.545705	19,358	-
10/25/2017	0.575818	0.690317	0.531062	0.555332	11,138	-
10/24/2017	0.743300	0.812032	0.574938	0.575309	31,848	-
10/23/2017	1.03	1.03	0.658255	0.743804	18,182	-
10/22/2017	0.615771	1.16	0.583969	1.03	43,842	-
10/21/2017	0.675150	0.747947	0.582161	0.615788	37,011	-
10/20/2017	0.734242	1.11	0.618972	0.676037	22,094	-
10/19/2017	0.992714	1.08	0.654572	0.734806	12,815	-
10/18/2017	0.890587	1.22	0.606154	0.995029	19,605	-
10/17/2017	1.10	1.10	0.770339	0.891644	30,789	-
10/16/2017	1.20	1.26	1.07	1.10	9,332	-
10/15/2017	1.46	1.47	1.09	1.20	13,851	-
10/14/2017	1.68	1.70	1.06	1.45	37,793	-
10/13/2017	1.17	2.16	0.960238	1.68	64,705	-
10/12/2017	0.971527	2.06	0.941305	1.17	47,503	-
10/11/2017	1.48	1.76	0.826770	0.965664	98,858	-
10/10/2017	2.71	2.72	1.14	1.48	36,380	-
10/09/2017	2.60	2.79	2.59	2.78	21,319	-
