Date	Open	High	Low	Close	Volume	Market Cap
07/15/2018	0.005826	0.006160	0.005820	0.006066	263,428	36,557,700
07/14/2018	0.005930	0.005965	0.005649	0.005827	78,809	37,207,400
07/13/2018	0.005553	0.006062	0.005425	0.005922	318,548	34,841,900
07/12/2018	0.005750	0.005928	0.005381	0.005477	705,452	36,081,800
07/11/2018	0.006084	0.006114	0.005665	0.005922	860,134	38,177,700
07/10/2018	0.006180	0.006327	0.006040	0.006083	718,462	38,782,000
07/09/2018	0.006355	0.006560	0.006042	0.006327	1,261,370	39,874,600
07/08/2018	0.006492	0.006874	0.006197	0.006214	1,265,060	40,738,200
07/07/2018	0.006492	0.006495	0.006219	0.006413	767,763	40,737,700
07/06/2018	0.005944	0.006516	0.005944	0.006420	1,026,590	37,299,200
07/05/2018	0.006374	0.006381	0.005797	0.006047	1,235,320	39,998,300
07/04/2018	0.006430	0.006558	0.005999	0.006368	1,134,040	40,348,500
07/03/2018	0.006043	0.006897	0.006001	0.006431	1,243,460	37,921,000
07/02/2018	0.005322	0.006056	0.005253	0.006056	1,063,980	33,395,600
07/01/2018	0.005521	0.005817	0.005229	0.005334	505,624	34,642,100
06/30/2018	0.004646	0.005533	0.004496	0.005520	376,428	29,150,900
06/29/2018	0.004609	0.004717	0.004423	0.004643	792,217	28,920,400
06/28/2018	0.004745	0.004788	0.004524	0.004527	544,402	29,776,800
06/27/2018	0.004586	0.004778	0.004459	0.004745	619,761	28,775,000
06/26/2018	0.004911	0.004927	0.004376	0.004585	749,621	30,814,600
06/25/2018	0.004753	0.004972	0.004616	0.004756	982,694	29,821,900
06/24/2018	0.005101	0.005142	0.004508	0.004755	1,165,580	32,007,800
06/23/2018	0.005265	0.005391	0.005083	0.005102	149,333	33,039,100
06/22/2018	0.006294	0.006352	0.005263	0.005265	1,318,280	39,496,500
06/21/2018	0.005729	0.006295	0.005729	0.006295	994,079	35,950,200
06/20/2018	0.005904	0.005921	0.005378	0.005730	1,332,340	37,046,200
06/19/2018	0.005994	0.006238	0.005843	0.005909	1,912,540	37,613,600
06/18/2018	0.005915	0.006033	0.005873	0.005995	1,473,260	37,116,100
06/17/2018	0.006007	0.006104	0.005888	0.005918	703,120	37,695,100
06/16/2018	0.006010	0.006118	0.005890	0.006005	1,150,290	37,714,300
06/15/2018	0.006061	0.006226	0.005920	0.006015	1,521,990	38,034,700
06/14/2018	0.005983	0.006239	0.005876	0.006056	2,149,820	37,544,600
06/13/2018	0.006344	0.006410	0.005889	0.005983	1,986,670	39,805,100
06/12/2018	0.006684	0.006954	0.006234	0.006336	1,404,330	41,941,900
06/11/2018	0.005826	0.006775	0.005515	0.006736	533,011	36,555,300
06/10/2018	0.007154	0.007353	0.005419	0.005862	1,223,080	44,891,900
06/09/2018	0.007784	0.008273	0.007119	0.007119	1,195,320	48,842,500
06/08/2018	0.008602	0.008745	0.007553	0.007786	1,086,320	53,977,100
06/07/2018	0.008503	0.008733	0.008256	0.008595	912,799	53,355,800
06/06/2018	0.008837	0.008923	0.008351	0.008499	409,588	55,454,800
06/05/2018	0.008722	0.009057	0.008344	0.008857	487,744	54,730,400
06/04/2018	0.009132	0.009154	0.008621	0.008719	457,190	57,301,700
06/03/2018	0.008948	0.009297	0.008921	0.009071	716,845	56,147,900
06/02/2018	0.008922	0.009181	0.008753	0.009073	452,333	55,982,000
06/01/2018	0.009173	0.009263	0.008766	0.009039	507,915	57,559,600
05/31/2018	0.008982	0.009381	0.008726	0.009166	906,908	56,362,400
05/30/2018	0.009173	0.009707	0.008698	0.008942	802,624	57,563,200
05/29/2018	0.008688	0.009203	0.008249	0.009168	303,532	54,515,700
05/28/2018	0.009250	0.009425	0.008531	0.008747	712,711	58,045,900
05/27/2018	0.009078	0.009351	0.008752	0.009248	430,952	56,966,300
05/26/2018	0.008808	0.009557	0.008520	0.008959	413,266	55,271,200
05/25/2018	0.009158	0.009368	0.008480	0.008818	808,064	57,465,800
05/24/2018	0.008697	0.009994	0.008106	0.009144	1,840,780	54,570,300
05/23/2018	0.009119	0.009273	0.008300	0.008716	918,422	57,224,100
05/22/2018	0.009976	0.010047	0.009049	0.009128	911,269	62,599,300
05/21/2018	0.010699	0.010762	0.009915	0.009915	815,421	67,136,100
05/20/2018	0.010255	0.011010	0.009991	0.010689	744,280	64,351,200
05/19/2018	0.010760	0.011298	0.010170	0.010284	1,437,380	67,520,700
05/18/2018	0.011425	0.011425	0.009772	0.010761	2,324,550	71,690,400
05/17/2018	0.009257	0.012150	0.009225	0.011339	2,385,520	58,089,200
05/16/2018	0.009431	0.009545	0.008827	0.009320	941,324	59,182,000
05/15/2018	0.009813	0.010201	0.009292	0.009439	1,991,470	61,577,600
05/14/2018	0.010317	0.010569	0.009194	0.009897	1,872,760	64,739,300
05/13/2018	0.009850	0.010602	0.009777	0.010319	937,006	61,810,900
05/12/2018	0.009250	0.010779	0.008415	0.009661	1,541,890	58,045,100
05/11/2018	0.010489	0.011155	0.008919	0.009596	3,090,520	65,817,900
05/10/2018	0.011824	0.012271	0.010395	0.010395	3,225,370	74,194,800
05/09/2018	0.012529	0.012533	0.011226	0.011826	1,708,740	78,619,900
05/08/2018	0.012665	0.013175	0.012115	0.012510	1,464,250	79,469,900
05/07/2018	0.013504	0.013518	0.012334	0.012639	1,116,800	84,740,200
05/06/2018	0.014298	0.014408	0.013247	0.013497	873,792	89,720,200
05/05/2018	0.013507	0.014702	0.013507	0.014291	1,534,020	84,753,200
05/04/2018	0.014809	0.014809	0.013160	0.013510	2,092,850	92,923,300
05/03/2018	0.013906	0.015114	0.012974	0.014769	5,407,570	87,257,700
05/02/2018	0.013585	0.014200	0.013371	0.014087	3,398,850	85,244,400
05/01/2018	0.014774	0.015005	0.013526	0.013743	4,162,240	92,707,800
04/30/2018	0.017006	0.018079	0.014648	0.014798	9,078,050	106,712,000
04/29/2018	0.015628	0.017035	0.015428	0.016936	7,082,700	98,067,400
04/28/2018	0.015268	0.016715	0.015015	0.015552	4,344,100	95,803,300
04/27/2018	0.017477	0.017477	0.015272	0.015384	6,195,390	109,666,000
04/26/2018	0.014598	0.019049	0.013127	0.017541	12,555,400	91,601,800
04/25/2018	0.016326	0.016699	0.013926	0.014486	5,502,550	102,447,000
04/24/2018	0.015961	0.017476	0.014798	0.016502	9,888,060	100,156,000
04/23/2018	0.017373	0.017507	0.015590	0.015978	6,340,100	109,013,000
04/22/2018	0.017319	0.018241	0.016675	0.017523	3,879,140	108,678,000
04/21/2018	0.020096	0.020110	0.015375	0.017711	12,090,500	126,103,000
04/20/2018	0.019266	0.020067	0.018009	0.020020	7,946,930	120,892,000
04/19/2018	0.018237	0.019760	0.017921	0.019337	6,852,620	114,437,000
04/18/2018	0.015948	0.018558	0.015796	0.018224	5,420,280	100,073,000
04/17/2018	0.015692	0.018319	0.015368	0.015796	7,195,040	98,468,800
04/16/2018	0.015279	0.015849	0.014423	0.015754	3,883,550	95,876,700
04/15/2018	0.013551	0.015332	0.013431	0.015284	3,896,870	85,032,600
04/14/2018	0.012951	0.013665	0.012611	0.013477	1,620,370	81,264,600
04/13/2018	0.013705	0.013887	0.012306	0.012820	5,108,490	85,995,700
04/12/2018	0.009892	0.013729	0.008210	0.013449	11,858,200	62,069,900
04/11/2018	0.010142	0.010301	0.009450	0.009913	1,824,590	63,638,400
04/10/2018	0.009996	0.010450	0.009599	0.010132	1,510,840	62,723,100
04/09/2018	0.010860	0.011203	0.009930	0.009986	1,580,040	68,146,800
04/08/2018	0.010369	0.011066	0.010369	0.010786	996,244	65,063,500
04/07/2018	0.009539	0.010669	0.009519	0.010303	1,364,430	59,853,900
04/06/2018	0.009938	0.009998	0.008584	0.009529	2,845,090	62,359,800
04/05/2018	0.010518	0.010577	0.009672	0.009992	3,767,200	65,999,100
04/04/2018	0.011873	0.011873	0.010346	0.010573	1,755,990	74,505,000
04/03/2018	0.011150	0.011998	0.010836	0.011878	1,834,820	69,965,300
04/02/2018	0.011387	0.011887	0.010104	0.011142	4,088,900	71,454,300
04/01/2018	0.011640	0.012017	0.010304	0.011395	2,244,460	73,039,400
03/31/2018	0.011226	0.012155	0.011171	0.011640	1,732,290	70,444,700
03/30/2018	0.012375	0.012375	0.009884	0.011226	6,174,140	77,650,900
03/29/2018	0.013933	0.014238	0.012038	0.012401	3,888,290	87,427,800
03/28/2018	0.013898	0.014740	0.013310	0.013982	3,643,460	87,208,600
03/27/2018	0.014006	0.014466	0.013102	0.013900	4,079,740	87,884,800
03/26/2018	0.015662	0.016160	0.012716	0.013955	10,093,900	98,275,500
03/25/2018	0.012059	0.015706	0.011316	0.015706	7,219,340	75,671,900
03/24/2018	0.009941	0.013573	0.009835	0.012332	5,467,440	62,377,100
03/23/2018	0.009185	0.009932	0.008726	0.009883	1,601,890	57,634,300
03/22/2018	0.009387	0.009754	0.008480	0.009247	909,902	58,905,900
03/21/2018	0.010234	0.010566	0.009227	0.009454	1,280,430	64,218,100
03/20/2018	0.009928	0.010494	0.009203	0.010210	1,248,420	62,300,400
03/19/2018	0.010075	0.010236	0.008590	0.009838	1,764,850	63,216,900
03/18/2018	0.008405	0.009647	0.005825	0.009015	2,247,500	52,738,300
03/17/2018	0.010263	0.010420	0.008198	0.008477	1,132,660	64,400,300
03/16/2018	0.010281	0.010841	0.009852	0.010276	639,535	64,510,700
03/15/2018	0.011188	0.011435	0.009623	0.010354	1,949,540	-
03/14/2018	0.013674	0.014089	0.010827	0.011347	2,076,860	-
03/13/2018	0.014526	0.014648	0.013278	0.013690	1,218,110	-
03/12/2018	0.015163	0.015812	0.013610	0.014524	1,698,800	-
03/11/2018	0.013910	0.015406	0.013274	0.015194	1,423,180	-
03/10/2018	0.015212	0.016416	0.013625	0.013759	1,527,100	-
03/09/2018	0.013306	0.015299	0.012136	0.015208	3,740,640	-
03/08/2018	0.014175	0.015125	0.012821	0.013273	2,312,840	-
03/07/2018	0.019405	0.019548	0.013066	0.014195	6,701,350	-
03/06/2018	0.022296	0.022343	0.019082	0.019419	4,649,070	-
03/05/2018	0.026472	0.026792	0.021612	0.022640	5,601,910	-
03/04/2018	0.021422	0.027193	0.021275	0.026483	6,757,530	-
