Date	Open	High	Low	Close	Volume	Market Cap
07/15/2018	0.680773	0.777019	0.679283	0.741288	18,093	6,696,790
07/14/2018	0.692454	0.702129	0.674316	0.680913	3,943	6,811,690
07/13/2018	0.627124	0.709181	0.599679	0.693999	26,960	6,169,040
07/12/2018	0.639771	0.661661	0.582586	0.624471	13,909	6,293,450
07/11/2018	0.619384	0.657965	0.560944	0.641837	15,513	6,092,900
07/10/2018	0.675921	0.735374	0.619053	0.619106	4,929	6,649,060
07/09/2018	0.671031	0.758950	0.669227	0.683709	26,888	6,600,950
07/08/2018	0.644173	0.677988	0.641263	0.670877	33,011	6,336,750
07/07/2018	0.614638	0.644525	0.611673	0.644525	55,740	6,046,210
07/06/2018	0.690760	0.690760	0.607690	0.615502	28,480	6,795,030
07/05/2018	0.608339	0.709356	0.589041	0.691247	31,370	5,984,250
07/04/2018	0.592679	0.612688	0.547667	0.607059	26,016	5,830,200
07/03/2018	0.647729	0.672303	0.589867	0.592336	22,936	6,371,730
07/02/2018	0.638294	0.683348	0.620224	0.649366	28,206	6,278,920
07/01/2018	0.729179	0.729877	0.586069	0.639039	23,850	7,172,960
06/30/2018	0.686909	0.774309	0.576015	0.729248	97,022	6,757,150
06/29/2018	0.772857	0.776637	0.550891	0.686081	80,292	7,602,620
06/28/2018	1.47	1.47	0.753697	0.772406	164,678	14,494,900
06/27/2018	0.785265	1.47	0.698779	1.47	190,286	7,724,680
06/26/2018	0.688317	0.801572	0.671774	0.785889	109,671	6,771,000
06/25/2018	0.687094	0.702693	0.446850	0.688213	144,073	6,758,960
06/24/2018	0.710078	0.710336	0.416361	0.687864	111,991	6,985,060
06/23/2018	0.773481	0.786695	0.698666	0.710509	120,668	7,608,760
06/22/2018	0.820276	0.842360	0.644049	0.773596	209,262	8,069,080
06/21/2018	0.866527	0.870116	0.726798	0.820916	262,142	8,524,060
06/20/2018	0.795577	0.867691	0.660004	0.866361	208,868	7,826,120
06/19/2018	0.678720	0.861043	0.494057	0.795229	207,202	6,676,590
06/18/2018	0.648152	0.704460	0.458057	0.678870	100,446	6,375,890
06/17/2018	0.651060	0.838503	0.648897	0.650208	90,546	6,404,500
06/16/2018	0.842434	0.849698	0.639168	0.649653	215,806	8,287,050
06/15/2018	0.657115	0.891701	0.415339	0.845437	189,595	6,464,070
06/14/2018	0.626927	0.658331	0.576779	0.658316	126,331	6,167,110
06/13/2018	0.716813	0.720086	0.609388	0.627572	134,950	7,051,310
06/12/2018	0.750721	0.751683	0.611676	0.715198	128,338	7,384,860
06/11/2018	0.883711	0.889838	0.667152	0.751167	167,817	8,693,090
06/10/2018	0.961483	2.15	0.747483	0.882512	161,038	9,458,140
06/09/2018	0.911778	0.987919	0.802112	0.960538	228,372	8,969,190
06/08/2018	0.865203	0.930875	0.702169	0.913538	282,247	8,511,030
06/07/2018	1.14	1.15	0.833778	0.871611	305,604	11,182,900
06/06/2018	1.10	1.14	0.516744	1.14	263,346	10,849,700
06/05/2018	1.12	1.12	0.898922	1.10	201,243	11,034,000
06/04/2018	1.24	1.27	0.968325	1.12	273,259	12,148,800
06/03/2018	1.28	1.42	1.02	1.23	192,626	12,570,000
06/02/2018	1.82	2.15	1.02	1.28	372,268	17,864,900
06/01/2018	0.756431	9.42	0.756234	7.94	276,392	7,441,040
05/31/2018	0.718383	0.761881	0.716878	0.755350	7,808	7,066,760
05/30/2018	0.710729	0.780464	0.710233	0.717814	10,056	6,991,470
05/29/2018	0.730316	0.764539	0.627241	0.711121	10,650	7,184,140
05/28/2018	0.719624	0.753135	0.706453	0.730469	7,847	7,078,960
05/27/2018	0.767167	0.775570	0.700960	0.719497	18,473	7,546,640
05/26/2018	0.787037	0.791302	0.766742	0.766742	14,505	7,742,110
05/25/2018	0.742967	6.63	0.678707	0.786279	26,477	7,308,590
05/24/2018	0.584685	0.763145	0.563633	0.744500	53,630	5,751,560
05/23/2018	0.751213	0.826735	0.580591	0.583970	11,787	7,389,710
05/22/2018	0.866153	0.918827	0.747672	0.751920	9,508	8,520,380
05/21/2018	0.769905	0.904422	0.767045	0.866117	13,710	7,573,580
05/20/2018	0.831135	0.831135	0.768263	0.768617	1,418	8,175,900
05/19/2018	0.828216	0.906777	0.768535	0.830343	3,181	8,147,190
05/18/2018	0.720187	0.865072	0.706405	0.828817	15,729	7,084,500
05/17/2018	0.811925	0.851154	0.713113	0.718526	3,830	7,986,930
05/16/2018	0.825979	0.825979	0.782394	0.811200	261	8,125,190
05/15/2018	0.873503	0.963383	0.794232	0.826994	4,443	8,592,680
05/14/2018	0.771847	0.877067	0.723570	0.874503	7,192	7,592,690
05/13/2018	0.854037	0.867132	0.729723	0.772861	3,958	8,401,190
05/12/2018	0.793378	0.870741	0.675441	0.849392	7,311	7,804,480
05/11/2018	0.798455	0.882246	0.727932	0.796507	45,435	7,854,430
05/10/2018	0.930833	0.968536	0.798690	0.798690	7,727	9,156,630
05/09/2018	1.15	1.15	0.870436	0.929638	4,425	11,324,800
05/08/2018	0.832567	1.15	0.832567	1.15	23,018	8,189,990
05/07/2018	1.08	1.08	0.645163	0.831329	11,356	10,597,000
05/06/2018	0.939189	1.09	0.921576	1.08	4,195	9,238,840
05/05/2018	1.10	1.13	0.926397	0.940106	6,198	10,800,200
05/04/2018	1.21	1.25	1.04	1.10	19,392	11,938,000
05/03/2018	1.06	1.32	1.03	1.21	10,954	10,415,100
05/02/2018	1.30	1.31	1.06	1.06	40,804	12,837,300
05/01/2018	1.31	1.34	1.07	1.31	18,530	12,905,300
04/30/2018	1.14	1.55	1.14	1.31	27,684	11,252,200
04/29/2018	0.962111	1.50	0.962111	1.14	35,414	9,464,320
04/28/2018	0.924486	1.04	0.920717	0.962425	3,538	9,094,200
04/27/2018	1.13	1.15	0.928176	0.928176	3,880	11,073,900
04/26/2018	0.895546	1.13	0.809862	1.13	5,544	8,809,520
04/25/2018	1.27	1.27	0.807918	0.893424	29,087	12,451,000
04/24/2018	1.19	1.39	1.14	1.26	11,560	11,755,000
04/23/2018	1.09	1.20	1.07	1.19	16,275	10,695,700
04/22/2018	1.26	1.26	1.09	1.09	1,211	12,411,400
04/21/2018	1.25	1.27	1.20	1.26	16,031	12,330,500
04/20/2018	1.08	1.33	1.02	1.24	51,762	10,630,400
04/19/2018	0.778307	1.36	0.763847	1.08	71,946	7,656,240
04/18/2018	0.678192	0.809715	0.677692	0.777940	1,438	6,671,400
04/17/2018	0.681533	0.793333	0.667681	0.677719	3,389	6,704,260
04/16/2018	0.896142	0.897538	0.664039	0.681026	15,305	8,815,380
04/15/2018	0.818302	0.913068	0.802618	0.895475	7,843	8,049,660
04/14/2018	0.813421	0.833360	0.704325	0.820392	1,431	8,001,640
04/13/2018	0.712730	0.865334	0.663145	0.815437	11,464	7,011,150
04/12/2018	0.720646	0.753149	0.643057	0.711427	7,359	7,089,020
04/11/2018	0.720720	0.737550	0.644709	0.719907	7,712	7,089,740
04/10/2018	0.733878	0.741332	0.640294	0.717955	3,907	7,219,180
04/09/2018	0.822744	0.828703	0.655439	0.732141	11,582	8,093,360
04/08/2018	0.680248	0.826094	0.674146	0.822312	8,664	6,691,620
04/07/2018	0.711953	0.743594	0.677364	0.679471	206	7,003,500
04/06/2018	0.707977	0.727553	0.623884	0.711622	5,802	6,964,400
04/05/2018	0.684558	0.931409	0.597145	0.709721	13,730	6,734,020
04/04/2018	0.828745	0.828745	0.513249	0.683717	7,796	8,152,400
04/03/2018	0.708391	0.929749	0.708391	0.827955	8,709	6,968,470
04/02/2018	0.515458	0.737388	0.515458	0.708248	10,578	5,070,570
04/01/2018	0.640934	0.648032	0.511336	0.515953	3,789	6,304,890
03/31/2018	0.608536	0.754389	0.592500	0.640126	13,237	5,986,190
03/30/2018	0.574783	0.623871	0.545637	0.610169	1,868	5,654,160
03/29/2018	0.703284	0.753419	0.556202	0.574412	775	6,918,230
03/28/2018	0.724030	0.829492	0.593060	0.703502	2,742	7,122,310
03/27/2018	0.591347	0.756738	0.546326	0.724464	4,482	5,817,100
03/26/2018	0.726620	0.734169	0.558529	0.592558	6,924	7,147,790
03/25/2018	0.681652	0.866837	0.649216	0.728014	8,983	6,705,430
03/24/2018	0.728852	0.740664	0.604163	0.683403	1,041	7,169,740
03/23/2018	0.691058	0.725949	0.661012	0.725949	520	6,797,960
03/22/2018	0.716715	0.764688	0.675983	0.691507	922	7,050,350
03/21/2018	0.738102	0.767227	0.694319	0.714472	1,046	7,260,740
03/20/2018	0.641372	0.806409	0.616664	0.740191	5,172	6,309,190
03/19/2018	0.585352	0.643296	0.570750	0.640930	2,713	5,758,120
03/18/2018	0.742618	0.742618	0.507606	0.586538	5,223	7,305,160
03/17/2018	0.604953	0.786004	0.584877	0.742959	4,521	5,950,940
03/16/2018	0.691387	0.845134	0.608001	0.608001	8,811	6,801,200
03/15/2018	0.759317	0.897993	0.682572	0.692068	4,637	7,469,430
03/14/2018	0.773245	1.13	0.633762	0.759699	28,133	7,606,440
03/13/2018	0.776068	0.795386	0.712957	0.770076	1,890	7,634,210
03/12/2018	0.907220	0.960787	0.739070	0.777071	819	8,924,350
03/11/2018	0.782259	0.915795	0.731053	0.906946	1,647	7,695,110
03/10/2018	0.742108	0.964539	0.704308	0.784589	15,445	7,300,140
03/09/2018	0.687539	0.743145	0.652096	0.741500	1,259	6,763,350
03/08/2018	0.852804	0.872435	0.626110	0.687225	7,189	8,389,060
03/07/2018	0.905085	0.928523	0.734978	0.854704	2,927	8,903,360
03/06/2018	1.23	1.23	0.905358	0.906524	5,643	12,119,000
03/05/2018	1.19	1.28	1.12	1.23	3,095	11,658,900
03/04/2018	1.23	1.28	1.13	1.18	11,732	12,080,600
03/03/2018	1.54	1.58	0.872621	1.23	12,592	15,191,900
03/02/2018	0.841489	1.55	0.772922	1.54	42,764	8,277,760
03/01/2018	0.852421	0.921772	0.840678	0.843320	954	8,385,300
02/28/2018	0.896074	0.928818	0.836164	0.849274	1,485	8,814,710
02/27/2018	0.935049	0.981486	0.826235	0.897012	4,985	9,198,110
02/26/2018	0.937161	0.980017	0.900701	0.935018	1,397	9,218,890
02/25/2018	0.937752	0.954883	0.907044	0.935980	2,906	9,224,700
02/24/2018	0.855185	0.973298	0.854653	0.939537	5,109	8,412,480
02/23/2018	0.985339	1.03	0.827188	0.856086	5,360	9,692,810
02/22/2018	1.01	1.05	0.903662	0.982014	4,510	9,940,000
02/21/2018	0.910366	1.03	0.888234	1.01	13,632	8,955,300
02/20/2018	1.05	1.09	0.904578	0.910289	11,312	10,289,400
02/19/2018	1.22	1.44	1.04	1.05	4,594	11,975,000
02/18/2018	1.22	1.45	1.00	1.22	25,265	11,988,900
02/17/2018	1.19	1.24	1.04	1.22	9,179	11,697,600
02/16/2018	1.22	1.25	0.890313	1.19	2,091	12,047,400
02/15/2018	1.20	1.28	1.08	1.23	2,840	11,824,200
02/14/2018	1.07	1.21	1.01	1.20	33,799	10,534,500
02/13/2018	1.14	1.15	1.02	1.07	4,139	11,227,200
02/12/2018	1.03	1.15	1.03	1.14	1,417	10,129,600
02/11/2018	1.01	1.08	0.951712	1.02	1,103	9,984,480
02/10/2018	1.13	1.24	0.968252	1.02	5,387	11,156,700
02/09/2018	0.986767	1.26	0.864572	1.13	21,596	9,706,860
02/08/2018	0.901865	1.02	0.851905	0.990542	1,434	8,871,680
02/07/2018	1.23	1.25	0.898825	0.903375	12,844	12,061,500
02/06/2018	0.992345	1.98	0.754792	1.23	41,511	9,761,730
02/05/2018	0.991588	1.21	0.885727	0.993789	122,421	9,754,290
02/04/2018	1.62	1.62	0.944308	0.997512	9,070	15,930,600
02/03/2018	1.22	1.62	1.13	1.62	9,341	12,032,300
02/02/2018	1.43	1.43	0.948849	1.22	11,191	14,105,200
02/01/2018	1.46	1.50	1.18	1.44	3,959	14,402,300
01/31/2018	1.43	1.60	1.35	1.46	1,486	14,019,900
01/30/2018	1.82	1.83	1.41	1.43	7,004	17,947,600
01/29/2018	2.06	2.13	1.65	1.83	44,149	20,256,000
01/28/2018	2.02	2.26	1.86	2.06	21,197	19,827,900
01/27/2018	2.08	2.16	1.72	2.01	13,474	20,505,400
01/26/2018	2.37	2.40	2.01	2.08	14,793	23,326,100
01/25/2018	2.37	2.64	2.04	2.36	6,403	23,330,400
01/24/2018	2.01	2.99	1.91	2.36	18,677	19,797,100
01/23/2018	2.06	2.47	1.80	2.02	8,227	20,292,600
01/22/2018	2.43	2.52	1.85	2.08	12,385	23,951,600
01/21/2018	2.28	2.43	1.71	2.43	19,653	22,446,500
01/20/2018	2.76	3.39	2.28	2.28	43,474	27,110,200
01/19/2018	1.72	3.20	1.48	2.73	53,573	16,934,600
01/18/2018	1.86	2.19	1.62	1.72	20,670	18,301,000
01/17/2018	1.75	1.96	1.36	1.88	36,472	17,247,900
01/16/2018	2.62	2.62	1.47	1.75	25,897	25,760,800
01/15/2018	2.36	2.72	2.24	2.61	20,860	23,256,800
01/14/2018	2.72	2.72	2.30	2.37	40,882	26,752,500
01/13/2018	2.38	2.72	2.24	2.72	49,712	23,415,300
01/12/2018	2.40	2.51	2.13	2.39	16,302	23,564,400
01/11/2018	2.38	2.48	1.62	2.38	51,317	23,456,500
01/10/2018	2.57	3.35	1.68	2.38	114,614	25,275,400
01/09/2018	2.68	3.73	1.88	2.57	176,622	26,338,000
01/08/2018	0.897627	3.45	0.565882	3.01	187,582	8,829,980
01/07/2018	1.25	1.31	0.719520	1.10	20,149	12,327,400
01/06/2018	1.11	1.40	0.956737	1.26	10,304	10,908,200
01/05/2018	0.735885	1.11	0.689950	1.11	9,654	7,238,920
01/04/2018	0.767864	1.05	0.726252	0.736913	7,764	7,553,510
01/03/2018	1.04	1.08	0.540882	0.771963	18,600	10,218,900
01/02/2018	0.849341	1.24	0.575618	1.04	22,635	8,354,990
01/01/2018	0.791122	1.12	0.785838	0.845791	6,876	7,782,290
12/31/2017	0.770022	1.03	0.618365	0.792295	2,403	7,574,730
12/30/2017	0.854656	0.987048	0.263384	0.775522	19,016	8,407,280
12/29/2017	0.927376	0.936940	0.529974	0.853513	10,428	9,122,630
12/28/2017	0.877784	0.960619	0.665286	0.955159	6,010	8,634,790
12/27/2017	0.875276	1.28	0.677112	0.877445	4,263	8,610,120
12/26/2017	0.883849	0.937260	0.836583	0.874577	7,818	8,694,450
12/25/2017	0.998872	1.04	0.732924	0.884675	232	9,825,930
12/24/2017	0.549662	1.36	0.537205	0.989738	1,775	5,407,040
12/23/2017	0.886776	1.13	0.550521	0.550521	2,095	8,723,240
12/22/2017	0.730459	1.09	0.642909	0.879740	7,241	7,185,550
12/21/2017	1.05	1.10	0.722169	0.727185	8,210	10,322,800
12/20/2017	0.768070	1.34	0.720406	1.05	14,757	7,555,530
12/19/2017	0.958302	1.39	0.692206	0.768224	29,914	9,426,850
12/18/2017	1.37	1.58	0.703280	0.956807	21,767	13,487,800
12/17/2017	1.20	2.48	0.834315	1.37	355,913	11,757,600
12/16/2017	0.805300	1.20	0.547437	1.20	6,065	7,921,760
12/15/2017	1.03	1.31	0.615030	0.804583	5,062	10,131,100
12/14/2017	0.847454	1.02	0.791123	1.02	4,879	8,336,430
12/13/2017	0.889991	1.04	0.597497	0.847266	6,480	8,754,870
12/12/2017	0.759224	0.974694	0.672849	0.889652	4,027	7,468,510
12/11/2017	0.726112	0.845982	0.628665	0.756719	1,550	7,142,790
12/10/2017	0.989351	0.991242	0.686158	0.725646	577	9,732,280
12/09/2017	1.08	1.16	0.764528	0.981962	1,317	10,591,100
12/08/2017	1.17	1.19	0.680772	1.07	1,861	11,535,200
12/07/2017	0.710048	1.31	0.639638	1.17	8,885	6,984,760
12/06/2017	0.822779	1.33	0.655508	0.711224	25,322	8,093,700
12/05/2017	1.20	1.20	0.822102	0.823922	6,610	11,766,200
12/04/2017	1.03	1.24	0.866940	1.20	5,548	10,093,300
12/03/2017	0.923216	1.11	0.829430	1.02	2,272	9,081,700
12/02/2017	0.963827	1.06	0.825755	0.923453	4,042	9,481,200
12/01/2017	1.10	1.13	0.803112	0.962483	1,257	10,837,900
11/30/2017	1.04	1.24	0.894293	1.10	12,983	10,205,100
11/29/2017	1.08	1.09	0.799406	1.02	5,882	10,609,000
11/28/2017	1.15	1.21	0.997267	1.07	5,719	11,340,800
11/27/2017	1.06	1.16	0.917402	1.16	3,544	10,453,200
11/26/2017	0.956228	1.10	0.850472	1.06	3,563	9,406,440
11/25/2017	0.922281	0.970502	0.782989	0.954928	2,654	9,072,510
11/24/2017	0.838528	0.946183	0.788682	0.925085	6,961	8,248,630
11/23/2017	0.903261	0.907674	0.671819	0.834968	3,228	8,885,410
11/22/2017	0.817799	0.905254	0.665193	0.903550	5,079	8,044,720
11/21/2017	0.833658	0.952307	0.742409	0.817753	10,979	8,200,720
11/20/2017	0.806885	0.981551	0.707208	0.840796	15,622	7,937,350
11/19/2017	0.797182	0.879717	0.768563	0.813028	5,316	7,841,910
11/18/2017	0.697891	0.847623	0.695605	0.798621	26,885	6,865,180
11/17/2017	0.650285	0.768145	0.643034	0.698303	1,701	6,396,870
11/16/2017	0.879817	0.915305	0.650779	0.661661	3,152	8,654,780
11/15/2017	0.684990	0.877362	0.609539	0.875409	20,203	6,738,270
11/14/2017	0.620518	0.722098	0.577862	0.688255	10,245	6,104,050
11/13/2017	0.547843	0.679927	0.524711	0.625096	3,543	5,389,150
11/12/2017	0.508373	0.622251	0.469729	0.544981	1,548	5,000,880
11/11/2017	0.651017	0.753928	0.507003	0.508053	6,421	6,404,080
11/10/2017	0.661773	0.662748	0.495139	0.650833	19,551	6,509,880
11/09/2017	0.546501	0.677470	0.535071	0.660468	6,617	5,375,940
11/08/2017	0.649439	0.706788	0.496831	0.546274	7,145	6,388,550
11/07/2017	0.558346	0.667324	0.485138	0.650337	4,841	5,492,470
11/06/2017	0.931564	0.931564	0.461814	0.559109	3,360	9,163,820
11/05/2017	0.479186	0.954404	0.408411	0.932585	86,291	4,713,770
11/04/2017	0.474195	0.568120	0.448288	0.478387	1,012	4,664,670
11/03/2017	0.553153	0.620073	0.393636	0.475523	3,965	5,441,380
11/02/2017	0.418700	0.613641	0.272705	0.552228	12,143	4,118,770
11/01/2017	0.464998	0.486499	0.330068	0.416977	8,653	4,574,200
10/31/2017	0.474148	0.500501	0.378527	0.467916	9,010	4,664,210
10/30/2017	0.488794	0.495026	0.406580	0.476112	3,741	4,808,280
10/29/2017	0.488676	0.504121	0.331422	0.491365	3,423	4,807,120
10/28/2017	0.478221	0.499949	0.389348	0.488056	2,251	4,704,280
10/27/2017	0.487585	0.521724	0.363319	0.479115	458	4,796,390
10/26/2017	0.869952	0.875619	0.357883	0.488275	3,130	8,557,750
10/25/2017	0.553814	0.871403	0.457102	0.870168	3,211	5,447,890
10/24/2017	0.482547	0.587145	0.477993	0.554572	2,917	4,746,830
10/23/2017	0.489821	0.570282	0.448449	0.482272	3,165	4,818,390
10/22/2017	0.577985	0.587484	0.459868	0.489057	2,237	5,685,660
10/21/2017	0.500100	0.616085	0.485170	0.586034	2,225	4,919,500
10/20/2017	0.559505	0.614872	0.444160	0.503745	8,398	5,503,870
10/19/2017	0.764168	0.769297	0.468564	0.559562	6,308	6,233,820
10/18/2017	0.499269	0.794335	0.440059	0.770652	9,925	4,072,860
10/17/2017	0.559900	0.560916	0.389312	0.498933	6,518	4,567,470
10/16/2017	0.487762	0.665344	0.447670	0.559846	7,275	3,978,990
10/15/2017	0.569270	0.569270	0.415272	0.487754	8,320	4,643,910
10/14/2017	0.413136	0.596970	0.402449	0.569207	47,411	3,370,220
10/13/2017	0.381401	0.446379	0.349192	0.413124	4,910	3,111,340
10/12/2017	0.400291	0.428474	0.342558	0.381167	728	3,265,440
10/11/2017	0.440528	0.470345	0.302326	0.400247	4,024	3,593,680
10/10/2017	0.371654	0.440538	0.350289	0.440529	11,408	3,031,820
10/09/2017	0.374944	0.472811	0.335711	0.371658	15,139	3,058,670
10/08/2017	0.410538	0.417675	0.337418	0.374915	1,932	3,349,020
10/07/2017	0.463189	0.656313	0.399349	0.410640	6,217	3,778,530
10/06/2017	0.393161	0.465752	0.307182	0.463127	3,894	3,207,270
10/05/2017	0.280986	0.416221	0.255886	0.393161	15,529	2,292,190
10/04/2017	0.405614	0.418169	0.267581	0.280982	1,909	3,308,860
10/03/2017	0.462026	0.463937	0.296995	0.405611	12,702	3,769,050
10/02/2017	0.487710	0.509936	0.402322	0.462024	1,759	3,978,570
10/01/2017	0.511939	0.566674	0.394735	0.487738	12,291	4,176,220
09/30/2017	0.549345	0.566726	0.389217	0.511935	21,909	4,481,370
09/29/2017	0.507739	0.582281	0.437601	0.549340	8,139	4,141,950
09/28/2017	0.585818	0.590997	0.507613	0.507772	17,930	4,778,900
09/27/2017	0.527270	0.586252	0.517209	0.585814	3,375	4,301,290
09/26/2017	0.546342	0.550018	0.422449	0.527286	4,683	4,456,870
09/25/2017	0.489215	0.546349	0.484435	0.546343	5,314	3,990,850
09/24/2017	0.501992	0.501992	0.485572	0.489621	3,324	4,095,070
09/23/2017	0.482172	0.504990	0.478461	0.502028	3,366	3,933,390
09/22/2017	0.483636	0.498899	0.474533	0.483271	3,302	3,945,330
09/21/2017	0.487872	0.487872	0.481119	0.484083	3,305	3,979,890
09/17/2017	0.392477	0.392477	0.374860	0.375011	6,598	3,054,960
09/16/2017	0.505811	0.527077	0.375454	0.392472	6,928	3,937,140
09/15/2017	0.271114	0.517629	0.271114	0.501300	3,525	2,110,300
09/14/2017	0.479179	0.481870	0.271027	0.271027	913	3,729,830
09/13/2017	0.546494	0.546494	0.456287	0.479174	1,592	4,253,800
09/12/2017	0.561851	0.625569	0.561851	0.598933	2,621	4,373,340
09/11/2017	0.460385	0.571190	0.460385	0.563025	2,453	3,583,540
09/10/2017	0.385084	0.477930	0.344741	0.460433	2,388	2,997,420
09/09/2017	0.513031	0.513769	0.307113	0.385049	3,401	3,993,340
09/08/2017	0.533396	0.711233	0.485963	0.512352	1,858	4,151,850
09/07/2017	0.664349	0.664349	0.523726	0.533965	2,430	5,171,170
09/06/2017	0.555996	0.739548	0.529459	0.655393	1,432	4,327,760
09/05/2017	0.534544	0.604636	0.430130	0.555994	3,842	4,160,790
09/04/2017	0.539475	0.585158	0.435756	0.535388	6,433	4,199,170
09/03/2017	0.638782	0.709363	0.528240	0.539385	3,330	4,972,160
09/02/2017	0.749615	0.864999	0.484828	0.638595	4,900	5,834,850
09/01/2017	0.682927	0.778268	0.651787	0.749249	12,228	5,315,770
08/31/2017	0.787824	0.802774	0.597870	0.682980	8,633	6,132,260
08/30/2017	0.778752	0.920218	0.541227	0.787934	15,437	6,061,650
08/29/2017	0.606577	0.874450	0.585076	0.778829	7,513	4,721,480
08/28/2017	0.565287	0.878897	0.552867	0.606619	7,463	4,400,090
08/27/2017	0.634527	0.648549	0.540794	0.564985	5,887	4,939,040
08/26/2017	0.790700	0.941541	0.590934	0.634595	9,558	6,154,660
08/25/2017	0.817433	0.876413	0.742732	0.790442	7,581	6,362,730
08/24/2017	0.822074	0.913388	0.703323	0.818057	13,584	6,398,860
08/23/2017	0.813213	0.874599	0.583803	0.821853	5,535	6,329,890
08/22/2017	0.799617	1.30	0.734832	0.813579	15,316	6,224,060
08/21/2017	0.952527	0.962780	0.767349	0.798947	18,165	7,414,280
08/20/2017	0.946359	0.994825	0.771680	0.954343	22,257	7,366,270
08/19/2017	0.613936	0.949974	0.613936	0.948868	9,967	4,778,760
08/18/2017	0.723334	0.787230	0.596667	0.614148	9,009	5,630,290
08/17/2017	0.554525	0.733359	0.467021	0.723696	35,994	4,316,310
08/16/2017	0.391567	0.564326	0.360667	0.554631	27,813	3,047,880
08/15/2017	0.479612	0.629881	0.347109	0.391468	8,029	3,733,210
08/14/2017	0.566659	0.567831	0.370055	0.479177	4,507	4,410,760
08/13/2017	0.584242	0.626445	0.336709	0.566679	4,335	4,547,630
08/12/2017	0.385477	0.736095	0.356652	0.584314	12,406	-
08/11/2017	0.267139	0.391051	0.267139	0.385594	4,697	-
08/10/2017	0.260710	0.312911	0.235600	0.267140	1,216	-
08/09/2017	0.315110	0.315110	0.217550	0.260710	924	-
08/08/2017	0.248719	0.331039	0.213510	0.315149	6,352	-
08/07/2017	0.248356	0.298564	0.232110	0.248704	615	-
08/06/2017	0.288411	0.362916	0.248297	0.248388	1,933	-
08/05/2017	0.379542	0.402277	0.198612	0.288407	2,187	-
08/04/2017	0.345112	0.391813	0.326986	0.380810	3,282	-
08/03/2017	0.326103	0.333358	0.324076	0.332067	1,969	-
08/02/2017	0.324837	0.335608	0.239582	0.326901	1,939	-
08/01/2017	0.171480	0.324889	0.162535	0.324814	1,029	-
07/31/2017	0.170487	0.171126	0.166847	0.168895	1,344	-
07/30/2017	0.270052	0.276121	0.162721	0.170334	1,354	-
07/29/2017	0.260953	0.340206	0.226417	0.270003	681	-
07/28/2017	0.390620	0.396105	0.259164	0.260899	1,313	-
07/27/2017	0.357704	0.443071	0.258736	0.390541	974	-
07/26/2017	0.245417	0.396539	0.186276	0.357015	3,304	-
07/25/2017	0.550013	0.550013	0.229396	0.245675	3,251	-
07/24/2017	0.268848	0.550014	0.268848	0.550014	5,245	-
07/23/2017	0.419418	0.572819	0.225246	0.268997	2,104	-
07/22/2017	0.387656	0.423092	0.329463	0.419420	3,004	-
07/21/2017	0.426171	0.482854	0.327576	0.387656	2,708	-
07/20/2017	0.268936	0.431536	0.267418	0.426075	2,667	-
07/19/2017	0.372664	0.385077	0.143238	0.269119	2,527	-
07/18/2017	0.386374	0.469542	0.353732	0.372612	4,311	-
07/17/2017	0.336102	0.540593	0.336102	0.385946	6,399	-
07/16/2017	0.341234	0.346863	0.329293	0.336274	2,583	-
07/15/2017	0.350334	0.350334	0.341737	0.341737	2,595	-
