Date	Open	High	Low	Close	Volume	Market Cap
07/15/2018	0.051409	0.059039	0.050836	0.055992	371,616	54,048,700
07/14/2018	0.055066	0.056015	0.051326	0.051429	310,586	57,894,100
07/13/2018	0.053442	0.056246	0.051033	0.055103	711,949	56,185,900
07/12/2018	0.053086	0.053528	0.049882	0.053521	238,279	55,811,700
07/11/2018	0.052019	0.054932	0.050742	0.053090	446,023	54,690,000
07/10/2018	0.056343	0.057413	0.051990	0.051990	294,834	59,236,900
07/09/2018	0.057267	0.058646	0.056392	0.056392	118,297	60,208,000
07/08/2018	0.058083	0.058953	0.057010	0.057270	300,737	60,317,500
07/07/2018	0.053800	0.060145	0.053496	0.058093	443,832	55,870,000
07/06/2018	0.056293	0.058023	0.047490	0.053791	1,290,960	58,061,100
07/05/2018	0.055677	0.059468	0.054834	0.056060	187,689	57,425,100
07/04/2018	0.056941	0.057410	0.054164	0.055565	139,615	58,729,200
07/03/2018	0.055760	0.060843	0.054439	0.056622	287,400	57,511,400
07/02/2018	0.054580	0.057199	0.053082	0.055833	660,916	56,294,500
07/01/2018	0.054294	0.055564	0.053136	0.054565	306,999	55,998,600
06/30/2018	0.052540	0.055493	0.052062	0.054265	477,061	54,189,900
06/29/2018	0.049823	0.052961	0.047807	0.052510	209,823	51,288,600
06/28/2018	0.049433	0.055584	0.048297	0.049808	438,156	50,886,400
06/27/2018	0.047985	0.049663	0.046550	0.049357	985,031	49,396,000
06/26/2018	0.049652	0.051671	0.048046	0.048110	1,609,810	51,093,100
06/25/2018	0.050747	0.051299	0.047311	0.049653	2,583,270	52,219,100
06/24/2018	0.049227	0.053282	0.044747	0.050792	5,639,280	50,374,800
06/23/2018	0.055649	0.057802	0.048622	0.049379	4,631,860	56,946,600
06/22/2018	0.069456	0.070763	0.051015	0.055785	8,050,640	71,074,900
06/21/2018	0.062869	0.074955	0.062214	0.069957	14,848,600	63,723,100
06/20/2018	0.064578	0.064769	0.058766	0.062906	11,053,200	65,454,000
06/19/2018	0.061429	0.064313	0.059797	0.064023	14,104,700	58,087,100
06/18/2018	0.059158	0.062354	0.056678	0.061172	12,408,200	55,939,500
06/17/2018	0.060165	0.061506	0.059015	0.059246	10,111,300	56,891,800
06/16/2018	0.058578	0.061084	0.057446	0.059871	11,565,100	55,391,800
06/15/2018	0.057390	0.061479	0.052978	0.058740	11,472,800	52,915,200
06/14/2018	0.049704	0.058590	0.048780	0.058094	9,620,670	45,828,500
06/13/2018	0.053042	0.054959	0.048209	0.049628	5,377,570	48,175,800
06/12/2018	0.060880	0.061677	0.052341	0.052789	9,667,140	55,295,000
06/11/2018	0.059975	0.067578	0.056119	0.060708	10,711,000	54,472,900
06/10/2018	0.065375	0.070082	0.058194	0.059954	10,355,600	59,361,300
06/09/2018	0.067529	0.069021	0.063591	0.065233	11,497,300	61,317,400
06/08/2018	0.074507	0.076110	0.067537	0.067537	10,882,200	67,653,100
06/07/2018	0.066810	0.075937	0.066671	0.074624	12,968,000	60,497,900
06/06/2018	0.061039	0.067428	0.059909	0.066967	6,810,700	55,271,500
06/05/2018	0.057493	0.061264	0.056220	0.061135	9,408,640	52,060,700
06/04/2018	0.060268	0.061140	0.056638	0.057500	8,436,860	54,573,400
06/03/2018	0.059076	0.062223	0.039817	0.059918	8,885,950	53,494,000
06/02/2018	0.057579	0.059869	0.057424	0.059075	8,157,520	52,138,700
06/01/2018	0.054305	0.058345	0.051272	0.057630	7,802,280	49,173,700
05/31/2018	0.054883	0.057747	0.051008	0.054779	8,413,030	49,148,700
05/30/2018	0.056742	0.058543	0.053655	0.055097	3,103,650	50,813,200
05/29/2018	0.050779	0.057389	0.049591	0.056617	5,835,230	45,473,300
05/28/2018	0.057862	0.058593	0.050930	0.051029	10,255,600	51,816,600
05/27/2018	0.057649	0.060237	0.056174	0.057858	13,565,800	51,625,900
05/26/2018	0.058820	0.062402	0.057489	0.057581	9,175,430	52,674,500
05/25/2018	0.060987	0.061794	0.057294	0.058440	8,704,200	54,614,800
05/24/2018	0.060117	0.064285	0.053322	0.060617	2,293,430	53,835,500
05/23/2018	0.067803	0.068472	0.059350	0.060337	11,241,100	60,475,700
05/22/2018	0.069691	0.074608	0.067533	0.068009	8,712,890	62,159,800
05/21/2018	0.072617	0.076508	0.068405	0.069740	6,515,340	64,769,500
05/20/2018	0.059807	0.079682	0.059807	0.072990	2,204,920	53,344,400
05/19/2018	0.075380	0.078253	0.057946	0.072506	2,767,460	67,234,400
05/18/2018	0.073775	0.081604	0.068322	0.075380	1,373,530	65,802,100
05/17/2018	0.071850	0.086249	0.065676	0.075149	1,580,470	64,085,600
05/16/2018	0.060966	0.073284	0.059519	0.071769	638,657	54,377,600
05/15/2018	0.053688	0.087283	0.052854	0.060954	3,263,460	45,365,300
05/14/2018	0.041509	0.105810	0.040122	0.053759	1,903,890	35,074,000
05/13/2018	0.035663	0.047198	0.035349	0.041121	140,977	30,134,100
05/12/2018	0.039456	0.041595	0.029973	0.035709	3,218,270	33,339,000
05/11/2018	0.043669	0.043748	0.038084	0.039624	4,058,080	36,899,600
05/10/2018	0.034516	0.049846	0.032030	0.043616	609,754	27,124,200
05/09/2018	0.042439	0.045165	0.035417	0.035417	1,517,180	33,350,200
05/08/2018	0.046541	0.048560	0.041389	0.042356	1,802,520	36,573,900
05/07/2018	0.049045	0.049293	0.042017	0.046588	1,523,770	38,542,100
05/06/2018	0.050225	0.050990	0.047003	0.049010	1,456,240	39,444,000
05/05/2018	0.049683	0.052628	0.047076	0.050487	1,932,650	38,988,800
05/04/2018	0.054216	0.055509	0.048858	0.049799	1,203,880	42,545,500
05/03/2018	0.049651	0.055191	0.047492	0.054307	754,413	38,963,700
05/02/2018	0.047204	0.050337	0.045335	0.049675	434,299	37,043,500
05/01/2018	0.047082	0.048087	0.040822	0.047336	630,914	13,144,100
04/30/2018	0.049669	0.052306	0.041576	0.046936	1,596,210	13,866,200
04/29/2018	0.049414	0.051505	0.041419	0.049663	4,965,470	13,795,000
04/28/2018	0.047137	0.054032	0.047137	0.049409	961,384	13,159,400
04/27/2018	0.053934	0.054463	0.040006	0.047518	736,766	15,057,000
04/26/2018	0.049510	0.054349	0.047259	0.053841	5,375,170	13,821,800
04/25/2018	0.052987	0.063553	0.046971	0.049322	172,623	-
04/24/2018	0.051368	0.057570	0.048383	0.053002	668,928	-
04/23/2018	0.052786	0.056568	0.051268	0.051366	480,587	-
04/22/2018	0.048073	0.056425	0.048073	0.052928	727,716	-
04/21/2018	0.048556	0.057394	0.046775	0.048073	580,067	-
04/20/2018	0.048612	0.061247	0.045606	0.048613	572,302	-
04/19/2018	0.047372	0.063395	0.044304	0.048883	240,562	-
04/18/2018	0.052797	0.055321	0.043076	0.047348	97,071	-
04/17/2018	0.054962	0.055985	0.052010	0.054276	534,618	-
