Date	Open	High	Low	Close	Volume	Market Cap
07/14/2018	0.166640	0.168768	0.158999	0.158999	80	78,429
07/13/2018	0.142236	0.167105	0.142081	0.167105	139	66,944
07/12/2018	0.156259	0.156259	0.104784	0.142096	763	73,544
07/11/2018	0.153710	0.163812	0.153710	0.156293	54	72,344
07/10/2018	0.169782	0.170828	0.146786	0.153704	352	79,908
07/09/2018	0.172451	0.172844	0.169175	0.169901	173	81,164
07/08/2018	0.212543	0.212967	0.170716	0.172488	97	100,034
07/07/2018	0.172013	0.213495	0.171614	0.212783	445	80,958
07/06/2018	0.169654	0.181172	0.167687	0.172304	120	79,848
07/05/2018	0.167055	0.196018	0.165933	0.169681	84	78,625
07/04/2018	0.173104	0.190756	0.166547	0.166700	840	81,472
07/03/2018	0.179877	0.181704	0.172637	0.173171	173	84,660
07/02/2018	0.172885	0.181864	0.169372	0.180723	98	81,369
07/01/2018	0.171762	0.173754	0.166959	0.172866	54	80,840
06/30/2018	0.165182	0.173469	0.165173	0.171723	586	77,743
06/29/2018	0.158918	0.167792	0.138382	0.164958	169	74,353
06/28/2018	0.153962	0.161128	0.144965	0.158817	33	72,034
06/27/2018	0.158280	0.158280	0.151908	0.153908	40	74,054
06/26/2018	0.167504	0.168135	0.158180	0.158344	276	78,369
06/25/2018	0.164997	0.167735	0.147608	0.167504	812	77,197
06/24/2018	0.166562	0.173710	0.149924	0.165316	668	77,929
06/23/2018	0.170073	0.174175	0.165538	0.166585	393	79,572
06/22/2018	0.183766	0.184081	0.163068	0.170051	46	85,978
06/21/2018	0.181371	0.203797	0.181205	0.183970	771	84,858
06/20/2018	0.193574	0.193762	0.175509	0.181334	149	90,567
06/19/2018	0.168794	0.193670	0.167917	0.193454	183	78,973
06/18/2018	0.184438	0.188393	0.167452	0.168885	194	86,293
06/17/2018	0.194732	0.196052	0.169259	0.185070	279	91,109
06/16/2018	0.183607	0.198516	0.167266	0.194217	183	85,903
06/15/2018	0.184032	0.188083	0.181888	0.184279	53	86,103
06/14/2018	0.159410	0.185060	0.159085	0.184336	8	74,583
06/13/2018	0.203897	0.203897	0.158278	0.159481	239	95,397
06/12/2018	0.181738	0.233394	0.168188	0.203370	192	85,029
06/11/2018	0.167247	0.191373	0.167247	0.181836	93	78,249
06/10/2018	0.198496	0.205366	0.162894	0.167008	318	92,870
06/09/2018	0.181830	0.202069	0.181776	0.198246	9	85,073
06/08/2018	0.213930	0.213930	0.180587	0.181908	77	100,091
06/07/2018	0.229081	0.232502	0.211944	0.213767	52	107,179
06/06/2018	0.206316	0.230054	0.205871	0.228870	121	96,528
06/05/2018	0.221521	0.276928	0.200682	0.206371	573	103,642
06/04/2018	0.217931	0.221787	0.206438	0.221415	106	101,963
06/03/2018	0.210418	0.218266	0.209517	0.217829	156	98,448
06/02/2018	0.214470	0.224066	0.206414	0.210361	246	100,343
06/01/2018	0.212323	0.237014	0.208426	0.214563	11	99,339
05/31/2018	0.205754	0.220611	0.204750	0.212168	35	96,266
05/30/2018	0.222268	0.224615	0.203238	0.205792	39	103,992
05/29/2018	0.212178	0.224329	0.197913	0.222118	202	99,271
05/28/2018	0.203065	0.217931	0.203065	0.212247	37	94,689
05/27/2018	0.202008	0.203643	0.199657	0.203018	349	94,196
05/26/2018	0.205600	0.208730	0.200831	0.201919	169	95,871
05/25/2018	0.239706	0.241444	0.203636	0.205870	105	111,774
05/24/2018	0.246634	0.253233	0.231105	0.239256	100	115,005
05/23/2018	0.237443	0.262570	0.233688	0.247258	141	110,719
05/22/2018	0.230417	0.259762	0.226710	0.237690	721	107,443
05/21/2018	0.255115	0.311322	0.226172	0.230459	666	118,959
05/20/2018	0.223121	0.264041	0.213116	0.254797	926	104,041
05/19/2018	0.234094	0.265384	0.220119	0.222955	123	109,158
05/18/2018	0.210870	0.235133	0.207771	0.234130	143	98,328
05/17/2018	0.242302	0.244684	0.209477	0.210685	542	112,985
05/16/2018	0.249633	0.249838	0.239290	0.247474	20	116,403
05/15/2018	0.259962	0.264269	0.246591	0.249777	40	121,220
05/14/2018	0.250340	0.282345	0.243904	0.260409	442	116,733
05/13/2018	0.270798	0.272610	0.234411	0.250385	190	126,272
05/12/2018	0.235777	0.272153	0.231193	0.270892	76	109,942
05/11/2018	0.288679	0.288679	0.235525	0.236472	186	134,610
05/10/2018	0.285953	0.297518	0.273348	0.288334	297	133,339
05/09/2018	0.272475	0.286535	0.266297	0.286034	291	127,054
05/08/2018	0.278738	0.288513	0.263239	0.272892	807	129,975
05/07/2018	0.325686	0.325853	0.269446	0.278147	92	151,866
05/06/2018	0.339827	0.349889	0.304551	0.325452	81	158,460
05/05/2018	0.325737	0.343085	0.299324	0.339597	445	151,890
05/04/2018	0.316563	0.329771	0.310570	0.325523	89	147,612
05/03/2018	0.292837	0.337044	0.281934	0.296463	130	136,549
05/02/2018	0.290661	0.298124	0.262006	0.292827	320	135,534
05/01/2018	0.294537	0.298455	0.283802	0.291099	198	137,342
04/30/2018	0.300285	0.301481	0.257795	0.294279	599	140,022
04/29/2018	0.269881	0.301088	0.263316	0.300385	473	125,297
04/28/2018	0.232179	0.294574	0.210717	0.269986	528	107,793
04/27/2018	0.255222	0.264495	0.232978	0.232978	229	118,491
04/26/2018	0.257156	0.267863	0.200085	0.254869	690	119,389
04/25/2018	0.279375	0.280726	0.251025	0.255042	114	129,704
04/24/2018	0.231347	0.281286	0.218512	0.281286	1,268	107,407
04/23/2018	0.275157	0.276403	0.226554	0.231151	166	127,746
04/22/2018	0.254985	0.275713	0.226485	0.275713	760	118,381
04/21/2018	0.257895	0.260055	0.248928	0.254985	163	119,732
04/20/2018	0.260165	0.285483	0.218990	0.257820	2,145	120,786
04/19/2018	0.270834	0.287223	0.253061	0.259994	151	125,739
04/18/2018	0.231727	0.276463	0.231490	0.270633	207	107,583
04/17/2018	0.268585	0.397754	0.223314	0.231513	2,516	124,695
04/16/2018	0.244030	0.268566	0.233899	0.268450	231	113,295
04/15/2018	0.214753	0.278697	0.214753	0.244132	693	99,703
04/14/2018	0.215234	0.245675	0.205158	0.214523	389	99,926
04/13/2018	0.250562	0.271378	0.193924	0.215234	1,109	116,328
04/12/2018	0.253078	0.307238	0.136704	0.250247	1,118	117,496
04/11/2018	0.239760	0.253691	0.210819	0.253691	443	111,313
04/10/2018	0.227431	0.240979	0.213374	0.239529	89	105,589
04/09/2018	0.252043	0.256592	0.202710	0.227227	295	117,015
04/08/2018	0.245746	0.256174	0.227461	0.251635	776	114,092
04/07/2018	0.234801	0.250392	0.234452	0.245524	77	109,010
04/06/2018	0.242902	0.245434	0.232466	0.234520	173	112,771
04/05/2018	0.267581	0.268689	0.239111	0.244146	694	124,229
04/04/2018	0.290624	0.301138	0.265033	0.267469	499	134,927
04/03/2018	0.284064	0.307312	0.283146	0.290823	141	131,882
04/02/2018	0.251419	0.283862	0.249785	0.283862	49	116,726
04/01/2018	0.242325	0.269650	0.236039	0.250188	177	112,503
03/31/2018	0.243342	0.252540	0.227409	0.242326	250	112,975
03/30/2018	0.280036	0.290191	0.237348	0.243304	101	129,804
03/29/2018	0.329734	0.330275	0.258650	0.280735	680	152,840
03/28/2018	0.274211	0.331561	0.271934	0.329348	761	127,104
03/27/2018	0.295513	0.308994	0.273923	0.274274	568	136,978
03/26/2018	0.320722	0.322480	0.284641	0.295961	228	148,663
03/25/2018	0.294829	0.328156	0.293343	0.320968	460	136,661
03/24/2018	0.325335	0.328947	0.298195	0.298944	378	150,802
03/23/2018	0.323098	0.323124	0.294892	0.320668	424	149,765
03/22/2018	0.308115	0.342935	0.307510	0.323111	211	142,819
03/21/2018	0.302682	0.338635	0.302243	0.308677	1,426	140,301
03/20/2018	0.372656	0.391795	0.274466	0.302135	5,489	172,736
03/19/2018	0.330830	0.498758	0.328789	0.368550	864	153,349
03/18/2018	0.343440	0.345008	0.239456	0.332230	792	159,194
03/17/2018	0.379583	0.460694	0.342133	0.344274	182	175,947
03/16/2018	0.392276	0.422642	0.378958	0.378958	328	181,831
03/15/2018	0.335223	0.943690	0.304551	0.392497	1,911	155,385
03/14/2018	0.443789	1.05	0.334849	0.335374	646	205,708
03/13/2018	0.368359	0.536012	0.335063	0.439148	431	170,744
03/12/2018	0.414152	0.485939	0.322899	0.371145	951	191,971
03/11/2018	0.386653	0.435111	0.303602	0.415461	517	179,224
03/10/2018	0.408362	0.497420	0.316610	0.388064	4,199	189,287
03/09/2018	0.400285	0.815520	0.276354	0.408187	12,375	185,543
03/08/2018	0.465284	0.475637	0.359285	0.402836	419	215,672
03/07/2018	0.500716	0.553532	0.382122	0.465945	1,296	232,095
03/06/2018	0.432630	0.563402	0.393966	0.501309	600	200,536
03/05/2018	0.448852	0.501177	0.427925	0.433829	1,657	208,055
03/04/2018	0.592655	0.616708	0.425525	0.449181	1,212	274,712
03/03/2018	0.443560	0.656823	0.440086	0.593679	1,543	205,602
03/02/2018	0.519866	0.529735	0.408302	0.444095	1,350	240,972
03/01/2018	0.469439	0.541054	0.455360	0.521205	1,589	216,769
02/28/2018	0.586660	0.586660	0.464316	0.464730	684	270,897
02/27/2018	0.546571	0.633019	0.523292	0.586677	3,102	252,386
02/26/2018	0.479855	0.735001	0.454562	0.544964	1,465	221,579
02/25/2018	0.494089	0.508738	0.458675	0.479246	389	228,152
02/24/2018	0.548478	0.561479	0.408601	0.494839	4,823	253,266
02/23/2018	0.572537	0.610510	0.501194	0.549172	939	264,376
02/22/2018	0.567233	0.642548	0.470391	0.573073	4,123	261,926
02/21/2018	0.878860	0.878860	0.548864	0.567819	5,150	405,824
02/20/2018	0.937839	1.04	0.757469	0.880052	4,600	433,058
02/19/2018	0.603457	1.27	0.601671	0.937205	9,030	278,654
02/18/2018	0.706890	0.712664	0.586627	0.606224	6,036	326,415
02/17/2018	0.683764	0.769862	0.607312	0.704730	3,828	315,736
02/16/2018	0.635439	0.729150	0.601266	0.684583	1,838	293,422
02/15/2018	0.622779	0.657409	0.589582	0.615365	1,907	287,575
02/14/2018	0.553746	0.624005	0.523745	0.622441	1,921	255,699
02/13/2018	0.608927	0.619221	0.512762	0.555385	7,036	281,179
02/12/2018	0.571167	0.908177	0.539974	0.607821	7,416	263,743
02/11/2018	0.603951	0.603951	0.515230	0.567581	1,413	278,882
02/10/2018	0.637283	0.637283	0.554881	0.604469	4,205	294,273
02/09/2018	0.611774	1.05	0.497654	0.636819	17,116	282,494
02/08/2018	0.525019	0.634532	0.502011	0.609922	3,183	242,434
02/07/2018	0.601326	0.700314	0.514913	0.527029	2,166	277,670
02/06/2018	0.595803	0.785689	0.405985	0.607399	5,247	275,119
02/05/2018	0.669523	0.727171	0.566890	0.595051	1,259	309,160
02/04/2018	0.765410	0.765410	0.645206	0.676079	375	353,437
02/03/2018	0.776740	0.816295	0.684197	0.765018	1,161	358,669
02/02/2018	0.775361	0.779322	0.629907	0.774098	610	358,032
02/01/2018	0.769381	0.827283	0.689518	0.776966	708	355,271
01/31/2018	0.853968	0.920359	0.756927	0.767597	2,141	394,330
01/30/2018	0.980652	1.01	0.794176	0.852614	1,268	452,828
01/29/2018	1.01	1.08	0.948992	1.03	2,331	465,758
01/28/2018	1.12	1.21	1.01	1.01	2,967	516,263
01/27/2018	1.20	1.21	0.967744	1.11	1,581	553,207
01/26/2018	1.30	1.41	1.08	1.21	3,153	597,115
01/25/2018	1.22	1.42	1.06	1.30	1,844	560,343
01/24/2018	1.00	1.20	0.910719	1.20	4,255	461,435
01/23/2018	1.01	1.17	0.922242	1.01	5,045	465,402
01/22/2018	1.27	1.49	0.835133	1.09	31,273	582,160
01/21/2018	1.20	1.26	1.04	1.25	4,812	551,684
01/20/2018	1.07	1.24	1.07	1.20	2,102	492,976
01/19/2018	1.04	1.20	0.965415	1.06	2,035	475,712
01/18/2018	1.21	1.45	1.03	1.05	10,972	556,166
01/17/2018	1.35	1.39	0.915032	1.21	3,465	620,768
01/16/2018	1.96	1.96	1.20	1.36	7,720	902,110
01/15/2018	1.61	2.01	1.58	1.96	9,272	739,670
01/14/2018	1.95	2.19	1.54	1.62	5,665	896,463
01/13/2018	1.68	2.18	1.39	1.95	14,174	769,876
01/12/2018	1.91	2.06	1.08	1.68	15,095	875,876
01/11/2018	2.35	2.60	1.78	1.89	13,347	1,081,160
01/10/2018	2.33	2.66	1.56	2.36	31,239	1,068,030
01/09/2018	1.78	2.22	1.72	2.22	21,076	817,668
01/08/2018	1.65	1.91	1.43	1.75	14,099	756,078
01/07/2018	1.05	2.23	1.04	1.65	38,964	483,696
01/06/2018	1.22	1.25	0.946181	1.05	7,783	560,000
01/05/2018	0.942273	1.24	0.841948	1.22	6,779	432,708
01/04/2018	1.17	1.18	0.862376	0.941968	10,171	539,343
01/03/2018	1.21	1.32	1.09	1.17	9,282	554,321
01/02/2018	1.07	1.38	0.971788	1.21	33,980	491,099
01/01/2018	0.944397	1.07	0.802506	1.07	14,169	433,683
12/31/2017	0.806624	1.03	0.761302	0.940948	2,913	370,416
12/30/2017	0.854274	1.10	0.770915	0.815363	9,604	392,297
12/29/2017	0.601926	0.863967	0.594747	0.858584	4,095	276,415
12/28/2017	1.41	1.86	0.583846	0.595202	3,392	578,872
12/27/2017	0.887032	1.42	0.691500	1.42	3,442	362,988
12/26/2017	0.769694	1.00	0.724901	0.886195	2,432	314,972
12/25/2017	0.713063	0.774843	0.615071	0.770465	2,293	291,797
12/24/2017	0.862022	0.862022	0.498849	0.706504	3,284	352,754
12/23/2017	0.536334	0.915935	0.517636	0.853258	1,983	219,477
12/22/2017	0.619819	0.741772	0.487608	0.531063	770	253,641
12/21/2017	0.738970	0.765705	0.566669	0.617811	1,241	302,399
12/20/2017	0.978520	0.978520	0.680960	0.737109	818	400,427
12/19/2017	0.777382	1.49	0.713048	0.979325	4,384	318,118
12/18/2017	0.923194	0.923194	0.679845	0.776756	583	377,787
12/17/2017	0.961847	0.971408	0.682785	0.920413	3,180	393,604
12/16/2017	0.650564	0.972263	0.648531	0.961674	3,773	266,222
12/15/2017	0.912125	0.926519	0.644044	0.649635	1,539	373,257
12/14/2017	1.00	1.04	0.824511	0.910758	2,525	409,484
12/13/2017	1.05	1.06	0.735442	1.00	907	428,277
12/12/2017	0.889885	1.20	0.639805	1.05	2,682	364,156
12/11/2017	0.907075	1.31	0.887071	0.887071	577	371,191
12/10/2017	0.878596	1.27	0.763398	0.913630	859	359,536
12/09/2017	0.934162	1.00	0.751431	0.875053	2,890	382,275
12/08/2017	1.26	1.28	0.918606	0.935007	1,950	515,750
12/07/2017	1.23	1.29	0.992002	1.26	4,828	505,354
12/06/2017	1.14	1.35	0.930969	1.24	6,681	466,963
12/05/2017	1.08	1.29	1.04	1.14	6,437	442,264
12/04/2017	1.15	1.56	0.971636	1.08	9,379	471,327
12/03/2017	0.843714	1.16	0.843272	1.15	5,559	345,262
12/02/2017	0.863146	0.983942	0.828778	0.842510	2,082	353,214
12/01/2017	0.710883	0.933303	0.676045	0.865934	3,908	290,905
11/30/2017	0.729885	0.913471	0.622959	0.713971	1,909	298,681
11/29/2017	0.858053	1.01	0.696237	0.718886	3,443	351,356
11/28/2017	0.851962	0.942071	0.806771	0.858823	4,409	344,033
11/27/2017	0.926953	1.03	0.776354	0.922879	3,597	374,316
11/26/2017	0.984640	0.984640	0.740262	0.926734	1,609	397,611
11/25/2017	0.970619	0.984991	0.797253	0.984991	2,613	391,948
11/24/2017	0.962902	0.982978	0.826447	0.972585	5,978	388,832
11/23/2017	1.01	1.01	0.735404	0.964282	4,056	407,439
11/22/2017	0.967779	1.06	0.949666	1.01	4,645	390,802
11/21/2017	1.00	1.13	0.944477	0.965518	4,200	405,106
11/20/2017	1.05	1.20	0.890615	1.00	6,479	422,578
11/19/2017	0.910504	1.08	0.896272	1.05	4,556	367,673
11/18/2017	0.945284	0.995634	0.871408	0.912262	3,266	381,718
11/17/2017	0.947082	0.969766	0.857626	0.948878	8,519	382,444
11/16/2017	0.811925	0.976285	0.793909	0.948627	12,121	327,866
11/15/2017	0.863568	0.931161	0.789133	0.861432	6,326	348,720
11/14/2017	0.743695	0.925441	0.742072	0.862978	2,097	300,314
11/13/2017	0.879845	0.990336	0.738185	0.773733	2,628	355,293
11/12/2017	0.855082	0.909068	0.655601	0.878565	4,423	345,293
11/11/2017	0.806017	0.935266	0.782914	0.855688	3,517	325,480
11/10/2017	1.00	1.03	0.808858	0.808858	3,834	405,212
11/09/2017	0.886290	1.06	0.838055	1.00	8,737	357,895
11/08/2017	0.921962	1.12	0.785779	0.887244	11,402	372,300
11/07/2017	0.799899	1.01	0.764719	0.924878	5,552	323,009
11/06/2017	0.955546	0.993964	0.801179	0.801179	3,939	385,862
11/05/2017	1.00	1.05	0.837188	0.953436	9,203	404,069
11/04/2017	0.972848	1.02	0.904915	1.00	1,632	392,849
11/03/2017	1.01	1.05	0.923684	0.975383	5,133	406,783
11/02/2017	1.11	1.21	0.984575	1.01	6,731	449,238
11/01/2017	1.20	1.26	1.09	1.12	6,218	485,637
10/31/2017	1.23	1.42	0.987155	1.21	10,517	495,559
10/30/2017	1.06	1.41	0.951668	1.23	12,893	428,775
10/29/2017	0.825159	1.05	0.808101	1.03	6,467	333,210
10/28/2017	0.834462	1.28	0.693975	0.826261	11,113	333,785
10/27/2017	0.596370	1.58	0.591733	0.832233	7,171	238,548
10/26/2017	0.601070	0.649909	0.581347	0.593362	354	240,428
10/25/2017	0.561303	0.841869	0.560311	0.585151	2,336	224,521
10/24/2017	0.622564	0.722213	0.589051	0.610141	1,389	249,026
10/23/2017	0.670973	0.710163	0.594340	0.623940	738	268,389
10/22/2017	0.698367	0.742218	0.593335	0.742218	1,061	279,347
10/21/2017	0.699891	0.751969	0.597708	0.698156	3,448	279,956
10/20/2017	0.651561	0.753210	0.630208	0.701361	4,653	260,624
10/19/2017	0.631563	0.766178	0.630185	0.651394	1,951	252,625
10/18/2017	0.822469	0.822492	0.615737	0.631240	1,931	328,987
10/17/2017	0.661739	0.855886	0.604679	0.822508	10,942	264,695
10/16/2017	0.677012	0.775092	0.620254	0.661571	2,366	270,805
10/15/2017	0.853160	0.855853	0.591471	0.676902	4,614	341,264
10/14/2017	0.755273	1.14	0.697974	0.858782	13,121	302,109
10/13/2017	1.09	1.23	0.660540	0.755021	10,729	435,104
10/12/2017	0.995576	1.21	0.871727	1.08	8,422	398,230
10/11/2017	1.14	1.23	0.989280	0.995109	14,439	457,088
10/10/2017	1.04	1.40	1.01	1.14	21,347	415,923
10/09/2017	1.52	1.94	0.893670	1.04	43,010	609,135
10/08/2017	1.95	3.01	1.52	1.52	218,289	778,750
10/07/2017	0.910302	2.38	0.791880	1.95	235,651	364,121
10/06/2017	0.472162	1.97	0.406848	0.891778	37,984	188,865
10/05/2017	0.493052	0.496847	0.380985	0.472164	5,075	197,221
10/04/2017	0.619919	0.634011	0.410286	0.492638	10,863	247,968
10/03/2017	0.596564	0.630242	0.493884	0.618485	8,740	238,625
10/02/2017	0.701356	0.701969	0.212010	0.596219	5,191	280,543
10/01/2017	0.736468	0.797105	0.248085	0.701309	6,907	294,587
09/30/2017	0.898245	0.920404	0.503450	0.736582	13,759	359,298
09/29/2017	0.839636	0.903319	0.470614	0.898085	11,956	335,854
09/28/2017	1.03	1.04	0.282176	0.839517	17,713	410,754
09/27/2017	0.524666	1.07	0.427002	1.03	14,281	209,867
09/26/2017	0.425588	1.14	0.418327	0.525933	2,977	170,235
09/25/2017	0.390013	0.456834	0.386727	0.425673	12,029	156,005
09/24/2017	0.392184	0.447556	0.384458	0.390070	1,344	156,874
09/23/2017	1.08	1.11	0.211767	0.392215	1,062	432,061
09/22/2017	0.214141	1.25	0.212700	1.08	25,174	85,656
09/21/2017	0.356487	0.362204	0.212128	0.214318	9,836	142,595
09/20/2017	0.349397	0.390508	0.319823	0.358246	367	139,759
09/19/2017	0.427674	0.429942	0.319516	0.349880	602	171,070
09/18/2017	0.319216	0.434105	0.319216	0.426639	1,171	127,686
09/17/2017	0.340691	0.440914	0.318918	0.319850	1,003	136,277
09/16/2017	0.309151	0.384900	0.306768	0.340096	338	123,661
09/15/2017	0.289372	0.443478	0.272045	0.306305	704	115,749
09/14/2017	0.500166	0.508141	0.231217	0.289816	244	200,066
09/13/2017	0.442249	2.88	0.348594	0.500390	881	176,900
09/12/2017	0.418722	0.539518	0.407659	0.442144	644	167,489
09/11/2017	0.586343	0.586343	0.358622	0.418857	370	234,537
09/10/2017	0.458057	0.608581	0.340280	0.584159	919	87,466
09/09/2017	0.519476	0.543421	0.442644	0.457583	870	99,194
09/08/2017	0.544634	0.627658	0.495437	0.518848	1,757	103,998
09/07/2017	0.485859	0.733118	0.485859	0.544773	2,309	92,775
09/06/2017	0.836547	0.838423	0.484527	0.485801	2,643	159,739
09/05/2017	0.658053	0.890198	0.485693	0.842892	11,771	125,655
09/04/2017	0.841000	0.888347	0.547799	0.660624	4,416	160,589
09/03/2017	0.986646	1.01	0.817328	0.840591	9,987	188,400
09/02/2017	1.19	1.34	0.857142	0.984315	15,089	109,093
09/01/2017	1.19	1.90	0.929548	1.18	51,866	109,408
08/31/2017	0.893181	1.23	0.815139	1.19	9,682	81,235
08/30/2017	0.831763	1.07	0.639625	0.894741	11,642	71,490
08/29/2017	1.09	1.09	0.830323	0.832239	3,941	93,712
08/28/2017	1.05	1.49	0.607176	1.09	17,313	89,974
08/27/2017	1.27	1.76	0.903221	1.05	8,911	108,781
08/26/2017	2.29	2.46	1.12	1.39	30,273	196,494
08/25/2017	0.753202	3.46	0.653068	2.46	96,689	60,972
08/24/2017	0.134491	0.950813	0.134491	0.672578	24,940	53,797
