Date	Open	High	Low	Close	Volume	Market Cap
07/15/2018	0.018737	0.024977	0.017976	0.022936	1,282	3,134,090
07/14/2018	0.019555	0.020499	0.017867	0.019190	1,245	3,271,060
07/13/2018	0.022842	0.023096	0.016325	0.019518	44,187	3,820,800
07/12/2018	0.021875	0.023851	0.021617	0.022775	498	3,659,070
07/11/2018	0.021230	0.021926	0.020915	0.021875	155	3,551,110
07/10/2018	0.023592	0.023686	0.021178	0.021229	287	3,946,320
07/09/2018	0.024338	0.024431	0.023060	0.023610	3,076	4,071,120
07/08/2018	0.024812	0.025226	0.024309	0.024342	160	4,150,260
07/07/2018	0.023485	0.025359	0.023459	0.024791	432	3,928,440
07/06/2018	0.025294	0.025746	0.023398	0.023495	1,679	4,230,910
07/05/2018	0.021500	0.030036	0.021316	0.025306	2,882	3,596,360
07/04/2018	0.022634	0.026014	0.016608	0.021425	11,130	3,786,040
07/03/2018	0.022864	0.023241	0.021917	0.022624	49	3,824,560
07/02/2018	0.021232	0.024842	0.020906	0.022846	1,650	3,551,430
07/01/2018	0.021333	0.022064	0.020933	0.021216	60	3,568,390
06/30/2018	0.020880	0.022027	0.020860	0.021312	178	3,492,580
06/29/2018	0.019814	0.021165	0.019087	0.020866	94	3,314,390
06/28/2018	0.020758	0.020828	0.019681	0.019807	390	3,472,290
06/27/2018	0.020226	0.022435	0.019773	0.021161	21	3,383,290
06/26/2018	0.023873	0.023972	0.020265	0.020295	970	3,993,240
06/25/2018	0.022318	0.024105	0.021483	0.023873	1,391	3,733,100
06/24/2018	0.027999	0.028094	0.021095	0.022409	633	4,683,380
06/23/2018	0.024871	0.028381	0.024217	0.028007	512	4,160,220
06/22/2018	0.034292	0.034934	0.022910	0.024855	3,279	5,736,070
06/21/2018	0.033754	0.036420	0.031740	0.034301	3,534	5,646,100
06/20/2018	0.029549	0.033967	0.026944	0.033773	5,283	4,942,670
06/19/2018	0.026919	0.031154	0.026808	0.029530	41	4,502,830
06/18/2018	0.027381	0.029379	0.025624	0.026936	1,873	4,580,020
06/17/2018	0.029888	0.029905	0.027328	0.027386	1,112	4,999,430
06/16/2018	0.023420	0.035388	0.023319	0.029892	32,231	3,917,460
06/15/2018	0.024401	0.027084	0.021812	0.023484	4,240	4,081,600
06/14/2018	0.022413	0.024636	0.019433	0.024406	3,675	3,749,000
06/13/2018	0.024345	0.025284	0.021776	0.022360	2,922	4,072,130
06/12/2018	0.026577	0.029076	0.023937	0.024248	2,689	4,445,540
06/11/2018	0.024184	0.027864	0.023992	0.026566	3,657	4,045,190
06/10/2018	0.027940	0.027940	0.022705	0.024141	1,939	4,673,500
06/09/2018	0.029391	0.029794	0.027885	0.027885	1,197	4,916,330
06/08/2018	0.028378	0.032592	0.027728	0.029384	4,663	4,746,860
06/07/2018	0.030907	0.031387	0.027189	0.028330	4,863	5,169,910
06/06/2018	0.027936	0.030919	0.026089	0.030917	4,633	4,672,840
06/05/2018	0.027239	0.030529	0.025260	0.027992	7,625	4,556,310
06/04/2018	0.028414	0.030331	0.026753	0.027241	2,093	4,752,810
06/03/2018	0.028386	0.036825	0.025928	0.028457	154,666	4,748,200
06/02/2018	0.029536	0.033933	0.027628	0.028423	18,212	4,940,470
06/01/2018	0.026566	0.035031	0.025732	0.029542	78,210	4,443,770
05/31/2018	0.027921	0.029458	0.025129	0.026509	1,939	4,670,300
05/30/2018	0.029389	0.031694	0.026293	0.028506	1,742	4,915,980
05/29/2018	0.026173	0.029371	0.024920	0.029371	5,045	4,378,010
05/28/2018	0.029669	0.031034	0.024778	0.026249	2,104	4,962,790
05/27/2018	0.032300	0.040967	0.025580	0.029671	298,859	5,402,800
05/26/2018	0.028076	0.032829	0.027368	0.031651	31,019	4,696,370
05/25/2018	0.032505	0.033927	0.025633	0.028072	6,621	5,437,120
05/24/2018	0.033620	0.049488	0.028187	0.032470	64,913	5,623,610
05/23/2018	0.061780	0.062310	0.030134	0.034354	33,743	10,334,000
05/22/2018	0.052982	0.069750	0.047317	0.061903	99,392	8,862,290
05/21/2018	0.042187	0.065209	0.037266	0.053094	137,745	7,056,710
05/20/2018	0.036886	0.042408	0.029068	0.042133	15,071	6,169,920
05/19/2018	0.033975	0.055713	0.030229	0.036855	61,532	5,682,980
05/18/2018	0.024136	0.070809	0.022107	0.042294	61,216	4,037,280
05/17/2018	0.025443	0.029159	0.023276	0.024160	1,623	4,255,900
05/16/2018	0.023314	0.026188	0.022472	0.025413	543	3,899,790
05/15/2018	0.023993	0.032128	0.022973	0.023303	1,894	4,013,350
05/14/2018	0.022615	0.028013	0.021355	0.024026	426	3,782,770
05/13/2018	0.021179	0.024338	0.020994	0.022624	74	3,542,590
05/12/2018	0.020975	0.026824	0.018243	0.021221	4,991	3,508,570
05/11/2018	0.029014	0.029439	0.019674	0.021013	6,407	4,853,180
05/10/2018	0.025513	0.029703	0.024103	0.028993	3,084	4,267,620
05/09/2018	0.024691	0.025827	0.022073	0.025489	2,598	4,130,120
05/08/2018	0.024143	0.031851	0.023403	0.024722	5,531	4,038,500
05/07/2018	0.024522	0.025927	0.021824	0.023987	934	4,101,900
05/06/2018	0.026111	0.026666	0.023770	0.024509	1,838	4,367,680
05/05/2018	0.025821	0.026445	0.025526	0.026116	3,558	4,319,030
05/04/2018	0.027197	0.027287	0.025213	0.025792	387	4,549,350
05/03/2018	0.024053	0.032396	0.023401	0.027286	5,040	4,023,400
05/02/2018	0.026851	0.027309	0.023538	0.024056	1,830	4,491,460
05/01/2018	0.024797	0.026929	0.021345	0.026929	1,246	4,147,800
04/30/2018	0.023432	0.025297	0.022401	0.024716	1,334	3,919,420
04/29/2018	0.025261	0.025825	0.021315	0.023429	4,628	4,225,360
04/28/2018	0.023731	0.028921	0.020972	0.024575	14,738	3,969,500
04/27/2018	0.027192	0.030835	0.023778	0.023937	12,024	4,548,480
04/26/2018	0.026559	0.028100	0.025711	0.027145	74	4,442,530
04/25/2018	0.030339	0.031035	0.023891	0.026301	17,483	5,074,890
04/24/2018	0.028908	0.031157	0.027284	0.030350	461	4,835,530
04/23/2018	0.024127	0.031145	0.024117	0.028908	6,490	4,035,820
04/22/2018	0.024142	0.026944	0.023710	0.024217	542	4,038,230
04/21/2018	0.027102	0.027142	0.023087	0.024142	48	4,533,400
04/20/2018	0.024413	0.027156	0.021938	0.027120	3,374	4,083,610
04/19/2018	0.025200	0.025772	0.022698	0.024442	2,036	4,215,250
04/18/2018	0.025175	0.026896	0.024028	0.025186	2,927	4,211,120
04/17/2018	0.029142	0.029170	0.025108	0.025163	1,085	4,874,620
04/16/2018	0.030958	0.031133	0.027651	0.029147	3,170	5,178,420
04/15/2018	0.029118	0.030918	0.029118	0.030918	950	4,870,660
04/14/2018	0.028569	0.029802	0.028326	0.029137	155	4,778,750
04/13/2018	0.029678	0.032444	0.028159	0.028569	1,005	4,964,280
04/12/2018	0.025403	0.029706	0.025163	0.029627	141	4,249,180
04/11/2018	0.026607	0.026849	0.024281	0.025531	103	4,450,650
04/10/2018	0.024302	0.026752	0.022818	0.026545	404	4,065,020
04/09/2018	0.022409	0.026235	0.022409	0.024190	496	3,748,430
04/08/2018	0.022332	0.023374	0.022199	0.022357	850	3,735,450
04/07/2018	0.021828	0.024036	0.021803	0.022342	162	3,651,200
04/06/2018	0.021006	0.023091	0.020450	0.021834	803	3,513,760
04/05/2018	0.022197	0.023398	0.020649	0.021087	2,046	3,712,930
04/04/2018	0.023821	0.025830	0.021980	0.022224	1,253	3,984,480
04/03/2018	0.022965	0.024137	0.022800	0.023774	666	3,841,460
04/02/2018	0.022146	0.023249	0.021765	0.022941	2,787	3,704,330
04/01/2018	0.025833	0.026140	0.021306	0.022075	1,300	4,321,110
03/31/2018	0.024898	0.026433	0.022763	0.025825	2,266	4,164,690
03/30/2018	0.024359	0.026700	0.023194	0.024921	373	4,074,610
03/29/2018	0.028599	0.028847	0.024078	0.024430	578	4,783,780
03/28/2018	0.027831	0.029496	0.026838	0.028548	145	4,655,350
03/27/2018	0.033688	0.033936	0.027762	0.027822	997	5,635,060
03/26/2018	0.035004	0.036582	0.029865	0.033709	3,334	5,855,210
03/25/2018	0.033800	0.036144	0.030118	0.035082	1,773	5,653,680
03/24/2018	0.033623	0.035051	0.031638	0.034209	1,428	5,624,150
03/23/2018	0.033909	0.034524	0.032138	0.033316	1,372	5,671,920
03/22/2018	0.034153	0.039647	0.032601	0.033914	925	5,712,720
03/21/2018	0.034569	0.040017	0.033275	0.034069	473	5,782,290
03/20/2018	0.037226	0.042564	0.031254	0.034357	6,596	6,226,850
03/19/2018	0.034942	0.036978	0.031464	0.036931	1,198	5,844,840
03/18/2018	0.036930	0.037893	0.029234	0.035083	3,655	6,177,270
03/17/2018	0.045104	0.045204	0.036577	0.036963	342	7,544,570
03/16/2018	0.042719	0.045832	0.039073	0.045075	6,811	7,145,600
03/15/2018	0.051188	0.052566	0.037692	0.042768	32,241	8,562,210
03/14/2018	0.038646	0.066095	0.036785	0.051152	81,461	6,464,320
03/13/2018	0.043435	0.045159	0.038593	0.038631	17,853	7,265,430
03/12/2018	0.040485	0.050194	0.040114	0.043480	19,527	6,771,950
03/11/2018	0.039842	0.040595	0.037071	0.040535	720	6,664,380
03/10/2018	0.042248	0.047388	0.038496	0.039961	8,889	7,066,810
03/09/2018	0.040010	0.042614	0.033848	0.042269	1,216	6,692,560
03/08/2018	0.038240	0.046786	0.037510	0.040084	3,489	6,396,380
03/07/2018	0.046630	0.046772	0.037649	0.038300	2,947	7,799,930
03/06/2018	0.056228	0.056228	0.043537	0.046585	1,805	9,405,360
03/05/2018	0.044883	0.057673	0.044816	0.056240	5,782	7,507,680
03/04/2018	0.039323	0.050955	0.038851	0.050048	2,378	6,577,670
03/03/2018	0.043599	0.043717	0.039241	0.039329	669	7,292,840
03/02/2018	0.039984	0.044072	0.039912	0.043633	3,317	6,688,200
03/01/2018	0.036766	0.044808	0.036766	0.039996	3,310	6,149,910
02/28/2018	0.040313	0.043400	0.036753	0.036755	2,512	6,743,190
02/27/2018	0.041622	0.045281	0.039242	0.040299	2,420	6,962,090
02/26/2018	0.040254	0.046293	0.039423	0.041508	4,297	6,733,280
02/25/2018	0.044113	0.044113	0.040126	0.040227	352	7,378,790
02/24/2018	0.047073	0.048541	0.039349	0.044216	3,411	7,873,990
02/23/2018	0.041055	0.047383	0.040290	0.047113	774	6,867,380
02/22/2018	0.047861	0.052690	0.039072	0.041106	50,349	8,005,760
02/21/2018	0.041659	0.050532	0.040709	0.050464	33,911	6,968,270
02/20/2018	0.044038	0.045939	0.040627	0.041710	8,675	7,366,320
02/19/2018	0.042111	0.048963	0.041263	0.044029	37,942	7,043,860
02/18/2018	0.047711	0.047982	0.038187	0.042252	11,713	7,980,710
02/17/2018	0.051585	0.055978	0.046432	0.047692	19,382	8,628,700
02/16/2018	0.055766	0.055766	0.047022	0.051555	60,570	9,327,950
02/15/2018	0.041452	0.062630	0.041225	0.055805	20,266	6,933,780
02/14/2018	0.037037	0.044479	0.036278	0.041431	2,367	6,195,140
02/13/2018	0.038117	0.038217	0.034105	0.037053	337	6,375,800
02/12/2018	0.034161	0.038503	0.034161	0.038063	686	5,714,050
02/11/2018	0.039157	0.041576	0.033141	0.034014	4,359	6,549,840
02/10/2018	0.036852	0.042721	0.033080	0.039221	7,918	6,164,220
02/09/2018	0.046421	0.047853	0.034704	0.041253	17,760	7,764,870
02/08/2018	0.045778	0.051428	0.041197	0.046363	950	7,657,320
02/07/2018	0.046661	0.051429	0.043765	0.045895	3,706	7,804,980
02/06/2018	0.034940	0.051964	0.027890	0.046710	30,072	5,844,480
02/05/2018	0.039449	0.047988	0.032810	0.034816	38,075	6,598,610
02/04/2018	0.059345	0.062954	0.038338	0.039835	19,336	9,926,670
02/03/2018	0.062312	0.066549	0.038147	0.059363	34,921	10,423,100
02/02/2018	0.065782	0.065782	0.045720	0.060192	58,934	11,003,500
02/01/2018	0.062702	0.071944	0.055712	0.064984	48,460	10,488,200
01/31/2018	0.067942	0.073639	0.049060	0.062583	23,391	11,364,700
01/30/2018	0.089437	0.089611	0.058415	0.067708	23,462	14,960,200
01/29/2018	0.089997	0.096726	0.077272	0.089397	10,805	15,053,900
01/28/2018	0.099108	0.110250	0.079894	0.090130	21,478	16,577,800
01/27/2018	0.102013	0.114070	0.094596	0.095111	158,784	17,063,800
01/26/2018	0.094215	0.103057	0.087043	0.103057	24,944	15,759,500
01/25/2018	0.102986	0.106281	0.092150	0.094544	27,309	17,226,500
01/24/2018	0.091455	0.102374	0.087584	0.094856	53,157	15,297,800
01/23/2018	0.098010	0.100181	0.086067	0.091428	72,731	16,394,300
01/22/2018	0.096398	0.105699	0.084480	0.098189	73,614	16,124,600
01/21/2018	0.134766	0.134779	0.095944	0.095944	190,125	22,542,500
01/20/2018	0.114398	0.140527	0.111804	0.132215	107,139	19,135,500
01/19/2018	0.123387	0.129993	0.110813	0.113665	18,358	20,639,000
01/18/2018	0.125201	0.134607	0.115589	0.125326	68,658	20,942,500
01/17/2018	0.105528	0.134805	0.079972	0.123807	61,524	17,651,800
01/16/2018	0.152346	0.159043	0.082162	0.105918	305,407	25,483,100
01/15/2018	0.182545	0.205718	0.153303	0.153303	298,636	30,534,500
01/14/2018	0.217871	0.217871	0.173823	0.182586	247,605	36,443,500
01/13/2018	0.188113	0.220230	0.188113	0.217667	44,515	31,465,800
01/12/2018	0.168740	0.193084	0.163765	0.188137	20,936	28,225,200
01/11/2018	0.182288	0.202912	0.166820	0.166820	56,955	30,491,500
01/10/2018	0.209592	0.212509	0.170310	0.180600	90,846	35,058,600
01/09/2018	0.163655	0.210874	0.160104	0.210676	110,899	27,374,700
01/08/2018	0.156168	0.178460	0.127774	0.168645	66,446	26,122,400
01/07/2018	0.145614	0.168242	0.143866	0.154764	83,162	24,356,900
01/06/2018	0.121076	0.174629	0.119032	0.145670	101,970	20,252,400
01/05/2018	0.130076	0.150087	0.110244	0.118563	48,137	21,758,000
01/04/2018	0.154648	0.155119	0.130025	0.130623	56,172	25,868,100
01/03/2018	0.099264	0.159861	0.099237	0.152525	87,149	16,604,000
01/02/2018	0.100175	0.143664	0.086948	0.099597	70,062	16,756,300
01/01/2018	0.078025	0.099932	0.075075	0.099932	14,426	13,051,300
12/31/2017	0.069415	0.095307	0.068028	0.077409	29,537	11,611,000
12/30/2017	0.069064	0.073583	0.063622	0.070026	20,941	11,552,400
12/29/2017	0.083745	0.086448	0.068837	0.071289	42,385	14,008,000
12/28/2017	0.078463	0.083243	0.069738	0.083243	9,156	13,124,500
12/27/2017	0.077094	0.083074	0.068102	0.078593	14,702	12,895,600
12/26/2017	0.069442	0.088245	0.069191	0.076919	28,744	11,615,500
12/25/2017	0.064038	0.076006	0.063367	0.069416	21,565	10,711,700
12/24/2017	0.061717	0.070527	0.051960	0.063724	16,967	10,323,400
12/23/2017	0.060666	0.071862	0.060558	0.060995	26,891	10,147,700
12/22/2017	0.094201	0.094634	0.045236	0.060170	14,731	15,757,100
12/21/2017	0.089550	0.101858	0.071917	0.093845	98,392	14,979,100
12/20/2017	0.081498	0.097489	0.072198	0.089454	71,560	13,632,200
12/19/2017	0.076047	0.083841	0.051873	0.081585	54,164	12,720,500
12/18/2017	0.067153	0.078382	0.059654	0.076957	43,440	11,232,700
12/17/2017	0.057786	0.072210	0.057691	0.066545	74,245	9,665,990
12/16/2017	0.054791	0.061421	0.054360	0.057625	9,619	9,164,950
12/15/2017	0.055626	0.057783	0.050291	0.054689	19,387	9,304,540
12/14/2017	0.056080	0.064252	0.047800	0.055573	18,138	9,380,590
12/13/2017	0.062155	0.066396	0.052982	0.056194	28,426	10,396,700
12/12/2017	0.054779	0.060003	0.050281	0.057625	20,646	9,162,970
12/11/2017	0.048437	0.055133	0.047377	0.055133	14,270	8,102,110
12/10/2017	0.050007	0.051380	0.045764	0.048383	16,927	8,364,760
12/09/2017	0.047167	0.054936	0.046105	0.049847	29,189	7,889,730
12/08/2017	0.043090	0.048584	0.041798	0.047169	23,924	7,207,770
12/07/2017	0.042172	0.045598	0.039827	0.043028	28,270	7,054,100
12/06/2017	0.044904	0.052098	0.041200	0.042049	15,268	7,511,090
12/05/2017	0.049904	0.053654	0.042065	0.045846	26,403	8,347,390
12/04/2017	0.048029	0.050542	0.042490	0.049878	22,643	8,033,780
12/03/2017	0.044666	0.049832	0.042907	0.047940	15,074	7,471,290
12/02/2017	0.049189	0.050458	0.043202	0.044655	9,852	8,227,940
12/01/2017	0.042553	0.049635	0.040292	0.049635	11,100	7,117,900
11/30/2017	0.043446	0.048463	0.037315	0.042658	18,847	7,267,180
11/29/2017	0.044895	0.054140	0.039745	0.042069	28,491	7,509,650
11/28/2017	0.051428	0.055166	0.044822	0.044859	30,040	8,602,420
11/27/2017	0.057182	0.063529	0.047529	0.051499	36,592	9,564,890
11/26/2017	0.062850	0.069204	0.055864	0.057196	21,118	10,513,000
11/25/2017	0.059708	0.080155	0.059708	0.063255	34,796	9,987,460
11/24/2017	0.054624	0.063967	0.050820	0.059718	36,441	9,137,010
11/23/2017	0.058893	0.059845	0.052857	0.054490	23,604	9,851,030
11/22/2017	0.054802	0.066271	0.053437	0.060815	27,495	9,166,810
11/21/2017	0.060511	0.060566	0.054242	0.055798	25,565	10,121,700
11/20/2017	0.059864	0.061870	0.056899	0.060246	41,275	10,013,500
11/19/2017	0.067536	0.072952	0.058973	0.059602	28,645	11,296,900
11/18/2017	0.060339	0.080114	0.055191	0.067372	19,384	10,092,900
11/17/2017	0.065312	0.066641	0.059790	0.060430	7,492	10,924,800
11/16/2017	0.064321	0.077381	0.060964	0.066656	22,024	10,759,000
11/15/2017	0.058722	0.068252	0.058115	0.064045	19,997	9,822,410
11/14/2017	0.055285	0.064855	0.054836	0.058250	21,261	9,247,630
11/13/2017	0.044110	0.058311	0.043860	0.054380	25,119	7,378,380
11/12/2017	0.047167	0.052234	0.041593	0.044640	35,351	7,889,720
11/11/2017	0.047380	0.053421	0.046325	0.047162	52,034	7,925,230
11/10/2017	0.054114	0.056544	0.045638	0.048963	14,631	9,051,620
11/09/2017	0.049712	0.059252	0.049514	0.054088	16,584	8,315,430
11/08/2017	0.049141	0.055609	0.046544	0.049982	28,498	8,219,820
11/07/2017	0.051657	0.054970	0.046482	0.049175	27,863	5,876,580
11/06/2017	0.052148	0.055431	0.050753	0.051581	14,246	5,932,400
11/05/2017	0.052481	0.054241	0.050429	0.052099	9,285	5,970,300
11/04/2017	0.053848	0.055662	0.050827	0.052413	21,379	6,125,830
11/03/2017	0.051835	0.060536	0.050929	0.053240	22,367	5,896,810
11/02/2017	0.057111	0.059674	0.040392	0.051030	41,755	6,496,970
11/01/2017	0.063837	0.064546	0.054420	0.056394	24,131	7,262,170
10/31/2017	0.070281	0.073103	0.054861	0.064209	50,223	7,995,210
10/30/2017	0.072025	0.073984	0.065459	0.070242	17,027	7,918,570
10/29/2017	0.068154	0.075257	0.067951	0.072170	18,157	7,493,050
10/28/2017	0.071483	0.073428	0.067684	0.067928	15,778	7,858,980
10/27/2017	0.076416	0.078471	0.070715	0.071419	18,234	8,401,400
10/26/2017	0.075206	0.080634	0.075079	0.076731	52,872	8,268,390
10/25/2017	0.081362	0.085496	0.072646	0.075108	79,904	8,945,120
10/24/2017	0.071593	0.088331	0.070263	0.079809	93,069	7,871,100
10/23/2017	0.077949	0.078713	0.063794	0.070509	38,806	8,569,890
10/22/2017	0.083315	0.087446	0.073511	0.077993	103,140	9,159,840
10/21/2017	0.087323	0.089469	0.079349	0.083021	83,228	9,600,550
10/20/2017	0.086337	0.090544	0.081313	0.087740	65,400	9,492,130
10/19/2017	0.076042	0.088165	0.075502	0.085539	66,019	8,360,290
10/18/2017	0.069397	0.089488	0.056841	0.076220	102,870	7,629,680
10/17/2017	0.072418	0.078526	0.065499	0.070413	50,748	7,961,830
10/16/2017	0.076322	0.081716	0.059870	0.074072	65,730	8,391,060
10/15/2017	0.075151	0.082080	0.066934	0.076121	13,767	8,262,320
10/14/2017	0.072182	0.080529	0.068885	0.074931	11,223	7,935,910
10/13/2017	0.076004	0.086482	0.068091	0.072111	17,398	8,356,090
10/12/2017	0.093074	0.093695	0.076079	0.076152	13,798	10,232,800
10/11/2017	0.087168	0.099387	0.085023	0.093082	38,338	9,583,490
10/10/2017	0.065060	0.098132	0.062603	0.090319	108,946	7,152,890
10/09/2017	0.087517	0.089047	0.062814	0.064899	75,703	9,621,870
10/08/2017	0.099277	0.103891	0.086682	0.088106	92,158	10,914,800
10/07/2017	0.118640	0.118640	0.095224	0.099419	136,795	13,043,600
10/06/2017	0.096205	0.117993	0.090614	0.117993	153,861	10,577,000
10/05/2017	0.087095	0.108641	0.077222	0.091556	149,192	9,575,460
10/04/2017	0.073803	0.114422	0.072494	0.087365	125,120	8,114,140
10/03/2017	0.064208	0.084163	0.062932	0.074467	93,598	7,059,220
10/02/2017	0.052535	0.065129	0.050095	0.064165	30,736	5,775,840
10/01/2017	0.050175	0.054117	0.046076	0.052535	16,538	5,516,350
09/30/2017	0.054721	0.057994	0.049263	0.049297	10,001	6,016,220
09/29/2017	0.047643	0.061364	0.043645	0.054708	15,357	5,237,960
09/28/2017	0.052161	0.058400	0.039066	0.048731	48,910	5,734,720
09/27/2017	0.057468	0.059392	0.050635	0.052192	30,894	6,318,230
09/26/2017	0.061553	0.063459	0.052564	0.057525	21,269	6,767,330
09/25/2017	0.061371	0.064622	0.056319	0.061575	12,240	6,747,330
09/24/2017	0.062545	0.066014	0.057006	0.061958	16,381	6,876,410
09/23/2017	0.057051	0.065866	0.057051	0.061765	15,044	6,272,350
09/22/2017	0.062997	0.066508	0.055810	0.060692	26,307	6,926,030
09/21/2017	0.065335	0.066814	0.056968	0.064535	24,908	7,183,120
09/20/2017	0.066769	0.075526	0.062863	0.065566	54,137	7,340,730
09/19/2017	0.065893	0.071612	0.063967	0.066571	17,856	7,244,470
09/18/2017	0.058821	0.070351	0.058821	0.065904	31,980	6,463,660
09/17/2017	0.060138	0.064933	0.056872	0.059925	22,868	6,608,340
09/16/2017	0.059893	0.067038	0.058375	0.059986	61,448	6,581,480
09/15/2017	0.056324	0.063007	0.047915	0.059961	35,667	6,189,330
09/14/2017	0.067731	0.069311	0.055708	0.056249	19,929	7,442,790
09/13/2017	0.069033	0.076091	0.062797	0.067316	24,272	7,585,870
09/12/2017	0.069447	0.141389	0.068523	0.068806	29,403	7,631,330
09/11/2017	0.064394	0.088572	0.062421	0.067193	82,603	7,076,090
09/10/2017	0.067473	0.136145	0.059497	0.064209	19,969	7,414,390
09/09/2017	0.070681	0.159024	0.058904	0.067482	70,149	7,766,970
09/08/2017	0.082437	0.084203	0.065399	0.069474	36,513	9,058,810
09/07/2017	0.081938	0.091145	0.080030	0.081118	41,119	9,003,970
09/06/2017	0.079089	0.089109	0.079089	0.081957	35,512	8,690,910
09/05/2017	0.078579	0.082690	0.069736	0.078735	25,986	8,634,790
09/04/2017	0.096053	0.096990	0.070192	0.078516	42,103	10,555,000
09/03/2017	0.100727	0.104949	0.094840	0.096009	20,090	11,068,600
09/02/2017	0.109651	0.113536	0.092432	0.100182	44,962	12,049,300
09/01/2017	0.106338	0.116599	0.106338	0.110265	52,100	11,685,200
08/31/2017	0.112837	0.122285	0.108524	0.113957	66,191	12,399,300
08/30/2017	0.128009	0.134437	0.109775	0.111088	112,802	14,066,600
08/29/2017	0.132365	0.134051	0.120697	0.127447	88,724	14,534,500
08/28/2017	0.116137	0.151648	0.098624	0.134955	219,768	12,752,500
08/27/2017	0.132632	0.133344	0.113503	0.116023	145,222	14,563,800
08/26/2017	0.126028	0.132684	0.112062	0.132487	83,901	13,814,300
08/25/2017	0.140134	0.143970	0.116326	0.126540	143,684	15,360,500
08/24/2017	0.101205	0.146965	0.096475	0.146856	165,638	11,093,400
08/23/2017	0.106307	0.117724	0.098918	0.101182	63,505	11,652,600
08/22/2017	0.122023	0.127177	0.102140	0.107077	82,801	13,375,300
08/21/2017	0.123256	0.134330	0.115458	0.121429	98,900	13,510,500
08/20/2017	0.123229	0.137847	0.115949	0.123226	135,123	13,507,500
08/19/2017	0.127109	0.158925	0.104211	0.123729	136,752	13,932,800
08/18/2017	0.102236	0.142783	0.091958	0.127396	176,596	11,206,400
08/17/2017	0.073615	0.118317	0.071629	0.102785	135,468	8,069,130
08/16/2017	0.073088	0.079308	0.067704	0.071834	104,275	8,011,420
08/15/2017	0.079373	0.084251	0.069543	0.072886	129,710	8,700,260
08/14/2017	0.079233	0.083716	0.073938	0.079268	102,254	8,685,010
08/13/2017	0.081673	0.087846	0.066110	0.079614	148,155	8,952,370
08/12/2017	0.084196	0.102273	0.068741	0.082134	145,607	9,229,020
08/11/2017	0.087358	0.109628	0.066593	0.083617	191,967	9,575,590
08/10/2017	0.057829	0.125680	0.056252	0.090359	129,796	6,336,470
08/09/2017	0.063152	0.073591	0.049103	0.058215	80,258	6,919,740
08/08/2017	0.054155	0.063846	0.051532	0.063846	81,782	5,933,870
08/07/2017	0.067077	0.071898	0.055500	0.060748	76,622	-
08/06/2017	0.071672	0.082708	0.056237	0.067201	48,324	-
08/05/2017	0.054960	0.074911	0.047457	0.071640	59,581	-
08/04/2017	0.062156	0.068040	0.051051	0.053878	50,199	-
08/03/2017	0.058320	0.070916	0.053428	0.062346	48,937	-
08/02/2017	0.058741	0.073003	0.052954	0.058419	60,635	-
08/01/2017	0.067789	0.088940	0.058131	0.058876	47,433	-
07/31/2017	0.086596	0.093758	0.060545	0.067682	56,240	-
07/30/2017	0.090518	0.096778	0.048726	0.086424	49,122	-
07/29/2017	0.090167	0.098811	0.071325	0.090732	40,222	-
07/28/2017	0.133216	0.151832	0.085591	0.090213	39,617	-
07/27/2017	0.182779	0.260196	0.125925	0.133047	33,411	-
07/26/2017	0.156154	0.242066	0.143579	0.182164	34,986	-
07/25/2017	0.169357	0.357911	0.157575	0.157575	25,575	-
07/24/2017	0.154400	0.176685	0.126262	0.170034	18,448	-
07/23/2017	0.156546	0.171748	0.147450	0.154037	8,172	-
07/22/2017	0.163804	0.173656	0.131803	0.157257	4,527	-
07/21/2017	0.129996	0.251188	0.126178	0.163660	7,218	-
07/20/2017	0.109446	0.140206	0.109446	0.128535	10,472	-
07/19/2017	0.128474	0.134927	0.107886	0.110537	7,563	-
07/18/2017	0.107725	0.146085	0.097793	0.134861	7,305	-
07/17/2017	0.081415	0.113194	0.081415	0.105325	8,038	-
07/16/2017	0.081934	0.098698	0.073154	0.086023	7,319	-
07/15/2017	0.119301	0.137203	0.080452	0.082292	6,177	-
07/14/2017	0.133327	0.139778	0.084004	0.119523	11,789	-
07/13/2017	0.124178	0.175285	0.105249	0.135463	9,369	-
07/12/2017	0.081516	0.207733	0.080720	0.120080	13,820	-
07/11/2017	0.097882	0.100294	0.070937	0.081706	10,580	-
07/10/2017	0.123558	0.123558	0.085333	0.098397	6,917	-
07/08/2017	0.189620	0.194838	0.181969	0.193152	5,195	-
07/07/2017	0.107330	0.232417	0.107143	0.189233	5,089	-
07/06/2017	0.099368	0.198653	0.099368	0.173675	4,180	-
07/05/2017	0.154954	0.158175	0.092163	0.099365	488	-
07/04/2017	0.145574	0.168746	0.083121	0.155077	289	-
07/03/2017	0.164555	0.170647	0.059222	0.145847	1,447	-
07/02/2017	0.138591	0.169149	0.136188	0.165824	2,194	-
