Date	Open	High	Low	Close	Volume	Market Cap
07/14/2018	0.100231	0.101101	0.099639	0.100256	2,337	1,363,180
07/13/2018	0.036635	0.100921	0.036635	0.100510	4,989	498,249
07/12/2018	0.037738	0.038162	0.035473	0.036475	0	513,246
07/11/2018	0.048163	0.068409	0.047501	0.048292	1	655,038
07/10/2018	0.074502	0.074902	0.048203	0.048203	1	1,013,260
07/09/2018	0.054331	0.083684	0.053792	0.074389	0	738,917
07/08/2018	0.055288	0.055495	0.054308	0.054870	0	751,937
07/07/2018	0.050247	0.050605	0.049105	0.049948	108	683,373
07/06/2018	0.073923	0.074858	0.048270	0.050599	110	1,005,370
07/05/2018	0.058112	0.076331	0.048337	0.073521	490	790,350
07/04/2018	0.075472	0.078320	0.057916	0.058140	811	1,026,450
07/03/2018	0.023445	0.076362	0.023150	0.075075	634	318,858
07/02/2018	0.080058	0.083135	0.023411	0.023411	10	1,088,810
07/01/2018	0.058770	0.082656	0.044457	0.080134	161	799,296
06/30/2018	0.054153	0.059928	0.052562	0.058496	0	736,500
06/29/2018	0.051342	0.051656	0.049842	0.050492	0	698,272
06/28/2018	0.056454	0.056560	0.051264	0.051433	0	767,799
06/27/2018	0.072249	0.072626	0.050264	0.056336	1	982,618
06/26/2018	0.082758	0.084235	0.072220	0.072220	37	1,125,540
06/25/2018	0.060165	0.084957	0.059115	0.082758	3	818,268
06/24/2018	0.091261	0.091378	0.055327	0.060338	381	1,241,190
06/23/2018	0.089713	0.091898	0.089508	0.091194	1	1,220,130
06/22/2018	0.080773	0.080962	0.073506	0.074471	1	1,098,540
06/21/2018	0.084571	0.111785	0.079892	0.080706	10	1,150,200
06/20/2018	0.082814	0.084912	0.078135	0.084818	0	1,126,310
06/19/2018	0.114854	0.116953	0.082624	0.083129	2	1,562,070
06/18/2018	0.084330	0.116738	0.084212	0.114757	0	1,146,930
06/17/2018	0.109185	0.111138	0.106833	0.107298	0	1,484,960
06/16/2018	0.104423	0.109801	0.084312	0.109158	23	1,420,190
06/15/2018	0.113365	0.115550	0.104229	0.104805	5	1,541,810
06/14/2018	0.074962	0.114874	0.072704	0.112630	46	1,019,520
06/13/2018	0.112573	0.120050	0.073826	0.074121	25	1,531,040
06/12/2018	0.100668	0.119820	0.099736	0.112116	8	1,369,130
06/11/2018	0.120551	0.125657	0.084842	0.100488	108	1,639,540
06/10/2018	0.116848	0.138138	0.115591	0.120913	1	1,589,180
06/09/2018	0.146720	0.146720	0.091294	0.117950	140	1,995,450
06/08/2018	0.088349	0.156853	0.088280	0.146869	36	1,201,580
06/07/2018	0.088698	0.088880	0.087984	0.088282	1,645	1,206,320
06/05/2018	0.131574	0.139094	0.128917	0.138154	1	1,789,460
06/04/2018	0.094050	0.131575	0.086224	0.131502	1	1,279,110
06/03/2018	0.112138	0.113127	0.093814	0.094012	3,013	1,525,120
06/02/2018	0.133008	0.133230	0.106973	0.112692	0	1,808,960
06/01/2018	0.134641	0.135579	0.129839	0.133200	17	1,831,170
05/31/2018	0.142924	0.148140	0.112461	0.134743	14	1,943,820
05/30/2018	0.160198	0.167969	0.103993	0.142847	542	2,178,750
05/29/2018	0.131797	0.160322	0.130762	0.159417	130	1,792,490
05/28/2018	0.160548	0.184835	0.131323	0.131430	437	2,183,510
05/27/2018	0.138140	0.165843	0.136259	0.160625	4	1,878,760
05/26/2018	0.165710	0.169151	0.120763	0.137962	80	2,253,720
05/25/2018	0.165143	0.168837	0.155453	0.165099	17	2,246,010
05/24/2018	0.156042	0.168457	0.153048	0.165109	197	2,122,230
05/23/2018	0.175774	0.186915	0.143668	0.156645	4,452	2,390,600
05/22/2018	0.195832	0.200728	0.173924	0.175898	214	2,663,390
05/21/2018	0.123690	0.209527	0.116888	0.195846	723	1,682,230
05/20/2018	0.119212	0.175231	0.118088	0.123027	8	1,621,330
05/19/2018	0.138410	0.140957	0.118995	0.119379	256	1,882,430
05/18/2018	0.098259	0.170417	0.095885	0.138457	6,396	1,336,360
05/17/2018	0.199124	0.217427	0.097398	0.097657	1,185	2,708,170
05/16/2018	0.229099	0.234198	0.154586	0.198997	983	3,115,830
05/15/2018	0.222657	0.242274	0.222587	0.229233	590	3,028,230
05/14/2018	0.235619	0.249946	0.209020	0.222918	5,081	3,204,520
05/13/2018	0.229173	0.237457	0.209353	0.235632	130	3,116,840
05/12/2018	0.168318	0.231269	0.165581	0.229159	999	2,289,200
05/11/2018	0.181273	0.201072	0.168815	0.168815	25	2,465,390
05/10/2018	0.230185	0.235794	0.170831	0.181058	1,430	3,130,600
05/09/2018	0.224608	0.230479	0.220452	0.229893	827	3,054,760
05/08/2018	0.236913	0.240854	0.189749	0.225946	208	3,222,100
05/07/2018	0.248839	0.249017	0.227918	0.236466	6,074	3,384,300
05/06/2018	0.256840	0.258353	0.217425	0.248871	1,733	3,493,120
05/05/2018	0.242990	0.259930	0.242613	0.256516	0	3,304,750
05/04/2018	0.253843	0.261929	0.231551	0.243089	8,957	3,452,360
05/03/2018	0.220010	0.255190	0.200738	0.253951	17,680	2,992,220
05/02/2018	0.182301	0.226661	0.180359	0.220000	14,750	2,479,370
05/01/2018	0.231011	0.231011	0.168849	0.182572	6,535	3,141,840
04/30/2018	0.234446	0.235159	0.218659	0.230810	9,270	3,188,550
04/29/2018	0.290055	0.384439	0.220064	0.234558	4,941	3,944,860
04/28/2018	0.175601	0.304959	0.174356	0.292895	6	2,388,240
04/27/2018	0.252712	0.252712	0.176030	0.176441	5	3,436,980
04/26/2018	0.193626	0.252701	0.165240	0.252373	4,406	2,633,390
04/25/2018	0.241597	0.242706	0.192519	0.192519	215	3,285,810
04/24/2018	0.200375	0.243221	0.198706	0.243221	3,890	2,725,180
04/23/2018	0.154955	0.213768	0.154606	0.200841	211	2,107,440
04/22/2018	0.154617	0.168404	0.151088	0.155227	77	2,102,850
04/21/2018	0.157583	0.157583	0.142858	0.153093	2,693	2,143,190
04/20/2018	0.215448	0.217888	0.131368	0.157369	1,291	2,930,180
04/19/2018	0.164293	0.215452	0.163694	0.215303	3,029	2,234,440
04/18/2018	0.171397	0.176825	0.137255	0.164174	5,351	2,331,070
04/17/2018	0.120570	0.232029	0.119674	0.171359	1,008	1,639,800
04/16/2018	0.176611	0.178177	0.116158	0.120680	0	2,401,980
04/15/2018	0.167456	0.177365	0.117945	0.176518	42	2,277,470
04/14/2018	0.199949	0.207608	0.102912	0.167756	36	2,719,380
04/13/2018	0.286932	0.288961	0.082234	0.199949	11,460	3,902,390
04/12/2018	0.136874	0.287378	0.122494	0.286649	18,009	1,861,540
04/11/2018	0.149887	0.198600	0.134951	0.136815	2,288	2,038,520
04/10/2018	0.139586	0.157296	0.134141	0.149748	2,755	1,898,420
04/09/2018	0.144741	0.149017	0.136686	0.138909	1	1,968,540
04/08/2018	0.144033	0.150026	0.142458	0.144507	263	1,958,900
04/07/2018	0.147235	0.153818	0.113215	0.143911	736	2,002,450
04/06/2018	0.133267	0.151791	0.132211	0.147104	3,112	1,812,480
04/05/2018	0.074117	0.133358	0.071482	0.133170	368	1,008,020
04/04/2018	0.152692	0.153879	0.073491	0.074262	6	2,076,670
04/03/2018	0.119634	0.153885	0.074383	0.152700	2	1,627,060
04/02/2018	0.097112	0.147748	0.081656	0.119468	795	1,320,760
04/01/2018	0.086328	0.098443	0.079319	0.097558	3	1,174,090
03/31/2018	0.080319	0.086472	0.067743	0.086189	157	1,092,370
03/30/2018	0.091522	0.105489	0.077712	0.080312	38	1,244,740
03/29/2018	0.094758	0.095241	0.080562	0.091750	0	1,288,750
03/28/2018	0.098715	0.102938	0.090301	0.094818	182	1,342,560
03/27/2018	0.117724	0.119762	0.098573	0.098573	5	1,601,090
03/26/2018	0.099454	0.124660	0.089137	0.117844	73	1,352,610
03/25/2018	0.118652	0.134258	0.098314	0.099526	2	1,613,710
03/24/2018	0.119873	0.127914	0.115613	0.120266	71	1,630,320
03/23/2018	0.115952	0.118305	0.099873	0.118305	443	1,577,000
03/22/2018	0.117064	0.154270	0.110999	0.115892	1,593	1,592,120
03/21/2018	0.190573	0.191722	0.107698	0.116959	230	2,591,870
03/20/2018	0.130136	0.191436	0.125677	0.190229	3,705	1,769,900
03/19/2018	0.123286	0.130765	0.068319	0.129323	964	1,676,740
03/18/2018	0.118321	0.123730	0.068134	0.122854	224	1,609,220
03/17/2018	0.059570	0.147121	0.057761	0.118585	3,905	810,179
03/16/2018	0.092909	0.094003	0.046506	0.059719	75	1,263,590
03/15/2018	0.154420	0.164415	0.067667	0.093072	12,968	2,100,180
03/14/2018	0.215918	0.220470	0.092176	0.154335	250	2,936,570
03/13/2018	0.070996	0.221970	0.032945	0.215862	1,998	965,578
03/12/2018	0.192171	0.224787	0.068384	0.070979	644	2,613,610
03/11/2018	0.183465	0.234612	0.175985	0.192703	883	2,495,190
03/10/2018	0.191162	0.249756	0.177400	0.184292	544	2,599,880
03/09/2018	0.211386	0.242047	0.174661	0.191772	285	2,874,930
03/08/2018	0.222538	0.225355	0.206894	0.211315	90	3,026,600
03/07/2018	0.232293	0.250246	0.211279	0.222854	98	3,159,280
03/06/2018	0.277158	0.277158	0.230458	0.232371	117	3,769,450
03/05/2018	0.262307	0.284606	0.252343	0.277870	884	3,567,480
03/04/2018	0.263116	0.289155	0.243351	0.262496	830	3,578,480
03/03/2018	0.258561	0.264707	0.257444	0.263571	105	3,516,530
03/02/2018	0.240542	0.266606	0.235690	0.258671	90	3,271,460
03/01/2018	0.255895	0.258083	0.227157	0.240958	121	3,480,270
02/28/2018	0.238049	0.264751	0.232448	0.255542	304	3,237,560
02/27/2018	0.252649	0.263200	0.235937	0.238375	2,709	3,436,120
02/26/2018	0.220191	0.254943	0.208987	0.252297	1,213	2,994,680
02/25/2018	0.247888	0.250386	0.210031	0.220810	732	3,371,380
02/24/2018	0.232615	0.248741	0.206593	0.248226	172	3,163,660
02/23/2018	0.220861	0.236759	0.214257	0.233060	586	3,003,800
02/22/2018	0.240129	0.248905	0.220682	0.221158	1,089	3,265,840
02/21/2018	0.256896	0.273357	0.248477	0.263325	211	3,493,880
02/20/2018	0.327324	0.340642	0.254050	0.255934	205	4,451,730
02/19/2018	0.274849	0.332937	0.272556	0.327027	2	3,738,060
02/18/2018	0.312920	0.314841	0.241314	0.276149	2,236	4,255,830
02/17/2018	0.263760	0.313196	0.251908	0.312565	996	3,587,230
02/16/2018	0.296366	0.304581	0.245687	0.261810	801	4,030,690
02/15/2018	0.261857	0.294364	0.233375	0.294364	128	3,561,360
02/14/2018	0.187764	0.262357	0.187764	0.261761	23	2,553,660
02/13/2018	0.301578	0.302950	0.185658	0.188325	942	4,101,580
02/12/2018	0.218577	0.304489	0.175162	0.301034	2,410	2,972,730
02/11/2018	0.225740	0.226795	0.176292	0.219288	4	3,070,150
02/10/2018	0.209561	0.244458	0.206776	0.225988	183	2,850,110
02/09/2018	0.180972	0.239564	0.172133	0.209602	178	2,461,290
02/08/2018	0.223670	0.236810	0.173159	0.181019	742	3,042,000
02/07/2018	0.186671	0.313516	0.177713	0.224631	15,456	2,538,790
02/06/2018	0.149257	0.221907	0.136744	0.188342	1,073	2,029,950
02/05/2018	0.188179	0.191884	0.153570	0.158635	476	2,559,310
02/04/2018	0.205399	0.324224	0.177627	0.189908	640	2,793,510
02/03/2018	0.208308	0.224259	0.191444	0.203691	198	2,833,070
02/02/2018	0.215259	0.215259	0.184678	0.207617	2,139	2,927,600
02/01/2018	0.225401	0.230887	0.204987	0.215717	390	3,065,550
01/31/2018	0.316435	0.318214	0.209994	0.224905	3,743	4,303,640
01/30/2018	0.229819	0.343510	0.220028	0.315937	118,147	3,125,630
01/29/2018	0.285047	0.288281	0.226002	0.229743	140	3,876,750
01/28/2018	0.235479	0.289496	0.230360	0.286228	1	3,202,600
01/27/2018	0.235918	0.245837	0.230741	0.234976	10	3,208,570
01/26/2018	0.300663	0.312959	0.213258	0.236073	810	4,089,130
01/25/2018	0.265550	0.305507	0.220309	0.301449	6,868	3,611,580
01/24/2018	0.256855	0.317997	0.246033	0.261585	2,546	3,493,330
01/23/2018	0.251075	0.267892	0.247641	0.256521	4	3,414,720
01/22/2018	0.268335	0.320969	0.238509	0.316572	0	3,649,460
01/21/2018	0.306919	0.306919	0.258981	0.264750	200	4,174,220
01/20/2018	0.283026	0.312476	0.282971	0.306283	714	3,849,260
01/19/2018	0.335668	0.341136	0.271493	0.280157	2,814	4,565,210
01/18/2018	0.339492	0.394456	0.321129	0.333780	841	4,617,220
01/17/2018	0.270516	0.340589	0.237188	0.339144	6,283	3,679,120
01/16/2018	0.422232	0.422587	0.235877	0.271483	958	5,742,520
01/15/2018	0.422145	0.444445	0.391444	0.421678	1,653	5,741,340
01/14/2018	0.411244	0.425079	0.313683	0.425079	9,800	5,593,080
01/13/2018	0.386814	0.416111	0.332404	0.410990	7,417	5,260,830
01/12/2018	0.319953	0.400049	0.311517	0.387550	148	4,351,490
01/11/2018	0.348857	0.387598	0.294742	0.317954	11,369	4,744,590
01/10/2018	0.409590	0.413691	0.336527	0.348041	2,771	5,570,580
01/09/2018	0.435492	0.476992	0.337994	0.409007	16,552	5,922,860
01/08/2018	0.362970	0.443359	0.352124	0.435676	1,985	4,936,530
01/07/2018	0.496767	0.504569	0.362479	0.363047	4,940	6,756,220
01/06/2018	0.412979	0.497834	0.380557	0.497510	58,056	5,616,670
01/05/2018	0.484705	0.527915	0.402925	0.412632	8,616	6,592,180
01/04/2018	0.380722	0.505396	0.373782	0.484609	237,241	5,177,970
01/03/2018	0.495132	0.500564	0.371416	0.378648	13,531	6,733,990
01/02/2018	0.402090	0.503468	0.343804	0.496810	7,210	5,468,580
01/01/2018	0.331211	0.416360	0.315085	0.402255	863	4,504,600
12/31/2017	0.297468	0.551415	0.294289	0.331202	30,559	4,045,680
12/30/2017	0.392664	0.613158	0.298998	0.300018	16,109	5,340,380
12/29/2017	0.385120	0.503625	0.382109	0.393732	21,363	5,237,780
12/28/2017	0.473060	0.475732	0.364606	0.381975	8,423	6,433,800
12/27/2017	0.534954	0.534954	0.431014	0.473769	2,127	7,275,580
12/26/2017	0.418012	0.654144	0.415448	0.534362	47,809	5,685,120
12/25/2017	0.422281	0.434786	0.397901	0.418447	12,670	5,743,180
12/24/2017	0.434276	0.434414	0.280301	0.417998	90,090	5,906,320
12/23/2017	0.355294	0.461506	0.312225	0.429626	27,888	4,832,140
12/22/2017	0.371982	0.389187	0.239591	0.351283	14,868	5,059,100
12/21/2017	0.316082	0.433881	0.314298	0.370728	36,053	4,298,840
12/20/2017	0.370380	0.409757	0.302273	0.315273	95,034	5,037,310
12/19/2017	0.378995	0.416613	0.319771	0.370776	78,649	5,154,480
12/18/2017	0.375929	0.390106	0.318360	0.378461	18,606	5,112,790
12/17/2017	0.305469	0.389908	0.301246	0.374848	38,324	4,154,490
12/16/2017	0.269687	0.386456	0.269687	0.305465	68,330	3,667,850
12/15/2017	0.377474	0.401046	0.267806	0.269560	5,172	5,133,790
12/14/2017	0.326389	0.378265	0.323821	0.376920	42,568	4,439,020
12/13/2017	0.291527	0.349909	0.282938	0.327332	97,769	3,964,880
12/12/2017	0.278377	0.353455	0.274723	0.291288	12,728	3,786,030
12/11/2017	0.372016	0.426020	0.266959	0.278005	4,345	5,059,560
12/10/2017	0.271453	0.388274	0.249025	0.373427	16,898	3,691,860
12/09/2017	0.233429	0.441342	0.230242	0.270579	305	3,174,730
12/08/2017	0.329490	0.411403	0.228863	0.233715	30,334	4,481,190
12/07/2017	0.300922	0.498861	0.294127	0.328724	29,826	4,092,660
12/06/2017	0.330395	0.349662	0.218724	0.301032	84,174	4,493,510
12/05/2017	0.350707	0.377068	0.328805	0.329807	7,867	4,769,740
12/04/2017	0.365467	0.462051	0.325592	0.350004	2,368	4,970,500
12/03/2017	0.289949	0.367553	0.273617	0.364662	71,008	3,943,420
12/02/2017	0.300016	0.327447	0.244936	0.289692	21,132	4,080,330
12/01/2017	0.231624	0.431716	0.230314	0.299423	27,543	3,150,180
11/30/2017	0.222274	0.256958	0.210970	0.232579	11,882	3,023,020
11/29/2017	0.246001	0.276365	0.188977	0.220222	15,619	3,345,710
11/28/2017	0.214713	0.245594	0.206193	0.244607	191	2,920,180
11/27/2017	0.195869	0.281262	0.195869	0.214271	12,168	2,663,890
11/26/2017	0.183612	0.197515	0.182768	0.195799	16,887	2,497,190
11/25/2017	0.172802	0.184131	0.171583	0.183417	3,278	2,350,180
11/24/2017	0.168918	0.175384	0.165776	0.173132	2,292	2,297,360
11/23/2017	0.176699	0.177578	0.169110	0.169110	14,352	2,403,180
11/22/2017	0.164491	0.198570	0.159020	0.176910	2,716	2,237,140
11/21/2017	0.173247	0.184778	0.161070	0.163580	1,055	2,356,230
11/20/2017	0.131534	0.253483	0.130697	0.173237	14,481	1,788,910
11/19/2017	0.148955	0.181313	0.126751	0.131656	3,199	2,025,840
11/18/2017	0.136025	0.157934	0.132308	0.149171	381	1,850,000
11/17/2017	0.139178	0.142566	0.132216	0.136344	302	1,892,880
11/16/2017	0.174843	0.179926	0.137496	0.139585	4,006	2,377,930
11/15/2017	0.120784	0.178395	0.120784	0.174295	5,285	1,642,710
11/14/2017	0.081217	0.143957	0.066280	0.120702	16,421	1,104,580
11/13/2017	0.065334	0.081965	0.062600	0.081150	1,382	888,561
11/12/2017	0.064668	0.080079	0.063705	0.065201	248	879,505
11/11/2017	0.086862	0.091510	0.064103	0.064679	1,983	1,181,360
11/10/2017	0.102080	0.104595	0.085815	0.086962	672	1,388,320
11/09/2017	0.096181	0.116696	0.093726	0.100941	3,052	1,308,100
11/08/2017	0.085413	0.109695	0.080001	0.096417	471	1,161,650
11/07/2017	0.084641	0.101665	0.080411	0.096940	2,204	1,151,140
11/06/2017	0.093495	0.093865	0.084331	0.084728	1,879	1,271,570
11/05/2017	0.091466	0.101779	0.089491	0.093361	503	1,243,970
11/04/2017	0.106911	0.113772	0.088632	0.091662	2	1,454,030
11/03/2017	0.103088	0.115256	0.086641	0.107262	1,799	1,402,030
11/02/2017	0.101073	0.108009	0.098226	0.102845	4,152	1,374,630
11/01/2017	0.096808	0.103462	0.094535	0.102138	5,564	1,316,630
10/31/2017	0.091002	0.108502	0.090489	0.096850	2,944	1,237,660
10/30/2017	0.096921	0.100108	0.089748	0.092355	1,695	1,318,160
10/29/2017	0.099694	0.125007	0.094180	0.097408	1,882	1,355,880
10/28/2017	0.112994	0.114618	0.092145	0.099980	1,273	1,536,760
10/27/2017	0.118261	0.121623	0.112736	0.112764	388	1,608,390
10/26/2017	0.122295	0.124306	0.114949	0.118519	781	1,663,270
10/25/2017	0.081397	0.123302	0.078900	0.123284	5,421	1,107,030
10/24/2017	0.102560	0.107620	0.080944	0.081271	1,991	1,394,860
10/23/2017	0.104363	0.104700	0.082144	0.102425	2,852	1,419,380
10/22/2017	0.094429	0.109160	0.093674	0.104525	767	1,284,280
10/21/2017	0.089924	0.099841	0.085478	0.094420	2,766	1,223,010
10/20/2017	0.098977	0.099914	0.090060	0.090295	3,017	1,346,130
10/19/2017	0.082830	0.114060	0.080265	0.098997	3,649	1,126,520
10/18/2017	0.086325	0.108876	0.074302	0.082874	5,700	1,174,050
10/17/2017	0.156737	0.157186	0.086275	0.086308	5,617	2,131,690
10/16/2017	0.154807	0.157535	0.151399	0.156715	1,004,130	2,105,440
10/15/2017	0.159154	0.159668	0.148294	0.154786	984,214	2,164,550
10/14/2017	0.105336	0.195040	0.095328	0.158870	1,007,520	1,432,610
10/13/2017	0.103474	0.301416	0.075099	0.104010	718,850	1,407,290
10/12/2017	0.099662	0.334347	0.091289	0.099687	571,971	1,355,440
10/11/2017	0.096010	0.162173	0.092474	0.100540	40,886	1,305,770
10/10/2017	0.111087	0.124638	0.084105	0.096166	35,848	1,510,830
10/09/2017	0.104144	0.133831	0.103801	0.111095	45,444	1,416,400
10/08/2017	0.139096	0.146175	0.104279	0.107420	53,927	1,891,750
10/07/2017	0.140611	0.152600	0.134303	0.139468	34,067	1,912,370
10/06/2017	0.138184	0.161178	0.131697	0.140566	66,045	1,882,590
10/05/2017	0.144750	0.150104	0.125108	0.138185	81,832	1,972,040
10/04/2017	0.152486	0.161217	0.128493	0.143776	281,546	2,077,430
10/03/2017	0.345315	0.352133	0.155023	0.159890	1,326,660	4,704,490
10/02/2017	0.336105	0.409605	0.331834	0.350453	558,471	4,579,020
10/01/2017	0.333379	0.354578	0.321293	0.336253	123,493	4,541,870
09/30/2017	0.342897	0.360573	0.332499	0.333068	145,981	4,671,550
09/29/2017	0.378013	0.384038	0.327992	0.343688	235,891	5,149,950
09/28/2017	0.350232	0.410794	0.345647	0.378724	466,051	4,771,470
09/27/2017	0.353396	0.363488	0.334841	0.350219	185,954	4,814,590
09/26/2017	0.363048	0.367137	0.348639	0.354385	91,173	4,946,080
09/25/2017	0.357432	0.373122	0.341058	0.362927	101,901	4,869,560
09/24/2017	0.382185	0.382185	0.340460	0.344009	149,446	5,206,790
09/23/2017	0.381613	0.390647	0.347280	0.382217	153,661	5,199,000
09/22/2017	0.362521	0.396745	0.329253	0.383452	227,388	4,938,900
09/21/2017	0.474725	0.476470	0.338883	0.345536	448,134	6,467,540
09/20/2017	0.684095	0.705691	0.461434	0.473129	2,077,950	9,319,950
09/19/2017	0.682301	0.792224	0.575922	0.685087	2,127,830	9,295,500
09/18/2017	0.671331	0.748282	0.613548	0.653843	1,961,770	9,146,050
09/17/2017	0.492570	0.904411	0.469826	0.674004	6,862,020	6,710,660
09/16/2017	0.600944	0.668439	0.432480	0.488186	1,174,610	8,187,120
09/15/2017	0.645680	0.712133	0.443081	0.610547	5,209,290	8,796,590
09/14/2017	0.367240	0.716705	0.339467	0.611711	2,660,300	5,003,190
09/13/2017	0.364957	0.425702	0.277799	0.368344	394,799	4,972,080
09/12/2017	0.356557	0.392271	0.328205	0.355762	93,521	4,857,650
09/11/2017	0.301084	0.380036	0.296777	0.345355	121,690	4,101,900
09/10/2017	0.321251	0.370169	0.291599	0.300276	116,501	4,376,650
09/09/2017	0.319986	0.330914	0.303989	0.322079	13,436	4,359,420
09/08/2017	0.343134	0.351017	0.300687	0.319367	27,601	4,674,770
09/07/2017	0.363163	0.371949	0.326276	0.343065	29,884	4,947,650
09/06/2017	0.335391	0.384260	0.335391	0.357108	16,118	4,569,280
09/05/2017	0.326876	0.341325	0.286398	0.335009	25,233	4,453,280
09/04/2017	0.398111	0.399416	0.296414	0.325188	38,907	5,423,770
09/03/2017	0.403793	0.420922	0.387164	0.397978	54,795	5,501,180
09/02/2017	0.416660	0.440863	0.376602	0.403533	111,197	5,676,480
09/01/2017	0.378343	0.436150	0.374786	0.416139	48,042	5,154,450
08/31/2017	0.390033	0.398302	0.368663	0.378274	65,639	5,313,720
08/30/2017	0.373496	0.394036	0.355000	0.390715	36,747	5,088,420
08/29/2017	0.355496	0.482510	0.347138	0.373995	383,428	4,843,200
08/28/2017	0.327916	0.359815	0.320414	0.354893	52,275	4,467,450
08/27/2017	0.347433	0.351601	0.328011	0.332695	16,141	4,733,350
08/26/2017	0.337382	0.348299	0.318995	0.340179	39,595	4,596,410
08/25/2017	0.340456	0.365941	0.312527	0.336735	45,158	4,638,290
08/24/2017	0.333715	0.359307	0.314185	0.340993	34,793	4,546,460
08/23/2017	0.355079	0.369582	0.328278	0.333571	46,627	4,837,520
08/22/2017	0.301670	0.359850	0.268874	0.355764	92,493	4,109,880
08/21/2017	0.336720	0.338632	0.276232	0.300973	30,244	4,587,400
08/20/2017	0.333118	0.348296	0.292801	0.333931	41,579	4,538,320
08/19/2017	0.326012	0.352112	0.293731	0.334680	21,999	4,441,510
08/18/2017	0.330273	0.344881	0.304289	0.326209	47,110	4,499,560
08/17/2017	0.359490	0.379203	0.302019	0.331286	60,434	4,897,610
08/16/2017	0.317386	0.423652	0.280660	0.362458	164,079	4,323,990
08/15/2017	0.347375	0.357547	0.278570	0.317037	211,651	4,732,550
08/14/2017	0.353351	0.361777	0.275798	0.346443	30,038	4,813,970
08/13/2017	0.344268	0.379158	0.319962	0.353126	36,611	4,690,230
08/12/2017	0.295751	0.349579	0.295751	0.344588	27,591	4,029,240
08/11/2017	0.343354	0.368748	0.286972	0.297772	50,443	4,677,770
08/10/2017	0.379395	0.419000	0.340995	0.343374	128,163	5,168,790
08/09/2017	0.378967	0.423874	0.359262	0.379359	47,471	5,162,960
08/08/2017	0.373157	0.430916	0.330856	0.387298	92,829	5,083,800
08/07/2017	0.373859	0.609113	0.373592	0.377625	669,337	5,093,370
08/06/2017	0.332053	0.441793	0.304657	0.374697	54,540	4,523,800
08/05/2017	0.327763	0.353550	0.314625	0.331972	26,314	4,465,370
08/04/2017	0.362282	0.367938	0.283878	0.329137	55,066	4,935,640
08/03/2017	0.243440	0.385748	0.243440	0.368673	183,615	3,316,560
08/02/2017	0.201888	0.270729	0.193944	0.243005	40,764	2,750,480
08/01/2017	0.168905	0.241083	0.158932	0.201927	17,755	2,301,120
07/31/2017	0.172656	0.176270	0.149250	0.168823	22,057	2,352,230
07/30/2017	0.171053	0.220458	0.122217	0.181706	102,327	2,330,380
07/29/2017	0.189134	0.189651	0.165925	0.171077	12,568	2,576,710
07/28/2017	0.190423	0.213033	0.180462	0.189854	23,280	2,594,280
07/27/2017	0.208423	0.220535	0.190609	0.207914	88,443	2,839,510
07/26/2017	0.232600	0.235138	0.199037	0.207833	8,221	3,168,890
07/25/2017	0.272281	0.272684	0.217968	0.232494	23,216	3,709,490
07/24/2017	0.252664	0.310662	0.241137	0.278682	21,446	3,442,230
07/23/2017	0.254826	0.263989	0.243297	0.252958	4,471	3,471,690
07/22/2017	0.240134	0.271389	0.238985	0.254826	11,910	3,271,530
07/21/2017	0.251984	0.262262	0.232438	0.240183	10,671	3,432,970
07/20/2017	0.229243	0.306630	0.214197	0.250129	52,376	3,123,150
07/19/2017	0.220024	0.295489	0.201396	0.229934	45,512	2,997,550
07/18/2017	0.200592	0.234153	0.193322	0.219674	10,236	2,732,820
07/17/2017	0.160718	0.203843	0.158203	0.200076	13,349	2,189,580
07/16/2017	0.169949	0.171710	0.153977	0.160896	13,187	2,315,350
07/15/2017	0.191975	0.204009	0.170419	0.170462	6,941	2,615,420
07/14/2017	0.227617	0.228666	0.176693	0.192305	12,005	3,101,000
07/13/2017	0.246907	0.247424	0.219655	0.227784	7,297	3,363,810
07/12/2017	0.204726	0.255898	0.203709	0.246723	21,744	2,789,140
07/11/2017	0.208267	0.219693	0.184098	0.205030	12,809	2,837,380
07/10/2017	0.293887	0.301391	0.190746	0.208711	38,662	4,003,840
07/09/2017	0.311150	0.317041	0.292420	0.293316	7,112	4,239,040
07/08/2017	0.289265	0.322040	0.287802	0.310872	5,916	3,940,880
07/07/2017	0.422517	0.438350	0.264143	0.289022	62,259	5,756,270
07/06/2017	0.382998	0.437470	0.358009	0.422206	20,244	5,217,870
07/05/2017	0.414415	0.440193	0.382808	0.382808	22,935	5,645,900
07/04/2017	0.400620	0.442217	0.400620	0.414639	18,453	5,457,950
07/03/2017	0.359805	0.441533	0.353367	0.401533	36,912	4,901,900
07/02/2017	0.341435	0.385956	0.334105	0.365607	21,111	4,651,630
07/01/2017	0.375097	0.384749	0.338648	0.341476	25,770	5,110,230
06/30/2017	0.405147	0.427277	0.373735	0.375241	26,732	5,519,630
06/29/2017	0.431413	0.440269	0.382624	0.404342	37,123	5,877,460
06/28/2017	0.434494	0.457497	0.383279	0.431813	48,901	5,919,440
06/27/2017	0.400755	0.444501	0.367412	0.431680	45,726	5,459,790
06/26/2017	0.452295	0.459457	0.381210	0.391511	39,335	6,161,960
06/25/2017	0.448976	0.481526	0.429637	0.452531	13,227	6,116,740
06/24/2017	0.484129	0.547108	0.443845	0.450008	92,856	6,595,650
06/23/2017	0.447118	0.490644	0.425910	0.484184	36,669	6,091,430
06/22/2017	0.428708	0.448392	0.398432	0.447118	52,964	5,840,610
06/21/2017	0.429625	0.448392	0.400955	0.428708	68,911	5,853,110
06/20/2017	0.445751	0.469592	0.424636	0.429625	48,185	6,072,810
06/19/2017	0.462481	0.487061	0.425894	0.445751	95,881	6,300,730
06/18/2017	0.423479	0.485862	0.423477	0.462481	32,934	5,769,380
06/17/2017	0.461737	0.461779	0.399773	0.423479	46,525	6,290,600
06/16/2017	0.404348	0.479731	0.389182	0.461723	34,969	5,508,740
06/15/2017	0.447398	0.447398	0.352562	0.401396	56,651	6,095,240
06/14/2017	0.504074	0.508483	0.402754	0.447418	53,610	6,867,380
06/13/2017	0.496344	0.518927	0.459072	0.504367	36,182	6,762,070
06/12/2017	0.539355	0.563176	0.431844	0.500675	52,320	7,348,040
06/11/2017	0.533439	0.548382	0.502819	0.540072	37,539	7,267,450
06/10/2017	0.543103	0.551773	0.503316	0.533746	27,706	7,399,110
06/09/2017	0.483897	0.557920	0.483897	0.542289	28,679	6,592,500
06/08/2017	0.509937	0.551267	0.455983	0.484663	42,604	6,947,260
06/07/2017	0.603356	0.616917	0.486687	0.507387	75,143	8,219,980
06/06/2017	0.590819	0.604180	0.512204	0.603202	78,808	8,049,180
06/05/2017	0.513341	0.589035	0.497462	0.589035	72,613	6,993,640
06/04/2017	0.492651	0.557132	0.470194	0.513275	44,617	6,711,760
06/03/2017	0.402492	0.561693	0.402492	0.493985	99,891	5,483,460
06/02/2017	0.334969	0.462657	0.306267	0.409776	43,036	4,563,540
06/01/2017	0.286769	0.335564	0.279245	0.334818	23,869	3,906,870
05/31/2017	0.284893	0.319849	0.243739	0.286515	27,123	3,881,310
05/30/2017	0.304916	0.322248	0.264672	0.283780	15,402	4,154,100
05/29/2017	0.295169	0.316445	0.269370	0.304562	21,509	4,021,310
05/28/2017	0.218279	0.298369	0.218279	0.295768	14,938	2,973,780
05/27/2017	0.279633	0.288011	0.211996	0.216983	13,305	3,809,650
05/26/2017	0.309009	0.342622	0.263690	0.278707	15,020	4,209,860
05/25/2017	0.312558	0.368873	0.239693	0.311294	27,187	4,258,220
05/24/2017	0.334732	0.366965	0.309054	0.313147	38,921	4,560,310
05/23/2017	0.254426	0.336192	0.235212	0.334329	24,659	3,466,240
05/22/2017	0.266652	0.312178	0.225803	0.242092	41,497	3,632,800
05/21/2017	0.315072	0.332889	0.275500	0.279820	35,573	4,292,470
05/20/2017	0.329540	0.336397	0.281849	0.315185	23,286	4,489,580
05/19/2017	0.283051	0.330269	0.273502	0.329898	25,188	3,856,220
05/18/2017	0.291347	0.307017	0.261951	0.282887	35,240	3,969,240
05/17/2017	0.288333	0.315624	0.280987	0.291503	28,797	3,928,180
05/16/2017	0.317993	0.323166	0.272919	0.303385	27,249	4,332,260
05/15/2017	0.339318	0.339834	0.289571	0.318464	41,087	4,622,790
05/14/2017	0.341668	0.361120	0.300630	0.339088	18,058	4,654,800
05/13/2017	0.313352	0.354530	0.293827	0.340577	54,601	4,269,030
05/12/2017	0.304622	0.328162	0.284978	0.314001	21,604	4,150,100
05/11/2017	0.289665	0.324187	0.275623	0.304321	21,485	3,946,330
05/10/2017	0.325834	0.348870	0.243576	0.289146	56,740	4,439,080
05/09/2017	0.326298	0.431825	0.278917	0.343173	85,810	4,445,410
05/08/2017	0.344234	0.365572	0.304610	0.326196	56,749	4,689,760
05/07/2017	0.401453	0.403162	0.298836	0.344189	83,514	5,471,260
05/06/2017	0.335493	0.401283	0.326704	0.401283	73,948	4,572,320
05/05/2017	0.322766	0.426977	0.276675	0.349152	113,622	4,398,870
05/04/2017	0.286607	0.374476	0.277004	0.322096	66,065	3,906,070
05/03/2017	0.262512	0.319463	0.240754	0.286486	47,058	3,577,690
05/02/2017	0.259366	0.272703	0.238333	0.262342	11,235	3,534,810
05/01/2017	0.249452	0.278445	0.234736	0.262300	33,381	3,399,700
04/30/2017	0.250607	0.256618	0.229360	0.249377	20,956	3,415,440
04/29/2017	0.262846	0.264522	0.235321	0.250597	14,520	3,582,240
04/28/2017	0.240502	0.262713	0.217273	0.262603	23,508	3,277,720
04/27/2017	0.228367	0.243448	0.198968	0.240501	15,947	3,112,340
04/26/2017	0.198429	0.231668	0.168353	0.228224	23,327	2,704,320
04/25/2017	0.224181	0.224409	0.198091	0.198350	16,781	3,055,290
04/24/2017	0.241938	0.242620	0.189560	0.224139	47,652	3,297,290
04/23/2017	0.255839	0.271680	0.223567	0.254975	24,623	3,486,740
04/22/2017	0.187898	0.295937	0.180453	0.256176	84,076	2,560,800
04/21/2017	0.167751	0.187796	0.149381	0.187796	24,617	2,286,220
04/20/2017	0.174795	0.180976	0.135995	0.167707	26,951	2,382,220
04/19/2017	0.128013	0.179955	0.114718	0.174681	24,251	1,744,640
04/18/2017	0.138847	0.151164	0.117248	0.127964	9,784	1,892,300
04/17/2017	0.138217	0.156643	0.127342	0.138864	33,267	1,883,710
04/16/2017	0.118455	0.147614	0.118455	0.134117	25,178	1,614,380
04/15/2017	0.113206	0.149159	0.113049	0.118446	49,439	1,542,850
04/14/2017	0.097071	0.117274	0.091762	0.113229	23,290	1,322,940
04/13/2017	0.099276	0.100577	0.082734	0.095847	17,413	1,353,000
04/12/2017	0.080778	0.099223	0.078073	0.099223	7,386	1,100,900
04/11/2017	0.074160	0.082801	0.072121	0.080791	3,410	1,010,710
04/10/2017	0.071315	0.075416	0.071061	0.074140	6,775	971,932
04/09/2017	0.069249	0.073034	0.069249	0.071348	863	943,771
04/08/2017	0.073780	0.073780	0.067904	0.069213	6,313	1,005,530
04/07/2017	0.069552	0.074342	0.068635	0.074047	2,386	947,902
04/06/2017	0.065556	0.074927	0.065556	0.069773	12,478	893,436
04/05/2017	0.067390	0.070399	0.065036	0.065496	8,342	918,434
04/04/2017	0.062305	0.071653	0.062305	0.067335	8,481	849,131
04/03/2017	0.058456	0.072179	0.057655	0.066913	5,633	796,682
04/02/2017	0.065167	0.069535	0.051530	0.056762	17,904	888,136
04/01/2017	0.069651	0.069744	0.059320	0.065160	19,850	949,245
03/31/2017	0.063138	0.069731	0.060369	0.069656	13,449	860,492
03/30/2017	0.061574	0.066857	0.057571	0.063125	10,486	839,168
03/29/2017	0.061405	0.062622	0.055725	0.061441	3,763	836,865
03/28/2017	0.057452	0.063674	0.051765	0.061468	7,248	782,995
03/27/2017	0.058414	0.062108	0.049879	0.057382	31,764	796,103
03/26/2017	0.072276	0.077670	0.054797	0.058094	31,348	985,030
03/25/2017	0.065405	0.073787	0.059090	0.072175	10,882	891,384
03/24/2017	0.062307	0.066453	0.057985	0.065474	11,126	849,163
03/23/2017	0.052545	0.062898	0.047859	0.062316	15,614	716,111
03/22/2017	0.067788	0.076127	0.037203	0.052499	43,009	923,861
03/21/2017	0.046966	0.082796	0.046966	0.059265	64,709	640,085
03/20/2017	0.045846	0.047316	0.040707	0.046916	10,353	624,819
03/19/2017	0.035104	0.047346	0.032770	0.045824	9,296	478,416
03/18/2017	0.041469	0.042313	0.032990	0.034999	7,839	565,171
03/17/2017	0.045934	0.046922	0.032875	0.041490	18,220	626,013
03/16/2017	0.044952	0.046650	0.039597	0.046232	9,256	612,638
03/15/2017	0.035915	0.044890	0.033610	0.044890	16,284	489,473
03/14/2017	0.032677	0.036025	0.032460	0.035910	5,338	445,342
03/13/2017	0.031840	0.034607	0.028220	0.032670	5,694	433,931
03/12/2017	0.032357	0.033777	0.029445	0.031829	3,346	440,982
03/11/2017	0.031257	0.033391	0.031257	0.032335	2,295	425,991
03/10/2017	0.032273	0.033680	0.024805	0.031268	4,382	439,835
03/09/2017	0.030704	0.032691	0.030460	0.032251	144	418,449
03/08/2017	0.032024	0.032952	0.029898	0.030694	2,318	436,447
03/07/2017	0.037274	0.037274	0.030340	0.032032	1,545	507,989
03/06/2017	0.045276	0.049018	0.031357	0.037262	11,584	617,047
03/05/2017	0.038798	0.045669	0.038683	0.045669	697	528,766
03/04/2017	0.041236	0.041299	0.036967	0.038830	3,737	561,984
03/03/2017	0.044938	0.045426	0.031868	0.041157	14,577	612,444
03/02/2017	0.043706	0.047481	0.031496	0.044949	11,100	595,655
03/01/2017	0.044257	0.047192	0.039483	0.043632	4,022	603,170
02/28/2017	0.040897	0.045681	0.040897	0.044256	1,354	557,377
02/27/2017	0.042210	0.045799	0.040600	0.040869	1,912	575,270
02/26/2017	0.043517	0.045518	0.037252	0.042262	10,440	593,073
02/25/2017	0.041120	0.043572	0.037742	0.043500	3,183	560,405
02/24/2017	0.042527	0.044689	0.040176	0.041235	2,475	579,579
02/23/2017	0.041781	0.045768	0.039760	0.042310	7,862	569,419
02/22/2017	0.044380	0.046527	0.039720	0.041564	12,517	604,842
02/21/2017	0.045794	0.048495	0.044256	0.046296	7,787	624,108
02/20/2017	0.047191	0.047620	0.044536	0.045824	452	643,148
02/19/2017	0.043530	0.047216	0.042555	0.047154	4,903	593,254
02/18/2017	0.045001	0.047205	0.042322	0.042704	2,981	613,298
02/17/2017	0.041496	0.044986	0.041477	0.044872	1,292	565,539
02/16/2017	0.040306	0.044208	0.040164	0.041550	468	549,317
02/15/2017	0.040128	0.044076	0.039062	0.040299	2,192	546,887
02/14/2017	0.040592	0.043955	0.038427	0.040061	630	553,210
02/13/2017	0.037668	0.041046	0.037616	0.040547	359	513,364
02/12/2017	0.039910	0.047543	0.037075	0.037679	6,410	543,920
02/11/2017	0.036867	0.042742	0.036861	0.039947	1,550	502,448
02/10/2017	0.039275	0.041084	0.035495	0.040344	6,766	535,271
02/09/2017	0.042300	0.044507	0.037291	0.039226	2,576	576,499
02/08/2017	0.045531	0.048521	0.040512	0.042236	3,669	620,526
02/07/2017	0.046099	0.050199	0.039609	0.047729	5,951	628,267
02/06/2017	0.039860	0.046251	0.037142	0.046011	6,254	543,237
02/05/2017	0.041439	0.042467	0.036778	0.039819	3,501	564,761
02/04/2017	0.044751	0.045436	0.037618	0.041415	11,367	609,895
02/03/2017	0.043665	0.046883	0.042626	0.044690	4,172	595,095
02/02/2017	0.050985	0.051208	0.042548	0.043680	4,616	694,858
02/01/2017	0.045780	0.051008	0.045780	0.050939	2,522	623,918
01/31/2017	0.042945	0.048408	0.042830	0.045754	2,482	585,288
01/30/2017	0.041592	0.045239	0.040091	0.042919	4,175	566,839
01/29/2017	0.045391	0.045604	0.040778	0.041564	5,471	618,612
01/28/2017	0.043741	0.045466	0.041578	0.045367	2,810	596,130
01/27/2017	0.047284	0.047685	0.037753	0.043738	10,056	644,421
01/26/2017	0.048981	0.050613	0.041290	0.047245	9,420	667,541
01/25/2017	0.047267	0.051422	0.045103	0.048934	4,286	644,182
01/24/2017	0.050589	0.050589	0.045331	0.047308	3,836	689,453
01/23/2017	0.047260	0.056256	0.046424	0.051163	4,933	644,094
01/22/2017	0.049061	0.055292	0.039380	0.047218	26,675	668,638
01/21/2017	0.052803	0.055480	0.048945	0.049040	14,687	719,631
01/20/2017	0.054796	0.056613	0.051955	0.052803	17,551	746,797
01/19/2017	0.053477	0.058451	0.052713	0.054851	10,678	728,825
01/18/2017	0.060872	0.063814	0.048974	0.053374	33,456	829,606
01/17/2017	0.058094	0.073377	0.046774	0.060776	74,829	791,738
01/16/2017	0.037226	0.076354	0.033743	0.058135	85,670	507,344
01/15/2017	0.030202	0.037240	0.025787	0.037227	15,924	411,618
01/14/2017	0.022864	0.034728	0.021944	0.025991	40,005	-
01/13/2017	0.020974	0.024078	0.019956	0.022833	6,038	-
01/12/2017	0.019274	0.022707	0.018514	0.021003	6,268	-
