Date	Open	High	Low	Close	Volume	Market Cap
07/15/2018	0.365091	0.404912	0.363877	0.387681	348	8,305,020
07/14/2018	0.389618	0.390062	0.360842	0.365183	665	8,862,960
07/13/2018	0.362073	0.403302	0.361697	0.390704	3,403	8,236,370
07/12/2018	0.396169	0.410900	0.355244	0.361717	34,436	9,011,980
07/11/2018	0.344389	0.405363	0.339868	0.396256	14,776	7,834,100
07/10/2018	0.363776	0.363839	0.344242	0.344376	842	8,275,110
07/09/2018	0.350785	0.389252	0.350749	0.364033	4,938	7,979,590
07/08/2018	0.349892	0.360557	0.347739	0.350861	207	7,959,280
07/07/2018	0.351943	0.352438	0.337968	0.350286	161	8,005,930
07/06/2018	0.338600	0.352539	0.334616	0.352539	3,427	7,702,410
07/05/2018	0.341281	0.356503	0.337553	0.338654	1,309	7,763,400
07/04/2018	0.336584	0.361838	0.333209	0.340556	1,334	7,656,550
07/03/2018	0.341947	0.367166	0.335336	0.336714	4,570	7,778,540
07/02/2018	0.313268	0.347494	0.307528	0.343555	4,034	7,126,160
07/01/2018	0.312085	0.314842	0.306691	0.313232	493	7,099,250
06/30/2018	0.310244	0.323300	0.305405	0.312015	9,746	7,057,370
06/29/2018	0.287555	0.321450	0.284287	0.309825	1,966	6,541,250
06/28/2018	0.297494	0.299947	0.285750	0.287372	299	6,767,330
06/27/2018	0.294898	0.300130	0.292973	0.297389	114	6,708,280
06/26/2018	0.308406	0.309614	0.294739	0.295016	991	7,015,570
06/25/2018	0.317310	0.317310	0.300889	0.308406	632	7,218,120
06/24/2018	0.306793	0.324202	0.289940	0.317924	6,972	6,978,870
06/23/2018	0.298300	0.309077	0.295824	0.306835	1,966	6,785,680
06/22/2018	0.325726	0.328033	0.295076	0.298261	7,633	7,409,540
06/21/2018	0.327446	0.333662	0.320067	0.326087	1,806	7,448,670
06/20/2018	0.334979	0.341751	0.321023	0.327379	3,848	7,620,050
06/19/2018	0.326550	0.340072	0.325148	0.334772	2,076	7,428,290
06/18/2018	0.327680	0.344190	0.320481	0.326725	1,693	7,454,010
06/17/2018	0.329465	0.362324	0.316270	0.328803	10,684	7,494,610
06/16/2018	0.359378	0.362317	0.321220	0.328594	3,250	8,175,070
06/15/2018	0.357035	0.384300	0.339278	0.360694	2,349	8,121,770
06/14/2018	0.319023	0.357641	0.318373	0.357626	5,784	7,257,080
06/13/2018	0.347940	0.352687	0.313157	0.319165	8,220	7,914,870
06/12/2018	0.384446	0.396459	0.333426	0.347041	8,675	8,745,290
06/11/2018	0.380233	0.395686	0.374850	0.384652	10,097	8,649,460
06/10/2018	0.461431	0.461431	0.369287	0.379690	11,150	10,496,500
06/09/2018	0.422215	0.515264	0.420934	0.460851	33,125	9,604,460
06/08/2018	0.433601	0.434495	0.384283	0.419653	12,527	9,863,480
06/07/2018	0.444092	0.453574	0.405879	0.433272	8,756	10,102,100
06/06/2018	0.404067	0.454718	0.390954	0.443684	20,122	9,191,630
06/05/2018	0.416621	0.417066	0.383974	0.404175	7,252	9,477,210
06/04/2018	0.453360	0.454110	0.409426	0.420992	9,148	10,313,000
06/03/2018	0.458091	0.467708	0.436288	0.453149	8,151	10,420,600
06/02/2018	0.471142	0.481119	0.456201	0.457967	4,014	10,717,400
06/01/2018	0.472362	0.497771	0.449757	0.471346	10,485	10,745,200
05/31/2018	0.469907	0.502558	0.463102	0.472018	10,727	10,689,400
05/30/2018	0.504607	0.510693	0.465160	0.469995	8,690	11,478,700
05/29/2018	0.498295	0.519988	0.492310	0.504267	22,939	11,335,100
05/28/2018	0.514420	0.568587	0.497395	0.498458	31,859	11,701,900
05/27/2018	0.526366	0.526366	0.508928	0.514300	7,209	11,973,700
05/26/2018	0.542248	0.551533	0.517658	0.526133	2,929	12,334,900
05/25/2018	0.529620	0.564363	0.527621	0.542960	2,920	12,047,700
05/24/2018	0.526819	0.547752	0.509417	0.528627	7,282	11,984,000
05/23/2018	0.588252	0.589961	0.523842	0.528152	9,623	13,381,500
05/22/2018	0.646970	0.647467	0.585547	0.588863	20,454	14,717,200
05/21/2018	0.665138	0.702656	0.639290	0.647087	13,961	15,130,400
05/20/2018	0.668457	0.680430	0.586220	0.664308	64,689	15,205,900
05/19/2018	0.658623	0.682402	0.653768	0.667958	3,161	14,982,200
05/18/2018	0.689865	0.697883	0.647468	0.658723	11,250	15,692,900
05/17/2018	0.746843	0.779306	0.682419	0.689261	20,567	16,989,000
05/16/2018	0.721324	0.771973	0.690101	0.746387	215,584	16,408,500
05/15/2018	0.737329	0.764100	0.717583	0.721740	8,207	16,772,600
05/14/2018	0.714255	0.771470	0.670239	0.738596	32,052	16,247,700
05/13/2018	0.635251	0.720355	0.629913	0.710125	6,634	14,450,600
05/12/2018	0.629704	0.651519	0.617768	0.635472	15,396	14,324,400
05/11/2018	0.705231	0.711863	0.603782	0.631560	28,254	16,042,500
05/10/2018	0.778172	0.782148	0.735091	0.735803	8,492	17,701,700
05/09/2018	0.755879	0.779660	0.748626	0.778390	8,234	17,194,600
05/08/2018	0.763401	0.802894	0.750488	0.757035	95,624	17,365,700
05/07/2018	0.742465	0.774321	0.717318	0.761784	33,659	16,889,500
05/06/2018	0.850082	0.850210	0.723147	0.741934	37,833	19,337,500
05/05/2018	0.857797	0.892855	0.807377	0.810906	20,160	19,513,000
05/04/2018	0.925228	0.925228	0.843409	0.858203	28,912	21,046,900
05/03/2018	0.973086	0.979307	0.885554	0.925687	100,494	22,135,600
05/02/2018	0.802509	1.00	0.746829	0.973051	293,343	18,255,300
05/01/2018	0.760335	0.825027	0.683292	0.803720	103,574	17,296,000
04/30/2018	0.698249	0.793974	0.677145	0.759670	99,329	15,883,600
04/29/2018	0.646332	0.705998	0.633820	0.698482	150,894	14,702,600
04/28/2018	0.630334	0.660776	0.619203	0.646584	17,887	14,338,700
04/27/2018	0.650708	0.655982	0.622677	0.632861	41,591	14,802,200
04/26/2018	0.602771	0.654291	0.595748	0.649808	15,541	13,711,700
04/25/2018	0.713096	0.713096	0.597067	0.597816	17,851	16,221,400
04/24/2018	0.687220	0.717975	0.652149	0.717975	47,475	15,632,800
04/23/2018	0.698103	0.716816	0.640838	0.686636	80,956	15,880,300
04/22/2018	0.691317	0.712307	0.647128	0.699514	42,812	15,725,900
04/21/2018	0.655022	0.693329	0.615070	0.691317	82,045	14,900,300
04/20/2018	0.661009	0.672065	0.608483	0.654797	38,847	15,036,500
04/19/2018	0.691026	0.707667	0.657213	0.660575	26,090	15,719,300
04/18/2018	0.634688	0.704185	0.633357	0.690513	40,153	14,437,800
04/17/2018	0.635829	0.656205	0.613852	0.634101	39,103	14,463,700
04/16/2018	0.589928	0.636692	0.550708	0.635509	41,431	13,419,600
04/15/2018	0.560086	0.590177	0.560086	0.590177	11,918	12,740,700
04/14/2018	0.519219	0.565432	0.504278	0.559486	26,921	11,811,100
04/13/2018	0.507009	0.564208	0.490645	0.503958	14,186	11,533,300
04/12/2018	0.433176	0.523471	0.429738	0.506370	21,510	9,853,810
04/11/2018	0.394626	0.435226	0.386709	0.434224	19,664	8,976,870
04/10/2018	0.376217	0.411177	0.366717	0.394245	9,648	8,558,110
04/09/2018	0.389617	0.403760	0.368234	0.375910	2,194	8,862,930
04/08/2018	0.386916	0.392709	0.375223	0.388987	3,852	8,801,500
04/07/2018	0.357221	0.395385	0.356691	0.386566	3,658	8,126,000
04/06/2018	0.383271	0.387266	0.350036	0.356001	9,271	8,718,580
04/05/2018	0.394535	0.402560	0.375617	0.385234	7,391	8,974,800
04/04/2018	0.430645	0.430645	0.391531	0.394369	2,870	9,796,220
04/03/2018	0.411460	0.444030	0.400663	0.430942	10,623	9,359,810
04/02/2018	0.388420	0.412842	0.385896	0.411168	7,258	8,835,710
04/01/2018	0.445863	0.482998	0.365037	0.386519	109,285	10,142,400
03/31/2018	0.444416	0.472746	0.438548	0.445876	4,447	10,109,500
03/30/2018	0.475250	0.477517	0.425469	0.444348	4,503	10,810,900
03/29/2018	0.545246	0.546140	0.448167	0.476435	23,290	12,403,100
03/28/2018	0.519146	0.571818	0.504906	0.544608	15,378	11,809,400
03/27/2018	0.575347	0.597485	0.518601	0.519265	50,995	13,087,900
03/26/2018	0.535764	0.584675	0.491301	0.576219	19,781	12,187,500
03/25/2018	0.527276	0.548147	0.519577	0.536174	5,074	11,994,400
03/24/2018	0.562339	0.563614	0.522981	0.534634	46,115	12,792,000
03/23/2018	0.570198	0.570198	0.524224	0.548119	18,141	12,970,800
03/22/2018	0.598046	0.608968	0.558784	0.570212	4,831	13,604,200
03/21/2018	0.623196	0.635583	0.578649	0.599139	26,893	14,176,300
03/20/2018	0.603626	0.630646	0.585912	0.622069	18,070	13,731,200
03/19/2018	0.559970	0.640808	0.548689	0.612999	35,093	12,738,100
03/18/2018	0.545119	0.563487	0.499490	0.562339	31,641	12,400,300
03/17/2018	0.540837	0.557443	0.513971	0.546448	19,636	12,302,900
03/16/2018	0.526613	0.558930	0.507932	0.547821	18,365	11,979,300
03/15/2018	0.524432	0.535061	0.485180	0.526910	24,230	11,929,700
03/14/2018	0.587295	0.598130	0.510927	0.528855	17,153	13,359,700
03/13/2018	0.610582	0.690335	0.585626	0.587214	39,038	13,889,400
03/12/2018	0.623818	0.678750	0.592094	0.614108	10,852	14,190,500
03/11/2018	0.623219	0.644940	0.566534	0.643215	42,604	14,176,900
03/10/2018	0.685123	0.693818	0.628244	0.632949	16,928	15,585,000
03/09/2018	0.691523	0.707859	0.558327	0.684828	83,810	15,730,600
03/08/2018	0.800049	0.800049	0.664401	0.695929	63,425	18,199,400
03/07/2018	0.927830	0.972140	0.791811	0.792369	44,441	21,106,100
03/06/2018	1.04	1.05	0.923153	0.929036	51,116	23,657,800
03/05/2018	0.985537	1.09	0.941373	1.04	59,069	22,418,800
03/04/2018	1.02	1.02	0.947272	0.986260	26,800	23,256,800
03/03/2018	0.961992	1.08	0.918085	1.04	101,699	21,883,200
03/02/2018	0.814788	0.999194	0.814788	0.963170	222,863	18,534,700
03/01/2018	0.643969	0.848194	0.618565	0.827299	51,487	14,648,900
02/28/2018	0.677297	0.723858	0.628644	0.643022	27,146	15,407,000
02/27/2018	0.687684	0.708638	0.662387	0.678096	20,962	15,643,300
02/26/2018	0.639517	0.723584	0.612363	0.675523	62,408	14,547,600
02/25/2018	0.622194	0.653291	0.587897	0.638699	10,097	14,153,500
02/24/2018	0.667042	0.689517	0.614120	0.623138	18,532	15,173,700
02/23/2018	0.649271	0.681503	0.629269	0.667886	19,992	14,769,500
02/22/2018	0.669858	0.701632	0.614233	0.649877	15,483	15,237,800
02/21/2018	0.674897	0.695615	0.642768	0.670538	29,219	15,352,400
02/20/2018	0.716650	0.746329	0.668514	0.675738	35,460	16,302,200
02/19/2018	0.666266	0.730920	0.645371	0.715999	72,273	15,156,100
02/18/2018	0.719304	0.733608	0.655864	0.669342	10,188	16,362,600
02/17/2018	0.664420	0.727672	0.655870	0.717105	11,621	15,114,100
02/16/2018	0.676060	0.689147	0.643652	0.664572	19,481	15,378,900
02/15/2018	0.671207	0.704072	0.641508	0.678961	34,318	15,268,500
02/14/2018	0.620553	0.672532	0.597748	0.670843	38,370	14,116,200
02/13/2018	0.678882	0.692668	0.618564	0.622409	10,951	15,443,100
02/12/2018	0.619082	0.690710	0.619082	0.677649	7,359	14,082,800
02/11/2018	0.631483	0.640413	0.557251	0.615161	46,349	14,364,800
02/10/2018	0.677124	0.712341	0.597226	0.632023	20,674	15,403,100
02/09/2018	0.676909	0.693596	0.606922	0.677238	35,371	15,398,200
02/08/2018	0.598735	0.724007	0.598735	0.674834	22,333	13,619,900
02/07/2018	0.572925	0.714113	0.515284	0.601139	62,879	13,032,800
02/06/2018	0.495748	0.593863	0.426403	0.578713	37,837	11,277,200
02/05/2018	0.614238	0.625521	0.474108	0.495191	20,048	13,972,600
02/04/2018	0.728451	0.746904	0.588525	0.620252	14,678	16,570,700
02/03/2018	0.671363	0.769348	0.633485	0.728077	28,901	15,272,000
02/02/2018	0.714169	0.714353	0.553178	0.671288	57,766	16,245,800
02/01/2018	0.861841	0.877865	0.648170	0.715647	52,332	19,605,000
01/31/2018	0.902122	0.916939	0.815272	0.844724	85,164	20,521,300
01/30/2018	1.07	1.10	0.890336	0.900708	85,051	24,416,400
01/29/2018	1.20	1.22	1.07	1.08	76,407	27,319,300
01/28/2018	1.21	1.26	1.19	1.20	37,929	27,569,100
01/27/2018	1.05	1.27	1.05	1.21	360,706	23,926,700
01/26/2018	1.07	1.11	0.951403	1.07	61,270	24,267,500
01/25/2018	1.06	1.11	1.02	1.07	61,120	24,173,600
01/24/2018	0.990757	1.06	0.956710	1.05	35,274	22,537,500
01/23/2018	0.990799	1.12	0.924329	0.991322	39,263	22,538,500
01/22/2018	1.10	1.14	0.943744	0.993429	58,991	25,020,100
01/21/2018	1.29	1.29	1.03	1.09	101,188	29,302,300
01/20/2018	1.31	1.44	1.28	1.29	120,058	29,795,100
01/19/2018	1.17	1.42	1.14	1.30	456,553	26,660,500
01/18/2018	1.11	1.33	1.05	1.18	134,245	25,238,200
01/17/2018	1.09	1.18	0.869615	1.11	140,573	24,813,800
01/16/2018	1.82	1.82	0.920508	1.11	555,842	41,430,700
01/15/2018	1.92	2.01	1.70	1.82	432,050	43,771,200
01/14/2018	2.11	2.15	1.79	1.94	314,433	48,109,000
01/13/2018	2.23	2.38	1.99	2.06	806,840	50,653,600
01/12/2018	1.67	2.33	1.57	2.23	1,403,190	37,945,800
01/11/2018	2.02	2.07	1.58	1.66	422,199	45,865,800
01/10/2018	1.98	2.14	1.90	2.06	1,055,840	45,099,100
01/09/2018	1.64	2.28	1.63	1.97	3,465,360	37,248,700
01/08/2018	1.67	1.80	1.34	1.64	1,240,080	37,925,500
01/07/2018	1.46	1.78	1.45	1.67	572,070	33,265,300
01/06/2018	1.42	1.62	1.36	1.53	317,227	32,200,300
01/05/2018	1.57	1.63	1.39	1.39	483,576	35,625,100
01/04/2018	1.70	1.76	1.48	1.57	766,132	38,563,000
01/03/2018	1.48	1.85	1.44	1.70	1,075,130	33,709,300
01/02/2018	1.45	1.63	1.38	1.49	1,138,900	33,060,200
01/01/2018	1.20	1.73	1.17	1.43	1,967,510	27,367,700
12/31/2017	1.03	1.21	1.01	1.20	221,840	23,326,100
12/30/2017	1.27	1.29	0.984220	1.04	179,943	28,852,700
12/29/2017	1.16	1.32	1.14	1.30	327,219	26,416,200
12/28/2017	1.09	1.19	0.926313	1.15	438,915	24,781,300
12/27/2017	1.20	1.27	1.04	1.10	372,816	27,380,600
12/26/2017	1.19	1.40	1.10	1.22	506,992	27,116,500
12/25/2017	1.10	1.29	1.07	1.19	292,201	25,049,300
12/24/2017	1.13	1.14	0.920512	1.10	179,609	25,663,800
12/23/2017	0.894260	1.17	0.880064	1.12	390,666	20,342,500
12/22/2017	1.07	1.08	0.719460	0.885893	107,638	24,259,200
12/21/2017	1.09	1.27	0.969464	1.09	355,582	24,736,000
12/20/2017	1.03	1.10	0.916531	1.09	310,393	23,486,200
12/19/2017	1.16	1.18	0.989310	1.03	267,981	26,361,800
12/18/2017	1.05	1.16	0.997933	1.14	175,520	23,936,800
12/17/2017	1.07	1.13	0.943507	1.06	358,227	24,290,500
12/16/2017	1.11	1.16	0.969885	1.06	405,792	25,189,600
12/15/2017	0.900213	1.16	0.841806	1.14	354,831	20,477,900
12/14/2017	0.933566	1.15	0.851450	0.913602	423,392	21,236,600
12/13/2017	0.829421	0.985317	0.792231	0.936572	163,434	18,867,500
12/12/2017	0.797737	0.915152	0.743666	0.828728	201,367	18,146,800
12/11/2017	0.713873	0.893199	0.710752	0.795184	171,709	16,239,100
12/10/2017	0.845109	0.845109	0.648548	0.716147	353,490	19,224,400
12/09/2017	0.835310	0.892961	0.781362	0.841698	135,690	19,001,500
12/08/2017	0.894329	0.939654	0.754654	0.842502	124,860	20,344,000
12/07/2017	0.839676	1.04	0.804697	0.892230	318,762	19,100,800
12/06/2017	0.748732	0.879227	0.732086	0.877030	145,218	17,032,000
12/05/2017	0.808945	0.817781	0.737569	0.750630	105,380	18,401,700
12/04/2017	0.717675	0.809917	0.672502	0.809917	194,143	16,325,500
12/03/2017	0.706078	0.786829	0.677436	0.715304	76,614	16,061,700
12/02/2017	0.654912	0.772226	0.624948	0.705404	207,713	14,897,800
12/01/2017	0.566755	0.695705	0.530495	0.650567	57,928	12,892,400
11/30/2017	0.584663	0.612277	0.504046	0.569577	42,639	13,299,800
11/29/2017	0.644036	0.779795	0.542328	0.555728	149,597	14,650,400
11/28/2017	0.680535	0.770432	0.619520	0.644677	184,238	15,480,700
11/27/2017	0.647489	0.850556	0.640554	0.678777	205,810	14,729,000
11/26/2017	0.636933	0.683524	0.636223	0.647366	52,912	14,488,800
11/25/2017	0.654170	0.676603	0.600323	0.639770	165,900	14,880,900
11/24/2017	0.677603	0.689702	0.637563	0.655495	86,919	15,414,000
11/23/2017	0.789616	0.810687	0.664929	0.664929	324,698	17,962,000
11/22/2017	0.604411	0.780556	0.551204	0.769628	542,870	13,749,000
11/21/2017	0.422291	0.743028	0.390590	0.600437	1,467,620	9,606,200
11/20/2017	0.386485	0.465351	0.385504	0.418011	222,895	8,791,680
11/19/2017	0.376108	0.397776	0.364119	0.386665	40,320	8,555,620
11/18/2017	0.379801	0.403521	0.370797	0.376806	37,181	8,639,650
11/17/2017	0.400082	0.420615	0.375053	0.381263	37,998	9,100,980
11/16/2017	0.402407	0.478799	0.380623	0.400738	127,198	9,153,870
11/15/2017	0.377013	0.411918	0.375501	0.400890	19,194	8,576,210
11/14/2017	0.389174	0.396033	0.370182	0.376754	15,767	8,852,850
11/13/2017	0.345150	0.404696	0.337975	0.387700	27,468	7,851,410
11/12/2017	0.404953	0.405042	0.328444	0.344648	44,895	9,211,800
11/11/2017	0.420137	0.456596	0.391626	0.398950	56,880	9,557,210
11/10/2017	0.490970	0.509829	0.415002	0.421638	60,623	11,168,500
11/09/2017	0.484120	0.522824	0.470142	0.489517	175,835	11,012,700
11/08/2017	0.478519	0.624573	0.454068	0.484545	816,566	10,885,300
11/07/2017	0.402738	0.574814	0.402738	0.484735	799,019	9,161,410
11/06/2017	0.442493	0.473737	0.385840	0.409270	73,087	10,065,700
11/05/2017	0.390307	0.494821	0.370934	0.437750	68,850	8,878,620
11/04/2017	0.362496	0.420362	0.358173	0.400359	25,057	8,245,990
11/03/2017	0.332059	0.381885	0.332059	0.363441	23,709	7,553,600
11/02/2017	0.410007	0.443938	0.329624	0.332494	100,268	9,326,760
11/01/2017	0.390701	0.432864	0.345869	0.386631	41,518	8,887,580
10/31/2017	0.387593	0.440839	0.385543	0.389504	106,886	8,816,900
10/30/2017	0.419964	0.429290	0.378957	0.388914	57,581	9,553,260
10/29/2017	0.400038	0.438348	0.389663	0.422418	59,758	9,099,980
10/28/2017	0.402690	0.422015	0.391087	0.400586	25,710	9,160,320
10/27/2017	0.388824	0.439481	0.377197	0.402341	68,833	8,844,880
10/26/2017	0.361668	0.451324	0.351184	0.380318	141,072	8,227,150
10/25/2017	0.380489	0.389792	0.347996	0.361424	40,025	8,655,280
10/24/2017	0.337762	0.457180	0.326127	0.361309	56,531	7,683,350
10/23/2017	0.357743	0.386790	0.328566	0.338506	14,760	8,137,880
10/22/2017	0.363212	0.385378	0.330960	0.361913	30,159	8,262,270
10/21/2017	0.413274	0.417919	0.329574	0.363103	43,135	9,401,080
10/20/2017	0.462926	0.464394	0.392446	0.415830	25,076	10,530,500
10/19/2017	0.484806	0.513431	0.437096	0.462803	38,817	11,028,300
10/18/2017	0.463125	0.478917	0.417885	0.476625	94,129	10,535,100
10/17/2017	0.473653	0.505790	0.449327	0.463092	36,592	10,774,600
10/16/2017	0.448465	0.541434	0.443603	0.477855	49,415	10,201,600
10/15/2017	0.440083	0.554850	0.407583	0.448405	100,776	10,010,900
10/14/2017	0.444923	0.456346	0.429034	0.449225	11,262	10,121,000
10/13/2017	0.473351	0.499558	0.426082	0.434008	26,293	10,767,700
10/12/2017	0.478618	0.568753	0.453425	0.477265	95,636	10,887,500
10/11/2017	0.442936	0.500020	0.436220	0.478213	14,848	10,075,800
10/10/2017	0.412352	0.547639	0.407507	0.443011	156,646	9,380,100
10/09/2017	0.406106	0.431718	0.388589	0.412382	37,935	9,238,010
10/08/2017	0.454670	0.475590	0.392232	0.405680	53,012	10,342,700
10/07/2017	0.482565	0.482786	0.444368	0.455889	32,937	10,977,300
10/06/2017	0.497265	0.508353	0.479897	0.482410	18,468	11,311,700
10/05/2017	0.490950	0.513631	0.477975	0.497267	36,975	11,168,000
10/04/2017	0.512575	0.529518	0.484527	0.503665	40,409	11,660,000
10/03/2017	0.563564	0.579291	0.510493	0.519448	73,602	12,819,800
10/02/2017	0.579934	0.582407	0.538666	0.562266	57,902	13,192,200
10/01/2017	0.567391	0.640629	0.528054	0.580189	133,486	12,906,900
09/30/2017	0.567393	0.629009	0.548844	0.567085	68,819	12,907,000
09/29/2017	0.553390	0.592324	0.492059	0.559062	59,912	12,588,400
09/28/2017	0.552362	0.586390	0.536994	0.549662	46,344	12,565,000
09/27/2017	0.515817	0.567178	0.499236	0.552339	39,678	11,733,700
09/26/2017	0.517393	0.529788	0.494857	0.517259	25,559	11,769,500
09/25/2017	0.503261	0.544559	0.470242	0.517641	73,323	11,448,100
09/24/2017	0.471556	0.551269	0.436400	0.512227	179,849	10,726,900
09/23/2017	0.437634	0.478071	0.435783	0.471596	19,016	9,955,200
09/22/2017	0.452511	0.466850	0.424323	0.438799	38,268	10,293,600
09/21/2017	0.490669	0.493967	0.411246	0.459474	50,706	11,161,600
09/20/2017	0.511036	0.520821	0.478472	0.491102	57,964	11,625,000
09/19/2017	0.527943	0.630930	0.478248	0.516657	251,920	12,009,500
09/18/2017	0.469281	0.534091	0.449059	0.514634	78,322	10,675,100
09/17/2017	0.505942	0.525807	0.463406	0.470255	74,266	11,509,100
09/16/2017	0.518263	0.653319	0.471724	0.506287	528,250	11,789,400
09/15/2017	0.337442	0.658513	0.312808	0.502994	426,931	7,676,060
09/14/2017	0.422721	0.467255	0.334832	0.334832	56,952	9,615,980
09/13/2017	0.509503	0.512218	0.408974	0.441005	95,239	11,590,100
09/12/2017	0.530874	0.555743	0.503230	0.511448	58,927	12,076,200
09/11/2017	0.573779	0.575666	0.507450	0.531087	61,717	13,052,200
09/10/2017	0.608328	0.633334	0.531932	0.574754	51,359	13,838,100
09/09/2017	0.614865	0.625802	0.561033	0.609896	41,930	13,986,800
09/08/2017	0.672875	0.689501	0.570393	0.613676	74,037	15,306,400
09/07/2017	0.680361	0.710932	0.621853	0.672740	45,245	15,476,700
09/06/2017	0.667422	0.705797	0.608825	0.681620	73,135	15,182,400
09/05/2017	0.623911	0.702884	0.543357	0.666662	54,157	14,192,600
09/04/2017	0.780194	0.783498	0.548000	0.619577	115,787	17,747,700
09/03/2017	0.735470	0.820638	0.686589	0.779932	160,661	16,730,300
09/02/2017	0.896408	0.901174	0.710873	0.734997	78,359	20,391,300
09/01/2017	0.871633	0.943269	0.836016	0.895288	230,894	19,827,700
08/31/2017	0.789637	0.872989	0.789502	0.871474	127,328	17,962,500
08/30/2017	0.830224	0.877785	0.758151	0.790972	168,584	18,885,800
08/29/2017	0.864647	0.882397	0.773767	0.831333	237,790	19,668,800
08/28/2017	0.835911	0.904376	0.790335	0.882552	75,042	19,015,100
08/27/2017	0.825611	0.869418	0.757929	0.835074	164,874	18,780,800
08/26/2017	0.886353	0.886727	0.816078	0.855729	98,155	20,162,600
08/25/2017	0.910812	0.952647	0.847515	0.884652	134,661	20,719,000
08/24/2017	0.911492	0.943969	0.883625	0.912249	48,908	20,734,500
08/23/2017	0.939795	0.975168	0.889197	0.912091	59,440	21,378,300
08/22/2017	0.954502	0.961223	0.768237	0.941716	197,033	21,712,800
08/21/2017	1.01	1.08	0.924384	0.952296	139,665	23,046,300
08/20/2017	0.994877	1.06	0.916730	1.02	80,207	22,631,300
08/19/2017	0.866894	1.05	0.808885	0.999541	308,272	19,719,900
08/18/2017	0.903854	0.959111	0.836325	0.867634	114,047	20,560,700
08/17/2017	0.850952	0.926502	0.793790	0.906625	140,632	19,357,300
08/16/2017	0.800255	0.881476	0.782630	0.849719	61,152	18,204,100
08/15/2017	0.843288	1.01	0.774627	0.799376	141,580	19,183,000
08/14/2017	0.874543	0.903737	0.783814	0.841026	185,731	19,893,900
08/13/2017	0.970882	1.04	0.853610	0.894608	174,472	22,085,400
08/12/2017	0.950440	1.06	0.889093	0.996482	153,790	21,620,400
08/11/2017	0.792494	1.00	0.761105	0.942048	349,798	18,027,500
08/10/2017	0.877066	0.878902	0.626819	0.792540	274,510	19,951,300
08/09/2017	0.923436	0.977560	0.860081	0.876982	111,273	21,006,200
08/08/2017	0.906684	0.976499	0.803037	0.920538	369,175	20,625,100
08/07/2017	0.873949	1.21	0.835948	0.883174	828,848	19,880,400
08/06/2017	0.761009	0.968847	0.718716	0.893947	220,532	17,311,300
08/05/2017	0.632325	0.813735	0.624434	0.760825	101,966	14,384,000
08/04/2017	0.663302	0.682051	0.585035	0.632605	94,969	15,088,700
08/03/2017	0.580275	0.692728	0.556103	0.669044	49,921	13,200,000
08/02/2017	0.633149	0.652244	0.567062	0.579240	21,165	14,402,800
08/01/2017	0.545813	0.684950	0.537540	0.636054	83,466	12,416,000
07/31/2017	0.550225	0.575369	0.523499	0.545549	25,279	12,516,400
07/30/2017	0.548977	0.574120	0.521208	0.549662	58,949	12,488,000
07/29/2017	0.493004	0.574300	0.472609	0.549055	26,743	11,214,800
07/28/2017	0.521862	0.523399	0.473934	0.494881	54,310	11,871,200
07/27/2017	0.525463	0.542421	0.493790	0.520290	29,960	11,953,100
07/26/2017	0.517045	0.585106	0.475904	0.523976	63,429	11,761,700
07/25/2017	0.672979	0.677299	0.484751	0.511258	52,788	15,308,800
07/24/2017	0.629899	0.678557	0.603211	0.673051	31,709	14,328,800
07/23/2017	0.633455	0.694325	0.605350	0.630632	16,172	14,409,700
07/22/2017	0.580985	0.641824	0.577122	0.633453	30,865	13,216,100
07/21/2017	0.632452	0.650130	0.562434	0.581102	15,223	14,386,900
07/20/2017	0.563844	0.700990	0.548050	0.627796	100,074	12,826,200
07/19/2017	0.573374	0.625052	0.524621	0.565544	72,145	13,043,000
07/18/2017	0.464580	0.597335	0.450793	0.570187	43,770	10,568,200
07/17/2017	0.394199	0.474152	0.371775	0.463385	45,472	8,967,160
07/16/2017	0.457222	0.487991	0.385442	0.394637	24,952	10,400,800
07/15/2017	0.485429	0.567050	0.401976	0.457963	53,474	11,042,400
07/14/2017	0.483936	0.519687	0.430517	0.499753	61,314	11,008,500
07/13/2017	0.518847	0.549681	0.478847	0.484290	30,821	11,802,600
07/12/2017	0.501601	0.579799	0.464191	0.518460	95,720	11,410,300
07/11/2017	0.476587	0.522789	0.425180	0.502346	104,766	10,841,300
07/10/2017	0.641112	0.651492	0.426456	0.462430	167,116	14,583,900
07/09/2017	0.643129	0.700948	0.639864	0.639864	30,761	14,629,800
07/08/2017	0.692155	0.707928	0.630974	0.642554	105,832	15,745,000
07/07/2017	0.765994	0.767241	0.653500	0.691573	139,114	17,424,700
07/06/2017	0.734902	0.792769	0.727670	0.765431	57,312	16,717,400
07/05/2017	0.777676	0.797872	0.713632	0.734538	100,704	17,690,400
07/04/2017	0.707972	0.803107	0.695001	0.800642	89,353	16,104,800
07/03/2017	0.654833	0.737476	0.648366	0.709584	41,338	14,896,000
07/02/2017	0.664095	0.703593	0.641580	0.657253	95,468	15,106,700
07/01/2017	0.711652	0.807361	0.660688	0.664175	119,752	16,188,500
06/30/2017	0.683670	0.913386	0.678568	0.711925	335,629	15,552,000
06/29/2017	0.765750	0.780043	0.648700	0.682311	151,175	17,419,100
06/28/2017	0.688003	0.785022	0.641267	0.779591	200,581	15,650,600
06/27/2017	0.707113	0.757812	0.594374	0.683548	114,833	16,085,300
06/26/2017	0.812172	0.821892	0.620677	0.729477	186,823	18,475,100
06/25/2017	0.878233	0.887279	0.789833	0.812596	128,307	19,977,900
06/24/2017	0.906952	0.981717	0.854235	0.880252	169,445	20,631,200
06/23/2017	0.920537	1.01	0.861710	0.897259	229,704	20,940,200
06/22/2017	0.814910	0.950776	0.812034	0.920199	161,395	18,537,400
06/21/2017	0.875418	0.964542	0.806998	0.814803	192,768	19,913,800
06/20/2017	0.901805	0.931331	0.830753	0.875418	272,754	20,514,100
06/19/2017	0.978035	1.05	0.891188	0.899282	348,960	22,248,200
06/18/2017	0.914514	1.02	0.874359	0.978035	187,264	20,803,200
06/17/2017	0.986735	1.01	0.899310	0.953985	228,990	22,446,100
06/16/2017	1.01	1.06	0.899604	1.00	401,972	-
06/15/2017	1.06	1.32	0.904098	1.04	646,081	-
06/14/2017	1.38	1.38	0.963462	1.03	882,277	-
06/13/2017	1.23	1.40	1.17	1.38	323,801	-
06/12/2017	1.49	1.52	1.08	1.24	384,195	-
06/11/2017	1.35	1.57	1.33	1.49	283,583	-
06/10/2017	1.44	1.50	1.28	1.36	331,132	-
06/09/2017	1.40	1.53	1.39	1.48	287,538	-
06/08/2017	1.27	1.44	1.22	1.40	192,424	-
06/07/2017	1.32	1.40	1.21	1.27	316,762	-
06/06/2017	1.24	1.54	1.21	1.30	1,017,750	-
06/05/2017	0.893239	1.43	0.879115	1.23	1,093,630	-
06/04/2017	0.933708	0.933708	0.806626	0.893078	203,196	-
06/03/2017	0.842977	0.958050	0.805408	0.889990	190,516	-
06/02/2017	0.808423	0.915778	0.749349	0.843349	136,244	-
06/01/2017	0.771296	0.840458	0.759257	0.808058	140,177	-
05/31/2017	0.768075	0.833172	0.738444	0.770635	93,320	-
05/30/2017	0.847757	0.902719	0.756825	0.798264	198,971	-
05/29/2017	0.784795	0.893459	0.703970	0.846773	200,113	-
05/28/2017	0.763211	0.864339	0.655873	0.786388	148,229	-
05/27/2017	0.805119	0.806766	0.537254	0.760713	130,570	-
05/26/2017	0.706795	0.934718	0.700978	0.802453	130,832	-
05/25/2017	0.833425	0.988278	0.676686	0.694928	207,087	-
05/24/2017	0.864853	1.08	0.759581	0.827980	432,980	-
05/23/2017	0.757911	0.906157	0.709898	0.863810	97,330	-
05/22/2017	0.695445	0.778144	0.648283	0.749275	59,703	-
05/21/2017	0.616750	0.770364	0.593738	0.693113	49,495	-
05/20/2017	0.627856	0.674752	0.549650	0.616971	71,794	-
05/19/2017	0.693751	0.765597	0.537520	0.628676	355,020	-
05/18/2017	0.565370	0.700380	0.563233	0.693352	99,689	-
05/17/2017	0.486832	0.569594	0.464534	0.565673	87,886	-
05/16/2017	0.533748	0.542286	0.484679	0.486963	53,964	-
05/15/2017	0.553461	0.571343	0.460340	0.534539	109,760	-
05/14/2017	0.532707	0.563903	0.502576	0.562962	44,851	-
05/13/2017	0.518123	0.545753	0.484762	0.531008	39,206	-
05/12/2017	0.502496	0.559262	0.481610	0.519196	67,417	-
05/11/2017	0.475388	0.576278	0.463165	0.501998	97,230	-
05/10/2017	0.509937	0.586446	0.427490	0.474536	105,476	-
05/09/2017	0.534367	0.595521	0.470324	0.509600	78,838	-
05/08/2017	0.464706	0.565267	0.442037	0.534200	99,319	-
05/07/2017	0.533498	0.538243	0.459735	0.464645	77,946	-
05/06/2017	0.476535	0.550431	0.476535	0.533271	50,297	-
05/05/2017	0.474449	0.552795	0.457694	0.471055	85,264	-
05/04/2017	0.462123	0.493317	0.414534	0.473464	81,715	-
05/03/2017	0.430624	0.467271	0.413002	0.461928	50,401	-
05/02/2017	0.438728	0.482277	0.407478	0.430340	71,631	-
05/01/2017	0.444939	0.474218	0.398048	0.398048	103,675	-
04/30/2017	0.468845	0.471748	0.416271	0.444804	62,366	-
04/29/2017	0.375578	0.515720	0.375578	0.468817	299,629	-
04/28/2017	0.353879	0.388388	0.327693	0.375190	27,871	-
04/27/2017	0.383295	0.389077	0.353857	0.353876	28,171	-
04/26/2017	0.341758	0.429433	0.319884	0.383043	61,632	-
04/25/2017	0.372884	0.383528	0.333548	0.341623	25,283	-
04/24/2017	0.350855	0.382212	0.350256	0.372795	14,713	-
04/23/2017	0.386004	0.386093	0.349293	0.350153	24,325	-
04/22/2017	0.390964	0.402229	0.357018	0.385939	33,242	-
04/21/2017	0.343309	0.403763	0.322153	0.390753	37,626	-
04/20/2017	0.390192	0.390508	0.302576	0.343214	79,685	-
04/19/2017	0.383707	0.400355	0.377198	0.389937	26,535	-
04/18/2017	0.370589	0.409410	0.361641	0.383561	118,644	-
04/17/2017	0.359868	0.421231	0.329276	0.370632	184,301	-
04/16/2017	0.311922	0.391215	0.306101	0.359773	111,362	-
04/15/2017	0.269037	0.342606	0.264873	0.311898	79,716	-
04/14/2017	0.257275	0.288079	0.225396	0.269099	62,980	-
04/13/2017	0.216648	0.257689	0.216648	0.257090	49,199	-
04/12/2017	0.206023	0.222096	0.205823	0.216532	17,119	-
04/11/2017	0.213889	0.217404	0.201005	0.204888	47,197	-
04/10/2017	0.203847	0.214226	0.201087	0.213830	20,925	-
04/09/2017	0.199010	0.209155	0.196667	0.203945	22,908	-
04/08/2017	0.210265	0.210265	0.193605	0.198905	25,346	-
04/07/2017	0.202952	0.211842	0.194542	0.211027	43,521	-
04/06/2017	0.189656	0.213477	0.189656	0.204692	54,566	-
04/05/2017	0.196260	0.204997	0.188335	0.193751	40,297	-
04/04/2017	0.198620	0.215345	0.193463	0.196106	44,595	-
04/03/2017	0.215530	0.228321	0.171604	0.198324	165,342	-
04/02/2017	0.239061	0.312272	0.204700	0.215377	280,407	-
04/01/2017	0.160767	0.264427	0.155666	0.238102	500,289	-
03/31/2017	0.102654	0.209009	0.102654	0.160779	36,002	-
03/30/2017	0.102633	0.102755	0.102280	0.102633	87	-
