Date	Open	High	Low	Close	Volume	Market Cap
07/15/2018	0.385112	0.397606	0.356275	0.390341	42,348	39,760,700
07/14/2018	0.371059	0.387567	0.362928	0.385332	23,070	38,309,800
07/13/2018	0.261472	0.387070	0.261472	0.370850	182,568	26,995,600
07/12/2018	0.381729	0.389085	0.252493	0.260898	110,730	39,411,400
07/11/2018	0.379454	0.394401	0.364119	0.381738	76,614	39,176,600
07/10/2018	0.391225	0.410042	0.359448	0.379442	128,204	40,391,900
07/09/2018	0.409395	0.411417	0.383995	0.390647	55,570	42,267,800
07/08/2018	0.447696	0.447696	0.408077	0.416253	77,230	46,222,200
07/07/2018	0.392361	0.448181	0.381840	0.447352	42,711	40,509,100
07/06/2018	0.451802	0.451802	0.366971	0.392618	95,440	46,646,100
07/05/2018	0.475632	0.493980	0.444162	0.451996	54,771	49,106,400
07/04/2018	0.512296	0.531083	0.472982	0.474020	38,340	52,891,800
07/03/2018	0.521107	0.555118	0.496698	0.512142	54,209	53,801,500
07/02/2018	0.497184	0.548022	0.485992	0.522433	8,262	51,331,500
07/01/2018	0.535683	0.537534	0.492931	0.496820	41,409	55,306,300
06/30/2018	0.510157	0.545543	0.510157	0.535169	25,520	52,670,900
06/29/2018	0.468121	0.533382	0.462264	0.509880	58,537	48,330,900
06/28/2018	0.540953	0.542761	0.465029	0.467795	94,528	55,850,400
06/27/2018	0.443703	0.543505	0.440695	0.539952	2,312	45,809,900
06/26/2018	0.562166	0.564508	0.444552	0.445214	78	58,040,600
06/25/2018	0.455919	0.577636	0.446903	0.562166	1,198	47,071,100
06/24/2018	0.455635	0.462255	0.422326	0.457788	1,395	47,041,800
06/23/2018	0.450497	0.462956	0.442699	0.455764	270	46,511,300
06/22/2018	0.665267	0.665267	0.439867	0.450202	760	68,685,200
06/21/2018	0.514351	0.718337	0.482660	0.665441	7,056	53,103,900
06/20/2018	0.515768	0.517593	0.497427	0.514630	9	53,250,200
06/19/2018	0.468507	0.549168	0.468507	0.515434	1,184	48,370,800
06/18/2018	0.502792	0.505045	0.447035	0.468788	25	51,910,600
06/17/2018	0.503973	0.509085	0.501813	0.502878	1,006	52,032,500
06/16/2018	0.492783	0.506369	0.490657	0.494124	48	50,877,200
06/15/2018	0.465023	0.516112	0.462663	0.494131	473	48,011,100
06/14/2018	0.405799	0.438293	0.393745	0.438061	1	41,896,600
06/13/2018	0.452133	0.479854	0.394198	0.404837	2,523	46,680,200
06/12/2018	0.475838	0.481704	0.444562	0.450343	2,544	49,127,700
06/11/2018	0.474904	0.509213	0.449771	0.475688	93,202	49,031,200
06/10/2018	0.565577	0.565577	0.470030	0.474100	83,056	58,392,700
06/09/2018	0.584311	0.625213	0.537769	0.564668	108,866	60,327,000
06/08/2018	0.615973	0.628375	0.577335	0.584262	162,020	63,595,800
06/07/2018	0.632201	0.636154	0.582492	0.614962	138,682	65,271,300
06/06/2018	0.586173	0.637193	0.570715	0.632363	330,492	60,519,200
06/05/2018	0.586543	0.613198	0.555139	0.587169	99,235	60,557,300
06/04/2018	0.618004	0.644860	0.568016	0.586553	48,039	63,805,500
06/03/2018	0.617695	0.650399	0.601146	0.618742	33,748	63,773,600
06/02/2018	0.622844	0.633474	0.597392	0.600454	35,964	64,305,200
06/01/2018	0.616005	0.627794	0.586205	0.623004	67,271	63,599,200
05/31/2018	0.573919	0.630534	0.571622	0.614681	38,651	59,254,000
05/30/2018	0.594289	0.621207	0.566352	0.574299	53,931	61,357,100
05/29/2018	0.576988	0.608449	0.521319	0.593593	152,398	59,570,900
05/28/2018	0.631052	0.638082	0.547407	0.577441	113,229	65,152,700
05/27/2018	0.587020	0.628534	0.569148	0.628534	78,660	60,606,600
05/26/2018	0.573505	0.620648	0.566257	0.586786	113,868	59,211,200
05/25/2018	0.569904	0.618518	0.557853	0.573994	102,085	58,839,400
05/24/2018	0.621512	0.669649	0.543025	0.570465	349,554	64,167,700
05/23/2018	0.700656	0.723865	0.590570	0.623808	166,267	72,338,900
05/22/2018	0.790874	0.792378	0.695335	0.702481	56,269	81,653,500
05/21/2018	0.853261	0.886747	0.760077	0.791516	184,805	88,094,600
05/20/2018	0.871379	0.932557	0.850730	0.852737	127,510	89,965,200
05/19/2018	0.857297	0.997225	0.826215	0.870111	440,715	88,511,300
05/18/2018	0.763139	0.942439	0.710862	0.857432	452,363	78,789,900
05/17/2018	0.714921	0.798579	0.690299	0.763765	490,504	73,811,700
05/16/2018	0.770339	0.782721	0.687609	0.711955	201,001	79,533,300
05/15/2018	0.779406	0.848691	0.743950	0.772526	341,340	80,469,400
05/14/2018	0.799602	0.803530	0.732246	0.781094	179,019	82,554,600
05/13/2018	0.780006	0.827242	0.757374	0.775058	305,951	80,531,300
05/12/2018	0.797687	0.831248	0.708210	0.782504	326,605	82,356,800
05/11/2018	0.922690	0.924886	0.766227	0.797145	370,401	95,262,800
05/10/2018	0.980310	0.987105	0.895451	0.923855	358,908	101,212,000
05/09/2018	0.942954	1.02	0.890249	0.980104	220,953	97,354,900
05/08/2018	0.912452	1.02	0.886789	0.944635	330,020	94,205,700
05/07/2018	0.942423	0.953267	0.848164	0.909144	644,598	97,300,000
05/06/2018	0.926386	0.964715	0.898196	0.941226	215,966	95,644,300
05/05/2018	0.956514	1.01	0.873442	0.927731	296,212	98,754,800
05/04/2018	1.03	1.09	0.915304	0.955535	572,852	106,775,000
05/03/2018	0.937313	1.15	0.932339	1.03	552,547	96,772,500
05/02/2018	0.998242	1.04	0.899068	0.937084	140,216	103,063,000
05/01/2018	0.899773	1.01	0.835693	1.00	201,043	92,896,700
04/30/2018	0.931039	0.998741	0.860283	0.896254	304,828	96,124,700
04/29/2018	1.20	1.23	0.805234	0.925088	1,943,030	124,054,000
04/28/2018	1.16	1.29	1.04	1.20	489,278	119,739,000
04/27/2018	1.34	1.39	1.10	1.17	700,707	138,364,000
04/26/2018	1.09	1.33	1.01	1.33	625,121	112,026,000
04/25/2018	1.03	1.16	0.805155	1.07	477,950	106,190,000
04/24/2018	0.876611	1.09	0.876611	1.03	550,183	90,505,300
04/23/2018	0.665728	0.879350	0.665497	0.875889	258,081	68,732,800
04/22/2018	0.643546	0.716873	0.631522	0.668269	64,504	66,442,600
04/21/2018	0.695301	0.707029	0.635079	0.643546	199,765	71,786,100
04/20/2018	0.657711	0.697876	0.646965	0.696289	122,177	67,905,100
04/19/2018	0.620082	0.667352	0.604319	0.657311	76,263	64,020,100
04/18/2018	0.611045	0.627903	0.568384	0.619298	179,081	63,087,100
04/17/2018	0.605762	0.655655	0.583196	0.608813	113,161	62,541,600
04/16/2018	0.645405	0.676433	0.582768	0.599685	132,063	66,634,600
04/15/2018	0.547534	0.680188	0.547534	0.645968	43,191	56,529,900
04/14/2018	0.590571	0.628972	0.547092	0.547286	210,770	60,973,200
04/13/2018	0.599167	0.692889	0.584339	0.590577	179,632	61,860,800
04/12/2018	0.537338	0.601502	0.511581	0.597887	203,555	55,477,200
04/11/2018	0.447640	0.553365	0.437576	0.541611	250,459	46,216,400
04/10/2018	0.465388	0.473666	0.438753	0.447345	93,148	48,048,800
04/09/2018	0.486104	0.509511	0.453787	0.464580	73,071	50,187,600
04/08/2018	0.467149	0.486111	0.455262	0.485364	41,310	48,230,600
04/07/2018	0.488152	0.510806	0.437272	0.466680	172,642	50,399,000
04/06/2018	0.533444	0.544745	0.478582	0.488308	66,257	55,075,200
04/05/2018	0.512465	0.538656	0.493017	0.535008	40,907	52,909,200
04/04/2018	0.544602	0.546769	0.501064	0.512958	22,882	56,227,200
04/03/2018	0.521387	0.559096	0.516449	0.544894	31,712	53,830,400
04/02/2018	0.551282	0.557600	0.507518	0.522804	40,174	56,916,800
04/01/2018	0.554312	0.570039	0.503248	0.549456	67,179	57,229,700
03/31/2018	0.583172	0.601843	0.551489	0.554452	48,326	60,209,400
03/30/2018	0.542134	0.587443	0.482735	0.583529	67,121	55,972,400
03/29/2018	0.610808	0.621830	0.519353	0.527637	38,513	63,062,600
03/28/2018	0.560251	0.623691	0.552833	0.609218	140,380	57,842,900
03/27/2018	0.642282	0.648131	0.549254	0.564244	65,117	66,312,100
03/26/2018	0.710570	0.715376	0.588301	0.644548	54,080	73,362,500
03/25/2018	0.651134	0.733796	0.640688	0.711826	139,372	67,226,000
03/24/2018	0.683343	0.715885	0.656990	0.658924	69,435	70,551,500
03/23/2018	0.584114	0.690000	0.574036	0.678239	141,186	60,306,500
03/22/2018	0.631272	0.693593	0.553838	0.583645	146,629	65,175,400
03/21/2018	0.651905	0.665064	0.616020	0.638783	132,921	67,305,600
03/20/2018	0.601063	0.672192	0.523115	0.649501	112,376	62,056,500
03/19/2018	0.507750	0.590848	0.476913	0.590848	94,371	52,422,400
03/18/2018	0.521611	0.521611	0.418039	0.508485	96,463	53,853,500
03/17/2018	0.563618	0.592239	0.510691	0.527937	55,823	58,190,500
03/16/2018	0.611453	0.616273	0.563651	0.565001	64,716	63,129,200
03/15/2018	0.592430	0.617572	0.521526	0.611846	74,888	61,165,100
03/14/2018	0.616259	0.679677	0.567279	0.590457	79,583	63,625,400
03/13/2018	0.631714	0.666263	0.610225	0.617204	73,259	65,221,000
03/12/2018	0.563487	0.683381	0.555821	0.634067	159,196	58,177,000
03/11/2018	0.530040	0.578892	0.510004	0.563903	71,838	54,723,800
03/10/2018	0.561787	0.586450	0.531103	0.534096	185,316	58,001,500
03/09/2018	0.566499	0.574250	0.473849	0.563491	298,065	58,488,000
03/08/2018	0.617292	0.648578	0.561648	0.567197	165,744	63,732,000
03/07/2018	0.733579	0.748870	0.586564	0.618197	228,628	75,738,100
03/06/2018	0.844447	0.848489	0.697320	0.733189	286,856	87,184,600
03/05/2018	0.835991	0.863185	0.817210	0.842203	79,305	86,311,500
03/04/2018	0.792471	0.846403	0.767826	0.837181	85,900	81,818,300
03/03/2018	0.840040	0.844506	0.769204	0.794061	215,140	86,729,500
03/02/2018	0.961455	0.972867	0.826913	0.840415	213,780	99,264,900
03/01/2018	0.921613	0.962996	0.894324	0.960299	216,633	95,151,500
02/28/2018	0.986460	1.02	0.921392	0.921392	173,326	101,847,000
02/27/2018	0.955471	1.00	0.946463	0.986339	188,999	98,647,200
02/26/2018	0.868768	0.971165	0.868334	0.954336	280,191	89,695,500
02/25/2018	0.931810	0.939749	0.828691	0.870181	305,211	96,204,300
02/24/2018	1.02	1.06	0.900254	0.932844	361,792	105,771,000
02/23/2018	0.960725	1.05	0.942931	1.03	73,338	99,189,700
02/22/2018	1.04	1.07	0.941542	0.961198	112,658	107,516,000
02/21/2018	1.09	1.11	0.995851	1.04	142,161	112,162,000
02/20/2018	1.16	1.19	1.08	1.09	137,351	120,081,000
02/19/2018	1.15	1.20	1.11	1.16	318,894	118,696,000
02/18/2018	1.28	1.30	1.16	1.16	293,297	132,209,000
02/17/2018	1.28	1.32	1.26	1.28	108,939	132,477,000
02/16/2018	1.31	1.33	1.24	1.28	148,168	135,291,000
02/15/2018	1.31	1.35	1.27	1.31	202,574	135,181,000
02/14/2018	1.17	1.31	1.16	1.30	218,049	120,773,000
02/13/2018	1.19	1.20	1.10	1.17	182,299	122,462,000
02/12/2018	1.12	1.20	1.12	1.19	268,044	115,722,000
02/11/2018	1.19	1.19	1.08	1.12	219,665	122,776,000
02/10/2018	1.23	1.30	1.14	1.20	202,244	126,939,000
02/09/2018	1.14	1.26	1.09	1.24	396,598	117,833,000
02/08/2018	1.06	1.20	1.06	1.14	288,881	109,318,000
02/07/2018	1.15	1.23	1.02	1.06	280,083	118,715,000
02/06/2018	0.990540	1.17	0.820315	1.17	468,665	102,268,000
02/05/2018	1.17	1.24	0.936085	0.978407	299,240	120,659,000
02/04/2018	1.41	1.41	1.13	1.18	244,099	145,233,000
02/03/2018	1.35	1.47	1.20	1.41	194,664	139,092,000
02/02/2018	1.35	1.42	1.12	1.34	375,808	139,160,000
02/01/2018	1.54	1.58	1.27	1.35	366,554	159,343,000
01/31/2018	1.45	1.59	1.32	1.54	822,112	149,465,000
01/30/2018	1.73	1.75	1.44	1.44	826,183	178,868,000
01/29/2018	1.95	1.97	1.68	1.72	844,140	201,084,000
01/28/2018	1.93	2.02	1.83	1.93	712,314	199,337,000
01/27/2018	2.01	2.06	1.90	1.92	636,284	207,313,000
01/26/2018	2.00	2.06	1.83	2.01	567,083	206,426,000
01/25/2018	1.99	2.12	1.92	2.01	655,302	205,888,000
01/24/2018	1.83	2.06	1.80	2.01	387,793	189,417,000
01/23/2018	1.89	1.96	1.71	1.84	225,476	195,421,000
01/22/2018	2.05	2.15	1.68	1.91	549,042	211,893,000
01/21/2018	2.43	2.48	1.88	2.03	736,572	250,435,000
01/20/2018	2.09	2.59	2.09	2.41	1,754,930	215,806,000
01/19/2018	1.99	2.18	1.84	2.08	435,943	205,639,000
01/18/2018	2.00	2.21	1.89	2.02	583,789	206,082,000
01/17/2018	1.86	2.07	1.48	2.00	1,801,640	192,245,000
01/16/2018	2.26	2.26	1.48	1.95	1,643,270	233,528,000
01/15/2018	2.24	2.62	2.08	2.26	800,991	231,763,000
01/14/2018	3.21	3.21	2.18	2.34	2,148,390	-
01/13/2018	1.91	3.34	1.81	3.21	5,326,780	-
01/12/2018	1.77	2.52	1.69	1.87	3,088,050	-
01/11/2018	1.88	2.25	1.66	1.82	2,320,610	-
01/10/2018	2.14	2.14	1.70	1.87	3,272,190	-
01/09/2018	2.33	2.47	1.99	2.15	2,507,080	-
01/08/2018	2.53	2.54	1.65	2.35	4,504,520	-
01/07/2018	2.63	2.80	2.40	2.53	1,768,050	-
01/06/2018	2.23	2.66	2.05	2.61	2,356,930	-
01/05/2018	2.16	2.23	1.93	2.16	1,466,480	-
01/04/2018	2.00	2.25	1.88	2.17	2,213,580	-
01/03/2018	2.06	2.09	1.78	2.03	1,998,930	-
01/02/2018	2.10	2.23	1.98	2.08	1,161,170	-
01/01/2018	2.30	2.30	1.96	2.10	1,499,220	-
12/31/2017	1.85	2.38	1.67	2.32	1,903,290	-
12/30/2017	2.34	2.35	1.73	1.89	1,520,000	-
12/29/2017	2.43	2.52	2.21	2.35	1,025,440	-
12/28/2017	2.61	2.64	2.20	2.41	1,600,480	-
12/27/2017	2.64	2.86	2.48	2.61	1,292,320	-
12/26/2017	2.50	3.21	2.41	2.64	4,839,700	-
12/25/2017	2.60	2.76	2.33	2.50	2,388,590	-
12/24/2017	2.76	3.09	2.24	2.57	3,408,950	-
12/23/2017	2.28	3.76	2.28	2.80	6,394,240	-
12/22/2017	2.10	2.30	1.98	2.26	7,668,990	-
