Date	Open	High	Low	Close	Volume	Market Cap
07/15/2018	40.64	43.13	40.64	40.86	1,205	1,734,770
07/14/2018	40.57	42.11	40.38	40.68	1,521	1,731,840
07/13/2018	41.48	42.11	40.28	40.49	18,795	1,770,580
07/12/2018	42.46	42.46	40.75	41.36	3,149	1,812,550
07/11/2018	41.53	42.46	40.91	42.46	25,928	1,772,970
07/10/2018	41.59	42.40	40.25	41.53	3,586	1,762,130
07/09/2018	41.66	42.84	41.13	41.62	2,552	1,765,450
07/08/2018	41.18	42.11	41.00	41.67	637	1,744,950
07/07/2018	41.33	41.60	40.73	41.00	410	1,751,440
07/06/2018	42.55	42.65	39.81	41.35	507	1,802,740
07/05/2018	41.62	42.64	40.71	42.57	9,798	1,763,510
07/04/2018	40.41	44.33	39.64	41.47	7,843	1,712,450
07/03/2018	40.50	42.28	40.16	40.40	33,935	1,716,000
07/02/2018	42.03	44.28	40.39	40.47	1,214	1,779,780
07/01/2018	42.97	43.12	40.95	42.00	7,545	1,819,660
06/30/2018	42.04	44.35	40.14	42.93	14,331	1,780,340
06/29/2018	40.55	43.89	39.64	42.02	28,228	1,716,910
06/28/2018	41.86	42.00	40.27	40.53	2,136	-
06/27/2018	40.49	42.75	40.21	41.78	21,235	-
06/26/2018	41.11	42.58	39.52	40.62	21,712	-
06/25/2018	41.90	44.79	41.07	41.11	9,059	-
06/24/2018	42.82	44.14	39.31	42.08	33,830	-
06/23/2018	41.82	43.45	41.41	42.83	632	-
06/22/2018	41.78	43.13	39.50	41.80	26,099	-
06/21/2018	41.62	43.09	41.38	41.79	923	-
06/20/2018	43.13	44.53	41.57	41.82	311	-
06/19/2018	41.94	44.03	41.67	43.10	14,843	-
06/18/2018	41.87	45.00	41.35	41.97	16,499	-
06/17/2018	41.88	43.45	41.79	41.88	16,412	-
06/16/2018	42.79	44.28	41.11	41.89	4,643	-
06/15/2018	42.96	44.82	41.49	42.91	2,256	-
06/14/2018	44.46	48.69	41.90	42.97	35,293	-
06/13/2018	44.60	44.84	41.34	44.36	26,364	-
06/12/2018	43.96	44.43	42.03	44.43	62,108	-
06/11/2018	44.10	45.09	42.08	43.94	36,187	-
06/10/2018	43.58	44.78	40.06	44.03	105,646	-
06/09/2018	44.09	44.70	42.05	43.50	42,001	-
06/08/2018	43.78	44.31	42.10	44.08	11,554	-
06/07/2018	42.53	44.22	42.53	43.71	17,717	-
06/06/2018	43.90	44.49	42.44	42.55	14,228	-
06/05/2018	42.68	44.62	42.55	43.99	10,285	-
06/04/2018	43.61	44.26	41.65	42.68	26,870	-
06/03/2018	43.52	44.90	42.33	43.67	25,365	-
06/02/2018	43.69	45.42	42.09	43.58	13,382	-
06/01/2018	42.79	44.93	42.79	43.70	20,286	-
05/31/2018	43.63	45.99	42.40	42.70	35,612	-
05/30/2018	44.61	45.16	41.59	43.68	36,860	-
05/29/2018	44.44	45.61	42.11	44.58	50,420	-
05/28/2018	43.22	44.84	38.61	44.57	90,210	-
05/27/2018	44.64	45.09	41.79	43.22	101,943	-
05/26/2018	45.39	46.39	41.91	44.56	48,584	-
05/25/2018	43.16	46.16	42.69	45.38	37,696	-
05/24/2018	43.52	46.26	41.44	43.12	25,442	-
05/23/2018	42.32	45.11	40.22	43.71	30,488	-
05/22/2018	44.43	44.95	41.57	44.36	29,028	-
05/21/2018	44.20	44.64	42.05	44.52	33,971	-
05/20/2018	44.97	45.20	43.12	44.14	4,118	-
05/19/2018	44.51	45.77	42.15	44.93	21,845	-
05/18/2018	43.08	44.64	41.70	44.51	49,104	-
05/17/2018	42.21	44.49	41.54	43.12	25,897	-
05/16/2018	44.39	44.90	41.89	42.16	137,569	-
05/15/2018	44.44	44.66	41.71	44.37	41,865	-
