Date	Open	High	Low	Close	Volume	Market Cap
07/15/2018	0.100554	0.106352	0.098457	0.101080	386,270	-
07/14/2018	0.096820	0.108344	0.095967	0.100127	904,641	-
07/13/2018	0.092186	0.099211	0.080380	0.095933	1,252,900	-
07/12/2018	0.113411	0.113411	0.072870	0.092015	2,955,220	-
07/11/2018	0.114317	0.117220	0.107837	0.113434	521,374	-
07/10/2018	0.120143	0.124010	0.111336	0.114312	937,327	-
07/09/2018	0.117701	0.125676	0.113590	0.120223	686,568	-
07/08/2018	0.127409	0.133213	0.115982	0.118274	1,077,090	-
07/07/2018	0.136145	0.136922	0.110548	0.127413	1,334,590	-
07/06/2018	0.135137	0.143326	0.129765	0.133536	1,031,940	-
07/05/2018	0.123939	0.135308	0.113030	0.135161	1,392,680	-
07/04/2018	0.120385	0.131143	0.116676	0.123674	558,530	-
07/03/2018	0.111984	0.132471	0.105837	0.121816	1,462,700	-
07/02/2018	0.112804	0.119063	0.108203	0.112436	566,994	-
07/01/2018	0.102359	0.115065	0.096265	0.112787	980,512	-
06/30/2018	0.119964	0.126146	0.102046	0.102234	1,158,060	-
06/29/2018	0.121193	0.132731	0.116922	0.124595	1,211,950	-
06/28/2018	0.171843	0.173442	0.107192	0.118292	3,818,960	-
06/27/2018	0.164591	0.172659	0.161667	0.171768	1,308,130	-
06/26/2018	0.182139	0.187874	0.153831	0.164881	3,217,860	-
06/25/2018	0.123363	0.183084	0.118587	0.181925	6,622,090	-
06/24/2018	0.105117	0.123505	0.102365	0.123505	1,790,230	-
06/23/2018	0.096040	0.116397	0.096025	0.105925	838,536	-
06/22/2018	0.106528	0.106604	0.094228	0.096021	206,596	-
06/21/2018	0.107522	0.108286	0.104681	0.106640	205,901	-
06/20/2018	0.108483	0.108639	0.104089	0.107569	349,257	-
06/19/2018	0.107499	0.108468	0.104414	0.108468	330,128	-
06/18/2018	0.099171	0.108074	0.097765	0.106751	294,163	-
06/17/2018	0.101247	0.102789	0.098180	0.099461	230,894	-
06/16/2018	0.100371	0.103179	0.098603	0.101058	236,630	-
06/15/2018	0.107147	0.107341	0.099292	0.100690	286,266	-
06/14/2018	0.101436	0.107559	0.100647	0.107269	251,040	-
06/13/2018	0.101542	0.105868	0.096360	0.101497	518,416	-
06/12/2018	0.111234	0.114217	0.096887	0.101274	813,966	-
06/11/2018	0.104514	0.115720	0.102047	0.110320	840,212	-
06/10/2018	0.117910	0.118732	0.096330	0.103837	1,246,630	-
06/09/2018	0.114925	0.123633	0.111807	0.117757	648,244	-
06/08/2018	0.117491	0.132465	0.094974	0.114824	2,571,710	-
06/07/2018	0.144281	0.156259	0.097063	0.116100	3,153,190	-
06/06/2018	0.156884	0.163689	0.128046	0.144317	1,820,470	-
06/05/2018	0.169239	0.174363	0.148923	0.155861	1,422,590	-
06/04/2018	0.163740	0.181278	0.163718	0.169621	3,060,440	-
06/03/2018	0.154218	0.166756	0.152776	0.164500	1,868,920	-
06/02/2018	0.138034	0.164755	0.138034	0.154266	1,363,580	-
06/01/2018	0.135430	0.148112	0.133113	0.137112	1,603,970	-
05/31/2018	0.127438	0.138898	0.125116	0.135362	1,238,090	-
05/30/2018	0.131484	0.135942	0.120098	0.127490	819,634	-
05/29/2018	0.115722	0.139296	0.114582	0.128822	1,063,850	-
05/28/2018	0.151210	0.153450	0.107649	0.114669	2,029,450	-
05/27/2018	0.154495	0.155666	0.148407	0.152008	764,110	-
05/26/2018	0.158380	0.165275	0.149611	0.149611	1,083,270	-
05/25/2018	0.122653	0.181865	0.116633	0.161432	4,496,230	-
05/24/2018	0.096449	0.131676	0.095777	0.119654	3,056,230	-
05/23/2018	0.116148	0.116482	0.073359	0.096802	3,706,940	-
05/22/2018	0.123359	0.127266	0.115641	0.116266	477,848	-
05/21/2018	0.110070	0.132825	0.106848	0.124165	649,292	-
05/20/2018	0.133835	0.134250	0.104946	0.109107	1,887,910	-
05/19/2018	0.142797	0.149927	0.111125	0.133738	1,845,470	-
05/18/2018	0.135381	0.144467	0.127029	0.143078	471,601	-
05/17/2018	0.126005	0.150710	0.126005	0.134784	945,570	-
05/16/2018	0.144459	0.155249	0.091325	0.128001	2,480,440	-
05/15/2018	0.172104	0.173741	0.141578	0.145256	1,035,160	-
05/14/2018	0.163897	0.179217	0.153103	0.172087	920,009	-
05/13/2018	0.169858	0.175923	0.155549	0.163111	1,554,140	-
05/12/2018	0.172296	0.202277	0.141516	0.171655	2,843,040	-
05/11/2018	0.218538	0.226299	0.149285	0.173217	2,439,010	-
05/10/2018	0.203039	0.260188	0.194456	0.222312	3,619,700	-
05/09/2018	0.278004	0.284601	0.205826	0.205826	2,030,580	-
05/08/2018	0.277234	0.291203	0.270813	0.277998	3,717,060	-
05/07/2018	0.268770	0.279559	0.233633	0.271488	3,678,300	-
05/06/2018	0.247125	0.298653	0.247125	0.268933	7,226,700	-
05/05/2018	0.205153	0.268604	0.198787	0.246850	3,263,800	-
05/04/2018	0.215817	0.300248	0.193451	0.215902	4,822,620	-
05/03/2018	0.175067	0.216600	0.173230	0.215662	4,621,670	-
05/02/2018	0.155601	0.175149	0.132772	0.175149	4,087,930	-
05/01/2018	0.161216	0.162779	0.141052	0.155649	2,272,500	-
04/30/2018	0.098955	0.198919	0.097795	0.160431	7,829,930	-
04/29/2018	0.068020	0.107065	0.068020	0.097862	3,026,590	-
04/28/2018	0.063379	0.069146	0.062481	0.068041	232,974	-
04/27/2018	0.063679	0.067826	0.060125	0.063631	309,088	-
04/26/2018	0.064027	0.066554	0.057212	0.063670	573,336	-
04/25/2018	0.054325	0.065292	0.054012	0.061691	915,910	-
04/24/2018	0.060333	0.063617	0.038619	0.055610	1,087,430	-
04/23/2018	0.057356	0.061042	0.055591	0.060526	430,764	-
04/22/2018	0.059532	0.063094	0.056012	0.057471	684,117	-
04/21/2018	0.061572	0.063915	0.057804	0.061183	376,446	-
04/20/2018	0.058285	0.062092	0.057380	0.061629	416,028	-
