Date	Open	High	Low	Close	Volume	Market Cap
07/15/2018	0.012898	0.020015	0.012668	0.016170	1,642,430	-
07/14/2018	0.014080	0.014285	0.012800	0.012884	1,121,310	-
07/13/2018	0.012803	0.014781	0.012753	0.013990	1,082,120	-
07/12/2018	0.013971	0.015454	0.012166	0.012709	1,531,980	-
07/11/2018	0.015820	0.016233	0.013788	0.014135	559,605	-
07/10/2018	0.017163	0.019632	0.015422	0.015658	1,143,870	-
07/09/2018	0.018390	0.019319	0.015772	0.017409	594,111	-
07/08/2018	0.020333	0.020809	0.017826	0.018397	1,085,440	-
07/07/2018	0.025967	0.025967	0.017809	0.020500	1,022,140	-
07/06/2018	0.028865	0.033715	0.019983	0.025966	2,284,130	-
07/05/2018	0.020728	0.033526	0.019819	0.028741	1,622,530	-
07/04/2018	0.015744	0.022007	0.015001	0.020627	1,137,110	-
07/03/2018	0.013853	0.019527	0.013812	0.015912	662,242	-
07/02/2018	0.011696	0.014354	0.011650	0.013877	437,869	-
