Date	Open	High	Low	Close	Volume	Market Cap
07/15/2018	0.013283	0.014508	0.013239	0.014238	18,599	4,139,150
07/14/2018	0.013221	0.013559	0.013155	0.013287	2,265	4,116,820
07/13/2018	0.013359	0.013458	0.013152	0.013257	3,134	4,156,500
07/12/2018	0.013865	0.013865	0.013067	0.013346	56,851	4,310,950
07/11/2018	0.013215	0.013700	0.013215	0.013677	3,258	4,105,660
07/10/2018	0.014530	0.014559	0.013210	0.013215	5,907	4,510,670
07/09/2018	0.014289	0.015178	0.014262	0.014540	9,336	4,432,170
07/08/2018	0.014268	0.014446	0.014183	0.014292	1,163	4,422,210
07/07/2018	0.013925	0.014465	0.013780	0.014284	4,426	4,312,430
07/06/2018	0.013850	0.013974	0.013448	0.013948	7,550	4,285,840
07/05/2018	0.013901	0.014276	0.013713	0.013852	17,282	4,298,020
07/04/2018	0.014495	0.015104	0.013858	0.013872	43,220	4,476,510
07/03/2018	0.014597	0.014811	0.013800	0.014501	86,333	4,508,040
07/02/2018	0.013836	0.014691	0.013790	0.014666	3,346	4,272,750
07/01/2018	0.013799	0.014220	0.013427	0.013834	13,355	4,259,180
06/30/2018	0.013773	0.014280	0.013226	0.013795	36,687	4,249,360
06/29/2018	0.013558	0.013926	0.012610	0.013754	58,687	4,181,410
06/28/2018	0.014348	0.014423	0.013485	0.013550	15,475	4,422,980
06/27/2018	0.014473	0.014673	0.013430	0.014343	14,528	4,457,850
06/26/2018	0.013381	0.016064	0.013227	0.014479	82,559	4,117,560
06/25/2018	0.012852	0.013804	0.012825	0.013381	8,403	3,952,480
06/24/2018	0.014854	0.014878	0.012487	0.012875	33,967	4,563,840
06/23/2018	0.014205	0.015023	0.014158	0.014856	5,339	4,364,320
06/22/2018	0.016048	0.016069	0.013974	0.014203	3,257	4,928,610
06/21/2018	0.016451	0.016732	0.015646	0.016062	5,180	5,049,500
06/20/2018	0.016637	0.016756	0.015836	0.016449	4,039	5,100,850
06/19/2018	0.017047	0.017864	0.015842	0.016627	21,695	5,223,940
06/18/2018	0.015857	0.018030	0.015589	0.017056	2,835	4,857,970
06/17/2018	0.016367	0.016834	0.015538	0.015908	2,997	5,010,060
06/16/2018	0.017141	0.017339	0.016337	0.016337	4,463	5,244,230
06/15/2018	0.017910	0.017929	0.017082	0.017204	2,774	5,473,430
06/14/2018	0.017061	0.018011	0.016810	0.017937	1,066	5,211,160
06/13/2018	0.016910	0.019322	0.016369	0.017068	14,222	5,164,790
06/12/2018	0.019009	0.019009	0.016353	0.016869	5,209	5,801,130
06/11/2018	0.019377	0.019871	0.018624	0.019019	22,996	5,910,560
06/10/2018	0.021767	0.021927	0.018906	0.019350	56,446	6,636,280
06/09/2018	0.018530	0.022532	0.017788	0.022186	81,463	5,644,880
06/08/2018	0.017974	0.018597	0.017062	0.018538	11,537	5,469,510
06/07/2018	0.019292	0.019365	0.017279	0.017960	10,538	5,868,000
06/06/2018	0.021422	0.021944	0.018678	0.019198	34,908	6,510,980
06/05/2018	0.020933	0.022042	0.020387	0.021428	91,264	6,357,170
06/04/2018	0.021586	0.022335	0.020746	0.020923	103,152	6,552,400
06/03/2018	0.021225	0.022865	0.021131	0.021961	152,637	6,437,000
06/02/2018	0.021047	0.021405	0.020654	0.021219	88,282	6,378,580
06/01/2018	0.020454	0.022527	0.020448	0.021056	134,524	6,194,970
05/31/2018	0.019791	0.021991	0.019398	0.020439	158,390	5,988,920
05/30/2018	0.020152	0.021345	0.018664	0.020162	204,941	6,090,150
05/29/2018	0.016942	0.021575	0.016891	0.020139	364,241	5,116,320
05/28/2018	0.014104	0.019279	0.013731	0.016948	390,423	4,256,660
05/27/2018	0.014157	0.014400	0.013854	0.014101	50,201	4,271,020
05/26/2018	0.015456	0.016116	0.014059	0.014517	42,492	4,660,480
05/25/2018	0.016330	0.016937	0.014920	0.015476	22,964	4,923,950
05/24/2018	0.014740	0.017209	0.014616	0.016300	11,218	4,442,400
05/23/2018	0.016111	0.016165	0.014625	0.014776	25,275	4,855,110
05/22/2018	0.017487	0.018538	0.016039	0.016128	18,095	5,265,630
05/21/2018	0.017399	0.018111	0.016949	0.017083	16,518	5,235,410
05/20/2018	0.018057	0.018490	0.017318	0.017378	12,616	5,428,680
05/19/2018	0.016648	0.018456	0.016304	0.018044	104,060	5,001,210
05/18/2018	0.016481	0.017432	0.015246	0.016650	48,101	4,947,640
05/17/2018	0.016450	0.017345	0.016203	0.016466	24,905	4,934,460
05/16/2018	0.018498	0.018513	0.016223	0.016441	43,271	5,542,330
05/15/2018	0.017914	0.019134	0.017541	0.018509	71,355	5,363,490
05/14/2018	0.018951	0.019303	0.017364	0.017943	26,791	5,670,090
05/13/2018	0.018669	0.019774	0.018478	0.018954	10,749	5,584,530
05/12/2018	0.019388	0.019561	0.018169	0.018675	16,102	5,794,870
05/11/2018	0.020247	0.020565	0.018963	0.019443	11,125	6,047,000
05/10/2018	0.021139	0.021983	0.020204	0.020223	12,478	6,306,820
05/09/2018	0.021619	0.021951	0.020182	0.021144	18,603	6,447,790
05/08/2018	0.020982	0.021816	0.020495	0.021652	45,246	6,255,700
05/07/2018	0.022511	0.025004	0.020807	0.020938	72,139	6,702,690
05/06/2018	0.023009	0.024488	0.022115	0.022588	56,040	6,850,850
05/05/2018	0.022880	0.024295	0.022333	0.022994	62,334	6,806,870
05/04/2018	0.021446	0.025441	0.021039	0.022892	28,997	6,374,650
05/03/2018	0.022027	0.022853	0.021222	0.021548	21,810	6,541,740
05/02/2018	0.018703	0.025977	0.017959	0.022026	238,209	5,550,460
05/01/2018	0.022087	0.022087	0.017077	0.018641	119,357	6,549,490
04/30/2018	0.020468	0.022259	0.020077	0.022063	17,633	6,065,040
04/29/2018	0.020564	0.021630	0.019562	0.020474	13,367	6,089,560
04/28/2018	0.022670	0.024954	0.019531	0.020571	29,006	6,712,740
04/27/2018	0.020931	0.024359	0.020268	0.022743	15,797	6,190,590
04/26/2018	0.020390	0.021466	0.019904	0.020903	13,178	6,026,120
04/25/2018	0.024420	0.024745	0.020225	0.020225	56,202	7,211,350
04/24/2018	0.023616	0.024896	0.023331	0.024578	27,344	6,969,000
04/23/2018	0.023017	0.024466	0.022960	0.023597	15,472	6,788,110
04/22/2018	0.023237	0.023789	0.022944	0.023061	6,992	6,847,300
04/21/2018	0.023075	0.023512	0.022823	0.023237	16,506	6,795,440
04/20/2018	0.021996	0.023347	0.021976	0.023067	23,735	6,473,110
04/19/2018	0.022018	0.022422	0.021688	0.021982	7,137	6,477,910
04/18/2018	0.021241	0.022927	0.021241	0.022002	11,152	6,242,030
04/17/2018	0.022047	0.023663	0.021076	0.021221	122,510	6,473,640
04/16/2018	0.023533	0.023995	0.021756	0.022036	56,321	6,903,950
04/15/2018	0.023777	0.024895	0.023265	0.023543	10,207	6,973,640
04/14/2018	0.023007	0.024417	0.022905	0.023752	17,760	6,745,070
04/13/2018	0.022167	0.025021	0.021880	0.023007	23,790	6,491,950
04/12/2018	0.018686	0.022741	0.018595	0.022141	24,934	5,472,030
04/11/2018	0.019557	0.019851	0.018519	0.018725	9,513	5,724,730
04/10/2018	0.017903	0.021336	0.017308	0.019538	64,774	5,236,020
04/09/2018	0.017911	0.018614	0.016946	0.017889	26,737	5,235,000
04/08/2018	0.017818	0.018342	0.017690	0.017882	10,764	5,203,790
04/07/2018	0.017334	0.018369	0.017085	0.017803	9,019	5,062,430
04/06/2018	0.017874	0.018103	0.016906	0.017314	5,967	5,220,000
04/05/2018	0.017796	0.018736	0.017076	0.017766	7,456	5,197,390
04/04/2018	0.018324	0.021298	0.016895	0.017789	107,873	5,351,680
04/03/2018	0.018678	0.020296	0.017613	0.018337	153,949	5,455,060
04/02/2018	0.018187	0.018819	0.017625	0.018665	51,534	5,311,620
04/01/2018	0.018500	0.020117	0.017350	0.018100	46,406	5,399,370
03/31/2018	0.017913	0.019237	0.017663	0.018501	21,690	5,220,770
03/30/2018	0.017841	0.019383	0.015916	0.017910	20,074	5,199,860
03/29/2018	0.023429	0.023465	0.017129	0.017676	84,616	6,826,170
03/28/2018	0.020628	0.024602	0.020213	0.023402	167,709	6,005,950
03/27/2018	0.021408	0.022936	0.019642	0.020631	38,917	6,228,230
03/26/2018	0.021015	0.021552	0.018830	0.021027	85,894	6,106,900
03/25/2018	0.020239	0.021611	0.019269	0.021031	62,078	5,876,210
03/24/2018	0.021477	0.021739	0.020404	0.020512	14,085	6,230,760
03/23/2018	0.020971	0.025539	0.019603	0.021691	62,178	6,082,860
03/22/2018	0.019216	0.027091	0.019121	0.020971	203,058	5,568,400
03/21/2018	0.019061	0.020103	0.018722	0.019251	12,989	5,519,650
03/20/2018	0.018676	0.019332	0.016983	0.019027	105,093	5,405,390
03/19/2018	0.017022	0.019140	0.016945	0.018490	17,061	4,922,150
03/18/2018	0.017033	0.017178	0.015303	0.017091	41,384	4,921,330
03/17/2018	0.021402	0.021402	0.016814	0.017309	78,881	6,177,080
03/16/2018	0.019057	0.024328	0.017534	0.020873	273,012	5,496,150
03/15/2018	0.016873	0.019444	0.016466	0.019067	33,097	4,863,130
03/14/2018	0.018483	0.024291	0.016376	0.016880	107,991	5,323,530
03/13/2018	0.018179	0.019294	0.017835	0.018481	55,659	5,231,130
03/12/2018	0.019380	0.020456	0.018131	0.018252	7,306	5,571,950
03/11/2018	0.017472	0.019467	0.017107	0.019432	18,118	5,019,960
03/10/2018	0.018293	0.019071	0.017447	0.017530	31,257	5,255,460
03/09/2018	0.019053	0.019275	0.016803	0.018285	30,032	5,469,880
03/08/2018	0.021616	0.021964	0.018623	0.019173	105,138	6,201,290
03/07/2018	0.024025	0.025008	0.020632	0.021646	46,367	6,886,590
03/06/2018	0.025826	0.025826	0.023824	0.024056	19,290	7,394,890
03/05/2018	0.024501	0.027750	0.024338	0.025893	28,368	7,010,570
03/04/2018	0.024368	0.025352	0.023512	0.024518	5,763	6,968,140
03/03/2018	0.023474	0.025099	0.023474	0.024407	36,147	6,705,500
03/02/2018	0.022955	0.023666	0.022302	0.023500	17,347	6,551,680
03/01/2018	0.023875	0.024146	0.021713	0.023139	54,351	6,808,360
02/28/2018	0.027117	0.027117	0.023286	0.023842	58,442	7,726,350
02/27/2018	0.026249	0.028449	0.025805	0.027148	22,426	7,475,170
02/26/2018	0.024966	0.027493	0.024966	0.026755	28,430	7,101,420
02/25/2018	0.024874	0.025748	0.024083	0.024942	19,356	7,075,060
02/24/2018	0.025898	0.027473	0.023904	0.024919	24,507	7,362,590
02/23/2018	0.024340	0.027879	0.023784	0.026624	31,384	6,912,220
02/22/2018	0.026577	0.030863	0.024022	0.024361	33,719	7,543,270
02/21/2018	0.028915	0.031358	0.025830	0.026602	50,959	8,199,820
02/20/2018	0.033081	0.034106	0.028663	0.028947	57,910	9,374,120
02/19/2018	0.033043	0.035537	0.032895	0.033055	41,695	9,361,890
02/18/2018	0.036589	0.037299	0.033109	0.033174	39,967	10,357,400
02/17/2018	0.033859	0.038324	0.033454	0.036484	94,790	9,580,760
02/16/2018	0.034405	0.036157	0.031631	0.033866	119,701	9,725,920
02/15/2018	0.032221	0.034991	0.029070	0.034534	119,758	9,101,730
02/14/2018	0.024928	0.033889	0.023875	0.032662	383,245	7,041,340
02/13/2018	0.025360	0.025884	0.022924	0.024972	125,172	7,155,470
02/12/2018	0.024620	0.026366	0.024499	0.025753	166,124	6,945,380
02/11/2018	0.025438	0.025754	0.023558	0.024263	16,040	7,170,460
02/10/2018	0.027911	0.028830	0.024644	0.025457	55,645	7,857,310
02/09/2018	0.026253	0.029137	0.025115	0.027975	126,733	7,388,800
02/08/2018	0.018952	0.031112	0.018041	0.026178	337,547	5,330,530
02/07/2018	0.022140	0.024366	0.019093	0.019093	85,861	6,222,100
02/06/2018	0.019221	0.024421	0.013240	0.022302	172,727	5,398,250
02/05/2018	0.024315	0.025274	0.018524	0.019197	156,157	6,824,430
02/04/2018	0.029159	0.029453	0.023248	0.024565	86,774	8,183,940
02/03/2018	0.026205	0.029732	0.023800	0.028972	74,541	7,346,040
02/02/2018	0.029292	0.029292	0.022902	0.026545	238,477	8,203,890
02/01/2018	0.032123	0.034641	0.028304	0.029264	108,980	8,996,810
01/31/2018	0.033479	0.034462	0.030055	0.031467	189,907	9,370,340
01/30/2018	0.038060	0.046112	0.031924	0.033427	390,114	10,652,100
01/29/2018	0.040975	0.042586	0.037527	0.038048	337,405	11,462,400
01/28/2018	0.038840	0.043668	0.038799	0.041107	253,441	10,850,600
01/27/2018	0.038575	0.041032	0.036062	0.038652	181,671	10,766,400
01/26/2018	0.039136	0.040744	0.034288	0.038705	259,494	10,917,200
01/25/2018	0.044369	0.044562	0.035962	0.039541	329,413	12,368,900
01/24/2018	0.044459	0.046842	0.038546	0.043703	335,664	12,382,300
01/23/2018	0.036286	0.046341	0.030153	0.044589	442,320	10,096,400
01/22/2018	0.039432	0.044786	0.032598	0.036274	256,843	10,965,500
01/21/2018	0.056764	0.058169	0.036196	0.038965	510,109	15,766,700
01/20/2018	0.042524	0.060296	0.041443	0.056515	559,347	11,810,900
01/19/2018	0.040571	0.050888	0.036868	0.041317	466,862	11,265,800
01/18/2018	0.043318	0.052744	0.035865	0.039321	621,698	12,017,800
01/17/2018	0.037733	0.047570	0.031185	0.043218	373,338	10,460,600
01/16/2018	0.040579	0.043629	0.032398	0.037916	347,413	11,233,600
01/15/2018	0.048956	0.053829	0.034780	0.040268	567,943	13,552,900
01/14/2018	0.060583	0.066100	0.047600	0.051658	594,335	16,764,200
01/13/2018	0.062871	0.073870	0.056277	0.060684	921,884	17,382,500
01/12/2018	0.074645	0.078199	0.063668	0.063668	944,398	20,625,900
01/11/2018	0.061947	0.078720	0.052395	0.075334	1,702,610	17,098,600
01/10/2018	0.093270	0.093499	0.053588	0.065631	2,022,780	25,727,100
01/09/2018	0.072002	0.091586	0.065472	0.091135	2,927,810	19,848,700
01/08/2018	0.072959	0.086388	0.058741	0.074417	2,544,560	20,092,800
01/07/2018	0.030077	0.077059	0.030077	0.075043	4,611,410	8,279,090
01/06/2018	0.026767	0.030729	0.024003	0.030206	444,444	7,361,230
01/05/2018	0.028477	0.032146	0.023445	0.027045	429,835	7,824,530
01/04/2018	0.023226	0.030292	0.021184	0.026780	838,045	6,377,560
01/03/2018	0.018231	0.023827	0.018035	0.023827	788,567	5,001,560
01/02/2018	0.017295	0.019463	0.016191	0.018148	302,094	4,741,980
01/01/2018	0.017217	0.018791	0.014905	0.016910	336,781	4,716,810
12/31/2017	0.012352	0.020258	0.012229	0.017424	961,217	3,380,560
12/30/2017	0.013776	0.013872	0.011904	0.012606	325,281	3,770,340
12/29/2017	0.013598	0.014437	0.013209	0.013810	273,657	3,719,570
12/28/2017	0.014423	0.014760	0.012942	0.013459	359,664	3,942,130
12/27/2017	0.015034	0.015739	0.013801	0.014453	320,405	4,109,220
12/26/2017	0.013088	0.015624	0.012913	0.015023	121,639	3,577,200
12/25/2017	0.013250	0.013635	0.012333	0.013101	77,851	3,621,380
12/24/2017	0.013579	0.013938	0.011819	0.013116	251,857	3,708,070
12/23/2017	0.012976	0.014768	0.012747	0.013431	122,086	3,539,670
12/22/2017	0.015189	0.015344	0.010748	0.012855	233,378	4,141,830
12/21/2017	0.015518	0.016890	0.014086	0.015138	170,900	4,228,500
12/20/2017	0.016492	0.016783	0.014848	0.015485	59,674	4,490,180
12/19/2017	0.017996	0.018163	0.015911	0.016355	60,461	4,895,100
12/18/2017	0.018207	0.018747	0.017042	0.017981	149,974	4,948,300
12/17/2017	0.018844	0.018921	0.017434	0.018156	108,354	5,116,810
12/16/2017	0.016738	0.019370	0.016214	0.018645	118,194	4,542,450
12/15/2017	0.015226	0.017067	0.015222	0.016715	108,333	4,128,210
12/14/2017	0.015386	0.016213	0.015064	0.015203	26,770	4,169,060
12/13/2017	0.016370	0.016557	0.014665	0.015435	196,805	4,432,270
12/12/2017	0.014879	0.016968	0.014296	0.016356	112,338	4,025,740
12/11/2017	0.014339	0.015871	0.014148	0.014670	39,902	3,876,900
12/10/2017	0.013504	0.015503	0.011935	0.014443	89,046	3,647,580
12/09/2017	0.014452	0.015454	0.012347	0.013450	35,755	3,900,120
12/08/2017	0.015390	0.015862	0.012926	0.014457	84,890	4,149,390
12/07/2017	0.012358	0.015357	0.012254	0.015357	111,260	3,328,490
12/06/2017	0.011461	0.012921	0.011065	0.012921	169,945	3,084,760
12/05/2017	0.011206	0.011647	0.010718	0.011604	74,074	3,013,890
12/04/2017	0.011217	0.011297	0.010436	0.011185	21,357	3,013,890
12/03/2017	0.010817	0.011788	0.010315	0.011180	68,904	2,903,880
12/02/2017	0.010530	0.010894	0.010093	0.010590	35,442	2,824,500
12/01/2017	0.009341	0.010781	0.008991	0.010539	76,229	2,503,280
11/30/2017	0.008690	0.009800	0.007846	0.009387	82,837	2,326,940
11/29/2017	0.008944	0.010020	0.008038	0.008559	60,446	2,392,810
11/28/2017	0.009211	0.009301	0.008638	0.008951	16,508	2,462,470
11/27/2017	0.009240	0.010050	0.008684	0.009092	122,206	2,467,670
11/26/2017	0.008106	0.009239	0.007886	0.009239	71,146	2,162,930
11/25/2017	0.007767	0.008631	0.007491	0.008109	57,316	2,071,200
11/24/2017	0.007814	0.008147	0.007510	0.007783	59,475	2,082,140
11/23/2017	0.007858	0.008245	0.007251	0.007825	136,602	2,091,510
11/22/2017	0.007630	0.008167	0.006372	0.008024	74,953	2,030,380
11/21/2017	0.006793	0.007938	0.006713	0.007612	21,813	1,805,850
11/20/2017	0.007507	0.007816	0.006676	0.006791	14,725	1,994,010
11/19/2017	0.006894	0.008031	0.006133	0.007511	49,324	1,829,540
11/18/2017	0.006749	0.007510	0.006416	0.006906	62,710	1,789,310
11/17/2017	0.006858	0.007151	0.006677	0.006775	15,634	1,816,320
11/16/2017	0.006199	0.006909	0.005722	0.006871	20,755	1,640,630
11/15/2017	0.005510	0.006414	0.005444	0.005660	61,514	1,456,990
11/14/2017	0.005176	0.005856	0.004845	0.005572	37,054	1,367,370
11/13/2017	0.004430	0.005318	0.004194	0.005100	97,268	1,169,370
11/12/2017	0.005027	0.005093	0.004354	0.004539	27,911	1,325,730
11/11/2017	0.005301	0.005594	0.004793	0.005031	58,289	1,396,730
11/10/2017	0.005508	0.006183	0.005012	0.005320	60,170	1,449,960
11/09/2017	0.005936	0.006359	0.005049	0.005491	36,112	1,561,290
11/08/2017	0.005735	0.006779	0.005075	0.005943	86,925	1,506,960
11/07/2017	0.006335	0.006857	0.004963	0.005753	130,335	1,663,180
11/06/2017	0.007353	0.007416	0.006064	0.006299	40,261	1,928,680
11/05/2017	0.007595	0.007757	0.007222	0.007338	15,231	1,990,340
11/04/2017	0.007048	0.008171	0.006920	0.007607	67,476	1,845,190
11/03/2017	0.006755	0.007522	0.006671	0.007065	35,009	1,766,910
11/02/2017	0.006423	0.007254	0.006387	0.006764	71,887	1,678,480
11/01/2017	0.006903	0.006993	0.006011	0.006414	29,488	1,802,480
10/31/2017	0.006325	0.007006	0.006110	0.006910	93,029	1,650,000
10/30/2017	0.005830	0.006347	0.005573	0.006347	22,617	1,519,430
10/29/2017	0.006124	0.006144	0.005222	0.005866	18,484	1,594,520
10/28/2017	0.005852	0.006366	0.005763	0.006129	42,835	1,522,230
10/27/2017	0.005964	0.006358	0.005777	0.005908	13,327	1,550,040
10/26/2017	0.005513	0.006826	0.005375	0.005963	48,246	1,431,430
10/25/2017	0.005283	0.005928	0.005184	0.005514	15,273	1,370,400
10/24/2017	0.005607	0.005684	0.005211	0.005284	48,866	1,453,320
10/23/2017	0.005504	0.005871	0.005113	0.005620	39,084	1,425,100
10/22/2017	0.005905	0.006061	0.005302	0.005512	28,018	1,527,820
10/21/2017	0.005527	0.006871	0.005489	0.005904	39,126	1,428,630
10/20/2017	0.005911	0.006224	0.005539	0.005539	42,557	1,526,310
10/19/2017	0.005428	0.005951	0.005379	0.005911	34,789	1,400,220
10/18/2017	0.005283	0.005451	0.004785	0.005425	3,747	1,361,520
10/17/2017	0.006116	0.006234	0.005151	0.005282	8,925	1,574,810
10/16/2017	0.005139	0.006175	0.004691	0.006173	85,937	1,322,080
10/15/2017	0.005181	0.005546	0.004887	0.005138	8,853	1,331,580
10/14/2017	0.004948	0.006029	0.004775	0.005172	49,904	1,270,570
10/13/2017	0.004495	0.005015	0.004010	0.004791	20,188	1,153,150
10/12/2017	0.003974	0.004564	0.003851	0.004481	9,774	1,018,600
10/11/2017	0.003985	0.004310	0.003897	0.003971	1,971	1,020,520
10/10/2017	0.004746	0.004756	0.003872	0.003985	16,083	1,214,180
10/09/2017	0.004080	0.004806	0.003966	0.004744	29,518	1,042,820
10/08/2017	0.004080	0.004137	0.003775	0.004079	25,325	1,041,890
10/07/2017	0.004284	0.004333	0.003906	0.004091	38,678	1,093,000
10/06/2017	0.004575	0.004632	0.004210	0.004283	40,024	1,166,070
10/05/2017	0.004716	0.004949	0.004420	0.004489	40,149	1,200,770
10/04/2017	0.004777	0.004923	0.004359	0.004795	74,017	1,215,350
10/03/2017	0.004789	0.005006	0.004714	0.004766	12,099	1,217,080
10/02/2017	0.004465	0.005411	0.004114	0.004789	57,746	1,133,640
10/01/2017	0.004470	0.004609	0.004337	0.004467	5,624	1,133,950
09/30/2017	0.004377	0.004532	0.004287	0.004468	4,895	1,109,350
09/29/2017	0.004358	0.004612	0.003847	0.004377	39,941	1,103,350
09/28/2017	0.003826	0.004600	0.003765	0.004361	70,763	967,605
09/27/2017	0.003567	0.003968	0.003162	0.003825	96,099	901,330
09/26/2017	0.003500	0.003755	0.003414	0.003687	11,660	883,634
09/25/2017	0.003383	0.004531	0.003023	0.003500	138,408	853,215
09/24/2017	0.003729	0.004550	0.003065	0.003386	90,018	939,775
09/23/2017	0.003753	0.004875	0.003043	0.003825	42,450	944,705
09/22/2017	0.003814	0.005354	0.003141	0.003769	78,395	959,265
09/21/2017	0.004048	0.004150	0.003667	0.003816	6,117	1,017,210
09/20/2017	0.004111	0.004349	0.004069	0.004069	2,366	1,031,920
09/19/2017	0.004800	0.004818	0.004087	0.004116	5,799	1,203,930
09/18/2017	0.004190	0.005166	0.004076	0.004789	14,057	1,049,740
09/17/2017	0.004104	0.004225	0.003736	0.004198	8,408	1,027,210
09/16/2017	0.004113	0.004188	0.003726	0.004034	12,503	1,028,600
09/15/2017	0.003587	0.004481	0.003065	0.004124	19,746	896,100
09/14/2017	0.004770	0.005077	0.003560	0.003560	11,174	1,190,700
09/13/2017	0.004412	0.005293	0.003937	0.004768	43,122	1,100,170
09/12/2017	0.007822	0.008016	0.002990	0.004389	217,989	1,948,740
09/11/2017	0.007405	0.008327	0.007301	0.007936	65,939	1,842,900
09/10/2017	0.007322	0.007719	0.006819	0.007416	12,792	1,820,400
09/09/2017	0.007285	0.007760	0.006991	0.007340	17,952	1,809,450
09/08/2017	0.007677	0.008241	0.006986	0.007270	9,097	1,905,000
09/07/2017	0.007926	0.008258	0.007072	0.007675	24,593	1,965,070
09/06/2017	0.007587	0.008433	0.007587	0.007942	15,490	1,879,150
09/05/2017	0.007606	0.008226	0.006981	0.007578	28,137	1,882,090
09/04/2017	0.007717	0.008045	0.006878	0.007487	25,684	1,907,640
09/03/2017	0.007189	0.008060	0.007175	0.007715	9,785	1,775,490
09/02/2017	0.008237	0.009405	0.007022	0.007189	22,124	2,032,050
09/01/2017	0.008668	0.008944	0.007790	0.008226	29,125	2,136,440
08/31/2017	0.008512	0.009185	0.008133	0.008713	28,735	2,095,890
08/30/2017	0.008499	0.008973	0.008340	0.008682	11,373	2,090,810
08/29/2017	0.008029	0.009183	0.007925	0.008511	25,794	1,973,280
08/28/2017	0.008393	0.008948	0.007105	0.008145	46,979	2,060,730
08/27/2017	0.008419	0.008980	0.007969	0.008402	22,884	2,065,000
08/26/2017	0.008450	0.008893	0.007728	0.008211	24,975	2,070,530
08/25/2017	0.007873	0.008958	0.007844	0.008435	35,187	1,927,440
08/24/2017	0.007001	0.009377	0.006932	0.007886	21,673	1,712,200
08/23/2017	0.007136	0.007536	0.006903	0.006997	17,396	1,743,470
08/22/2017	0.007375	0.007493	0.006260	0.007151	7,786	1,799,940
08/21/2017	0.008648	0.008948	0.006923	0.007356	30,090	2,108,970
08/20/2017	0.008502	0.010425	0.008139	0.008677	21,705	2,071,010
08/19/2017	0.009182	0.010925	0.007913	0.008536	20,744	2,234,660
08/18/2017	0.008039	0.010485	0.008022	0.009173	26,095	1,954,370
08/17/2017	0.006790	0.009062	0.006717	0.008063	22,235	1,649,010
08/16/2017	0.006842	0.007058	0.006300	0.006939	9,912	1,660,120
08/15/2017	0.007156	0.008219	0.006480	0.006835	8,710	1,734,560
08/14/2017	0.007626	0.007885	0.007021	0.007223	15,866	1,846,600
08/13/2017	0.008347	0.008626	0.007240	0.007581	22,785	2,019,120
08/12/2017	0.008139	0.008936	0.007509	0.008355	18,042	1,967,130
08/11/2017	0.008645	0.010660	0.007914	0.008145	30,295	2,087,270
08/10/2017	0.008912	0.009689	0.008261	0.008645	18,697	2,149,740
08/09/2017	0.008927	0.010000	0.007500	0.008910	25,234	2,151,030
08/08/2017	0.010131	0.010337	0.008572	0.008933	10,908	2,438,710
08/07/2017	0.010636	0.011894	0.007711	0.010121	92,665	2,557,750
08/06/2017	0.010875	0.012520	0.009975	0.010659	49,134	2,612,600
08/05/2017	0.009577	0.012328	0.009207	0.010808	117,352	2,298,540
08/04/2017	0.009838	0.010280	0.008425	0.009554	46,120	2,358,640
08/03/2017	0.006690	0.009954	0.006469	0.009247	32,502	1,602,380
08/02/2017	0.007385	0.007669	0.006316	0.006680	7,405	1,767,210
08/01/2017	0.006958	0.010201	0.006304	0.007385	26,866	1,663,270
07/31/2017	0.008045	0.008542	0.005255	0.006955	61,906	1,921,130
07/30/2017	0.007602	0.009241	0.007086	0.008037	7,912	1,813,430
07/29/2017	0.008036	0.008382	0.007516	0.007610	4,443	1,915,140
07/28/2017	0.008745	0.009496	0.007759	0.008066	14,444	2,081,830
07/27/2017	0.008376	0.009364	0.007703	0.008125	18,758	1,992,040
07/26/2017	0.008925	0.009143	0.007874	0.008353	15,562	2,120,400
07/25/2017	0.009900	0.010239	0.008216	0.008921	17,161	2,349,900
07/24/2017	0.011230	0.012078	0.009482	0.009851	30,076	2,662,900
07/23/2017	0.011003	0.011966	0.010268	0.011040	12,950	2,606,350
07/22/2017	0.011785	0.012712	0.010054	0.011003	19,705	2,788,900
07/21/2017	0.012897	0.012940	0.010222	0.011788	24,568	3,048,820
07/20/2017	0.011232	0.013448	0.010413	0.013429	43,013	2,652,650
07/19/2017	0.010873	0.011402	0.010262	0.011240	39,726	2,565,030
07/18/2017	0.010773	0.011699	0.010606	0.010856	20,836	2,538,790
07/17/2017	0.010078	0.011811	0.009382	0.010745	32,425	2,372,900
07/16/2017	0.009340	0.011422	0.009160	0.010090	49,913	2,197,620
07/15/2017	0.008898	0.012461	0.008475	0.010334	278,873	2,091,830
07/14/2017	0.009136	0.011003	0.008884	0.008913	481,402	2,145,750
07/13/2017	0.008411	0.010834	0.007909	0.009143	217,154	1,973,350
07/12/2017	0.008241	0.008700	0.007294	0.008415	31,017	1,931,450
07/11/2017	0.007981	0.010960	0.006527	0.008279	74,962	1,868,620
07/10/2017	0.011597	0.012538	0.008359	0.008359	54,631	2,712,820
07/09/2017	0.011220	0.012409	0.010148	0.011575	97,671	2,621,520
07/08/2017	0.008969	0.011646	0.008859	0.011210	88,576	2,093,400
07/07/2017	0.009106	0.010599	0.007401	0.008962	146,926	2,123,080
07/06/2017	0.007653	0.009540	0.007563	0.009092	118,166	1,782,450
07/05/2017	0.005716	0.008257	0.005331	0.007649	141,002	1,329,960
07/04/2017	0.004629	0.007908	0.004437	0.005726	37,506	1,075,920
07/03/2017	0.005474	0.005964	0.004597	0.005062	26,568	1,271,100
07/02/2017	0.004711	0.006657	0.004528	0.005494	41,649	1,092,770
07/01/2017	0.004747	0.005404	0.004580	0.004712	46,615	1,100,000
06/30/2017	0.004253	0.006164	0.003986	0.004772	76,186	984,353
06/29/2017	0.001794	0.005330	0.001589	0.004392	239,014	414,638
06/28/2017	0.001918	0.002294	0.001722	0.001795	32,949	442,934
06/27/2017	0.001588	0.001956	0.001513	0.001956	14,712	366,386
06/26/2017	0.001996	0.002217	0.001344	0.001588	28,861	460,215
06/25/2017	0.002178	0.002432	0.001187	0.001997	197,897	501,542
06/24/2017	0.003175	0.003290	0.001929	0.002162	18,529	730,389
06/23/2017	0.003893	0.003912	0.001750	0.003231	78,813	894,726
06/22/2017	0.003762	0.004572	0.002395	0.003917	67,931	863,583
06/21/2017	0.004661	0.004703	0.002641	0.003748	70,542	1,068,720
06/20/2017	0.003871	0.004721	0.002950	0.004660	97,230	886,613
06/19/2017	0.003159	0.006250	0.002149	0.003888	64,407	722,883
06/18/2017	0.003829	0.004149	0.003063	0.003505	24,145	875,296
06/17/2017	0.003836	0.004212	0.003699	0.003852	32,572	875,831
06/16/2017	0.003962	0.004114	0.003500	0.003835	31,143	903,732
06/15/2017	0.004314	0.004619	0.003746	0.003964	36,715	983,051
06/14/2017	0.005114	0.005381	0.004273	0.004360	57,487	1,164,140
06/13/2017	0.005028	0.005480	0.003866	0.005136	79,032	1,143,420
06/12/2017	0.006057	0.006820	0.004303	0.005060	113,486	1,375,880
06/11/2017	0.005582	0.008252	0.005420	0.006065	49,241	1,266,620
06/10/2017	0.006790	0.008022	0.005225	0.006103	45,936	1,539,250
06/09/2017	0.003699	0.008042	0.003541	0.006771	114,301	837,509
06/08/2017	0.002568	0.004167	0.002513	0.003704	69,115	580,909
06/07/2017	0.002918	0.002956	0.002329	0.002558	104,905	659,278
06/06/2017	0.002622	0.004413	0.001841	0.002844	108,094	591,846
06/05/2017	0.001233	0.002755	0.001179	0.002755	106,025	277,876
06/04/2017	0.001371	0.001506	0.001185	0.001233	35,928	308,785
06/03/2017	0.001393	0.006856	0.001324	0.001352	34,006	313,278
06/02/2017	0.001410	0.001470	0.001328	0.001376	33,262	316,766
06/01/2017	0.001393	0.001520	0.001185	0.001422	75,018	312,817
05/31/2017	0.001057	0.001426	0.001057	0.001392	47,273	237,093
05/30/2017	0.001112	0.001334	0.001026	0.001054	34,058	249,126
05/29/2017	0.000994	0.001200	0.000994	0.001112	32,062	222,457
05/28/2017	0.000973	0.001119	0.000967	0.001017	7,964	217,413
05/27/2017	0.001205	0.001286	0.000889	0.000972	17,134	269,111
05/26/2017	0.001136	0.001318	0.001117	0.001208	44,558	253,476
05/25/2017	0.001084	0.001430	0.001084	0.001144	39,350	241,535
05/24/2017	0.001005	0.001140	0.000959	0.001089	47,622	223,691
05/23/2017	0.000850	0.001109	0.000842	0.001022	29,027	189,035
05/22/2017	0.000884	0.000933	0.000751	0.000868	25,122	196,224
05/21/2017	0.000841	0.000948	0.000723	0.000896	42,575	186,587
05/20/2017	0.000967	0.000994	0.000824	0.000875	24,443	214,213
05/19/2017	0.000986	0.001017	0.000916	0.000967	14,831	218,296
05/18/2017	0.000820	0.001163	0.000815	0.000986	32,613	181,357
05/17/2017	0.000727	0.000895	0.000707	0.000821	29,653	160,518
05/16/2017	0.000717	0.000838	0.000691	0.000715	19,486	158,181
05/15/2017	0.000775	0.000794	0.000698	0.000718	18,468	170,836
05/14/2017	0.000763	0.000803	0.000752	0.000774	9,975	167,921
05/13/2017	0.000737	0.000783	0.000712	0.000761	8,874	162,160
05/12/2017	0.000755	0.000791	0.000711	0.000739	17,129	165,922
05/11/2017	0.000792	0.000815	0.000722	0.000755	27,276	173,807
05/10/2017	0.000770	0.000796	0.000736	0.000791	11,969	168,773
05/09/2017	0.000800	0.000825	0.000747	0.000769	21,352	175,228
05/08/2017	0.000771	0.000819	0.000714	0.000800	30,980	168,602
05/07/2017	0.000728	0.000790	0.000675	0.000771	2,256	158,972
05/06/2017	0.000692	0.000758	0.000690	0.000742	10,149	151,086
05/05/2017	0.000683	0.000743	0.000665	0.000692	6,241	148,780
05/04/2017	0.000684	0.000731	0.000635	0.000681	11,848	148,884
05/03/2017	0.000667	0.000711	0.000639	0.000684	4,402	145,145
05/02/2017	0.000642	0.000709	0.000629	0.000677	16,775	139,407
05/01/2017	0.000753	0.000782	0.000559	0.000655	27,513	163,446
04/30/2017	0.000802	0.000903	0.000704	0.000753	14,801	173,906
04/29/2017	0.000675	0.000906	0.000672	0.000806	7,304	146,296
04/28/2017	0.000725	0.000725	0.000659	0.000675	8,556	156,964
04/27/2017	0.000595	0.000760	0.000579	0.000723	10,138	128,593
04/26/2017	0.000603	0.000690	0.000563	0.000595	9,806	130,202
04/25/2017	0.000589	0.000635	0.000527	0.000603	9,155	126,930
04/24/2017	0.000706	0.000735	0.000457	0.000591	9,977	152,045
04/23/2017	0.000774	0.000911	0.000508	0.000695	15,478	166,443
04/22/2017	0.000843	0.000864	0.000738	0.000774	10,153	181,128
04/21/2017	0.000955	0.001032	0.000842	0.000842	8,273	205,120
04/20/2017	0.001012	0.001020	0.000836	0.000956	5,708	216,970
04/19/2017	0.000939	0.001032	0.000843	0.000978	12,934	201,059
04/18/2017	0.000838	0.000939	0.000810	0.000939	13,086	179,344
04/17/2017	0.000940	0.000981	0.000794	0.000838	13,659	200,988
04/16/2017	0.000984	0.001044	0.000926	0.000937	10,767	209,977
04/15/2017	0.001020	0.001107	0.000923	0.000984	7,052	217,451
04/14/2017	0.000974	0.001027	0.000926	0.001007	12,230	207,483
04/13/2017	0.001117	0.001174	0.000873	0.000955	15,751	237,635
04/12/2017	0.000880	0.001120	0.000869	0.001110	22,444	186,934
04/11/2017	0.000865	0.000916	0.000818	0.000880	16,329	183,634
04/10/2017	0.000709	0.000903	0.000697	0.000856	47,306	150,441
04/09/2017	0.000579	0.000748	0.000558	0.000719	28,497	122,631
04/08/2017	0.000476	0.000612	0.000452	0.000585	17,757	100,740
04/07/2017	0.000440	0.000585	0.000428	0.000585	9,531	93,020
04/06/2017	0.000468	0.000525	0.000421	0.000441	6,332	98,743
04/05/2017	0.000482	0.000543	0.000449	0.000468	5,121	101,585
04/04/2017	0.000467	0.000545	0.000435	0.000486	5,355	98,405
04/03/2017	0.000454	0.000507	0.000447	0.000467	6,559	95,587
04/02/2017	0.000482	0.000497	0.000414	0.000460	5,603	101,252
04/01/2017	0.000445	0.000523	0.000411	0.000485	5,493	93,401
03/31/2017	0.000451	0.000522	0.000408	0.000421	5,901	94,486
03/30/2017	0.000449	0.000513	0.000385	0.000450	5,875	94,048
03/29/2017	0.000414	0.000476	0.000382	0.000449	5,184	86,498
03/28/2017	0.000347	0.000460	0.000347	0.000414	6,352	72,592
03/27/2017	0.000299	0.000377	0.000269	0.000348	4,178	62,478
03/26/2017	0.000244	0.000337	0.000234	0.000298	4,212	50,828
03/25/2017	0.000238	0.000299	0.000228	0.000280	3,818	49,476
03/24/2017	0.000439	0.000439	0.000239	0.000239	2,938	91,285
03/23/2017	0.000217	0.000382	0.000213	0.000382	8,633	45,105
03/22/2017	0.000243	0.000998	0.000213	0.000217	2,223	50,340
03/21/2017	0.000263	0.000276	0.000214	0.000243	4,455	54,472
03/20/2017	0.000228	0.000274	0.000227	0.000263	3,000	47,195
03/19/2017	0.000220	0.000246	0.000211	0.000228	2,069	45,420
03/18/2017	0.000227	0.000231	0.000207	0.000219	3,660	46,910
03/17/2017	0.000236	0.000241	0.000220	0.000227	2,664	48,699
03/16/2017	0.000250	0.000270	0.000231	0.000238	1,921	51,565
03/15/2017	0.000248	0.000262	0.000236	0.000250	2,093	51,071
03/14/2017	0.000246	0.000259	0.000233	0.000248	1,656	50,508
03/13/2017	0.000232	0.000248	0.000220	0.000246	1,796	47,699
03/12/2017	0.000224	0.000247	0.000218	0.000232	2,524	45,828
03/11/2017	0.000226	0.000262	0.000219	0.000223	2,588	46,299
03/10/2017	0.000250	0.000267	0.000219	0.000237	3,540	51,107
03/09/2017	0.000242	0.000274	0.000234	0.000261	1,081	49,396
03/08/2017	0.000263	0.000271	0.000234	0.000242	569	53,673
03/07/2017	0.000267	0.000343	0.000241	0.000263	370	54,491
03/06/2017	0.000304	0.000304	0.000254	0.000267	2,027	61,864
03/05/2017	0.000276	0.000316	0.000261	0.000304	2,354	56,065
03/04/2017	0.000268	0.000276	0.000242	0.000276	746	54,394
03/03/2017	0.000250	0.000267	0.000238	0.000267	421	50,717
03/02/2017	0.000257	0.000269	0.000221	0.000250	3,146	52,118
03/01/2017	0.000248	0.000267	0.000229	0.000257	1,010	50,125
02/28/2017	0.000236	0.000258	0.000200	0.000248	1,904	47,693
02/27/2017	0.000256	0.000258	0.000212	0.000236	4,835	51,706
02/26/2017	0.000252	0.000268	0.000219	0.000256	2,312	50,743
02/25/2017	0.000234	0.000288	0.000221	0.000251	1,104	47,237
02/24/2017	0.000223	0.000262	0.000222	0.000235	409	44,864
02/23/2017	0.000235	0.000269	0.000222	0.000222	2,796	47,170
02/22/2017	0.000290	0.000290	0.000235	0.000246	2,120	58,181
02/21/2017	0.000325	0.000348	0.000236	0.000290	3,658	65,155
02/20/2017	0.000335	0.000357	0.000310	0.000325	742	67,173
02/19/2017	0.000355	0.000378	0.000325	0.000335	521	71,090
02/18/2017	0.000346	0.000379	0.000325	0.000355	771	69,165
02/17/2017	0.000340	0.000361	0.000325	0.000345	734	67,862
02/16/2017	0.000353	0.000372	0.000336	0.000340	718	70,281
02/15/2017	0.000352	0.000372	0.000342	0.000353	994	70,108
02/14/2017	0.000356	0.000372	0.000347	0.000352	625	70,877
02/13/2017	0.000370	0.000390	0.000334	0.000366	1,102	73,397
02/12/2017	0.000371	0.000469	0.000341	0.000370	2,155	73,660
02/11/2017	0.000376	0.000402	0.000353	0.000372	665	74,481
02/10/2017	0.000358	0.000423	0.000329	0.000376	1,729	70,856
02/09/2017	0.000438	0.000464	0.000291	0.000358	1,866	86,657
02/08/2017	0.000468	0.000576	0.000417	0.000447	2,788	92,338
02/07/2017	0.000406	0.000573	0.000397	0.000457	4,702	80,012
02/06/2017	0.000400	0.000488	0.000314	0.000395	2,868	78,792
02/05/2017	0.000278	0.000412	0.000278	0.000390	3,668	54,757
02/04/2017	0.000227	0.000317	0.000223	0.000288	4,887	44,529
02/03/2017	0.000202	0.000237	0.000184	0.000226	4,022	39,668
02/02/2017	0.000198	0.000209	0.000187	0.000202	1,685	38,770
02/01/2017	0.000206	0.000231	0.000185	0.000198	2,286	40,365
01/31/2017	0.000203	0.000214	0.000194	0.000213	341	39,767
01/30/2017	0.000201	0.000218	0.000185	0.000204	994	39,225
01/29/2017	0.000204	0.000212	0.000171	0.000201	1,632	39,709
01/28/2017	0.000221	0.000221	0.000187	0.000203	2,695	42,971
01/27/2017	0.000211	0.000229	0.000203	0.000221	2,264	41,011
01/26/2017	0.000215	0.000219	0.000190	0.000211	3,536	41,701
01/25/2017	0.000229	0.000230	0.000198	0.000207	1,292	44,411
01/24/2017	0.000212	0.000233	0.000207	0.000227	7,819	41,061
01/23/2017	0.000215	0.000231	0.000203	0.000221	1,689	41,671
01/22/2017	0.000218	0.000231	0.000206	0.000215	4,356	42,102
01/21/2017	0.000197	0.000249	0.000188	0.000221	8,817	38,014
01/20/2017	0.000207	0.000216	0.000195	0.000197	4,337	39,904
01/19/2017	0.000227	0.000241	0.000190	0.000207	3,447	43,778
01/18/2017	0.000227	0.000250	0.000213	0.000228	5,207	43,574
01/17/2017	0.000208	0.000239	0.000201	0.000226	195	39,957
01/16/2017	0.000231	0.000248	0.000200	0.000208	1,617	44,284
01/15/2017	0.000270	0.000303	0.000204	0.000231	2,588	51,672
01/14/2017	0.000270	0.000294	0.000269	0.000270	240	51,731
01/13/2017	0.000271	0.000302	0.000234	0.000270	691	51,770
01/12/2017	0.000243	0.000274	0.000239	0.000271	1,144	46,406
01/11/2017	0.000277	0.000335	0.000238	0.000243	1,655	52,773
01/10/2017	0.000266	0.000284	0.000258	0.000282	743	50,586
01/09/2017	0.000260	0.000287	0.000238	0.000266	966	49,463
01/08/2017	0.000249	0.000271	0.000224	0.000259	530	47,360
01/07/2017	0.000223	0.000263	0.000193	0.000249	5,103	42,389
01/06/2017	0.000263	0.000264	0.000203	0.000223	1,549	49,899
01/05/2017	0.000290	0.000298	0.000233	0.000263	1,800	54,959
01/04/2017	0.000261	0.000297	0.000255	0.000280	1,373	49,261
01/03/2017	0.000279	0.000307	0.000261	0.000261	5,692	52,637
01/02/2017	0.000297	0.000313	0.000276	0.000293	6,508	56,028
01/01/2017	0.000307	0.000308	0.000278	0.000297	762	57,730
12/31/2016	0.000281	0.000307	0.000272	0.000307	530	52,863
12/30/2016	0.000317	0.000317	0.000278	0.000281	1,137	59,517
12/29/2016	0.000311	0.000321	0.000280	0.000285	855	58,278
12/28/2016	0.000290	0.000320	0.000285	0.000320	1,463	54,374
12/27/2016	0.000328	0.000328	0.000272	0.000290	3,402	61,279
12/26/2016	0.000282	0.000351	0.000277	0.000329	1,199	52,650
12/25/2016	0.000300	0.000353	0.000264	0.000282	1,538	55,974
12/24/2016	0.000324	0.000340	0.000282	0.000300	3,901	60,332
12/23/2016	0.000293	0.000343	0.000287	0.000329	3,524	54,489
12/22/2016	0.000327	0.000336	0.000241	0.000294	2,879	60,868
12/21/2016	0.000312	0.000331	0.000300	0.000327	2,300	57,966
12/20/2016	0.000304	0.000324	0.000303	0.000312	356	56,308
12/19/2016	0.000308	0.000329	0.000308	0.000315	690	57,083
12/18/2016	0.000311	0.000326	0.000307	0.000316	1,437	57,532
12/17/2016	0.000314	0.000330	0.000306	0.000318	1,616	57,935
12/16/2016	0.000318	0.000360	0.000304	0.000314	827	58,725
12/15/2016	0.000313	0.000327	0.000303	0.000319	886	57,616
12/14/2016	0.000312	0.000342	0.000304	0.000313	730	57,410
12/13/2016	0.000304	0.000323	0.000303	0.000313	229	55,821
12/12/2016	0.000312	0.000321	0.000299	0.000304	100	57,275
12/11/2016	0.000316	0.000330	0.000298	0.000312	158	57,917
12/10/2016	0.000309	0.000332	0.000301	0.000316	318	56,490
12/09/2016	0.000308	0.000324	0.000301	0.000309	299	56,341
12/08/2016	0.000323	0.000330	0.000307	0.000308	672	58,872
12/07/2016	0.000307	0.000340	0.000293	0.000323	3,479	55,948
12/06/2016	0.000304	0.000343	0.000298	0.000307	361	55,409
12/05/2016	0.000333	0.000357	0.000304	0.000304	624	60,589
12/04/2016	0.000328	0.000355	0.000325	0.000341	202	59,529
12/03/2016	0.000335	0.000360	0.000308	0.000328	228	60,741
12/02/2016	0.000363	0.000385	0.000325	0.000335	1,444	65,792
12/01/2016	0.000358	0.000366	0.000344	0.000363	253	64,757
11/30/2016	0.000309	0.000416	0.000303	0.000358	4,151	55,818
11/29/2016	0.000290	0.000309	0.000278	0.000295	439	52,238
11/28/2016	0.000292	0.000293	0.000270	0.000290	120	52,639
11/27/2016	0.000285	0.000294	0.000271	0.000292	360	51,177
11/26/2016	0.000282	0.000297	0.000270	0.000285	187	50,581
11/25/2016	0.000311	0.000319	0.000281	0.000289	218	55,669
11/24/2016	0.000328	0.000333	0.000284	0.000311	248	58,414
11/23/2016	0.000301	0.000364	0.000261	0.000328	655	53,492
11/22/2016	0.000310	0.000338	0.000266	0.000301	447	55,018
11/21/2016	0.000316	0.000361	0.000266	0.000310	674	55,933
11/20/2016	0.000382	0.000407	0.000298	0.000316	364	67,309
11/19/2016	0.000392	0.000406	0.000316	0.000382	724	68,988
11/18/2016	0.000393	0.000442	0.000339	0.000392	1,290	68,931
11/17/2016	0.000387	0.000438	0.000378	0.000386	488	67,690
11/16/2016	0.000374	0.000424	0.000365	0.000387	290	65,203
11/15/2016	0.000346	0.000397	0.000341	0.000374	622	60,243
11/14/2016	0.000358	0.000366	0.000344	0.000346	186	62,142
11/13/2016	0.000373	0.000392	0.000339	0.000365	245	64,574
11/12/2016	0.000400	0.000403	0.000351	0.000373	288	69,077
11/11/2016	0.000422	0.000473	0.000345	0.000400	788	72,619
11/10/2016	0.000441	0.000479	0.000400	0.000429	449	75,647
11/09/2016	0.000440	0.000477	0.000432	0.000434	310	75,242
11/08/2016	0.000457	0.000486	0.000429	0.000440	433	78,007
11/07/2016	0.000436	0.000542	0.000431	0.000485	450	74,107
11/06/2016	0.000477	0.000490	0.000433	0.000436	255	80,960
11/05/2016	0.000521	0.000553	0.000456	0.000477	295	88,071
11/04/2016	0.000573	0.000597	0.000453	0.000513	545	96,612
11/03/2016	0.000622	0.000667	0.000517	0.000572	401	104,644
11/02/2016	0.000598	0.000640	0.000547	0.000621	801	100,293
11/01/2016	0.000511	0.000655	0.000486	0.000591	829	85,403
10/31/2016	0.000507	0.000541	0.000494	0.000511	317	84,478
10/30/2016	0.000552	0.000664	0.000507	0.000507	323	91,789
10/29/2016	0.000589	0.000741	0.000517	0.000552	885	97,600
10/28/2016	0.000641	0.000681	0.000544	0.000595	709	105,972
10/27/2016	0.000712	0.000736	0.000601	0.000641	822	117,411
10/26/2016	0.000668	0.000736	0.000664	0.000712	497	109,813
10/25/2016	0.000765	0.000806	0.000675	0.000704	588	125,433
10/24/2016	0.000935	0.000962	0.000752	0.000789	584	152,895
10/23/2016	0.000856	0.001618	0.000802	0.000935	1,134	139,573
10/22/2016	0.000862	0.000926	0.000760	0.000868	753	140,104
10/21/2016	0.000996	0.001032	0.000839	0.000873	545	161,378
10/20/2016	0.001064	0.001224	0.000961	0.000997	614	171,990
10/19/2016	0.001168	0.001281	0.001060	0.001069	889	188,233
10/18/2016	0.001444	0.001515	0.001168	0.001168	1,211	232,021
10/17/2016	0.001491	0.001613	0.001128	0.001444	2,666	238,795
10/16/2016	0.001599	0.001627	0.001486	0.001490	1,058	255,326
10/15/2016	0.001939	0.001965	0.001479	0.001604	1,695	308,745
10/14/2016	0.002035	0.002104	0.001856	0.001938	1,192	323,197
10/13/2016	0.001825	0.002386	0.001812	0.002034	4,110	288,871
10/12/2016	0.001836	0.002225	0.001721	0.001826	2,968	289,810
10/11/2016	0.001959	0.001990	0.001723	0.001838	2,202	-
10/10/2016	0.001501	0.002300	0.001460	0.001873	4,674	-
10/09/2016	0.001365	0.001852	0.001348	0.001500	6,230	-
10/08/2016	0.001379	0.001460	0.001356	0.001364	1,399	-
10/07/2016	0.001769	0.001769	0.001318	0.001377	1,371	-
10/06/2016	0.001377	0.001823	0.001244	0.001720	9,875	-
10/05/2016	0.001319	0.001474	0.001224	0.001378	8,560	-
10/04/2016	0.001328	0.001474	0.001291	0.001319	9,865	-
10/03/2016	0.001331	0.001526	0.001294	0.001328	5,740	-
10/02/2016	0.001310	0.001459	0.001173	0.001319	6,348	-
10/01/2016	0.001287	0.001475	0.001285	0.001315	1,174	-
09/30/2016	0.001460	0.001672	0.001195	0.001287	5,137	-
09/29/2016	0.001083	0.001480	0.001073	0.001445	8,645	-
09/28/2016	0.000929	0.001206	0.000915	0.001093	4,282	-
09/27/2016	0.001077	0.001736	0.000927	0.000929	5,673	-
09/26/2016	0.001001	0.001160	0.000986	0.001077	4,870	-
09/25/2016	0.000762	0.001170	0.000762	0.001001	9,287	-
09/24/2016	0.000747	0.000972	0.000747	0.000756	1,828	-
09/23/2016	0.000789	0.000959	0.000743	0.000753	1,004	-
09/22/2016	0.000751	0.000991	0.000725	0.000824	2,015	-
09/21/2016	0.000535	0.000883	0.000517	0.000751	2,526	-
09/20/2016	0.000506	0.000584	0.000497	0.000536	570	-
09/19/2016	0.000598	0.000598	0.000506	0.000506	694	-
09/18/2016	0.000568	0.000628	0.000560	0.000598	903	-
09/17/2016	0.000565	0.000636	0.000559	0.000568	522	-
09/16/2016	0.000626	0.000684	0.000565	0.000565	974	-
09/15/2016	0.000712	0.000713	0.000616	0.000626	706	-
09/14/2016	0.000701	0.000720	0.000664	0.000712	372	-
09/13/2016	0.000718	0.000833	0.000690	0.000701	904	-
09/12/2016	0.000737	0.001084	0.000676	0.000715	1,145	-
09/11/2016	0.000545	0.000909	0.000539	0.000753	3,002	-
09/10/2016	0.000635	0.000667	0.000503	0.000545	567	-
09/09/2016	0.000645	0.000765	0.000629	0.000635	1,012	-
09/08/2016	0.000448	0.000762	0.000447	0.000645	3,729	-
09/07/2016	0.000428	0.000550	0.000422	0.000460	858	-
09/06/2016	0.000419	0.000498	0.000409	0.000428	734	-
09/05/2016	0.000371	0.000403	0.000357	0.000396	408	-
09/04/2016	0.000425	0.000426	0.000358	0.000371	508	-
09/03/2016	0.000461	0.000472	0.000368	0.000425	469	-
09/02/2016	0.000461	0.000628	0.000448	0.000461	1,843	-
09/01/2016	0.000398	0.000704	0.000397	0.000460	6,540	-
08/31/2016	0.000297	0.000435	0.000296	0.000398	2,135	-
08/30/2016	0.000276	0.000340	0.000276	0.000297	548	-
08/29/2016	0.000241	0.000437	0.000225	0.000276	1,891	-
08/28/2016	0.000239	0.000269	0.000228	0.000241	182	-
08/27/2016	0.000263	0.000280	0.000233	0.000239	315	-
08/26/2016	0.000272	0.000293	0.000229	0.000263	269	-
08/25/2016	0.000288	0.000336	0.000265	0.000272	517	-
08/24/2016	0.000300	0.000372	0.000287	0.000288	208	-
08/23/2016	0.000312	0.000319	0.000290	0.000301	250	-
08/22/2016	0.000285	0.000423	0.000284	0.000312	648	-
08/21/2016	0.000262	0.000419	0.000256	0.000285	876	-
08/20/2016	0.000269	0.000290	0.000250	0.000262	501	-
08/19/2016	0.000292	0.000320	0.000269	0.000269	224	-
08/18/2016	0.000338	0.000351	0.000261	0.000292	521	-
08/17/2016	0.000392	0.000405	0.000320	0.000338	354	-
08/16/2016	0.000391	0.000455	0.000391	0.000392	1,124	-
08/15/2016	0.000422	0.000459	0.000390	0.000391	259	-
08/14/2016	0.000475	0.000478	0.000384	0.000422	381	-
08/13/2016	0.000576	0.000587	0.000336	0.000475	2,207	-
08/12/2016	0.000414	0.000588	0.000392	0.000576	11,023	-
08/11/2016	0.000380	0.000474	0.000377	0.000414	751	-
08/10/2016	0.000241	0.000483	0.000229	0.000379	2,470	-
08/09/2016	0.000242	0.000258	0.000206	0.000241	12,570	-
08/08/2016	0.000166	0.000260	0.000159	0.000242	1,477	-
08/07/2016	0.000240	0.000246	0.000119	0.000166	1,712	-
08/06/2016	0.000213	0.000246	0.000125	0.000223	1,379	-
08/05/2016	0.000229	0.000246	0.000207	0.000213	173	-
08/04/2016	0.000226	0.000282	0.000222	0.000229	331	-
08/03/2016	0.000214	0.000362	0.000211	0.000227	414	-
08/02/2016	0.000291	0.000314	0.000212	0.000212	221	-
08/01/2016	0.000212	0.000460	0.000131	0.000291	5,082	-
07/31/2016	0.000223	0.000267	0.000122	0.000212	1,332	-
07/30/2016	0.000263	0.000270	0.000211	0.000211	502	-
07/29/2016	0.000256	0.000360	0.000256	0.000263	315	-
07/28/2016	0.000333	0.000366	0.000256	0.000256	540	-
07/27/2016	0.000333	0.000372	0.000314	0.000333	155	-
07/26/2016	0.000465	0.000494	0.000264	0.000333	875	-
07/25/2016	0.000530	0.000628	0.000465	0.000465	362	-
07/24/2016	0.000473	0.000548	0.000393	0.000530	456	-
07/23/2016	0.000456	0.000660	0.000426	0.000473	288	-
07/22/2016	0.000488	0.000527	0.000446	0.000455	134	-
07/21/2016	0.000533	0.000555	0.000478	0.000488	118	-
07/20/2016	0.000406	0.000678	0.000406	0.000533	1,958	-
07/19/2016	0.000695	0.000708	0.000348	0.000406	923	-
07/18/2016	0.000682	0.000727	0.000614	0.000695	981	-
07/17/2016	0.000687	0.000780	0.000574	0.000679	5,608	-
07/16/2016	0.000698	0.000724	0.000665	0.000689	5,847	-
07/15/2016	0.000671	0.000791	0.000663	0.000698	2,730	-
07/14/2016	0.000768	0.000822	0.000663	0.000671	999	-
07/13/2016	0.001044	0.001077	0.000667	0.000769	3,722	-
07/12/2016	0.000978	0.001152	0.000889	0.001044	1,476	-
07/11/2016	0.001123	0.001202	0.000857	0.000972	1,209	-
07/10/2016	0.001262	0.001262	0.001132	0.001190	1,676	-
07/09/2016	0.001141	0.001536	0.001122	0.001262	2,592	-
07/08/2016	0.000941	0.001368	0.000903	0.001161	6,327	-
07/07/2016	0.001150	0.001196	0.000808	0.000902	1,448	-
07/06/2016	0.000988	0.001221	0.000935	0.001149	4,268	-
07/05/2016	0.000836	0.001170	0.000693	0.000968	3,677	-
07/04/2016	0.000694	0.002364	0.000692	0.000829	4,733	-
07/03/2016	0.000736	0.000736	0.000678	0.000693	2,886	-
07/02/2016	0.000682	0.000736	0.000585	0.000736	4,352	-
07/01/2016	0.000469	0.000689	0.000460	0.000681	16,914	-
06/30/2016	0.000506	0.000527	0.000451	0.000463	427	-
06/29/2016	0.000538	0.000550	0.000327	0.000506	4,475	-
06/28/2016	0.000511	0.000547	0.000510	0.000538	3,498	-
06/27/2016	0.000459	0.000530	0.000452	0.000506	6,715	-
06/26/2016	0.000492	0.000492	0.000450	0.000459	780	-
06/25/2016	0.000419	0.000495	0.000407	0.000486	4,181	-
06/24/2016	0.000348	0.000455	0.000348	0.000420	6,722	-
06/23/2016	0.000346	0.000363	0.000320	0.000348	343	-
06/22/2016	0.000346	0.000399	0.000293	0.000347	4,136	-
06/21/2016	0.000326	0.000382	0.000283	0.000346	1,513	-
06/20/2016	0.000328	0.000404	0.000324	0.000326	421	-
06/19/2016	0.000401	0.000401	0.000325	0.000328	841	-
06/18/2016	0.000290	0.000402	0.000287	0.000401	543	-
06/17/2016	0.000231	0.000418	0.000231	0.000290	595	-
06/16/2016	0.000180	0.000330	0.000180	0.000231	1,557	-
06/15/2016	0.000226	0.000226	0.000176	0.000180	117	-
06/14/2016	0.000169	0.000257	0.000152	0.000226	232	-
06/13/2016	0.000183	0.000252	0.000166	0.000169	866	-
06/12/2016	0.000230	0.000252	0.000167	0.000183	1,372	-
06/11/2016	0.000231	0.000250	0.000221	0.000230	372	-
06/10/2016	0.000253	0.000258	0.000230	0.000231	209	-
06/09/2016	0.000255	0.000317	0.000230	0.000253	447	-
06/08/2016	0.000404	0.000404	0.000255	0.000255	344	-
06/07/2016	0.000400	0.000464	0.000373	0.000404	607	-
06/06/2016	0.000373	0.000456	0.000365	0.000400	1,111	-
06/05/2016	0.000424	0.000458	0.000226	0.000373	822	-
06/04/2016	0.000199	0.000500	0.000199	0.000424	2,261	-
06/03/2016	0.000240	0.000250	0.000198	0.000199	149	-
06/02/2016	0.000250	0.000278	0.000197	0.000242	247	-
06/01/2016	0.000162	0.000267	0.000158	0.000250	3,684	-
05/31/2016	0.000149	0.000264	0.000149	0.000162	5,127	-
05/30/2016	0.000122	0.000157	0.000122	0.000155	2,157	-
05/29/2016	0.000132	0.000148	0.000125	0.000127	287	-
05/28/2016	0.000114	0.000139	0.000113	0.000132	1,716	-
05/27/2016	0.000109	0.000124	0.000108	0.000114	2,346	-
05/26/2016	0.000099	0.000113	0.000094	0.000109	1,534	-
05/25/2016	0.000080	0.000103	0.000080	0.000099	470	-
05/24/2016	0.000080	0.000111	0.000066	0.000080	1,993	-
05/23/2016	0.000083	0.000093	0.000066	0.000080	372	-
05/22/2016	0.000085	0.000097	0.000076	0.000083	1,001	-
05/21/2016	0.000080	0.000097	0.000079	0.000085	258	-
05/20/2016	0.000088	0.000093	0.000075	0.000080	261	-
05/19/2016	0.000073	0.000093	0.000071	0.000088	604	-
05/18/2016	0.000072	0.000083	0.000068	0.000073	147	-
05/17/2016	0.000081	0.000082	0.000068	0.000072	61	-
05/16/2016	0.000075	0.000092	0.000064	0.000081	255	-
05/15/2016	0.000095	0.000095	0.000075	0.000075	125	-
05/14/2016	0.000073	0.000096	0.000073	0.000081	340	-
05/13/2016	0.000054	0.000100	0.000045	0.000073	3,501	-
05/12/2016	0.000045	0.000054	0.000044	0.000054	124	-
05/11/2016	0.000045	0.000054	0.000045	0.000045	62	-
05/10/2016	0.000046	0.000057	0.000044	0.000045	75	-
05/09/2016	0.000046	0.000055	0.000046	0.000046	131	-
05/08/2016	0.000046	0.000073	0.000046	0.000046	346	-
05/07/2016	0.000045	0.000051	0.000045	0.000046	45	-
05/06/2016	0.000047	0.000050	0.000044	0.000045	61	-
05/05/2016	0.000045	0.000053	0.000043	0.000044	54	-
05/04/2016	0.000045	0.000054	0.000044	0.000045	55	-
05/03/2016	0.000045	0.000049	0.000044	0.000046	82	-
05/02/2016	0.000048	0.000049	0.000044	0.000045	124	-
05/01/2016	0.000045	0.000052	0.000045	0.000048	54	-
04/30/2016	0.000046	0.000050	0.000045	0.000045	23	-
04/29/2016	0.000049	0.000055	0.000041	0.000046	418	-
04/28/2016	0.000049	0.000053	0.000048	0.000049	96	-
04/27/2016	0.000051	0.000054	0.000046	0.000049	187	-
04/26/2016	0.000048	0.000055	0.000046	0.000051	91	-
04/25/2016	0.000047	0.000056	0.000047	0.000048	42	-
04/24/2016	0.000048	0.000055	0.000047	0.000047	20	-
04/23/2016	0.000046	0.000053	0.000045	0.000046	76	-
04/22/2016	0.000049	0.000054	0.000045	0.000046	261	-
04/21/2016	0.000057	0.000057	0.000044	0.000049	261	-
04/20/2016	0.000052	0.000057	0.000052	0.000053	102	-
04/19/2016	0.000048	0.000056	0.000047	0.000052	695	-
04/18/2016	0.000047	0.000051	0.000047	0.000048	40	-
04/17/2016	0.000048	0.000052	0.000047	0.000047	71	-
04/16/2016	0.000048	0.000052	0.000047	0.000048	91	-
04/15/2016	0.000048	0.000052	0.000047	0.000048	53	-
04/14/2016	0.000047	0.000052	0.000047	0.000048	28	-
04/13/2016	0.000054	0.000055	0.000047	0.000047	87	-
04/12/2016	0.000051	0.000055	0.000047	0.000054	49	-
04/11/2016	0.000054	0.000056	0.000047	0.000051	69	-
04/10/2016	0.000050	0.000056	0.000050	0.000054	175	-
04/09/2016	0.000051	0.000055	0.000050	0.000050	119	-
04/08/2016	0.000052	0.000054	0.000051	0.000051	21	-
04/07/2016	0.000053	0.000059	0.000051	0.000052	63	-
04/06/2016	0.000054	0.000056	0.000051	0.000053	75	-
04/05/2016	0.000051	0.000058	0.000051	0.000054	62	-
04/04/2016	0.000058	0.000059	0.000050	0.000051	44	-
04/03/2016	0.000051	0.000059	0.000050	0.000058	62	-
04/02/2016	0.000053	0.000056	0.000050	0.000051	223	-
04/01/2016	0.000054	0.000054	0.000050	0.000053	46	-
03/31/2016	0.000050	0.000054	0.000046	0.000054	86	-
03/30/2016	0.000050	0.000050	0.000043	0.000050	294	-
03/29/2016	0.000055	0.000055	0.000046	0.000050	262	-
03/28/2016	0.000056	0.000059	0.000047	0.000055	320	-
03/27/2016	0.000054	0.000063	0.000053	0.000056	48	-
03/26/2016	0.000066	0.000067	0.000053	0.000054	31	-
03/25/2016	0.000054	0.000070	0.000054	0.000066	603	-
03/24/2016	0.000050	0.000058	0.000047	0.000054	349	-
03/23/2016	0.000050	0.000054	0.000047	0.000050	49	-
03/22/2016	0.000050	0.000054	0.000046	0.000050	89	-
03/21/2016	0.000054	0.000054	0.000049	0.000050	72	-
03/20/2016	0.000045	0.000054	0.000045	0.000050	179	-
03/19/2016	0.000053	0.000057	0.000045	0.000045	255	-
03/18/2016	0.000050	0.000054	0.000050	0.000053	79	-
03/17/2016	0.000050	0.000055	0.000050	0.000050	29	-
03/16/2016	0.000050	0.000054	0.000050	0.000050	23	-
03/15/2016	0.000050	0.000058	0.000050	0.000050	45	-
03/14/2016	0.000058	0.000058	0.000050	0.000050	104	-
03/13/2016	0.000049	0.000058	0.000049	0.000058	120	-
03/12/2016	0.000055	0.000056	0.000049	0.000049	49	-
03/11/2016	0.000054	0.000055	0.000050	0.000055	15	-
03/10/2016	0.000058	0.000062	0.000045	0.000054	784	-
03/09/2016	0.000050	0.000058	0.000049	0.000058	210	-
03/08/2016	0.000050	0.000054	0.000049	0.000050	119	-
03/07/2016	0.000061	0.000061	0.000049	0.000050	130	-
03/06/2016	0.000052	0.000061	0.000051	0.000061	130	-
03/05/2016	0.000053	0.000057	0.000051	0.000052	63	-
03/04/2016	0.000055	0.000059	0.000053	0.000053	42	-
03/03/2016	0.000055	0.000059	0.000054	0.000055	114	-
03/02/2016	0.000052	0.000060	0.000052	0.000055	106	-
03/01/2016	0.000053	0.000057	0.000052	0.000052	108	-
02/29/2016	0.000056	0.000061	0.000052	0.000053	94	-
02/28/2016	0.000052	0.000061	0.000051	0.000056	66	-
02/27/2016	0.000056	0.000056	0.000051	0.000052	117	-
02/26/2016	0.000051	0.000056	0.000047	0.000056	80	-
02/25/2016	0.000051	0.000055	0.000051	0.000051	23	-
02/24/2016	0.000055	0.000059	0.000051	0.000051	34	-
02/23/2016	0.000057	0.000059	0.000051	0.000055	51	-
02/22/2016	0.000052	0.000061	0.000052	0.000057	91	-
02/21/2016	0.000057	0.000058	0.000048	0.000052	37	-
02/20/2016	0.000050	0.000057	0.000048	0.000057	16	-
02/19/2016	0.000051	0.000055	0.000047	0.000050	68	-
02/18/2016	0.000050	0.000055	0.000046	0.000051	114	-
02/17/2016	0.000057	0.000057	0.000049	0.000050	26	-
02/16/2016	0.000048	0.000057	0.000048	0.000057	75	-
02/15/2016	0.000053	0.000053	0.000048	0.000048	51	-
02/14/2016	0.000047	0.000053	0.000047	0.000053	120	-
02/13/2016	0.000050	0.000055	0.000046	0.000047	14	-
02/12/2016	0.000049	0.000054	0.000049	0.000050	59	-
02/11/2016	0.000050	0.000054	0.000049	0.000049	55	-
02/10/2016	0.000049	0.000057	0.000049	0.000050	125	-
02/09/2016	0.000049	0.000052	0.000048	0.000049	39	-
02/08/2016	0.000049	0.000053	0.000049	0.000049	72	-
02/07/2016	0.000051	0.000053	0.000045	0.000049	40	-
02/06/2016	0.000054	0.000054	0.000045	0.000051	19	-
02/05/2016	0.000054	0.000055	0.000046	0.000054	21	-
02/04/2016	0.000044	0.000055	0.000044	0.000054	11	-
02/03/2016	0.000049	0.000052	0.000044	0.000044	18	-
02/02/2016	0.000049	0.000052	0.000045	0.000049	37	-
02/01/2016	0.000048	0.000053	0.000045	0.000048	107	-
01/31/2016	0.000057	0.000061	0.000045	0.000052	326	-
01/30/2016	0.000061	0.000069	0.000038	0.000057	1,194	-
01/29/2016	0.000068	0.000069	0.000059	0.000061	207	-
01/28/2016	0.000065	0.000072	0.000060	0.000068	124	-
01/27/2016	0.000071	0.000080	0.000059	0.000067	185	-
01/26/2016	0.000059	0.000071	0.000059	0.000071	461	-
01/25/2016	0.000060	0.000068	0.000056	0.000059	652	-
01/24/2016	0.000058	0.000063	0.000054	0.000059	56	-
01/23/2016	0.000061	0.000063	0.000054	0.000054	222	-
01/22/2016	0.000066	0.000070	0.000056	0.000057	65	-
01/21/2016	0.000059	0.000070	0.000053	0.000065	737	-
01/20/2016	0.000053	0.000061	0.000053	0.000059	16	-
01/19/2016	0.000062	0.000062	0.000049	0.000053	409	-
01/18/2016	0.000050	0.000062	0.000049	0.000062	332	-
01/17/2016	0.000057	0.000062	0.000050	0.000050	482	-
01/16/2016	0.000050	0.000059	0.000049	0.000057	334	-
01/15/2016	0.000060	0.000063	0.000050	0.000051	223	-
01/14/2016	0.000061	0.000065	0.000056	0.000060	113	-
01/13/2016	0.000066	0.000078	0.000055	0.000056	698	-
01/12/2016	0.000072	0.000072	0.000062	0.000066	154	-
01/11/2016	0.000072	0.000080	0.000063	0.000067	682	-
01/10/2016	0.000063	0.000075	0.000062	0.000072	248	-
01/09/2016	0.000074	0.000075	0.000063	0.000063	92	-
01/08/2016	0.000064	0.000073	0.000060	0.000071	20	-
01/07/2016	0.000050	0.000072	0.000050	0.000064	205	-
01/06/2016	0.000060	0.000063	0.000053	0.000053	69	-
01/05/2016	0.000061	0.000065	0.000056	0.000060	99	-
01/04/2016	0.000060	0.000069	0.000056	0.000061	66	-
01/03/2016	0.000057	0.000068	0.000056	0.000060	127	-
01/02/2016	0.000059	0.000069	0.000054	0.000061	202	-
01/01/2016	0.000064	0.000066	0.000058	0.000059	81	-
12/31/2015	0.000055	0.000065	0.000054	0.000064	40	-
12/30/2015	0.000061	0.000065	0.000055	0.000055	63	-
12/29/2015	0.000063	0.000069	0.000060	0.000061	34	-
12/28/2015	0.000068	0.000073	0.000063	0.000063	107	-
12/27/2015	0.000067	0.000068	0.000061	0.000068	47	-
12/26/2015	0.000068	0.000073	0.000062	0.000067	37	-
12/25/2015	0.000068	0.000073	0.000068	0.000068	61	-
12/24/2015	0.000066	0.000077	0.000066	0.000068	92	-
12/23/2015	0.000070	0.000075	0.000066	0.000066	151	-
12/22/2015	0.000070	0.000075	0.000070	0.000070	26	-
12/21/2015	0.000075	0.000079	0.000068	0.000070	20	-
12/20/2015	0.000079	0.000079	0.000070	0.000075	53	-
12/19/2015	0.000079	0.000084	0.000074	0.000079	49	-
12/18/2015	0.000078	0.000084	0.000077	0.000079	59	-
12/17/2015	0.000077	0.000082	0.000076	0.000078	76	-
12/16/2015	0.000079	0.000083	0.000075	0.000077	87	-
12/15/2015	0.000080	0.000087	0.000078	0.000079	64	-
12/14/2015	0.000074	0.000088	0.000073	0.000080	356	-
12/13/2015	0.000070	0.000079	0.000069	0.000074	109	-
12/12/2015	0.000081	0.000084	0.000068	0.000070	29	-
12/11/2015	0.000066	0.000081	0.000066	0.000081	118	-
12/10/2015	0.000075	0.000083	0.000067	0.000071	443	-
12/09/2015	0.000079	0.000080	0.000069	0.000075	40	-
12/08/2015	0.000071	0.000078	0.000071	0.000078	140	-
12/07/2015	0.000070	0.000076	0.000069	0.000071	59	-
12/06/2015	0.000074	0.000079	0.000070	0.000070	229	-
12/05/2015	0.000065	0.000076	0.000065	0.000074	269	-
12/04/2015	0.000065	0.000069	0.000061	0.000065	77	-
12/03/2015	0.000065	0.000069	0.000061	0.000065	68	-
12/02/2015	0.000065	0.000068	0.000063	0.000068	77	-
12/01/2015	0.000068	0.000072	0.000064	0.000065	30	-
11/30/2015	0.000071	0.000073	0.000067	0.000068	55	-
11/29/2015	0.000068	0.000071	0.000064	0.000071	117	-
11/28/2015	0.000061	0.000075	0.000060	0.000068	311	-
11/27/2015	0.000060	0.000069	0.000060	0.000061	37	-
11/26/2015	0.000056	0.000063	0.000056	0.000060	18	-
11/25/2015	0.000054	0.000062	0.000054	0.000056	95	-
11/24/2015	0.000061	0.000061	0.000054	0.000054	17	-
11/23/2015	0.000058	0.000062	0.000055	0.000061	129	-
11/22/2015	0.000059	0.000065	0.000058	0.000058	134	-
11/21/2015	0.000061	0.000066	0.000058	0.000059	89	-
11/20/2015	0.000065	0.000068	0.000051	0.000058	728	-
11/19/2015	0.000067	0.000070	0.000062	0.000062	71	-
11/18/2015	0.000067	0.000071	0.000066	0.000067	39	-
11/17/2015	0.000060	0.000081	0.000059	0.000077	1,141	-
11/16/2015	0.000054	0.000063	0.000054	0.000060	38	-
11/15/2015	0.000060	0.000061	0.000054	0.000054	38	-
11/14/2015	0.000064	0.000064	0.000059	0.000060	88	-
11/13/2015	0.000064	0.000071	0.000056	0.000064	309	-
11/12/2015	0.000059	0.000069	0.000059	0.000064	76	-
11/11/2015	0.000061	0.000068	0.000051	0.000059	381	-
11/10/2015	0.000068	0.000072	0.000059	0.000061	95	-
11/09/2015	0.000075	0.000077	0.000065	0.000069	197	-
11/08/2015	0.000070	0.000078	0.000067	0.000074	32	-
11/07/2015	0.000067	0.000078	0.000067	0.000070	200	-
11/06/2015	0.000070	0.000075	0.000060	0.000067	68	-
11/05/2015	0.000069	0.000080	0.000062	0.000070	65	-
11/04/2015	0.000077	0.000090	0.000065	0.000070	174	-
11/03/2015	0.000065	0.000083	0.000061	0.000076	355	-
11/02/2015	0.000065	0.000075	0.000061	0.000061	886	-
11/01/2015	0.000069	0.000073	0.000062	0.000065	550	-
10/31/2015	0.000072	0.000080	0.000065	0.000069	727	-
10/30/2015	0.000072	0.000080	0.000070	0.000075	313	-
10/29/2015	0.000070	0.000076	0.000067	0.000072	172	-
10/28/2015	0.000065	0.000081	0.000063	0.000070	342	-
10/27/2015	0.000083	0.000087	0.000061	0.000065	967	-
10/26/2015	0.000079	0.000088	0.000077	0.000086	162	-
10/25/2015	0.000087	0.000096	0.000075	0.000079	338	-
10/24/2015	0.000075	0.000087	0.000064	0.000087	993	-
10/23/2015	0.000066	0.000075	0.000061	0.000075	574	-
10/22/2015	0.000064	0.000069	0.000063	0.000066	221	-
10/21/2015	0.000062	0.000067	0.000061	0.000064	117	-
10/20/2015	0.000063	0.000067	0.000061	0.000062	189	-
10/19/2015	0.000060	0.000066	0.000053	0.000063	774	-
10/18/2015	0.000057	0.000061	0.000051	0.000058	453	-
10/17/2015	0.000058	0.000062	0.000053	0.000057	133	-
10/16/2015	0.000053	0.000060	0.000053	0.000058	226	-
10/15/2015	0.000053	0.000056	0.000048	0.000053	252	-
10/14/2015	0.000047	0.000056	0.000047	0.000053	466	-
10/13/2015	0.000049	0.000053	0.000047	0.000047	29	-
10/12/2015	0.000047	0.000052	0.000047	0.000049	136	-
10/11/2015	0.000049	0.000052	0.000046	0.000047	96	-
10/10/2015	0.000046	0.000051	0.000044	0.000049	192	-
10/09/2015	0.000046	0.000049	0.000046	0.000046	56	-
10/08/2015	0.000044	0.000046	0.000041	0.000046	303	-
10/07/2015	0.000047	0.000049	0.000042	0.000044	790	-
10/06/2015	0.000055	0.000058	0.000043	0.000047	497	-
10/05/2015	0.000050	0.000055	0.000050	0.000055	235	-
10/04/2015	0.000050	0.000053	0.000048	0.000050	83	-
10/03/2015	0.000047	0.000053	0.000045	0.000050	149	-
10/02/2015	0.000048	0.000050	0.000047	0.000047	49	-
10/01/2015	0.000052	0.000052	0.000045	0.000048	147	-
09/30/2015	0.000052	0.000055	0.000047	0.000052	238	-
09/29/2015	0.000053	0.000057	0.000052	0.000054	143	-
09/28/2015	0.000047	0.000055	0.000046	0.000053	129	-
09/27/2015	0.000045	0.000049	0.000044	0.000047	92	-
09/26/2015	0.000049	0.000063	0.000044	0.000045	529	-
09/25/2015	0.000049	0.000061	0.000047	0.000049	57	-
09/24/2015	0.000041	0.000061	0.000041	0.000049	1,281	-
09/23/2015	0.000044	0.000044	0.000041	0.000041	60	-
09/22/2015	0.000043	0.000045	0.000041	0.000044	131	-
09/21/2015	0.000044	0.000046	0.000041	0.000043	294	-
09/20/2015	0.000042	0.000046	0.000039	0.000044	278	-
09/19/2015	0.000044	0.000046	0.000042	0.000042	89	-
09/18/2015	0.000041	0.000047	0.000039	0.000044	133	-
09/17/2015	0.000041	0.000046	0.000039	0.000041	147	-
09/16/2015	0.000041	0.000046	0.000041	0.000041	32	-
09/15/2015	0.000044	0.000049	0.000039	0.000041	310	-
09/14/2015	0.000046	0.000050	0.000043	0.000044	121	-
09/13/2015	0.000045	0.000051	0.000044	0.000046	149	-
09/12/2015	0.000038	0.000050	0.000038	0.000045	255	-
09/11/2015	0.000048	0.000050	0.000038	0.000038	231	-
09/10/2015	0.000045	0.000050	0.000045	0.000048	76	-
09/09/2015	0.000044	0.000050	0.000041	0.000045	115	-
09/08/2015	0.000043	0.000049	0.000041	0.000044	117	-
09/07/2015	0.000038	0.000046	0.000036	0.000043	56	-
09/06/2015	0.000045	0.000050	0.000036	0.000038	289	-
09/05/2015	0.000044	0.000056	0.000030	0.000045	1,228	-
09/04/2015	0.000043	0.000048	0.000041	0.000044	83	-
09/03/2015	0.000046	0.000048	0.000043	0.000043	53	-
09/02/2015	0.000050	0.000052	0.000043	0.000046	119	-
09/01/2015	0.000048	0.000055	0.000048	0.000050	260	-
08/31/2015	0.000046	0.000052	0.000045	0.000048	152	-
08/30/2015	0.000041	0.000048	0.000041	0.000046	156	-
08/29/2015	0.000046	0.000053	0.000041	0.000041	298	-
08/28/2015	0.000052	0.000056	0.000043	0.000046	180	-
08/27/2015	0.000052	0.000055	0.000045	0.000052	160	-
08/26/2015	0.000053	0.000063	0.000050	0.000052	180	-
08/25/2015	0.000053	0.000059	0.000050	0.000053	72	-
08/24/2015	0.000059	0.000067	0.000053	0.000053	161	-
08/23/2015	0.000060	0.000071	0.000059	0.000059	474	-
08/22/2015	0.000060	0.000062	0.000055	0.000060	89	-
08/21/2015	0.000056	0.000063	0.000056	0.000061	143	-
08/20/2015	0.000048	0.000061	0.000048	0.000056	100	-
08/19/2015	0.000054	0.000059	0.000047	0.000048	54	-
08/18/2015	0.000062	0.000064	0.000051	0.000051	41	-
08/17/2015	0.000065	0.000073	0.000062	0.000062	108	-
08/16/2015	0.000071	0.000076	0.000062	0.000065	58	-
08/15/2015	0.000061	0.000085	0.000061	0.000071	677	-
08/14/2015	0.000063	0.000072	0.000058	0.000061	102	-
08/13/2015	0.000056	0.000066	0.000055	0.000063	65	-
08/12/2015	0.000062	0.000075	0.000056	0.000056	478	-
08/11/2015	0.000063	0.000066	0.000055	0.000062	181	-
08/10/2015	0.000066	0.000067	0.000055	0.000058	59	-
08/09/2015	0.000065	0.000073	0.000055	0.000066	140	-
08/08/2015	0.000064	0.000078	0.000050	0.000060	1,167	-
08/07/2015	0.000045	0.000067	0.000044	0.000064	823	-
08/06/2015	0.000045	0.000056	0.000045	0.000045	520	-
08/05/2015	0.000043	0.000048	0.000042	0.000045	139	-
08/04/2015	0.000048	0.000054	0.000043	0.000043	113	-
08/03/2015	0.000042	0.000051	0.000039	0.000048	466	-
08/02/2015	0.000039	0.000042	0.000039	0.000042	36	-
08/01/2015	0.000043	0.000044	0.000039	0.000039	221	-
07/31/2015	0.000043	0.000046	0.000040	0.000043	10	-
07/30/2015	0.000041	0.000046	0.000040	0.000043	18	-
07/29/2015	0.000041	0.000044	0.000040	0.000041	8	-
07/28/2015	0.000044	0.000050	0.000041	0.000044	431	-
07/27/2015	0.000050	0.000053	0.000041	0.000044	132	-
07/26/2015	0.000049	0.000052	0.000044	0.000050	268	-
07/25/2015	0.000046	0.000052	0.000046	0.000046	150	-
07/24/2015	0.000041	0.000049	0.000039	0.000046	592	-
07/23/2015	0.000042	0.000044	0.000041	0.000041	29	-
07/22/2015	0.000039	0.000044	0.000033	0.000042	57	-
07/21/2015	0.000045	0.000045	0.000033	0.000039	96	-
07/20/2015	0.000038	0.000042	0.000030	0.000039	126	-
07/19/2015	0.000030	0.000041	0.000030	0.000036	69	-
07/18/2015	0.000039	0.000042	0.000030	0.000030	702	-
07/17/2015	0.000036	0.000042	0.000036	0.000039	185	-
07/16/2015	0.000040	0.000041	0.000036	0.000036	30	-
07/15/2015	0.000040	0.000041	0.000026	0.000040	340	-
07/14/2015	0.000035	0.000040	0.000034	0.000040	31	-
07/13/2015	0.000040	0.000047	0.000035	0.000035	86	-
07/12/2015	0.000047	0.000049	0.000040	0.000040	109	-
07/11/2015	0.000040	0.000047	0.000040	0.000047	73	-
07/10/2015	0.000043	0.000046	0.000035	0.000040	106	-
07/09/2015	0.000038	0.000046	0.000037	0.000043	38	-
07/08/2015	0.000035	0.000041	0.000035	0.000038	20	-
07/07/2015	0.000043	0.000043	0.000034	0.000035	28	-
07/06/2015	0.000044	0.000052	0.000027	0.000043	346	-
07/05/2015	0.000050	0.000050	0.000043	0.000043	55	-
07/04/2015	0.000046	0.000051	0.000046	0.000050	17	-
07/03/2015	0.000049	0.000051	0.000046	0.000046	10	-
07/02/2015	0.000049	0.000051	0.000048	0.000049	9	-
07/01/2015	0.000047	0.000052	0.000046	0.000049	2	-
06/30/2015	0.000046	0.000051	0.000046	0.000047	24	-
06/29/2015	0.000047	0.000053	0.000046	0.000046	34	-
06/28/2015	0.000048	0.000048	0.000047	0.000047	13	-
06/27/2015	0.000046	0.000048	0.000046	0.000048	14	-
06/26/2015	0.000046	0.000051	0.000046	0.000046	19	-
06/25/2015	0.000048	0.000049	0.000046	0.000046	26	-
06/24/2015	0.000049	0.000049	0.000046	0.000048	28	-
06/23/2015	0.000052	0.000052	0.000046	0.000049	9	-
06/22/2015	0.000049	0.000052	0.000046	0.000052	17	-
06/21/2015	0.000049	0.000049	0.000044	0.000049	26	-
06/20/2015	0.000049	0.000053	0.000048	0.000049	29	-
06/19/2015	0.000052	0.000058	0.000049	0.000049	56	-
06/18/2015	0.000050	0.000058	0.000049	0.000052	44	-
06/17/2015	0.000050	0.000054	0.000047	0.000050	79	-
06/16/2015	0.000050	0.000053	0.000047	0.000050	41	-
06/15/2015	0.000044	0.000052	0.000044	0.000050	80	-
06/14/2015	0.000046	0.000051	0.000040	0.000044	24	-
06/13/2015	0.000041	0.000051	0.000041	0.000046	23	-
06/12/2015	0.000046	0.000048	0.000041	0.000041	18	-
06/11/2015	0.000048	0.000048	0.000041	0.000046	33	-
06/10/2015	0.000046	0.000048	0.000043	0.000048	39	-
06/09/2015	0.000046	0.000046	0.000041	0.000046	10	-
06/08/2015	0.000040	0.000056	0.000040	0.000046	151	-
06/07/2015	0.000050	0.000050	0.000040	0.000040	82	-
06/06/2015	0.000045	0.000050	0.000038	0.000043	51	-
06/05/2015	0.000045	0.000054	0.000043	0.000045	28	-
06/04/2015	0.000043	0.000054	0.000043	0.000045	28	-
06/03/2015	0.000047	0.000050	0.000043	0.000043	11	-
06/02/2015	0.000045	0.000054	0.000042	0.000047	26	-
06/01/2015	0.000055	0.000058	0.000043	0.000045	104	-
05/31/2015	0.000049	0.000055	0.000044	0.000055	1,566	-
05/30/2015	0.000045	0.000050	0.000042	0.000049	100	-
05/29/2015	0.000045	0.000052	0.000045	0.000045	34	-
05/28/2015	0.000038	0.000052	0.000038	0.000045	241	-
05/27/2015	0.000031	0.000043	0.000031	0.000038	54	-
05/26/2015	0.000036	0.000038	0.000031	0.000031	27	-
05/25/2015	0.000031	0.000046	0.000031	0.000036	64	-
05/24/2015	0.000041	0.000043	0.000024	0.000034	377	-
05/23/2015	0.000041	0.000041	0.000038	0.000041	4	-
05/22/2015	0.000042	0.000050	0.000038	0.000041	90	-
05/21/2015	0.000047	0.000052	0.000033	0.000042	142	-
05/20/2015	0.000042	0.000056	0.000037	0.000042	242	-
05/19/2015	0.000037	0.000049	0.000035	0.000042	168	-
05/18/2015	0.000033	0.000038	0.000033	0.000033	12	-
05/17/2015	0.000040	0.000045	0.000033	0.000033	27	-
05/16/2015	0.000036	0.000050	0.000033	0.000040	244	-
05/15/2015	0.000038	0.000038	0.000028	0.000036	108	-
05/14/2015	0.000035	0.000038	0.000028	0.000038	62	-
05/13/2015	0.000031	0.000046	0.000029	0.000035	61	-
05/12/2015	0.000034	0.000044	0.000031	0.000031	26	-
05/11/2015	0.000036	0.000053	0.000034	0.000034	454	-
05/10/2015	0.000029	0.000036	0.000024	0.000036	197	-
05/09/2015	0.000029	0.000032	0.000024	0.000029	77	-
05/08/2015	0.000036	0.000036	0.000027	0.000029	64	-
05/07/2015	0.000037	0.000044	0.000023	0.000036	513	-
05/06/2015	0.000035	0.000045	0.000035	0.000037	148	-
05/05/2015	0.000038	0.000040	0.000035	0.000035	118	-
05/04/2015	0.000031	0.000044	0.000031	0.000038	34	-
05/03/2015	0.000038	0.000038	0.000029	0.000031	11	-
05/02/2015	0.000039	0.000040	0.000033	0.000038	14	-
05/01/2015	0.000040	0.000043	0.000035	0.000039	68	-
04/30/2015	0.000038	0.000045	0.000036	0.000040	76	-
04/29/2015	0.000041	0.000052	0.000029	0.000038	663	-
04/28/2015	0.000041	0.000045	0.000029	0.000041	581	-
04/27/2015	0.000026	0.000041	0.000024	0.000034	152	-
04/26/2015	0.000041	0.000041	0.000024	0.000026	171	-
04/25/2015	0.000042	0.000046	0.000032	0.000041	315	-
04/24/2015	0.000031	0.000046	0.000023	0.000039	343	-
04/23/2015	0.000035	0.000047	0.000026	0.000031	317	-
04/22/2015	0.000040	0.000066	0.000033	0.000035	319	-
04/21/2015	0.000052	0.000054	0.000038	0.000040	128	-
04/20/2015	0.000062	0.000063	0.000052	0.000052	103	-
04/19/2015	0.000063	0.000066	0.000058	0.000062	82	-
04/18/2015	0.000049	0.000065	0.000049	0.000063	252	-
04/17/2015	0.000064	0.000066	0.000049	0.000049	42	-
04/16/2015	0.000056	0.000066	0.000052	0.000064	380	-
04/15/2015	0.000061	0.000062	0.000053	0.000056	91	-
04/14/2015	0.000061	0.000063	0.000052	0.000061	172	-
04/13/2015	0.000054	0.000066	0.000053	0.000061	362	-
04/12/2015	0.000061	0.000062	0.000052	0.000054	302	-
04/11/2015	0.000052	0.000062	0.000052	0.000062	104	-
04/10/2015	0.000063	0.000063	0.000050	0.000052	222	-
04/09/2015	0.000066	0.000066	0.000049	0.000063	1,596	-
04/08/2015	0.000056	0.000066	0.000042	0.000042	519	-
04/07/2015	0.000071	0.000074	0.000050	0.000056	279	-
04/06/2015	0.000063	0.000075	0.000054	0.000072	588	-
04/05/2015	0.000063	0.000068	0.000062	0.000063	9	-
04/04/2015	0.000058	0.000078	0.000056	0.000063	290	-
04/03/2015	0.000071	0.000077	0.000058	0.000058	674	-
04/02/2015	0.000059	0.000071	0.000042	0.000071	541	-
04/01/2015	0.000042	0.000059	0.000039	0.000059	1,716	-
03/31/2015	0.000035	0.000044	0.000034	0.000042	1,366	-
03/30/2015	0.000034	0.000035	0.000034	0.000035	21	-
03/29/2015	0.000035	0.000035	0.000034	0.000034	24	-
03/28/2015	0.000035	0.000038	0.000035	0.000035	4	-
03/27/2015	0.000035	0.000042	0.000034	0.000035	20	-
03/26/2015	0.000039	0.000042	0.000034	0.000035	34	-
03/25/2015	0.000032	0.000042	0.000029	0.000039	26	-
03/24/2015	0.000029	0.000045	0.000029	0.000032	27	-
03/23/2015	0.000043	0.000044	0.000029	0.000029	11	-
03/22/2015	0.000036	0.000043	0.000034	0.000043	10	-
03/21/2015	0.000037	0.000044	0.000036	0.000036	22	-
03/20/2015	0.000023	0.000047	0.000023	0.000037	6	-
03/19/2015	0.000036	0.000047	0.000023	0.000023	35	-
03/18/2015	0.000051	0.000066	0.000034	0.000036	15	-
03/17/2015	0.000049	0.000055	0.000037	0.000051	59	-
03/16/2015	0.000049	0.000053	0.000049	0.000049	13	-
03/15/2015	0.000053	0.000060	0.000045	0.000049	28	-
03/14/2015	0.000054	0.000054	0.000053	0.000054	12	-
03/13/2015	0.000053	0.000056	0.000053	0.000054	38	-
03/12/2015	0.000059	0.000059	0.000053	0.000053	24	-
03/11/2015	0.000061	0.000065	0.000056	0.000059	40	-
03/10/2015	0.000061	0.000063	0.000061	0.000061	16	-
03/09/2015	0.000058	0.000061	0.000058	0.000061	5	-
03/08/2015	0.000058	0.000069	0.000057	0.000058	47	-
03/07/2015	0.000060	0.000060	0.000057	0.000058	9	-
03/06/2015	0.000058	0.000068	0.000055	0.000060	21	-
03/05/2015	0.000057	0.000070	0.000053	0.000058	29	-
03/04/2015	0.000059	0.000060	0.000056	0.000057	2	-
03/03/2015	0.000058	0.000061	0.000056	0.000059	8	-
03/02/2015	0.000057	0.000058	0.000056	0.000058	3	-
03/01/2015	0.000051	0.000089	0.000051	0.000057	55	-
02/28/2015	0.000069	0.000086	0.000050	0.000051	89	-
02/27/2015	0.000059	0.000073	0.000050	0.000069	31	-
02/26/2015	0.000064	0.000081	0.000052	0.000059	137	-
02/25/2015	0.000053	0.000064	0.000052	0.000064	18	-
02/24/2015	0.000050	0.000065	0.000050	0.000053	21	-
02/23/2015	0.000064	0.000064	0.000049	0.000050	2	-
02/22/2015	0.000051	0.000071	0.000047	0.000064	13	-
02/21/2015	0.000049	0.000074	0.000044	0.000051	50	-
02/20/2015	0.000067	0.000068	0.000048	0.000049	43	-
02/19/2015	0.000050	0.000068	0.000049	0.000067	12	-
02/18/2015	0.000068	0.000068	0.000049	0.000050	2	-
02/17/2015	0.000049	0.000068	0.000049	0.000068	1	-
02/16/2015	0.000092	0.000092	0.000049	0.000049	11	-
02/15/2015	0.000056	0.000096	0.000051	0.000092	106	-
