Date	Open	High	Low	Close	Volume	Market Cap
07/15/2018	0.052401	0.058978	0.049415	0.056399	9,430	4,178,780
07/14/2018	0.049965	0.053105	0.049965	0.050519	629	3,984,450
07/13/2018	0.049277	0.054205	0.048808	0.049973	1,603	3,929,580
07/12/2018	0.056749	0.056749	0.046400	0.049205	3,866	4,525,440
07/11/2018	0.053439	0.053439	0.049670	0.052701	1,455	4,261,550
07/10/2018	0.063595	0.063595	0.049298	0.053437	3,973	5,071,380
07/09/2018	0.071914	0.071914	0.063640	0.063640	75	5,734,800
07/08/2018	0.064040	0.071927	0.063846	0.071927	929	5,106,900
07/07/2018	0.070780	0.070858	0.061597	0.064030	630	5,644,390
07/06/2018	0.078482	0.078539	0.062614	0.066375	2,897	6,258,570
07/05/2018	0.085492	0.086409	0.078429	0.078496	5,063	6,817,560
07/04/2018	0.077442	0.092185	0.075289	0.085281	13,350	6,175,630
07/03/2018	0.074385	0.089996	0.071942	0.077448	23,374	5,931,860
07/02/2018	0.064423	0.076809	0.061365	0.074586	5,852	5,137,440
07/01/2018	0.065622	0.066551	0.062698	0.064394	1,830	5,233,090
06/30/2018	0.055385	0.070517	0.055385	0.065847	1,828	4,416,670
06/29/2018	0.051178	0.055904	0.050483	0.055324	471	4,081,190
06/28/2018	0.052592	0.054356	0.050856	0.051147	1,106	4,194,010
06/27/2018	0.062894	0.063273	0.051525	0.052532	1,582	5,015,540
06/26/2018	0.064173	0.078178	0.060468	0.062996	14,147	5,117,500
06/25/2018	0.046648	0.090937	0.046248	0.064173	40,243	3,719,950
06/24/2018	0.049950	0.050031	0.044425	0.046772	1,242	3,983,300
06/23/2018	0.050214	0.051404	0.048311	0.050053	328	4,004,340
06/22/2018	0.055059	0.059731	0.046699	0.047756	4,296	4,390,720
06/21/2018	0.058843	0.059709	0.054895	0.055120	1,575	4,692,460
06/20/2018	0.055207	0.058873	0.053476	0.058873	219	4,402,470
06/19/2018	0.055106	0.060247	0.054268	0.055171	1,003	4,394,460
06/18/2018	0.049544	0.058790	0.049243	0.055137	2,033	3,950,920
06/17/2018	0.052267	0.054779	0.048596	0.049621	2,416	4,168,060
06/16/2018	0.052417	0.060097	0.049915	0.052207	2,538	4,180,060
06/15/2018	0.053612	0.055707	0.051974	0.052584	672	3,978,310
06/14/2018	0.052668	0.058680	0.052668	0.053654	3,298	3,907,700
06/13/2018	0.058389	0.058778	0.051873	0.052627	2,070	4,332,210
06/12/2018	0.066295	0.066295	0.057785	0.058202	2,280	4,918,820
06/11/2018	0.059194	0.068291	0.057682	0.066319	2,524	4,391,920
06/10/2018	0.072257	0.073294	0.056083	0.059102	4,636	5,361,120
06/09/2018	0.080066	0.084805	0.070553	0.072161	1,496	5,940,500
06/08/2018	0.081977	0.083495	0.080013	0.080097	642	6,082,300
06/07/2018	0.084369	0.090470	0.081889	0.081889	2,065	6,259,810
06/06/2018	0.081677	0.087180	0.078940	0.084316	3,244	6,060,050
06/05/2018	0.075212	0.083165	0.073961	0.081734	1,470	5,580,420
06/04/2018	0.078224	0.085275	0.073261	0.075190	2,893	5,803,840
06/03/2018	0.087483	0.098786	0.072996	0.078232	5,396	6,490,850
06/02/2018	0.092196	0.092729	0.081028	0.087496	1,868	6,840,540
06/01/2018	0.084080	0.098356	0.084020	0.092225	4,528	6,238,340
05/31/2018	0.085446	0.097660	0.083457	0.083994	7,034	6,339,720
05/30/2018	0.090040	0.097782	0.083342	0.086636	76,029	6,680,560
05/29/2018	0.074211	0.090238	0.073972	0.089980	491	5,506,100
05/28/2018	0.093073	0.094474	0.072078	0.074325	1,848	6,905,560
05/27/2018	0.089504	0.102768	0.088269	0.093051	4,393	6,640,770
05/26/2018	0.098454	0.105312	0.090764	0.090927	31,177	7,304,810
05/25/2018	0.098530	0.105239	0.092104	0.098455	799	7,310,460
05/24/2018	0.093158	0.105234	0.090173	0.098416	2,934	6,876,040
05/23/2018	0.109719	0.110432	0.089931	0.093517	2,135	8,098,410
05/22/2018	0.118574	0.123065	0.109198	0.109900	1,436	8,752,020
05/21/2018	0.123066	0.125573	0.114774	0.118713	2,352	9,083,590
05/20/2018	0.125356	0.129722	0.119042	0.122910	5,653	9,252,590
05/19/2018	0.126629	0.137844	0.122838	0.125262	1,989	9,346,530
05/18/2018	0.126767	0.136372	0.120071	0.126641	3,265	9,356,700
05/17/2018	0.138254	0.139519	0.125932	0.126781	2,100	10,204,600
05/16/2018	0.136899	0.138197	0.131592	0.138118	4,614	10,104,600
05/15/2018	0.136329	0.139838	0.134449	0.136905	1,648	10,062,500
05/14/2018	0.149879	0.154301	0.135250	0.136530	12,527	11,062,600
05/13/2018	0.139879	0.156271	0.132045	0.149926	5,509	10,324,600
05/12/2018	0.151281	0.152410	0.132546	0.140022	5,528	11,166,100
05/11/2018	0.160946	0.161942	0.142336	0.151660	7,652	11,879,500
05/10/2018	0.168495	0.188393	0.148152	0.160789	29,558	12,436,700
05/09/2018	0.191855	0.192081	0.137892	0.168451	61,702	14,157,600
05/08/2018	0.134143	0.198979	0.124437	0.185511	56,274	9,898,880
05/07/2018	0.162996	0.167086	0.132509	0.133531	9,365	12,028,000
05/06/2018	0.144275	0.165643	0.138541	0.162888	10,893	10,646,500
05/05/2018	0.149082	0.154930	0.142529	0.144216	9,250	11,001,200
05/04/2018	0.173867	0.178737	0.146250	0.149081	16,566	12,830,200
05/03/2018	0.183472	0.331893	0.143998	0.170391	264,289	13,539,000
05/02/2018	0.085924	0.177618	0.084432	0.172112	92,897	6,340,640
05/01/2018	0.095258	0.095287	0.082891	0.086089	3,110	7,029,370
04/30/2018	0.112423	0.112788	0.094623	0.095084	967	8,296,090
04/29/2018	0.096711	0.112473	0.089236	0.112420	41,192	7,136,590
04/28/2018	0.100623	0.110332	0.089223	0.096720	16,668	7,425,330
04/27/2018	0.102056	0.108882	0.098710	0.101061	2,039	7,531,030
04/26/2018	0.090201	0.112025	0.087998	0.101897	8,263	6,656,210
04/25/2018	0.104975	0.108014	0.089291	0.089420	2,344	7,746,430
04/24/2018	0.099233	0.112672	0.097911	0.105281	11,542	7,322,720
04/23/2018	0.099744	0.111189	0.097043	0.099175	3,348	6,362,990
04/22/2018	0.123250	0.123250	0.095341	0.100059	16,331	7,862,490
04/21/2018	0.129480	0.129574	0.092600	0.123250	9,378	8,259,930
04/20/2018	0.086902	0.142858	0.086480	0.129537	59,538	5,543,770
04/19/2018	0.083117	0.095576	0.082808	0.086856	965	5,302,340
04/18/2018	0.097779	0.098679	0.060832	0.083065	10,184	6,237,620
04/17/2018	0.094654	0.118113	0.086557	0.097715	13,890	6,038,260
04/16/2018	0.076847	0.122084	0.074402	0.094657	57,947	4,902,330
04/15/2018	0.076844	0.084593	0.075105	0.076774	595	4,902,130
04/14/2018	0.072341	0.084530	0.071940	0.077262	3,570	4,614,890
04/13/2018	0.084721	0.089429	0.078887	0.084194	1,327	5,404,600
04/12/2018	0.071527	0.084850	0.070190	0.084583	1,874	4,562,970
04/11/2018	0.066297	0.073019	0.066297	0.071821	1,847	4,229,320
04/10/2018	0.066367	0.072878	0.060096	0.066184	2,236	4,233,760
04/09/2018	0.059557	0.076755	0.055991	0.066104	3,702	3,799,350
04/08/2018	0.050437	0.059690	0.050437	0.059453	772	3,217,540
04/07/2018	0.058125	0.060573	0.050027	0.050392	393	3,708,010
04/06/2018	0.062301	0.062944	0.057555	0.058059	195	3,974,410
04/05/2018	0.055229	0.073699	0.051783	0.062614	1,957	3,523,220
04/04/2018	0.060229	0.063777	0.054258	0.055246	1,741	3,842,190
04/03/2018	0.059222	0.079643	0.052915	0.060222	8,047	3,778,000
04/02/2018	0.061715	0.068306	0.051883	0.059170	1,466	3,937,030
04/01/2018	0.060308	0.062597	0.053930	0.061504	3,572	3,847,250
03/31/2018	0.051935	0.063039	0.049312	0.060309	1,475	3,313,080
03/30/2018	0.055653	0.067672	0.051249	0.051943	3,020	3,550,290
03/29/2018	0.052587	0.057656	0.047580	0.055793	1,166	3,354,720
03/28/2018	0.062071	0.063571	0.052485	0.052512	4,237	3,959,730
03/27/2018	0.061938	0.068087	0.056455	0.062079	17,557	3,951,200
03/26/2018	0.062478	0.066326	0.058367	0.062009	852	3,985,670
03/25/2018	0.067732	0.067983	0.062341	0.062566	252	4,320,860
03/24/2018	0.069440	0.072857	0.065538	0.068603	1,145	4,429,820
03/23/2018	0.064491	0.068713	0.057578	0.068713	245	4,114,080
03/22/2018	0.071107	0.073823	0.062245	0.064497	1,042	4,536,110
03/21/2018	0.068813	0.077893	0.066704	0.070944	3,566	4,389,810
03/20/2018	0.074745	0.074745	0.061547	0.068533	1,917	4,768,250
03/19/2018	0.060305	0.074237	0.058411	0.074142	6,220	3,847,090
03/18/2018	0.054190	0.061888	0.045133	0.060555	3,932	3,456,940
03/17/2018	0.059140	0.064139	0.053598	0.054275	1,423	3,772,760
03/16/2018	0.063565	0.066016	0.050807	0.059063	5,923	4,055,020
03/15/2018	0.062343	0.066537	0.054493	0.063603	20,619	3,977,070
03/14/2018	0.078960	0.080369	0.060208	0.062346	9,618	5,037,100
03/13/2018	0.080248	0.083424	0.077835	0.078941	1,390	5,119,270
03/12/2018	0.081587	0.087600	0.077498	0.080536	810	5,204,690
03/11/2018	0.076249	0.086117	0.067358	0.081717	7,497	4,864,170
03/10/2018	0.087346	0.089560	0.075895	0.076498	981	5,572,090
03/09/2018	0.089137	0.089965	0.077541	0.087387	2,422	5,686,370
03/08/2018	0.100761	0.102562	0.080521	0.089581	1,600	6,427,880
03/07/2018	0.125308	0.148628	0.092112	0.100909	10,394	7,993,810
03/06/2018	0.112989	0.126070	0.092137	0.125351	18,219	7,207,920
03/05/2018	0.113865	0.117229	0.112866	0.113178	1,534	7,263,850
03/04/2018	0.105843	0.122380	0.093906	0.113907	7,616	6,752,040
03/03/2018	0.107412	0.113979	0.103599	0.106003	2,718	6,852,160
03/02/2018	0.112744	0.119739	0.092328	0.107514	5,555	7,192,290
03/01/2018	0.107865	0.116110	0.091846	0.112936	9,647	6,881,090
02/28/2018	0.111203	0.125667	0.106587	0.107757	19,575	7,094,000
02/27/2018	0.105230	0.119210	0.099281	0.111299	12,772	6,712,940
02/26/2018	0.113863	0.117746	0.085016	0.104929	5,978	7,263,690
02/25/2018	0.124677	0.125768	0.081396	0.113761	24,972	7,953,560
02/24/2018	0.128697	0.131746	0.099944	0.124928	3,448	8,210,020
02/23/2018	0.128532	0.149499	0.108847	0.128827	16,249	8,199,450
02/22/2018	0.136651	0.140346	0.114706	0.128665	4,424	8,717,390
02/21/2018	0.147487	0.158438	0.136487	0.136823	7,829	9,408,660
02/20/2018	0.182056	0.194482	0.130447	0.147687	22,769	11,613,900
02/19/2018	0.198911	0.225898	0.169507	0.175201	10,387	12,689,200
02/18/2018	0.221881	0.228979	0.165552	0.199780	11,871	14,154,500
02/17/2018	0.226615	0.239351	0.214294	0.221251	4,805	14,456,500
02/16/2018	0.212005	0.227532	0.203308	0.226581	6,022	13,524,500
02/15/2018	0.211314	0.221945	0.196309	0.212485	19,332	13,480,400
02/14/2018	0.189107	0.211685	0.189107	0.211203	10,863	12,063,800
02/13/2018	0.183197	0.192312	0.175854	0.189376	14,447	11,686,700
02/12/2018	0.178138	0.197539	0.155861	0.182883	19,620	11,364,000
02/11/2018	0.174054	0.192658	0.164155	0.177185	12,534	11,103,500
02/10/2018	0.166517	0.175613	0.149818	0.174266	21,579	10,622,700
02/09/2018	0.182610	0.199914	0.160568	0.166417	24,146	11,649,300
02/08/2018	0.180181	0.217643	0.160993	0.177933	14,765	11,494,400
02/07/2018	0.199203	0.218609	0.176760	0.180775	15,612	12,707,800
02/06/2018	0.206345	0.226650	0.149832	0.200008	29,042	13,163,400
02/05/2018	0.223632	0.239467	0.193156	0.205822	30,521	14,266,200
02/04/2018	0.248387	0.270668	0.209494	0.225821	12,631	15,845,400
02/03/2018	0.239892	0.365778	0.235071	0.248414	69,368	15,303,500
02/02/2018	0.248981	0.273169	0.199697	0.238895	30,067	15,883,300
02/01/2018	0.333013	0.335465	0.202709	0.249713	41,146	21,244,000
01/31/2018	0.299544	0.336941	0.261210	0.329156	34,273	19,101,100
01/30/2018	0.343717	0.357212	0.283827	0.284235	44,827	21,918,000
01/29/2018	0.324728	0.349391	0.280674	0.344991	29,151	20,707,100
01/28/2018	0.299953	0.340011	0.294365	0.325170	37,509	19,127,200
01/27/2018	0.327043	0.329352	0.223078	0.314950	45,029	20,854,700
01/26/2018	0.317668	0.353085	0.279289	0.327187	51,068	20,256,900
01/25/2018	0.374837	0.404766	0.232872	0.318681	70,495	23,902,400
01/24/2018	0.398528	0.415635	0.346867	0.394114	50,762	25,413,100
01/23/2018	0.413770	0.418837	0.336931	0.398587	75,047	26,385,000
01/22/2018	0.430318	0.513677	0.360305	0.414694	96,709	27,440,300
01/21/2018	0.482962	0.509949	0.378750	0.426562	146,003	30,797,200
01/20/2018	0.607731	0.713295	0.475734	0.481883	188,359	38,753,400
01/19/2018	0.579060	0.669776	0.505823	0.602513	108,910	36,925,200
01/18/2018	0.649934	0.831438	0.518853	0.584238	335,031	41,444,600
01/17/2018	0.712021	0.766556	0.449943	0.645246	172,490	45,403,700
01/16/2018	1.00	1.05	0.580498	0.710801	319,625	64,008,300
01/15/2018	0.710940	1.16	0.544961	1.04	749,678	45,334,800
01/14/2018	0.869706	1.10	0.551602	0.712941	462,945	55,458,900
01/13/2018	1.04	1.16	0.834587	0.869945	239,747	66,188,700
01/12/2018	0.933163	1.11	0.873079	1.04	186,445	59,499,800
01/11/2018	0.766977	1.15	0.766977	0.924392	531,848	48,903,500
01/10/2018	0.806093	0.861803	0.610225	0.770548	288,862	51,397,600
01/09/2018	0.632841	0.839517	0.632841	0.806358	179,390	40,350,800
01/08/2018	0.897834	0.904936	0.604434	0.668084	301,050	57,247,200
01/07/2018	0.614293	0.962899	0.612336	0.894732	582,296	39,168,200
01/06/2018	0.449959	0.614622	0.395201	0.614622	188,511	28,690,000
01/05/2018	0.420318	0.503160	0.410463	0.448783	160,086	26,800,000
01/04/2018	0.415924	0.435974	0.308000	0.435974	119,857	26,519,900
01/03/2018	0.432768	0.439590	0.296893	0.414711	221,760	27,593,900
01/02/2018	0.310161	0.484404	0.299033	0.431776	219,782	19,776,300
01/01/2018	0.280116	0.314180	0.246545	0.309787	111,580	17,860,600
12/31/2017	0.224355	0.288854	0.205227	0.280076	70,584	14,305,200
12/30/2017	0.272309	0.272309	0.200063	0.226386	58,423	17,362,800
12/29/2017	0.181212	0.273834	0.173843	0.272493	83,354	11,554,300
12/28/2017	0.171342	0.242529	0.146471	0.179764	36,402	10,925,000
12/27/2017	0.118517	0.194688	0.118246	0.171649	40,293	7,556,830
12/26/2017	0.140236	0.145372	0.116726	0.118257	17,976	8,941,660
12/25/2017	0.107920	0.126136	0.104610	0.116287	9,381	6,881,150
12/24/2017	0.103085	0.123547	0.095068	0.107292	13,487	6,572,870
12/23/2017	0.116295	0.130437	0.101893	0.101893	22,141	7,415,130
12/22/2017	0.126819	0.127515	0.088665	0.115309	11,940	8,086,160
12/21/2017	0.132742	0.140662	0.116956	0.126345	11,880	8,463,850
12/20/2017	0.134469	0.143788	0.107484	0.132596	18,844	8,573,900
12/19/2017	0.135725	0.158626	0.115740	0.134613	50,464	8,654,040
12/18/2017	0.144142	0.186286	0.115638	0.135916	43,630	9,190,700
12/17/2017	0.080687	0.145432	0.080439	0.144235	35,086	5,144,710
12/16/2017	0.083004	0.105732	0.071173	0.080516	14,833	5,292,480
12/15/2017	0.097131	0.103252	0.060570	0.082861	17,737	6,193,180
12/14/2017	0.095469	0.132539	0.086247	0.096996	10,761	6,087,270
12/13/2017	0.158088	0.158088	0.094945	0.095605	18,331	10,079,900
12/12/2017	0.116323	0.158760	0.113438	0.157973	25,007	7,416,910
12/11/2017	0.109478	0.117249	0.088387	0.116993	23,118	6,980,470
12/10/2017	0.136756	0.136756	0.098656	0.109355	11,522	8,719,760
12/09/2017	0.133041	0.143792	0.108429	0.136318	3,890	4,440,060
12/08/2017	0.113454	0.136127	0.111566	0.133045	8,059	3,786,370
12/07/2017	0.122377	0.127237	0.103436	0.107500	14,193	4,084,160
12/06/2017	0.128245	0.132028	0.102797	0.122804	13,003	4,279,990
12/05/2017	0.139763	0.140138	0.118734	0.128471	4,663	4,664,390
12/04/2017	0.111131	0.171521	0.110849	0.139692	18,406	3,708,840
12/03/2017	0.112735	0.124280	0.108102	0.109083	7,971	3,762,360
12/02/2017	0.124839	0.129472	0.109812	0.112697	15,626	4,166,320
12/01/2017	0.122160	0.131418	0.109770	0.124843	8,871	4,076,920
11/30/2017	0.120495	0.148776	0.104530	0.122464	17,337	4,021,350
11/29/2017	0.140912	0.156355	0.114450	0.118972	12,593	4,702,730
11/28/2017	0.147261	0.157671	0.137676	0.140799	16,219	4,914,620
11/27/2017	0.161284	0.178352	0.142263	0.147463	24,088	5,382,600
11/26/2017	0.139513	0.165475	0.135435	0.161324	13,492	4,656,030
11/25/2017	0.141194	0.147430	0.123561	0.139508	22,135	4,712,160
11/24/2017	0.131675	0.145151	0.120171	0.141218	21,475	4,394,450
11/23/2017	0.156964	0.157442	0.123081	0.132337	25,594	5,238,460
11/22/2017	0.144853	0.161230	0.129049	0.156604	39,864	4,834,260
11/21/2017	0.197118	0.205520	0.144600	0.144668	105,681	6,578,530
11/20/2017	0.109921	0.203174	0.079202	0.197429	146,486	3,668,450
11/19/2017	0.124263	0.133214	0.100063	0.110039	17,154	4,147,100
11/18/2017	0.113085	0.149242	0.105454	0.124585	9,186	3,774,060
11/17/2017	0.132753	0.156673	0.107794	0.113256	27,365	4,430,440
11/16/2017	0.138793	0.149236	0.087211	0.134123	79,474	4,632,020
11/15/2017	0.158341	0.173077	0.138218	0.138902	31,085	5,284,400
11/14/2017	0.159245	0.184327	0.150018	0.158255	30,675	5,314,560
11/13/2017	0.132501	0.186377	0.132501	0.159252	59,145	4,422,030
11/12/2017	0.140472	0.176634	0.130734	0.132291	24,588	4,688,040
11/11/2017	0.169653	0.182311	0.140456	0.140456	54,530	5,661,930
11/10/2017	0.227310	0.227310	0.170142	0.170142	80,408	7,586,120
11/09/2017	0.197495	0.239123	0.196708	0.227202	97,508	6,591,100
11/08/2017	0.196988	0.234775	0.183518	0.198566	129,744	6,574,200
11/07/2017	0.252463	0.269507	0.196963	0.197127	181,495	8,425,570
11/06/2017	0.210489	0.263200	0.202607	0.252086	154,722	6,561,870
11/05/2017	0.189507	0.219215	0.189507	0.210290	103,140	5,907,780
11/04/2017	0.158850	0.197818	0.141919	0.189261	70,809	4,952,040
11/03/2017	0.121376	0.176963	0.110838	0.158824	90,580	3,783,830
11/02/2017	0.187404	0.187404	0.114168	0.120783	131,950	5,842,210
11/01/2017	0.316960	0.316960	0.128259	0.186886	275,439	9,881,050
10/31/2017	0.143528	0.319879	0.143528	0.317546	818,082	4,474,410
10/30/2017	0.087217	0.143449	0.081148	0.143449	106,745	-
10/29/2017	0.091366	0.097646	0.064414	0.087666	85,917	-
10/28/2017	0.180454	0.180454	0.071208	0.091404	106,502	-
