Date	Open	High	Low	Close	Volume	Market Cap
07/15/2018	0.005037	0.005521	0.004999	0.005184	127,759	101,085,000
07/14/2018	0.005176	0.005382	0.004712	0.005040	162,982	103,777,000
07/13/2018	0.005014	0.005274	0.004871	0.005178	109,629	100,432,000
07/12/2018	0.005290	0.005402	0.004834	0.005005	295,813	105,811,000
07/11/2018	0.005109	0.005377	0.005037	0.005290	159,686	101,978,000
07/10/2018	0.005496	0.005581	0.005108	0.005118	132,034	109,231,000
07/09/2018	0.005820	0.005882	0.005375	0.005501	276,647	115,282,000
07/08/2018	0.005936	0.005945	0.005387	0.005821	390,756	117,551,000
07/07/2018	0.005609	0.005951	0.005393	0.005941	399,359	111,031,000
07/06/2018	0.005822	0.005822	0.005476	0.005618	213,092	115,245,000
07/05/2018	0.005895	0.007461	0.005346	0.005823	294,689	116,644,000
07/04/2018	0.005851	0.006060	0.005478	0.005878	291,397	115,767,000
07/03/2018	0.005761	0.006028	0.005753	0.005852	215,908	113,990,000
07/02/2018	0.005550	0.005854	0.005342	0.005783	297,124	109,803,000
07/01/2018	0.005579	0.005707	0.005249	0.005549	308,100	110,368,000
06/30/2018	0.005588	0.005817	0.005428	0.005576	375,403	110,511,000
06/29/2018	0.005303	0.005642	0.005156	0.005582	412,356	104,774,000
06/28/2018	0.005606	0.006044	0.005170	0.005294	372,704	110,666,000
06/27/2018	0.005679	0.005736	0.005383	0.005600	460,087	111,948,000
06/26/2018	0.005849	0.006130	0.005537	0.005687	228,695	115,092,000
06/25/2018	0.005704	0.006030	0.005484	0.005849	145,854	111,709,000
06/24/2018	0.005489	0.005764	0.004752	0.005721	209,404	107,006,000
06/23/2018	0.005144	0.005892	0.005065	0.005545	363,716	100,255,000
06/22/2018	0.005917	0.005943	0.004983	0.005140	338,219	115,316,000
06/21/2018	0.006002	0.006178	0.005217	0.005921	335,785	116,969,000
06/20/2018	0.006275	0.006328	0.005867	0.006002	221,689	122,259,000
06/19/2018	0.006611	0.006759	0.006102	0.006320	293,809	128,798,000
06/18/2018	0.005845	0.006760	0.005710	0.006667	353,203	113,795,000
06/17/2018	0.005967	0.006668	0.005779	0.005855	347,347	116,153,000
06/16/2018	0.005585	0.006004	0.005549	0.005959	133,804	108,703,000
06/15/2018	0.005835	0.006155	0.005354	0.005603	269,618	113,513,000
06/14/2018	0.005727	0.006235	0.005388	0.005943	455,618	111,332,000
06/13/2018	0.005912	0.005943	0.004939	0.005718	186,393	114,816,000
06/12/2018	0.006318	0.006635	0.005538	0.005888	427,507	122,497,000
06/11/2018	0.005784	0.007231	0.005103	0.006318	390,065	111,966,000
06/10/2018	0.006712	0.006712	0.005295	0.005775	190,244	129,421,000
06/09/2018	0.006933	0.007095	0.006149	0.006695	405,514	133,352,000
06/08/2018	0.006723	0.007148	0.006265	0.006933	442,575	129,295,000
06/07/2018	0.006574	0.006742	0.006230	0.006716	93,425	126,412,000
06/06/2018	0.006680	0.006792	0.006397	0.006570	40,961	128,441,000
06/05/2018	0.006665	0.006786	0.006350	0.006633	57,610	128,129,000
06/04/2018	0.007163	0.007261	0.005945	0.006662	102,779	137,694,000
06/03/2018	0.006579	0.007402	0.006396	0.007164	126,149	126,450,000
06/02/2018	0.005955	0.007760	0.005949	0.006582	176,229	114,445,000
06/01/2018	0.005768	0.006234	0.005485	0.005954	78,274	110,839,000
05/31/2018	0.006029	0.008702	0.005728	0.005761	203,542	115,767,000
05/30/2018	0.005709	0.006350	0.005338	0.006031	81,144	109,504,000
05/29/2018	0.005515	0.008128	0.005376	0.005705	73,549	105,654,000
05/28/2018	0.005704	0.005990	0.005369	0.005502	57,961	109,167,000
05/27/2018	0.005751	0.005956	0.005218	0.005704	32,018	109,839,000
05/26/2018	0.004903	0.005952	0.004757	0.005646	20,974	93,216,100
05/25/2018	0.006159	0.006455	0.004798	0.004906	112,391	116,702,000
05/24/2018	0.006261	0.006522	0.005998	0.006149	72,845	118,607,000
05/23/2018	0.006355	0.006647	0.006067	0.006281	35,514	120,386,000
05/22/2018	0.006701	0.007010	0.006327	0.006364	78,290	126,918,000
05/21/2018	0.006569	0.006888	0.006489	0.006821	53,311	124,407,000
05/20/2018	0.006374	0.007197	0.005898	0.006561	78,190	120,699,000
05/19/2018	0.006202	0.006541	0.005992	0.006369	53,242	117,371,000
05/18/2018	0.006206	0.006527	0.005727	0.006275	99,542	117,435,000
05/17/2018	0.006327	0.006915	0.005966	0.006203	93,336	119,724,000
05/16/2018	0.006678	0.006873	0.006064	0.006255	82,755	126,340,000
05/15/2018	0.006442	0.007396	0.006103	0.006681	72,742	121,798,000
05/14/2018	0.006337	0.007130	0.005863	0.006453	103,039	119,111,000
05/13/2018	0.005879	0.006823	0.005737	0.006339	54,531	110,505,000
05/12/2018	0.005964	0.006223	0.005631	0.005885	93,341	111,943,000
05/11/2018	0.006493	0.006493	0.005359	0.005978	62,827	121,882,000
05/10/2018	0.006628	0.006817	0.006186	0.006485	57,237	124,405,000
05/09/2018	0.005245	0.007220	0.005092	0.006627	116,146	98,441,600
05/08/2018	0.005231	0.005579	0.004793	0.005135	62,152	98,183,900
05/07/2018	0.005723	0.005750	0.004904	0.005213	71,096	107,412,000
05/06/2018	0.006466	0.006507	0.005404	0.005715	110,428	121,338,000
05/05/2018	0.005910	0.006483	0.005897	0.006481	120,411	110,899,000
05/04/2018	0.006044	0.006362	0.005640	0.005909	66,765	113,400,000
05/03/2018	0.005725	0.006410	0.005405	0.006053	74,218	107,417,000
05/02/2018	0.005629	0.006608	0.005629	0.005725	71,787	105,607,000
05/01/2018	0.006335	0.006458	0.005275	0.005641	68,262	118,829,000
04/30/2018	0.005547	0.006762	0.005547	0.006324	99,014	103,976,000
04/29/2018	0.005053	0.007134	0.004557	0.005548	98,765	94,682,100
04/28/2018	0.004599	0.005769	0.004189	0.005055	52,752	86,049,400
04/27/2018	0.003607	0.005879	0.003439	0.004079	152,723	67,362,000
04/26/2018	0.003633	0.003650	0.003238	0.003601	49,630	67,360,000
04/25/2018	0.004034	0.004218	0.003239	0.003601	105,504	74,623,100
04/24/2018	0.004060	0.004187	0.003346	0.004055	56,878	75,093,400
04/23/2018	0.004148	0.004228	0.003857	0.004058	70,226	76,708,300
04/22/2018	0.004004	0.004461	0.003419	0.004159	51,365	74,033,800
04/21/2018	0.003652	0.004250	0.001790	0.004007	123,542	67,530,800
04/20/2018	0.003814	0.004146	0.003385	0.004001	101,967	70,510,800
04/19/2018	0.003981	0.004055	0.003708	0.003814	47,728	73,578,900
04/18/2018	0.003942	0.004085	0.003715	0.003878	56,762	72,853,000
04/17/2018	0.004012	0.004132	0.003767	0.003936	85,006	74,141,100
04/16/2018	0.003908	0.004282	0.003657	0.004013	125,989	72,160,000
04/15/2018	0.004014	0.004304	0.002614	0.004077	39,588	74,084,600
04/14/2018	0.004589	0.004885	0.004012	0.004012	32,385	84,650,200
04/13/2018	0.004795	0.005048	0.004589	0.004589	134,293	88,315,200
04/12/2018	0.004452	0.004907	0.004165	0.004788	102,425	81,771,500
04/11/2018	0.004222	0.004599	0.004068	0.004468	30,113	77,110,600
04/10/2018	0.004253	0.004259	0.004051	0.004216	15,981	77,307,100
04/09/2018	0.004730	0.004793	0.004044	0.004245	72,200	85,954,900
04/08/2018	0.004260	0.004726	0.004243	0.004724	68,990	77,401,900
04/07/2018	0.004022	0.004518	0.003984	0.004248	69,086	73,077,800
04/06/2018	0.004326	0.004417	0.003781	0.004020	90,881	78,470,000
04/05/2018	0.005030	0.005044	0.003777	0.004584	139,430	91,241,000
04/04/2018	0.005082	0.005530	0.004398	0.005033	98,707	92,193,200
04/03/2018	0.004971	0.005561	0.004697	0.005080	182,382	90,176,000
04/02/2018	0.005492	0.005646	0.004945	0.004963	94,767	99,628,700
04/01/2018	0.005480	0.005619	0.005074	0.005464	127,490	99,405,000
03/31/2018	0.005894	0.006033	0.005419	0.005480	149,814	106,912,000
03/30/2018	0.005172	0.005896	0.005152	0.005896	70,692	-
03/29/2018	0.006218	0.006522	0.005178	0.005355	267,214	-
03/28/2018	0.006432	0.007023	0.005944	0.006210	40,809	-
03/27/2018	0.006548	0.007097	0.006095	0.006316	133,907	-
03/26/2018	0.007391	0.007451	0.006172	0.006555	56,765	-
03/25/2018	0.007463	0.008271	0.007029	0.007399	128,316	-
03/24/2018	0.006821	0.009298	0.006024	0.007442	127,443	-
03/23/2018	0.005040	0.010095	0.004546	0.006741	206,637	-
03/22/2018	0.005585	0.005808	0.004760	0.005040	92,992	-
03/21/2018	0.006470	0.006747	0.005243	0.005579	98,787	-
03/20/2018	0.006356	0.007535	0.005927	0.006446	112,858	-
03/19/2018	0.005875	0.006985	0.005693	0.006292	78,904	-
