Date	Open	High	Low	Close	Volume	Market Cap
07/15/2018	0.125310	0.134131	0.114163	0.133208	248	442,391
07/14/2018	0.120895	0.125681	0.119784	0.125342	10	426,804
07/13/2018	0.121199	0.126045	0.118697	0.120888	186	427,878
07/12/2018	0.145463	0.145463	0.100835	0.120917	2,057	513,539
07/11/2018	0.147844	0.149981	0.142653	0.145466	1,370	521,944
07/10/2018	0.139914	0.163919	0.127184	0.147839	494	493,949
07/09/2018	0.140521	0.141943	0.139322	0.140013	38	496,092
07/08/2018	0.142435	0.143709	0.140351	0.140547	76	502,849
07/07/2018	0.143597	0.145191	0.137754	0.142467	111	506,951
07/06/2018	0.139273	0.143808	0.137277	0.143808	579	491,686
07/05/2018	0.157270	0.159732	0.156056	0.158150	23	555,222
07/04/2018	0.178985	0.179501	0.154539	0.156994	184	631,884
07/03/2018	0.134636	0.209606	0.127744	0.178941	2,846	475,315
07/02/2018	0.144905	0.154073	0.134357	0.134901	91	511,569
07/01/2018	0.158865	0.159695	0.103329	0.144869	2,610	560,853
06/30/2018	0.162227	0.170434	0.151336	0.158810	37	572,722
06/29/2018	0.149341	0.171825	0.146540	0.162084	585	527,229
06/28/2018	0.184646	0.187654	0.148399	0.149265	3,426	651,868
06/27/2018	0.222228	0.222653	0.175903	0.184489	1,365	784,547
06/26/2018	0.199636	0.246442	0.185140	0.222527	794	704,791
06/25/2018	0.227675	0.237410	0.187966	0.199636	12,363	803,779
06/24/2018	0.198854	0.232632	0.174528	0.228435	3,891	702,029
06/23/2018	0.197631	0.217945	0.184883	0.198900	7,268	697,710
06/22/2018	0.135146	0.300467	0.120865	0.190251	85,080	477,116
06/21/2018	0.140255	0.180288	0.132385	0.135187	6,211	495,152
06/20/2018	0.135238	0.169698	0.131302	0.140308	347	477,441
06/19/2018	0.129071	0.138914	0.128636	0.135153	380	455,668
06/18/2018	0.123154	0.130519	0.122132	0.129144	544	434,780
06/17/2018	0.124320	0.137709	0.123162	0.123569	237	438,896
06/16/2018	0.127085	0.137462	0.123994	0.124013	184	448,656
06/15/2018	0.146433	0.151435	0.126610	0.127492	376	516,963
06/14/2018	0.124597	0.159653	0.121434	0.146462	114,822	439,874
06/13/2018	0.127221	0.127793	0.118098	0.124494	179	449,138
06/12/2018	0.139791	0.142176	0.125706	0.126815	188	493,513
06/11/2018	0.150654	0.165799	0.130742	0.139734	29,235	531,865
06/10/2018	0.176345	0.176345	0.128756	0.150431	257	622,564
06/09/2018	0.168598	0.179226	0.158844	0.176099	799	595,213
06/08/2018	0.152862	0.169362	0.150151	0.168612	224	539,659
06/07/2018	0.152731	0.179709	0.151982	0.152670	543	539,197
06/06/2018	0.172126	0.172926	0.149178	0.152771	4,879	607,668
06/05/2018	0.167090	0.173408	0.165724	0.172450	1,271	589,889
06/04/2018	0.152293	0.214225	0.152293	0.167101	22,839	537,651
06/03/2018	0.156495	0.171147	0.133551	0.163855	1,568	552,487
06/02/2018	0.148100	0.158293	0.134729	0.156510	838	522,849
06/01/2018	0.127486	0.148081	0.122987	0.148081	1,118	450,073
05/31/2018	0.148309	0.160962	0.126978	0.127309	4,600	523,586
05/30/2018	0.159531	0.164714	0.144933	0.157424	913	563,205
05/29/2018	0.162719	0.178859	0.157872	0.159434	48,511	574,458
05/28/2018	0.168739	0.174234	0.146321	0.163176	19,122	595,710
05/27/2018	0.188386	0.188386	0.166080	0.168726	813	665,073
05/26/2018	0.205199	0.205393	0.187682	0.188196	2,293	724,430
05/25/2018	0.191292	0.242088	0.188113	0.205337	8,960	675,332
05/24/2018	0.198731	0.252997	0.179806	0.191072	36,932	701,593
05/23/2018	0.242908	0.244521	0.191138	0.199250	2,125	857,555
05/22/2018	0.221984	0.255865	0.216810	0.243315	27,257	783,685
05/21/2018	0.228849	0.228985	0.220305	0.222223	697	807,922
05/20/2018	0.226988	0.271385	0.222679	0.228553	27,365	801,352
05/19/2018	0.217950	0.226816	0.216093	0.226816	128	769,446
05/18/2018	0.229013	0.242604	0.216934	0.217978	1,394	808,501
05/17/2018	0.244442	0.247230	0.227415	0.228827	1,389	862,970
05/16/2018	0.234287	0.263147	0.224812	0.244290	1,891	827,121
05/15/2018	0.230056	0.241782	0.225789	0.234385	744	812,182
05/14/2018	0.227463	0.234471	0.213670	0.230451	492	803,028
05/13/2018	0.212670	0.233208	0.209185	0.227513	325	750,805
05/12/2018	0.191209	0.262462	0.181167	0.213075	88,607	675,040
05/11/2018	0.226241	0.306101	0.188827	0.191559	9,720	798,714
05/10/2018	0.219607	0.227986	0.207999	0.226018	596	775,294
05/09/2018	0.226549	0.271356	0.215912	0.219556	1,800	799,803
05/08/2018	0.248741	0.261541	0.213190	0.226833	12,011	878,149
05/07/2018	0.251115	0.263172	0.216911	0.247371	17,880	886,530
05/06/2018	0.238478	0.251224	0.227563	0.250938	3,445	841,916
05/05/2018	0.259247	0.266343	0.238092	0.238388	1,063	915,237
05/04/2018	0.237524	0.261004	0.225606	0.259190	1,840	838,549
05/03/2018	0.276249	0.296868	0.230676	0.238251	24,125	975,262
05/02/2018	0.275622	0.300404	0.266199	0.276275	58,672	973,049
05/01/2018	0.264441	0.351408	0.248128	0.276408	88,596	933,575
04/30/2018	0.280337	0.286894	0.262608	0.263861	482	989,695
04/29/2018	0.265545	0.280570	0.231791	0.280391	6,177	937,473
04/28/2018	0.268536	0.282368	0.263407	0.265624	1,521	948,034
04/27/2018	0.288347	0.298182	0.260262	0.269797	996	1,017,970
04/26/2018	0.282798	0.297810	0.249672	0.287943	2,843	998,382
04/25/2018	0.314230	0.359731	0.279603	0.280449	1,523	1,109,350
04/24/2018	0.323482	0.347361	0.304478	0.315845	2,652	1,142,010
04/23/2018	0.339265	0.348539	0.321138	0.323360	443	1,197,730
04/22/2018	0.327926	0.367634	0.326031	0.340237	6,817	1,157,700
04/21/2018	0.333350	0.357211	0.287875	0.327926	4,424	1,176,850
04/20/2018	0.327901	0.354774	0.286913	0.333267	5,353	1,157,610
04/19/2018	0.344044	0.352897	0.276676	0.327764	10,540	1,214,610
04/18/2018	0.321114	0.344798	0.320722	0.343816	861	1,133,650
04/17/2018	0.357808	0.358202	0.319872	0.320834	2,580	1,263,190
04/16/2018	0.370756	0.424809	0.354472	0.357628	7,884	1,308,910
04/15/2018	0.396726	0.408341	0.354859	0.370866	5,624	1,400,590
04/14/2018	0.355432	0.401297	0.354182	0.396956	22,200	1,254,810
04/13/2018	0.343311	0.373892	0.335412	0.355432	1,601	1,212,020
04/12/2018	0.318906	0.367916	0.307907	0.342733	19,438	1,125,860
04/11/2018	0.315587	0.323201	0.313716	0.319678	2,667	1,114,140
04/10/2018	0.294720	0.376299	0.294412	0.314900	24,647	1,040,470
04/09/2018	0.303214	0.314709	0.288252	0.294479	210	1,070,460
04/08/2018	0.330381	0.335253	0.301992	0.302636	187	1,166,370
04/07/2018	0.293746	0.381033	0.293489	0.330090	2,514	1,037,030
04/06/2018	0.296300	0.301817	0.252264	0.293598	9,961	1,046,050
04/05/2018	0.253073	0.297954	0.246146	0.297592	1,541	893,442
04/04/2018	0.319768	0.320416	0.251176	0.253359	13,220	1,128,900
04/03/2018	0.323854	0.379195	0.307484	0.319146	39,243	1,143,330
04/02/2018	0.310798	0.441788	0.306071	0.323621	1,491	1,097,230
04/01/2018	0.348193	0.353135	0.283153	0.309584	937	1,229,250
03/31/2018	0.311343	0.349552	0.294786	0.348205	3,119	1,099,160
03/30/2018	0.252947	0.336915	0.238846	0.311298	6,167	892,997
03/29/2018	0.288621	0.290047	0.236840	0.253644	30,685	1,018,940
03/28/2018	0.257570	0.288283	0.245626	0.288283	8,808	909,319
03/27/2018	0.315975	0.318292	0.211319	0.257596	2,050	1,115,510
03/26/2018	0.338156	0.343320	0.299473	0.316170	54,357	1,193,820
03/25/2018	0.331914	0.365974	0.329538	0.338085	407	1,171,780
03/24/2018	0.342722	0.383991	0.314219	0.335760	185,687	1,209,940
03/23/2018	0.312423	0.339896	0.295984	0.338065	975	1,102,970
03/22/2018	0.334216	0.361463	0.292719	0.312480	51,123	1,179,910
03/21/2018	0.366817	0.463036	0.323573	0.335379	19,673	1,295,000
03/20/2018	0.345840	0.370815	0.337100	0.366154	754	-
03/19/2018	0.390204	0.430424	0.334165	0.342043	6,607	-
03/18/2018	0.384727	0.395932	0.339481	0.391854	3,800	-
03/17/2018	0.433129	0.443304	0.382432	0.385503	1,513	-
03/16/2018	0.462333	0.465219	0.422982	0.432711	5,386	-
03/15/2018	0.439441	0.488551	0.421897	0.462615	5,009	-
03/14/2018	0.501765	0.521318	0.395633	0.439622	30,750	-
03/13/2018	0.567092	0.611337	0.501687	0.501687	7,321	-
03/12/2018	0.523247	0.630704	0.520893	0.568974	2,328	-
03/11/2018	0.535381	0.579943	0.472407	0.524890	627	-
03/10/2018	0.664899	0.717509	0.519432	0.537234	250	-
03/09/2018	0.596347	0.663393	0.502593	0.661023	6,494	-
03/08/2018	0.636715	0.789462	0.556275	0.594880	26,589	-
03/07/2018	0.733848	0.758516	0.627727	0.637636	5,809	-
03/06/2018	0.775324	0.847432	0.714537	0.734445	18,814	-
03/05/2018	0.823324	0.848132	0.733096	0.776665	7,587	-
03/04/2018	0.780818	0.975961	0.727324	0.823329	8,095	-
03/03/2018	1.01	1.02	0.790504	0.794688	17,409	-
03/02/2018	0.862851	1.21	0.862851	1.02	118,030	-
03/01/2018	0.739670	0.896213	0.734496	0.865023	23,662	-
02/28/2018	0.677844	0.886811	0.656613	0.738719	16,508	-
02/27/2018	0.596273	0.696940	0.591178	0.678519	10,849	-
02/26/2018	0.547363	0.601974	0.502631	0.594571	10,274	-
02/25/2018	0.528775	0.552890	0.504803	0.546687	3,069	-
02/24/2018	0.589697	0.599288	0.514527	0.529599	1,893	-
02/23/2018	0.610597	0.621856	0.541855	0.590400	2,255	-
02/22/2018	0.580537	0.801366	0.553440	0.611223	26,228	-
02/21/2018	0.627454	0.656911	0.555185	0.581231	4,073	-
02/20/2018	0.622961	0.703113	0.622273	0.628208	5,493	-
02/19/2018	0.619215	0.811766	0.549532	0.622476	5,405	-
02/18/2018	0.665174	0.697975	0.569768	0.621852	3,763	-
02/17/2018	0.600896	0.903711	0.527937	0.664807	584,180	-
02/16/2018	0.624053	0.742553	0.600751	0.600751	9,262	-
02/15/2018	0.688202	0.715765	0.586836	0.626415	13,703	-
02/14/2018	0.677745	0.725962	0.631826	0.687830	12,477	-
02/13/2018	0.754659	0.757883	0.660789	0.679022	14,915	-
02/12/2018	0.635270	0.997414	0.635270	0.753370	33,106	-
02/11/2018	0.741316	0.741316	0.629790	0.631435	15,133	-
02/10/2018	0.739685	0.832116	0.633489	0.742036	25,397	-
02/09/2018	1.10	1.20	0.667707	0.739522	202,198	-
02/08/2018	0.477991	1.17	0.476403	1.12	90,521	-
