Date	Open	High	Low	Close	Volume	Market Cap
07/15/2018	0.087529	0.090558	0.057951	0.089872	2,932	183,235
07/14/2018	0.065159	0.089394	0.062572	0.087551	1,264	136,406
07/13/2018	0.078969	0.087844	0.050340	0.065329	1,017	165,315
07/12/2018	0.091851	0.091851	0.063268	0.078891	367	192,283
07/11/2018	0.074499	0.092898	0.061139	0.091868	3,375	155,957
07/10/2018	0.093070	0.093379	0.050719	0.074496	1,439	194,835
07/09/2018	0.056340	0.094848	0.056275	0.093139	578	117,944
07/08/2018	0.100351	0.100961	0.056255	0.056352	2,475	210,077
07/07/2018	0.082360	0.100539	0.081965	0.100367	2,910	172,414
07/06/2018	0.090189	0.095414	0.065633	0.082499	1,276	188,803
07/05/2018	0.092976	0.100270	0.089538	0.090203	573	194,638
07/04/2018	0.085527	0.112177	0.083320	0.098862	5,049	179,044
07/03/2018	0.078945	0.087011	0.065394	0.085560	908	165,265
07/02/2018	0.038699	0.085081	0.038575	0.079288	477	81,014
07/01/2018	0.050180	0.094689	0.038695	0.038695	2,064	105,048
06/30/2018	0.072338	0.112098	0.049803	0.050161	5,232	151,433
06/29/2018	0.066314	0.073130	0.057588	0.072273	3,077	138,823
06/28/2018	0.064406	0.070281	0.063556	0.066271	378	134,829
06/27/2018	0.041163	0.064691	0.040896	0.064383	1,019	86,172
06/26/2018	0.044861	0.054509	0.038525	0.041233	1,551	93,914
06/25/2018	0.053021	0.056698	0.044857	0.044861	450	110,995
06/24/2018	0.051675	0.053187	0.036841	0.053187	2,423	108,178
06/23/2018	0.060783	0.064539	0.051321	0.051682	578	127,244
06/22/2018	0.041085	0.065512	0.039869	0.060751	1,696	86,007
06/21/2018	0.046961	0.062079	0.040977	0.041130	1,207	98,309
06/20/2018	0.064949	0.066164	0.046765	0.046969	1,751	135,965
06/19/2018	0.049534	0.072366	0.049277	0.064907	1,987	103,696
06/18/2018	0.060159	0.062211	0.049349	0.049561	762	125,938
06/17/2018	0.047785	0.062041	0.047763	0.060365	702	100,033
06/16/2018	0.063077	0.068093	0.047658	0.047658	746	132,047
06/15/2018	0.057269	0.065306	0.052933	0.063267	3,429	119,888
06/14/2018	0.054970	0.060177	0.053063	0.057364	1,144	115,075
06/13/2018	0.061625	0.065207	0.052401	0.054987	784	129,007
06/12/2018	0.063080	0.068252	0.059236	0.061419	2,480	132,053
06/11/2018	0.060903	0.064196	0.058101	0.063113	660	127,497
06/10/2018	0.065251	0.065251	0.059854	0.060817	833	136,598
06/09/2018	0.068089	0.068598	0.064475	0.065169	552	142,538
06/08/2018	0.069902	0.070051	0.053104	0.068116	1,145	146,334
06/07/2018	0.072933	0.074293	0.064832	0.069847	650	152,679
06/06/2018	0.060824	0.073074	0.059742	0.072902	2,865	127,330
06/05/2018	0.064417	0.100765	0.059545	0.060878	3,601	134,853
06/04/2018	0.071431	0.073559	0.064268	0.064387	638	149,535
06/03/2018	0.095899	0.096631	0.063219	0.071399	575	200,757
06/02/2018	0.072100	0.103122	0.071696	0.095977	3,614	150,936
06/01/2018	0.071332	0.075946	0.045686	0.072132	1,512	149,328
05/31/2018	0.063034	0.079924	0.062622	0.071278	753	131,957
05/30/2018	0.069976	0.096566	0.062643	0.063047	408	146,489
05/29/2018	0.074916	0.075172	0.051438	0.069930	2,049	156,832
05/28/2018	0.077181	0.088304	0.058681	0.075034	2,018	161,573
05/27/2018	0.078756	0.079690	0.068864	0.077163	256	164,870
05/26/2018	0.067286	0.081350	0.066938	0.078665	1,399	140,858
05/25/2018	0.090860	0.092162	0.066517	0.067375	743	190,209
05/24/2018	0.082788	0.091337	0.028370	0.090708	683	173,311
05/23/2018	0.087980	0.088702	0.079864	0.083071	2,265	184,179
05/22/2018	0.091440	0.092127	0.081631	0.088138	24	191,422
05/21/2018	0.105207	0.111673	0.084108	0.091555	2,739	220,243
05/20/2018	0.070333	0.105944	0.065131	0.105074	1,724	147,237
05/19/2018	0.084307	0.084533	0.069973	0.070280	4,048	176,490
05/18/2018	0.081166	0.093794	0.037793	0.084315	5,071	169,915
05/17/2018	0.083006	0.095474	0.032327	0.081179	2,720	173,767
05/16/2018	0.072981	0.087167	0.072667	0.082958	789	152,780
05/15/2018	0.088690	0.098647	0.072603	0.073023	824	185,666
05/14/2018	0.082558	0.105526	0.081908	0.088825	3,030	172,828
05/13/2018	0.089846	0.101029	0.081775	0.082573	173	188,085
05/12/2018	0.068780	0.090786	0.058424	0.089941	2,587	143,985
05/11/2018	0.064803	0.098328	0.063772	0.068985	1,982	135,659
05/10/2018	0.093607	0.094414	0.064662	0.064725	1,273	195,958
05/09/2018	0.082784	0.100082	0.080484	0.093538	1,505	173,302
05/08/2018	0.068100	0.089754	0.055788	0.082904	2,075	142,561
05/07/2018	0.092658	0.096357	0.067285	0.067890	5,796	193,973
05/06/2018	0.091895	0.094641	0.064704	0.092600	2,635	192,374
05/05/2018	0.101840	0.114107	0.090223	0.091885	2,059	213,194
05/04/2018	0.072177	0.102135	0.070804	0.101787	1,930	151,097
05/03/2018	0.090466	0.100005	0.070932	0.072204	1,485	189,384
05/02/2018	0.053958	0.090827	0.053229	0.090468	1,481	112,958
05/01/2018	0.052616	0.125996	0.045874	0.054060	5,647	110,146
04/30/2018	0.095410	0.095752	0.049578	0.052569	452	199,734
04/29/2018	0.058879	0.103709	0.057233	0.095417	2,502	123,259
04/28/2018	0.057163	0.112359	0.057100	0.058899	2,975	119,666
04/27/2018	0.083734	0.086691	0.057500	0.057500	1,266	175,290
04/26/2018	0.099946	0.100629	0.054652	0.083613	2,393	209,229
04/25/2018	0.052395	0.103364	0.047332	0.099119	1,319	109,684
04/24/2018	0.044867	0.062392	0.044867	0.052664	2,655	93,927
04/23/2018	0.031539	0.053518	0.031512	0.044858	5,129	66,024
04/22/2018	0.019860	0.032549	0.019550	0.031602	282	41,576
04/21/2018	0.044222	0.051925	0.019622	0.019860	241	92,576
04/20/2018	0.053882	0.057694	0.022795	0.044208	2,252	112,798
04/19/2018	0.051688	0.053858	0.036084	0.053858	18	108,205
04/18/2018	0.027569	0.055909	0.027535	0.051658	18	57,713
04/17/2018	0.030085	0.064300	0.027463	0.027545	2,465	62,980
04/16/2018	0.023573	0.030125	0.022625	0.030070	46	49,348
04/15/2018	0.047862	0.050779	0.023359	0.023573	149	100,194
04/14/2018	0.037468	0.048359	0.030173	0.047848	1,581	78,435
04/13/2018	0.044281	0.044608	0.015065	0.037468	725	92,698
04/12/2018	0.041787	0.044435	0.038228	0.044225	10	87,477
04/11/2018	0.027178	0.041958	0.020239	0.041958	1,560	56,896
04/10/2018	0.040454	0.040801	0.026934	0.027134	54	84,688
04/09/2018	0.024835	0.045109	0.014590	0.040316	1,877	51,990
04/08/2018	0.040224	0.040621	0.020688	0.024795	3	84,206
04/07/2018	0.023146	0.040995	0.023112	0.040206	2,177	48,455
04/06/2018	0.023779	0.024027	0.022169	0.023119	360	49,780
04/05/2018	0.047627	0.048016	0.021542	0.023901	480	99,704
04/04/2018	0.025677	0.049858	0.018452	0.047680	2,557	53,753
04/03/2018	0.039869	0.040043	0.018989	0.025691	2,048	83,463
04/02/2018	0.020066	0.052366	0.019936	0.039830	3,802	42,007
04/01/2018	0.020789	0.027974	0.018958	0.019968	75	43,521
03/31/2018	0.030689	0.037675	0.020555	0.020790	118	64,246
03/30/2018	0.024818	0.030884	0.020376	0.030699	2,580	51,954
03/29/2018	0.055640	0.057615	0.024718	0.024880	102	116,479
03/28/2018	0.033718	0.056084	0.020158	0.055557	3,811	70,586
03/27/2018	0.032939	0.058080	0.031284	0.033713	3,295	68,956
03/26/2018	0.050242	0.061938	0.021694	0.032989	205	105,177
03/25/2018	0.039704	0.064293	0.023842	0.050339	3,581	83,118
03/24/2018	0.039687	0.053500	0.026446	0.040244	1,607	83,082
03/23/2018	0.051338	0.051338	0.035931	0.039284	859	107,472
03/22/2018	0.042957	0.054354	0.036828	0.051339	16	89,927
03/21/2018	0.064492	0.065026	0.032054	0.043013	1,668	135,008
03/20/2018	0.045171	0.066371	0.040602	0.064375	111	94,561
03/19/2018	0.053536	0.063535	0.030145	0.044810	1,039	112,073
03/18/2018	0.040709	0.053751	0.027497	0.053751	1	85,220
03/17/2018	0.030011	0.052107	0.029341	0.040761	1,276	62,826
03/16/2018	0.061820	0.072834	0.029962	0.029962	360	129,416
03/15/2018	0.051281	0.062191	0.042475	0.061886	1,369	107,352
03/14/2018	0.048933	0.058828	0.047022	0.051266	2,268	102,437
03/13/2018	0.060553	0.065315	0.048256	0.048918	275	126,763
03/12/2018	0.080554	0.082009	0.040632	0.060759	2,405	168,634
03/11/2018	0.078492	0.082091	0.078136	0.080809	1,681	164,316
03/10/2018	0.059661	0.079549	0.057093	0.078801	5	124,896
03/09/2018	0.079870	0.080845	0.034943	0.059636	629	167,201
03/08/2018	0.066601	0.084724	0.056212	0.080375	2,128	139,423
03/07/2018	0.105367	0.106730	0.060812	0.066701	3,636	220,577
03/06/2018	0.080384	0.107926	0.054370	0.105438	1,469	168,277
03/05/2018	0.109395	0.110327	0.050212	0.080573	4,030	229,010
03/04/2018	0.123669	0.123720	0.106520	0.109416	4,414	258,892
03/03/2018	0.102472	0.123940	0.066800	0.123804	137	214,517
03/02/2018	0.075907	0.108247	0.075907	0.102575	5,167	158,905
03/01/2018	0.100611	0.106412	0.075517	0.076103	23	210,621
02/28/2018	0.085379	0.126430	0.083468	0.100493	3,237	178,735
02/27/2018	0.091758	0.124617	0.084205	0.085479	353	192,087
02/26/2018	0.132313	0.134657	0.091499	0.091499	3,693	276,986
02/25/2018	0.081873	0.132225	0.070768	0.132225	1,513	171,395
02/24/2018	0.096961	0.108874	0.071162	0.082035	259	202,980
02/23/2018	0.071868	0.110248	0.070094	0.097051	4,148	150,449
02/22/2018	0.097659	0.112093	0.071812	0.071935	427	204,442
02/21/2018	0.113903	0.123466	0.069643	0.097780	7,105	238,446
02/20/2018	0.120710	0.124229	0.113161	0.114044	5,101	252,697
02/19/2018	0.086632	0.121376	0.085033	0.120603	2,923	181,358
02/18/2018	0.091693	0.116022	0.086828	0.087032	46	191,951
02/17/2018	0.106966	0.115760	0.088053	0.091581	1,049	223,925
02/16/2018	0.117932	0.117932	0.059688	0.106934	695	246,881
02/15/2018	0.076006	0.121722	0.075087	0.118033	874	159,111
02/14/2018	0.084551	0.097858	0.074317	0.075964	774	177,000
02/13/2018	0.109473	0.109939	0.082265	0.084742	103	229,174
02/12/2018	0.103923	0.113411	0.082678	0.109281	7,220	217,555
02/11/2018	0.093289	0.108688	0.057409	0.103265	36	195,293
02/10/2018	0.111264	0.115188	0.089320	0.093369	635	232,921
02/09/2018	0.096768	0.111526	0.058551	0.111186	385	202,576
02/08/2018	0.091004	0.104469	0.091004	0.096547	3,859	190,509
02/07/2018	0.087138	0.100717	0.067578	0.091294	2,293	182,416
02/06/2018	0.065794	0.090671	0.042211	0.087755	6,177	137,734
02/05/2018	0.075461	0.090416	0.063778	0.065600	110	157,972
02/04/2018	0.101483	0.102200	0.074324	0.076200	437	212,446
02/03/2018	0.135576	0.135727	0.084121	0.101483	3,584	283,818
02/02/2018	0.087399	0.145035	0.067888	0.134977	1,592	182,962
02/01/2018	0.121419	0.126367	0.085978	0.087626	5,416	254,182
01/31/2018	0.096505	0.124382	0.096226	0.121177	2,052	202,027
01/30/2018	0.136889	0.139153	0.090994	0.096301	3,271	286,567
01/29/2018	0.132979	0.160831	0.103657	0.136839	14,348	278,382
01/28/2018	0.100457	0.164841	0.088045	0.133136	2,042	210,298
01/27/2018	0.129953	0.165069	0.099515	0.099872	2,777	272,046
01/26/2018	0.167285	0.170791	0.126300	0.130021	7,368	350,197
01/25/2018	0.145024	0.169912	0.081046	0.167777	4,814	303,596
01/24/2018	0.154287	0.162433	0.133874	0.143091	6,871	322,988
01/23/2018	0.159034	0.171293	0.109785	0.155428	8,284	332,926
01/22/2018	0.168588	0.172267	0.099529	0.159390	8,375	352,926
01/21/2018	0.164627	0.205230	0.116886	0.167255	10,978	344,633
01/20/2018	0.192075	0.349861	0.164231	0.164250	4,478	402,095
01/19/2018	0.213332	0.220326	0.187564	0.190816	2,251	446,594
01/18/2018	0.199818	0.226055	0.139579	0.215257	4,248	418,304
01/17/2018	0.113163	0.208450	0.109078	0.197913	7,824	236,898
01/16/2018	0.244585	0.244937	0.080448	0.113659	6,473	512,020
01/15/2018	0.243841	0.270946	0.162482	0.244203	5,804	510,463
01/14/2018	0.274278	0.274278	0.134865	0.244592	3,522	574,179
01/13/2018	0.243279	0.287379	0.243279	0.274063	2,016	509,286
01/12/2018	0.238299	0.263047	0.199857	0.243412	2,220	498,860
01/11/2018	0.347986	0.367868	0.197262	0.236278	6,108	728,480
01/10/2018	0.204028	0.374127	0.199910	0.348701	19,274	427,116
01/09/2018	0.182389	0.538870	0.175338	0.203836	6,030	381,818
01/08/2018	0.174475	0.223470	0.157559	0.182901	6,220	365,251
01/07/2018	0.177553	0.225313	0.152703	0.173125	10,893	371,694
01/06/2018	0.156225	0.203818	0.150027	0.177641	7,610	327,044
01/05/2018	0.186206	0.189725	0.128575	0.155575	4,276	389,808
01/04/2018	0.199522	0.204102	0.113593	0.186761	5,761	417,684
01/03/2018	0.193488	0.200709	0.145783	0.199193	3,664	405,052
01/02/2018	0.143737	0.326535	0.139839	0.192807	11,354	300,903
01/01/2018	0.089193	0.221908	0.088481	0.143453	12,435	186,718
12/31/2017	0.126447	0.129315	0.085369	0.089260	6,273	264,706
12/30/2017	0.148952	0.148952	0.094693	0.127600	6,993	311,819
12/29/2017	0.126282	0.162863	0.108196	0.149056	13,149	264,362
12/28/2017	0.153183	0.165777	0.124126	0.125157	10,670	320,677
12/27/2017	0.181560	0.200529	0.114713	0.153426	11,881	380,081
12/26/2017	0.201190	0.207705	0.145988	0.181232	10,879	421,175
12/25/2017	0.204286	0.261892	0.122447	0.201160	8,267	427,657
12/24/2017	0.132766	0.482492	0.116149	0.202486	4,762	277,936
12/23/2017	0.086052	0.178906	0.085070	0.131222	11,092	180,143
12/22/2017	0.074762	0.160561	0.069193	0.085284	7,700	156,509
12/21/2017	0.135229	0.138835	0.074166	0.074488	1,089	283,090
12/20/2017	0.178673	0.178673	0.072235	0.134896	6,669	374,038
12/19/2017	0.101218	0.442529	0.101218	0.178861	15,627	211,892
12/18/2017	0.119375	0.384588	0.076522	0.101179	10,653	249,903
12/17/2017	0.068016	0.124059	0.064882	0.119493	30,084	142,386
12/16/2017	0.102059	0.130991	0.067627	0.067868	678	213,653
12/15/2017	0.071123	0.112622	0.071114	0.101887	32,925	148,890
12/14/2017	0.090873	0.108866	0.060593	0.071019	2,658	190,237
12/13/2017	0.076913	0.106867	0.072103	0.091019	29,112	161,012
12/12/2017	0.071248	0.079502	0.069199	0.076858	25,469	149,152
12/11/2017	0.051454	0.091852	0.051359	0.071690	11,350	107,715
12/10/2017	0.054727	0.059548	0.045804	0.051534	27,538	114,567
12/09/2017	0.047429	0.057210	0.039219	0.054539	35,550	99,289
12/08/2017	0.026848	0.049934	0.024565	0.047430	3,042	56,205
12/07/2017	0.033760	0.043652	0.025805	0.026808	1,556	70,675
12/06/2017	0.164013	0.177965	0.033195	0.033878	890	343,348
12/05/2017	0.107228	0.210960	0.036440	0.164300	3,582	224,474
12/04/2017	0.039243	0.107173	0.039004	0.107173	43,003	82,152
12/03/2017	0.093998	0.095337	0.038691	0.040066	3,917	196,778
12/02/2017	0.040118	0.094388	0.030982	0.093955	21,264	83,984
12/01/2017	0.039291	0.049992	0.032484	0.040126	3,565	82,252
11/30/2017	0.081708	0.131051	0.038767	0.039392	8,195	171,049
11/29/2017	0.100595	0.122513	0.039676	0.080675	18,469	210,588
11/28/2017	0.033476	0.275445	0.033476	0.100515	49,369	70,078
11/27/2017	0.069003	0.069559	0.033520	0.033520	27,300	144,452
11/26/2017	0.067436	0.069081	0.035895	0.069020	36,801	141,171
11/25/2017	0.038697	0.184771	0.038697	0.067441	28,051	81,010
11/24/2017	0.024440	0.041195	0.023970	0.038704	26,193	51,164
11/23/2017	0.028776	0.053061	0.021233	0.024563	84,307	60,240
11/22/2017	0.022723	0.055076	0.018284	0.028710	31,154	-
11/21/2017	0.037494	0.049568	0.021173	0.022689	17,327	-
11/20/2017	0.077705	0.077744	0.037548	0.037548	4,162	-
11/19/2017	0.034663	0.078179	0.034544	0.077583	69,055	-
11/18/2017	0.047615	0.072559	0.013219	0.035674	18,905	-
11/17/2017	0.078121	0.197379	0.045492	0.051983	30,112	-
11/16/2017	0.043502	0.154371	0.043269	0.092999	54,589	-
