Date	Open	High	Low	Close	Volume	Market Cap
07/15/2018	0.010256	0.010422	0.009832	0.010187	2,370,270	-
07/14/2018	0.010569	0.010750	0.010113	0.010202	974,353	-
07/13/2018	0.009789	0.010956	0.009788	0.010569	764,935	-
07/12/2018	0.010064	0.010212	0.009529	0.009902	671,563	-
07/11/2018	0.009407	0.010408	0.009243	0.010067	727,245	-
07/10/2018	0.010985	0.011012	0.009363	0.009404	268,132	-
07/09/2018	0.011483	0.011733	0.010795	0.010994	336,176	-
07/08/2018	0.009816	0.011815	0.009745	0.011665	769,091	-
07/07/2018	0.009843	0.010033	0.009488	0.009809	165,980	-
07/06/2018	0.009056	0.009990	0.009020	0.009850	285,831	-
07/05/2018	0.009175	0.009373	0.008952	0.009059	179,548	-
07/04/2018	0.009065	0.009826	0.008823	0.009144	199,746	-
07/03/2018	0.009154	0.009938	0.009053	0.009058	326,244	-
07/02/2018	0.009094	0.009231	0.008822	0.009147	89,000	-
