Date	Open	High	Low	Close	Volume	Market Cap
07/15/2018	0.568184	0.619152	0.558208	0.598844	10,848,700	142,046,000
07/14/2018	0.569492	0.590842	0.565450	0.581881	10,380,300	142,373,000
07/13/2018	0.568407	0.584084	0.559575	0.567850	12,572,100	142,102,000
07/12/2018	0.579944	0.581466	0.537791	0.555975	11,784,400	144,986,000
07/11/2018	0.553807	0.602353	0.531099	0.579888	14,381,300	138,452,000
07/10/2018	0.651185	0.651185	0.547440	0.547440	16,183,700	162,796,000
07/09/2018	0.668582	0.710798	0.650675	0.655497	16,437,800	167,146,000
07/08/2018	0.707071	0.718696	0.659352	0.679733	12,333,900	176,768,000
07/07/2018	0.692438	0.703914	0.636707	0.699567	14,655,000	173,110,000
07/06/2018	0.739592	0.746340	0.648544	0.693684	17,086,600	184,898,000
07/05/2018	0.768367	0.816713	0.693310	0.730113	20,402,900	192,092,000
07/04/2018	0.758932	0.821358	0.704295	0.767512	35,317,100	189,733,000
07/03/2018	0.750642	0.814481	0.694117	0.757817	41,431,000	187,660,000
07/02/2018	0.634131	0.768373	0.599811	0.762280	31,233,000	158,533,000
07/01/2018	0.630801	0.646539	0.582920	0.634592	24,554,000	157,700,000
06/30/2018	0.557152	0.645143	0.557152	0.628661	31,461,200	139,288,000
06/29/2018	0.497884	0.554378	0.487962	0.554378	15,583,600	124,471,000
06/28/2018	0.540901	0.548127	0.492755	0.506133	12,435,100	135,225,000
06/27/2018	0.513928	0.553956	0.500438	0.542241	12,814,600	128,482,000
06/26/2018	0.525183	0.554732	0.515028	0.515535	13,761,100	131,296,000
06/25/2018	0.503011	0.549470	0.486709	0.528235	13,274,600	125,753,000
06/24/2018	0.530598	0.551298	0.459461	0.503876	11,246,200	132,650,000
06/23/2018	0.538756	0.567727	0.510610	0.539680	9,594,220	134,689,000
06/22/2018	0.659557	0.667239	0.530574	0.538726	16,997,200	164,889,000
06/21/2018	0.682936	0.709101	0.652173	0.655812	10,522,600	170,734,000
06/20/2018	0.683123	0.705371	0.647948	0.683768	11,804,700	170,781,000
06/19/2018	0.713653	0.717408	0.673889	0.682957	14,366,300	178,413,000
06/18/2018	0.679913	0.713104	0.650223	0.712195	13,972,200	169,978,000
06/17/2018	0.713946	0.721894	0.683172	0.693786	11,233,400	178,487,000
06/16/2018	0.696373	0.726756	0.683395	0.708149	11,629,300	174,093,000
06/15/2018	0.686646	0.739303	0.666719	0.685285	16,029,600	171,662,000
06/14/2018	0.671654	0.717913	0.647164	0.693614	15,101,600	167,914,000
06/13/2018	0.698906	0.707066	0.622137	0.663637	14,761,400	174,727,000
06/12/2018	0.793975	0.800661	0.685836	0.696955	15,313,100	198,494,000
06/11/2018	0.788397	0.805097	0.732356	0.793171	14,582,800	197,099,000
06/10/2018	0.947548	0.947548	0.755576	0.795474	21,317,200	236,887,000
06/09/2018	1.01	1.03	0.960699	0.960699	19,749,400	253,041,000
06/08/2018	1.05	1.08	0.992387	1.01	22,175,100	262,729,000
06/07/2018	1.03	1.08	1.02	1.05	23,001,200	258,299,000
06/06/2018	1.07	1.07	0.999086	1.02	18,434,200	267,155,000
06/05/2018	1.04	1.07	0.984589	1.06	25,619,100	258,904,000
06/04/2018	1.13	1.15	1.01	1.04	25,511,200	282,023,000
06/03/2018	1.12	1.18	1.11	1.12	27,424,000	280,276,000
06/02/2018	1.07	1.17	1.06	1.12	35,777,900	267,773,000
06/01/2018	1.03	1.08	1.03	1.07	31,583,200	258,697,000
05/31/2018	1.01	1.08	0.998447	1.03	34,958,000	251,628,000
05/30/2018	0.990012	1.02	0.946413	1.02	33,128,100	247,503,000
05/29/2018	0.887839	1.02	0.874404	0.985599	39,317,400	221,960,000
05/28/2018	1.01	1.05	0.887874	0.893659	36,406,500	253,153,000
05/27/2018	1.03	1.03	0.995972	1.02	29,528,500	257,684,000
05/26/2018	1.03	1.07	1.02	1.02	25,735,600	256,381,000
05/25/2018	1.06	1.08	1.01	1.02	33,956,600	264,794,000
05/24/2018	0.988821	1.08	0.966351	1.06	53,145,200	247,205,000
05/23/2018	1.16	1.19	0.986201	1.00	50,302,000	290,378,000
05/22/2018	1.29	1.29	1.15	1.17	39,102,600	322,844,000
05/21/2018	1.36	1.37	1.25	1.29	51,898,800	340,372,000
05/20/2018	1.32	1.41	1.31	1.36	64,625,200	330,571,000
05/19/2018	1.18	1.39	1.15	1.32	88,040,400	295,198,000
05/18/2018	1.17	1.21	1.12	1.18	54,364,800	293,260,000
05/17/2018	1.28	1.34	1.16	1.17	45,943,800	320,263,000
05/16/2018	1.36	1.39	1.25	1.28	55,270,300	340,742,000
05/15/2018	1.39	1.57	1.35	1.36	59,387,300	348,189,000
05/14/2018	1.44	1.44	1.30	1.39	45,920,300	358,819,000
05/13/2018	1.31	1.47	1.28	1.43	46,982,900	326,529,000
05/12/2018	1.39	1.44	1.21	1.31	85,852,600	347,875,000
05/11/2018	1.59	1.73	1.39	1.39	100,126,000	397,993,000
05/10/2018	1.58	1.81	1.56	1.60	77,173,700	394,622,000
05/09/2018	1.55	1.64	1.43	1.58	58,301,800	386,794,000
05/08/2018	1.61	1.64	1.51	1.55	45,552,500	401,348,000
05/07/2018	1.71	1.71	1.52	1.60	53,978,000	426,519,000
05/06/2018	1.80	1.80	1.56	1.71	61,683,200	450,883,000
05/05/2018	1.72	1.83	1.69	1.81	74,476,900	429,117,000
05/04/2018	1.82	1.83	1.67	1.72	80,963,600	455,568,000
05/03/2018	1.98	1.99	1.80	1.83	103,411,000	495,652,000
05/02/2018	2.07	2.08	1.92	1.98	131,963,000	516,993,000
05/01/2018	1.91	2.10	1.66	2.07	222,883,000	476,668,000
04/30/2018	1.83	2.12	1.83	1.90	278,497,000	457,917,000
04/29/2018	1.51	1.82	1.49	1.82	194,350,000	378,507,000
04/28/2018	1.13	1.57	1.12	1.52	131,744,000	282,712,000
04/27/2018	1.14	1.18	1.11	1.14	40,663,300	284,529,000
04/26/2018	1.02	1.14	0.981134	1.13	57,091,300	254,326,000
04/25/2018	1.20	1.20	0.992587	1.01	57,751,100	299,227,000
04/24/2018	1.15	1.24	1.15	1.20	82,389,600	287,868,000
04/23/2018	1.16	1.18	1.15	1.15	56,586,100	288,808,000
04/22/2018	1.08	1.26	1.06	1.16	80,399,800	269,205,000
04/21/2018	1.17	1.17	1.00	1.08	57,858,700	292,065,000
04/20/2018	1.14	1.18	1.09	1.17	66,041,200	284,618,000
04/19/2018	1.11	1.17	1.07	1.14	101,685,000	278,543,000
04/18/2018	0.999255	1.08	0.997427	1.07	69,573,400	249,814,000
04/17/2018	1.03	1.05	0.987230	1.00	60,370,300	256,646,000
04/16/2018	1.00	1.03	0.979117	1.02	69,415,200	251,176,000
04/15/2018	0.962629	1.02	0.962629	1.01	54,371,700	240,657,000
04/14/2018	0.992818	1.03	0.942066	0.962054	56,417,600	248,204,000
04/13/2018	1.05	1.16	0.988126	1.01	77,411,200	262,535,000
04/12/2018	0.895460	1.23	0.892582	1.04	180,392,000	223,865,000
04/11/2018	0.831055	0.923656	0.785815	0.895058	59,353,800	207,764,000
04/10/2018	0.588799	0.877466	0.586568	0.833638	84,339,100	147,200,000
04/09/2018	0.618818	0.647615	0.578653	0.588390	28,629,400	154,705,000
04/08/2018	0.615820	0.661727	0.615820	0.618629	32,816,400	153,955,000
04/07/2018	0.532529	0.637333	0.531680	0.615048	34,222,900	133,132,000
04/06/2018	0.529857	0.557660	0.514701	0.532387	26,552,800	132,464,000
04/05/2018	0.519436	0.555189	0.498126	0.532339	26,610,500	129,859,000
04/04/2018	0.574993	0.577777	0.516171	0.519557	24,394,600	143,748,000
04/03/2018	0.522738	0.582099	0.521844	0.573269	26,770,000	130,685,000
04/02/2018	0.522115	0.542652	0.509624	0.522643	25,571,000	130,529,000
04/01/2018	0.526082	0.552591	0.493327	0.520976	24,058,100	131,521,000
03/31/2018	0.525823	0.552837	0.517759	0.525598	25,584,600	131,456,000
03/30/2018	0.522461	0.546757	0.492118	0.525691	20,743,700	130,615,000
03/29/2018	0.624958	0.636655	0.517059	0.524309	22,915,900	156,239,000
03/28/2018	0.578789	0.681059	0.575096	0.624918	25,472,800	144,697,000
03/27/2018	0.622327	0.631210	0.568025	0.578784	16,630,900	155,582,000
03/26/2018	0.710636	0.713031	0.582296	0.622753	13,005,000	177,659,000
03/25/2018	0.719066	0.742352	0.684462	0.709736	14,295,000	179,766,000
03/24/2018	0.654799	0.770869	0.651368	0.731061	18,501,700	163,700,000
03/23/2018	0.652263	0.657815	0.583741	0.642296	14,613,900	163,066,000
03/22/2018	0.632848	0.711508	0.618155	0.652889	17,009,700	158,212,000
03/21/2018	0.641266	0.690965	0.629031	0.632073	17,904,300	160,316,000
03/20/2018	0.607766	0.644750	0.551954	0.640377	24,228,500	151,941,000
03/19/2018	0.537156	0.609163	0.524838	0.603760	25,025,200	134,289,000
03/18/2018	0.565561	0.565561	0.449141	0.539053	27,851,100	141,390,000
03/17/2018	0.644676	0.655808	0.565815	0.567139	25,739,600	161,169,000
03/16/2018	0.611637	0.694855	0.595975	0.646726	28,086,400	152,909,000
03/15/2018	0.620705	0.625762	0.570266	0.612062	24,670,700	155,176,000
03/14/2018	0.715883	0.731234	0.614109	0.620355	22,284,000	178,971,000
03/13/2018	0.740131	0.761007	0.702169	0.715451	22,349,700	185,033,000
03/12/2018	0.827092	0.841990	0.715360	0.740314	27,973,600	206,773,000
03/11/2018	0.732101	0.832152	0.705816	0.824743	7,540,380	183,025,000
03/10/2018	0.780841	0.806842	0.727071	0.734671	8,459,810	195,210,000
03/09/2018	0.761425	0.779126	0.668532	0.778698	9,455,240	190,356,000
03/08/2018	0.896979	0.951951	0.752413	0.765298	19,427,600	224,245,000
03/07/2018	1.10	1.11	0.854094	0.899260	16,407,700	275,210,000
03/06/2018	1.20	1.20	1.10	1.10	15,948,700	298,814,000
03/05/2018	1.20	1.24	1.19	1.20	11,065,100	299,481,000
03/04/2018	1.26	1.32	1.20	1.20	17,736,900	314,605,000
03/03/2018	1.16	1.28	1.16	1.26	14,035,500	290,880,000
03/02/2018	1.16	1.19	1.14	1.16	11,975,500	289,525,000
03/01/2018	1.11	1.17	1.07	1.16	13,889,600	276,789,000
02/28/2018	1.18	1.20	1.11	1.11	11,133,600	293,916,000
02/27/2018	1.20	1.28	1.16	1.18	16,407,700	298,959,000
02/26/2018	1.18	1.21	1.12	1.19	13,658,300	295,722,000
02/25/2018	1.23	1.25	1.16	1.18	10,710,300	308,159,000
02/24/2018	1.32	1.36	1.20	1.23	14,462,300	329,102,000
02/23/2018	1.25	1.32	1.22	1.32	18,534,900	313,510,000
02/22/2018	1.30	1.43	1.23	1.26	15,460,500	325,252,000
02/21/2018	1.45	1.51	1.29	1.30	15,763,500	361,489,000
02/20/2018	1.58	1.59	1.45	1.45	19,347,700	394,335,000
02/19/2018	1.47	1.58	1.44	1.57	17,262,600	368,607,000
02/18/2018	1.49	1.61	1.35	1.48	25,955,400	372,369,000
02/17/2018	1.41	1.53	1.39	1.49	18,496,700	351,712,000
02/16/2018	1.43	1.46	1.36	1.41	18,476,700	357,974,000
02/15/2018	1.32	1.46	1.27	1.43	23,015,500	329,031,000
02/14/2018	1.14	1.34	1.14	1.32	18,454,700	285,406,000
02/13/2018	1.19	1.20	1.13	1.14	20,446,200	297,906,000
02/12/2018	1.13	1.23	1.13	1.19	35,150,000	283,647,000
02/11/2018	1.22	1.22	1.11	1.13	35,072,900	304,540,000
02/10/2018	1.35	1.40	1.18	1.22	40,916,500	337,195,000
02/09/2018	1.29	1.39	1.16	1.35	41,205,000	321,665,000
02/08/2018	1.18	1.34	1.18	1.28	32,603,300	295,242,000
02/07/2018	1.29	1.39	1.12	1.19	43,931,000	321,428,000
02/06/2018	1.07	1.29	0.870933	1.29	42,383,700	268,148,000
02/05/2018	1.37	1.39	0.982856	1.07	34,179,900	343,232,000
02/04/2018	1.63	1.67	1.28	1.39	49,945,300	407,899,000
02/03/2018	1.59	1.70	1.45	1.63	75,581,900	396,981,000
02/02/2018	1.70	1.71	1.25	1.59	93,876,100	424,721,000
02/01/2018	1.94	2.16	1.59	1.70	185,272,000	484,419,000
01/31/2018	1.75	2.02	1.65	1.93	175,035,000	436,381,000
01/30/2018	2.07	2.20	1.69	1.74	131,353,000	518,172,000
01/29/2018	1.99	2.10	1.97	2.10	146,345,000	497,286,000
01/28/2018	1.97	2.16	1.96	1.99	147,646,000	491,876,000
01/27/2018	2.09	2.09	1.88	1.95	149,428,000	521,440,000
01/26/2018	2.29	2.29	1.87	2.09	200,738,000	572,016,000
01/25/2018	1.79	2.51	1.78	2.29	306,731,000	448,396,000
01/24/2018	1.42	2.03	1.37	1.80	176,701,000	355,747,000
01/23/2018	1.43	1.55	1.25	1.43	95,158,000	357,176,000
01/22/2018	1.60	1.62	1.30	1.43	90,484,300	399,582,000
01/21/2018	1.98	2.00	1.44	1.58	98,559,500	494,145,000
01/20/2018	1.62	2.10	1.57	1.98	73,716,000	406,094,000
01/19/2018	1.37	1.66	1.28	1.63	110,191,000	342,737,000
01/18/2018	1.30	1.48	1.21	1.38	100,792,000	324,423,000
01/17/2018	1.08	1.37	0.970328	1.29	77,727,200	269,749,000
01/16/2018	1.36	1.38	0.911486	1.09	81,588,400	340,288,000
01/15/2018	1.66	1.67	1.34	1.36	87,526,600	416,048,000
01/14/2018	1.82	1.86	1.46	1.67	87,942,000	455,303,000
01/13/2018	1.90	2.02	1.74	1.83	110,863,000	476,032,000
01/12/2018	2.02	2.20	1.86	1.90	92,879,000	504,878,000
01/11/2018	2.08	2.15	1.68	2.01	125,951,000	520,760,000
01/10/2018	2.44	2.47	1.85	2.08	144,928,000	610,478,000
01/09/2018	2.17	2.60	2.12	2.44	190,281,000	542,299,000
01/08/2018	2.34	2.72	1.83	2.16	193,158,000	585,616,000
01/07/2018	1.98	2.77	1.87	2.40	257,381,000	493,859,000
01/06/2018	1.65	2.26	1.65	1.98	142,120,000	413,172,000
01/05/2018	1.78	2.28	1.55	1.65	145,088,000	445,130,000
01/04/2018	1.43	1.96	1.24	1.83	175,774,000	358,146,000
01/03/2018	1.05	1.44	1.05	1.44	112,121,000	262,889,000
01/02/2018	1.04	1.11	0.995650	1.05	94,632,300	260,965,000
01/01/2018	0.993784	1.11	0.928899	1.05	102,594,000	248,446,000
12/31/2017	0.878205	1.03	0.853780	1.00	125,966,000	219,551,000
12/30/2017	1.01	1.01	0.825994	0.886015	73,298,200	252,612,000
12/29/2017	0.979257	1.06	0.951049	1.01	104,384,000	244,814,000
12/28/2017	1.09	1.09	0.889613	0.968674	83,430,600	271,496,000
12/27/2017	1.16	1.17	0.956591	1.09	101,350,000	-
12/26/2017	1.07	1.18	1.06	1.16	96,674,400	-
12/25/2017	1.04	1.13	1.01	1.08	141,999,000	-
12/24/2017	1.11	1.16	0.909639	1.03	109,527,000	-
12/23/2017	0.814893	1.35	0.814893	1.10	146,587,000	-
12/22/2017	1.12	1.14	0.632825	0.808838	47,206,300	-
12/21/2017	1.10	1.14	1.04	1.12	83,836,700	-
