Date	Open	High	Low	Close	Volume	Market Cap
07/15/2018	0.182498	0.200254	0.167685	0.197468	10,285	5,826,810
07/14/2018	0.194387	0.203702	0.178808	0.182591	8,982	6,206,410
07/13/2018	0.170475	0.196242	0.169986	0.194731	32,780	5,442,940
07/12/2018	0.181738	0.181738	0.159966	0.169262	8,839	5,802,550
07/11/2018	0.171383	0.186843	0.167544	0.181769	7,104	5,471,930
07/10/2018	0.199572	0.207221	0.171242	0.171377	15,639	6,371,950
07/09/2018	0.209845	0.224680	0.199384	0.199716	6,535	6,699,950
07/08/2018	0.208220	0.216789	0.203304	0.209887	6,729	6,648,070
07/07/2018	0.212249	0.212548	0.199098	0.208395	4,518	6,776,710
07/06/2018	0.224999	0.227084	0.204369	0.212608	6,265	7,183,790
07/05/2018	0.211723	0.234690	0.206145	0.225048	21,267	6,759,910
07/04/2018	0.194306	0.221683	0.181996	0.211172	12,425	6,203,820
07/03/2018	0.157194	0.207757	0.155834	0.194341	19,894	5,018,910
07/02/2018	0.151199	0.163100	0.145170	0.157755	5,342	4,827,500
07/01/2018	0.161360	0.161360	0.140244	0.151149	5,929	5,151,920
06/30/2018	0.122011	0.161981	0.122011	0.161290	19,205	3,895,580
06/29/2018	0.122999	0.129709	0.112364	0.121944	13,311	3,927,120
06/28/2018	0.125764	0.127009	0.116024	0.122933	8,347	4,015,410
06/27/2018	0.126679	0.135642	0.109519	0.125659	9,109	4,044,620
06/26/2018	0.132230	0.134259	0.124629	0.126779	3,922	4,221,840
06/25/2018	0.122215	0.143876	0.121792	0.132230	6,362	3,901,880
06/24/2018	0.138584	0.138889	0.113072	0.122529	8,361	4,424,490
06/23/2018	0.127480	0.141588	0.127306	0.139766	10,582	4,069,990
06/22/2018	0.151365	0.152357	0.126575	0.128229	13,074	4,832,570
06/21/2018	0.168571	0.168905	0.132140	0.151391	45,100	5,379,280
06/20/2018	0.170408	0.178020	0.151112	0.168560	6,940	5,437,900
06/19/2018	0.180646	0.188318	0.168728	0.170347	9,537	5,764,590
06/18/2018	0.174639	0.187496	0.170974	0.180842	16,368	5,572,890
06/17/2018	0.174873	0.182318	0.168063	0.175127	8,402	5,580,360
06/16/2018	0.177006	0.184666	0.163349	0.174596	9,632	5,642,790
06/15/2018	0.207567	0.207964	0.173253	0.177609	15,388	6,607,160
06/14/2018	0.168449	0.223902	0.150804	0.207811	38,768	5,361,970
06/13/2018	0.206578	0.206629	0.165593	0.168412	26,755	6,575,350
06/12/2018	0.212228	0.223902	0.199764	0.205973	13,447	6,743,440
06/11/2018	0.223608	0.234402	0.208492	0.212300	23,216	7,105,050
06/10/2018	0.254027	0.254437	0.213904	0.224394	19,861	8,071,570
06/09/2018	0.281804	0.281997	0.244757	0.253668	37,734	8,954,190
06/08/2018	0.289605	0.325643	0.259661	0.281876	34,721	9,201,150
06/07/2018	0.262955	0.324793	0.262478	0.290298	34,561	8,354,440
06/06/2018	0.243001	0.271582	0.237738	0.262864	9,809	7,720,460
06/05/2018	0.249656	0.252601	0.237041	0.243129	9,389	7,931,890
06/04/2018	0.276131	0.276371	0.226264	0.249594	25,897	8,772,610
06/03/2018	0.281813	0.296794	0.267546	0.276134	16,841	8,953,120
06/02/2018	0.284724	0.293434	0.274768	0.281910	10,518	9,045,590
06/01/2018	0.271552	0.309973	0.268122	0.284829	20,073	8,627,140
05/31/2018	0.287436	0.298564	0.269604	0.271285	38,432	9,131,770
05/30/2018	0.294544	0.319811	0.275589	0.286161	29,319	9,357,600
05/29/2018	0.264723	0.301324	0.264723	0.294362	31,428	8,409,780
05/28/2018	0.306451	0.311204	0.264743	0.264988	24,541	9,735,400
05/27/2018	0.304167	0.333821	0.300101	0.306374	38,500	9,662,830
05/26/2018	0.309222	0.336915	0.297790	0.298816	43,652	9,823,430
05/25/2018	0.320534	0.334092	0.303314	0.309516	28,167	10,181,800
05/24/2018	0.317641	0.335822	0.303294	0.320047	27,997	10,089,400
05/23/2018	0.351867	0.353245	0.305067	0.318583	56,615	11,154,700
05/22/2018	0.397267	0.400276	0.351519	0.352377	58,484	12,593,900
05/21/2018	0.441732	0.442939	0.377787	0.398350	81,142	13,996,700
05/20/2018	0.421628	0.475409	0.413673	0.441177	42,056	13,356,500
05/19/2018	0.440168	0.462691	0.420039	0.421305	39,768	13,943,800
05/18/2018	0.446751	0.472873	0.431462	0.440218	73,831	14,143,300
05/17/2018	0.434643	0.490925	0.427213	0.446552	102,558	13,743,600
05/16/2018	0.421396	0.472367	0.396989	0.434273	108,093	13,311,600
05/15/2018	0.410282	0.453384	0.407981	0.424782	51,062	12,960,500
05/14/2018	0.370511	0.426857	0.358227	0.410950	80,770	11,703,000
05/13/2018	0.370348	0.382397	0.344038	0.372116	34,091	11,697,900
05/12/2018	0.391130	0.409250	0.356112	0.370726	36,990	12,354,300
05/11/2018	0.449530	0.449530	0.368726	0.392186	75,224	14,198,900
05/10/2018	0.421841	0.554358	0.418020	0.449066	75,553	13,324,300
05/09/2018	0.423639	0.440086	0.377890	0.421763	73,419	13,381,200
05/08/2018	0.406797	0.484031	0.372219	0.424263	135,810	12,844,700
05/07/2018	0.339546	0.426272	0.310710	0.405588	118,507	10,710,700
05/06/2018	0.355846	0.380466	0.334756	0.339273	30,362	11,224,900
05/05/2018	0.360340	0.407921	0.328545	0.362750	84,841	11,361,100
05/04/2018	0.321693	0.373811	0.316530	0.360362	56,524	10,136,600
05/03/2018	0.311531	0.366762	0.305158	0.322060	74,609	9,816,410
05/02/2018	0.280050	0.329380	0.273932	0.314251	90,842	8,824,430
05/01/2018	0.282886	0.287962	0.256399	0.280496	41,253	8,909,850
04/30/2018	0.280429	0.295422	0.265644	0.282569	46,496	8,832,450
04/29/2018	0.289801	0.307548	0.268447	0.280189	49,386	9,127,660
04/28/2018	0.284212	0.327026	0.283663	0.289867	23,014	8,951,600
04/27/2018	0.303159	0.333731	0.280198	0.285440	40,341	9,548,360
04/26/2018	0.289743	0.309162	0.274025	0.308445	49,766	9,125,810
04/25/2018	0.349039	0.373481	0.286997	0.287233	41,767	10,991,300
04/24/2018	0.331809	0.358529	0.318117	0.350887	60,162	10,448,700
04/23/2018	0.355016	0.365268	0.324035	0.331571	81,075	11,171,300
04/22/2018	0.316840	0.373244	0.316580	0.355823	44,270	9,970,030
04/21/2018	0.362500	0.397136	0.313852	0.316838	51,858	11,401,300
04/20/2018	0.316370	0.376131	0.288079	0.362374	61,068	9,950,380
04/19/2018	0.279494	0.315703	0.262261	0.310652	39,403	8,790,140
04/18/2018	0.275280	0.291568	0.244722	0.279289	178,590	8,657,610
04/17/2018	0.271308	0.307076	0.243478	0.275146	104,624	8,532,700
04/16/2018	0.269881	0.276289	0.248603	0.271197	21,545	8,487,830
04/15/2018	0.241912	0.283726	0.241912	0.269884	31,345	7,608,170
04/14/2018	0.242503	0.255885	0.232563	0.241722	19,408	7,626,770
04/13/2018	0.224099	0.256477	0.212435	0.242503	29,333	7,047,960
04/12/2018	0.205453	0.224786	0.192635	0.223800	17,794	6,458,410
04/11/2018	0.198448	0.207115	0.184511	0.206044	25,560	6,237,910
04/10/2018	0.161063	0.208465	0.154434	0.198204	50,359	5,062,760
04/09/2018	0.163653	0.171056	0.148705	0.160741	13,938	5,144,180
04/08/2018	0.170591	0.188838	0.163368	0.163368	12,588	5,362,240
04/07/2018	0.179138	0.189127	0.169734	0.170479	7,765	5,630,920
04/06/2018	0.174295	0.182549	0.166047	0.178970	12,796	5,478,700
04/05/2018	0.163594	0.180763	0.157302	0.175138	6,531	5,142,330
04/04/2018	0.174602	0.189081	0.161394	0.163563	23,209	5,488,060
04/03/2018	0.154900	0.180089	0.152011	0.174614	11,934	4,868,800
04/02/2018	0.149571	0.172051	0.126963	0.154779	40,846	4,701,300
04/01/2018	0.158722	0.165729	0.143130	0.148855	11,900	4,988,930
03/31/2018	0.160318	0.174967	0.155963	0.158719	8,585	5,039,100
03/30/2018	0.169233	0.178055	0.144350	0.160361	21,771	5,319,310
03/29/2018	0.195659	0.206000	0.165779	0.169684	11,037	6,149,940
03/28/2018	0.192501	0.209762	0.177942	0.195399	20,876	6,050,660
03/27/2018	0.201742	0.220165	0.189959	0.195867	18,684	6,341,130
03/26/2018	0.230437	0.232037	0.194940	0.202003	13,443	7,243,060
03/25/2018	0.221066	0.241726	0.211171	0.230670	15,152	6,948,540
03/24/2018	0.244617	0.255089	0.223910	0.223910	12,855	7,688,790
03/23/2018	0.244468	0.248129	0.224963	0.243870	17,378	7,684,090
03/22/2018	0.240627	0.252396	0.225302	0.239255	9,458	7,563,350
03/21/2018	0.235832	0.284331	0.226758	0.240839	42,333	7,412,650
03/20/2018	0.196939	0.246129	0.191202	0.235104	21,409	6,190,180
03/19/2018	0.206305	0.214380	0.191984	0.194893	18,053	6,481,460
03/18/2018	0.200521	0.207158	0.171302	0.207158	40,010	6,299,450
03/17/2018	0.220517	0.229272	0.192322	0.200976	18,471	6,927,640
03/16/2018	0.226608	0.230244	0.213324	0.220216	18,481	7,118,990
03/15/2018	0.204787	0.235447	0.197695	0.219583	32,259	6,430,410
03/14/2018	0.265260	0.266669	0.204140	0.204513	53,606	8,321,360
03/13/2018	0.282567	0.287053	0.258586	0.265201	19,836	8,864,280
03/12/2018	0.285610	0.333932	0.258887	0.284069	112,365	8,959,730
03/11/2018	0.235441	0.296992	0.223745	0.288436	22,064	7,385,910
03/10/2018	0.239725	0.269824	0.231904	0.233046	31,348	7,520,310
03/09/2018	0.261552	0.266313	0.188133	0.239650	128,269	8,205,030
03/08/2018	0.268093	0.288441	0.258109	0.262743	27,543	8,410,230
03/07/2018	0.287523	0.310470	0.255441	0.268485	59,645	9,019,760
03/06/2018	0.332109	0.335852	0.285312	0.287661	46,551	10,418,400
03/05/2018	0.301094	0.346868	0.295488	0.332726	52,189	9,440,950
03/04/2018	0.335266	0.349649	0.287859	0.301268	59,841	10,512,400
03/03/2018	0.353617	0.373571	0.261063	0.335781	46,894	11,087,800
03/02/2018	0.354947	0.400439	0.340830	0.353625	57,448	11,126,900
03/01/2018	0.340529	0.379382	0.328541	0.353536	84,401	10,674,900
02/28/2018	0.391289	0.391289	0.310327	0.344093	77,143	12,266,100
02/27/2018	0.382331	0.401189	0.358077	0.391659	64,945	11,985,300
02/26/2018	0.360673	0.403899	0.348032	0.398563	49,021	11,295,700
02/25/2018	0.358530	0.388618	0.338198	0.360236	75,449	11,228,600
02/24/2018	0.387544	0.395872	0.352002	0.359133	38,313	12,137,300
02/23/2018	0.361054	0.437220	0.342200	0.386725	61,500	11,307,600
02/22/2018	0.375056	0.411517	0.353896	0.361422	40,796	11,740,600
02/21/2018	0.448001	0.448001	0.358230	0.375474	102,270	14,019,500
02/20/2018	0.499689	0.510610	0.444671	0.448560	110,709	15,637,000
02/19/2018	0.506887	0.535291	0.491713	0.498676	71,283	15,861,500
02/18/2018	0.563462	0.580733	0.509057	0.509057	102,774	17,623,500
02/17/2018	0.486499	0.578992	0.480149	0.561122	138,772	15,216,300
02/16/2018	0.465068	0.524058	0.463152	0.486542	92,553	14,546,000
02/15/2018	0.474472	0.549676	0.429909	0.479816	152,025	14,833,200
02/14/2018	0.386784	0.474873	0.356964	0.473872	125,942	12,069,200
02/13/2018	0.379059	0.404144	0.328408	0.378632	109,131	11,828,100
02/12/2018	0.364944	0.421117	0.359408	0.378352	135,956	11,366,300
02/11/2018	0.393604	0.410253	0.359270	0.362738	55,252	12,258,900
02/10/2018	0.439429	0.459860	0.361861	0.409541	53,332	13,666,800
02/09/2018	0.393182	0.487380	0.358292	0.439199	114,073	12,211,200
02/08/2018	0.345513	0.457881	0.345404	0.392039	110,777	10,694,900
02/07/2018	0.402152	0.505593	0.340772	0.344997	144,237	12,442,300
02/06/2018	0.299353	0.415083	0.207981	0.412090	171,882	9,261,740
02/05/2018	0.332806	0.384331	0.234018	0.298795	105,466	10,296,800
02/04/2018	0.458479	0.478050	0.341661	0.341661	121,337	14,185,000
02/03/2018	0.418947	0.498287	0.383889	0.453730	108,236	12,961,900
02/02/2018	0.455068	0.457311	0.301051	0.417362	157,341	14,079,400
02/01/2018	0.532131	0.576198	0.419088	0.458008	152,348	16,463,700
01/31/2018	0.559262	0.606142	0.492369	0.530120	131,608	17,303,100
01/30/2018	0.678339	0.707461	0.487703	0.558350	263,660	20,987,300
01/29/2018	0.685731	0.763713	0.610150	0.679046	228,667	21,216,000
01/28/2018	0.742153	0.780325	0.692334	0.693308	267,478	22,960,600
01/27/2018	0.724053	0.846146	0.712368	0.738021	341,910	22,379,800
01/26/2018	0.673275	0.734528	0.617647	0.723191	153,628	20,810,300
01/25/2018	0.740945	0.770795	0.666577	0.671831	190,140	22,901,900
01/24/2018	0.665346	0.766189	0.603148	0.716029	256,174	20,565,200
01/23/2018	0.696786	0.728509	0.631675	0.665507	153,173	21,537,000
01/22/2018	0.768298	0.809853	0.638598	0.693259	231,420	23,746,300
01/21/2018	0.939995	0.941684	0.724072	0.759694	233,380	29,053,100
01/20/2018	0.808429	0.979702	0.789882	0.941860	399,435	24,986,700
01/19/2018	0.872092	0.969530	0.739130	0.794050	336,447	26,935,600
01/18/2018	0.867982	1.07	0.830812	0.878591	660,918	26,807,400
01/17/2018	0.971173	1.01	0.522057	0.862994	687,084	29,994,400
01/16/2018	1.16	1.23	0.772165	0.975776	969,307	35,844,300
01/15/2018	1.48	1.50	1.10	1.16	826,170	45,578,500
01/14/2018	1.29	1.71	1.10	1.45	1,303,900	39,989,800
01/13/2018	1.54	1.61	1.19	1.32	1,278,970	47,439,800
01/12/2018	1.48	1.77	1.33	1.47	1,296,330	45,855,100
01/11/2018	2.14	2.19	1.30	1.47	1,418,770	65,798,700
01/10/2018	2.38	2.47	1.82	2.19	1,805,580	72,945,700
01/09/2018	2.44	2.49	2.07	2.30	2,029,700	74,403,600
01/08/2018	2.11	2.46	1.66	2.46	2,680,790	64,027,000
01/07/2018	1.77	2.22	1.47	2.22	2,283,480	53,524,000
01/06/2018	1.70	1.79	1.49	1.72	2,183,210	51,308,000
01/05/2018	1.06	1.90	1.03	1.59	4,362,650	31,796,100
01/04/2018	0.955710	1.08	0.851591	1.03	1,160,040	28,743,300
01/03/2018	1.31	1.33	0.776657	0.973605	2,005,040	39,366,700
01/02/2018	0.951577	1.32	0.945673	1.31	1,870,530	27,973,300
01/01/2018	0.949874	0.976539	0.733337	0.941943	890,256	27,832,400
12/31/2017	0.806679	0.972283	0.771077	0.952647	594,980	23,396,700
12/30/2017	0.741595	0.901254	0.628646	0.856474	774,820	21,269,700
12/29/2017	0.483102	0.745377	0.449192	0.743257	912,305	13,637,400
12/28/2017	0.548573	0.549260	0.438903	0.457882	346,508	15,421,700
12/27/2017	0.528607	0.591065	0.478465	0.550751	645,719	14,785,500
12/26/2017	0.454079	0.578343	0.444306	0.534669	578,008	12,600,900
12/25/2017	0.375213	0.477653	0.343509	0.449004	463,378	10,339,100
12/24/2017	0.365735	0.408573	0.294545	0.371529	331,991	9,893,830
12/23/2017	0.233531	0.418137	0.233531	0.361639	467,383	6,264,340
12/22/2017	0.271294	0.279850	0.186653	0.231587	232,873	7,236,830
12/21/2017	0.273054	0.316985	0.249289	0.269233	223,139	7,256,430
12/20/2017	0.284817	0.288545	0.240441	0.272269	204,899	7,544,910
12/19/2017	0.267556	0.309237	0.261647	0.294499	296,348	7,076,360
12/18/2017	0.275026	0.288499	0.232631	0.271741	252,465	7,271,990
12/17/2017	0.221776	0.284737	0.208677	0.282844	227,913	5,860,870
12/16/2017	0.221181	0.243955	0.184711	0.221823	147,130	5,835,730
12/15/2017	0.214869	0.244257	0.209174	0.220874	213,341	5,654,080
12/14/2017	0.240428	0.256767	0.178718	0.214515	148,265	6,300,330
12/13/2017	0.250193	0.276189	0.208948	0.238472	142,586	6,549,200
12/12/2017	0.238580	0.277610	0.223529	0.250289	178,241	6,234,510
12/11/2017	0.187328	0.260385	0.186572	0.237949	127,251	4,887,890
12/10/2017	0.194615	0.248751	0.177343	0.188879	96,761	5,078,040
12/09/2017	0.234452	0.263319	0.185785	0.193850	87,508	6,110,280
12/08/2017	0.213925	0.244307	0.181361	0.234663	48,464	5,517,270
12/07/2017	0.222693	0.257149	0.185991	0.213439	138,475	5,743,280
12/06/2017	0.227010	0.261777	0.183513	0.223121	177,184	5,849,850
12/05/2017	0.237022	0.277269	0.216399	0.233794	222,560	6,079,760
12/04/2017	0.211849	0.237071	0.206364	0.236581	155,096	5,406,260
12/03/2017	0.159694	0.246706	0.150469	0.205722	392,486	3,994,010
12/02/2017	0.142158	0.159557	0.118729	0.159557	137,899	3,528,920
12/01/2017	0.101412	0.152473	0.093641	0.142268	194,396	2,505,880
11/30/2017	0.095001	0.111340	0.083092	0.109982	37,498	2,340,870
11/29/2017	0.090080	0.134268	0.082886	0.093590	119,156	2,210,600
11/28/2017	0.072848	0.090778	0.072848	0.090125	38,751	1,784,920
11/27/2017	0.062738	0.081195	0.062738	0.081075	28,381	1,536,190
11/26/2017	0.058461	0.068375	0.057891	0.062735	15,697	1,427,170
11/25/2017	0.056502	0.063077	0.050159	0.058476	22,211	1,378,510
11/24/2017	0.058380	0.062999	0.050891	0.056586	21,862	1,418,580
11/23/2017	0.058088	0.070019	0.058088	0.058522	37,452	1,406,660
11/22/2017	0.057551	0.062198	0.052272	0.058097	97,837	1,391,280
11/21/2017	0.052867	0.061507	0.050934	0.057420	29,068	1,272,940
11/20/2017	0.059132	0.059774	0.052865	0.052865	41,635	1,423,790
11/19/2017	0.060583	0.068309	0.058750	0.059167	14,455	1,451,810
11/18/2017	0.064022	0.069824	0.056126	0.060712	26,722	1,527,320
11/17/2017	0.055903	0.067286	0.050471	0.064231	44,667	1,331,940
11/16/2017	0.066262	0.067710	0.055931	0.055993	22,847	1,571,250
11/15/2017	0.057628	0.073577	0.056751	0.065955	24,312	1,362,560
11/14/2017	0.048523	0.058486	0.048523	0.057590	19,332	1,146,630
11/13/2017	0.058013	0.065924	0.047658	0.048451	19,016	1,364,510
11/12/2017	0.063341	0.068345	0.051900	0.057926	23,283	1,485,480
11/11/2017	0.072064	0.075145	0.061866	0.063374	16,703	1,686,090
11/10/2017	0.075393	0.086505	0.068086	0.072339	40,557	1,759,760
11/09/2017	0.078010	0.106292	0.072406	0.078605	64,382	1,800,210
11/08/2017	0.062501	0.078120	0.061747	0.078104	40,037	1,437,190
11/07/2017	0.063248	0.067590	0.057037	0.062661	20,677	1,449,360
11/06/2017	0.071970	0.078051	0.055799	0.063324	32,710	1,642,740
11/05/2017	0.051846	0.082057	0.049936	0.071819	53,058	1,180,670
11/04/2017	0.051620	0.061908	0.045157	0.051945	26,891	1,168,490
11/03/2017	0.041556	0.063009	0.028558	0.051751	63,403	934,886
11/02/2017	0.058080	0.068062	0.040944	0.041603	111,346	1,303,270
11/01/2017	0.057133	0.071299	0.055158	0.058012	50,313	1,279,690
10/31/2017	0.053668	0.070330	0.053651	0.057180	27,389	1,198,430
10/30/2017	0.061596	0.068961	0.052761	0.053830	33,768	1,372,210
10/29/2017	0.075794	0.081951	0.060226	0.061930	20,814	1,686,460
10/28/2017	0.071914	0.078789	0.064352	0.075864	26,068	1,595,640
10/27/2017	0.067465	0.075936	0.066421	0.071833	60,520	1,492,140
10/26/2017	0.065456	0.080081	0.065060	0.067451	108,187	1,444,000
10/25/2017	0.076855	0.078368	0.062407	0.065476	41,232	1,692,980
10/24/2017	0.069332	0.084701	0.065848	0.076896	43,493	1,515,000
10/23/2017	0.065809	0.075867	0.064643	0.069169	20,936	1,434,460
10/22/2017	0.070145	0.078355	0.065887	0.065911	27,564	1,523,760
10/21/2017	0.068253	0.083662	0.066147	0.070128	51,216	1,464,180
10/20/2017	0.081057	0.090621	0.067429	0.068394	38,713	1,733,370
10/19/2017	0.065154	0.088917	0.064550	0.081036	61,540	1,391,330
10/18/2017	0.072954	0.072957	0.056189	0.065665	27,017	1,554,950
10/17/2017	0.083341	0.083553	0.059014	0.072961	40,972	1,772,970
10/16/2017	0.084739	0.088739	0.059503	0.083280	54,618	1,798,170
10/15/2017	0.089635	0.095570	0.074968	0.078111	42,092	1,892,450
10/14/2017	0.081418	0.094650	0.073600	0.089464	72,388	1,705,660
10/13/2017	0.086462	0.101346	0.072635	0.081391	71,815	1,803,960
10/12/2017	0.096949	0.097225	0.075315	0.086217	81,503	1,912,080
10/11/2017	0.110012	0.114137	0.090432	0.093649	114,774	2,150,400
10/10/2017	0.076882	0.113351	0.060228	0.110240	135,852	1,478,350
10/09/2017	0.095595	0.108818	0.075123	0.076829	126,458	1,456,800
10/08/2017	0.103184	0.137933	0.079127	0.092499	278,089	1,572,450
10/07/2017	0.140518	0.140518	0.097556	0.103440	180,758	2,141,410
10/06/2017	0.175846	0.178195	0.099397	0.150141	466,952	2,679,770
10/05/2017	0.183375	0.221945	0.168513	0.175840	601,865	746,389
10/04/2017	0.262006	0.262006	0.132189	0.187034	1,266,780	1,074,030
10/03/2017	0.312671	0.399148	0.243596	0.243596	2,756,990	1,148,630
10/02/2017	0.119521	0.363750	0.110152	0.315191	1,230,050	393,444
10/01/2017	0.056951	0.156958	0.055664	0.119920	393,885	143,161
09/30/2017	0.056784	0.059556	0.051917	0.056921	56,871	142,740
09/29/2017	0.047739	0.060770	0.046441	0.056776	73,059	120,004
09/28/2017	0.049948	0.058506	0.039335	0.050499	77,516	-
09/27/2017	0.046696	0.053889	0.037254	0.049946	55,837	-
09/26/2017	0.052189	0.058754	0.044453	0.046859	91,640	-
09/25/2017	0.032898	0.057141	0.032898	0.052195	82,118	-
09/24/2017	0.045872	0.052817	0.031040	0.032585	58,783	-
09/23/2017	0.021030	0.074476	0.017959	0.045876	230,357	-
