Date	Open	High	Low	Close	Volume	Market Cap
07/15/2018	0.004375	0.006467	0.003397	0.005431	3,417	393,731
07/14/2018	0.005564	0.005588	0.004187	0.004379	2,796	500,802
07/13/2018	0.005592	0.005709	0.003562	0.005555	878	503,286
07/12/2018	0.006404	0.006404	0.003430	0.005576	2,171	576,376
07/11/2018	0.007960	0.007985	0.003984	0.006404	1,844	716,396
07/10/2018	0.003886	0.011026	0.003381	0.007960	3,347	349,712
07/09/2018	0.004366	0.004383	0.003610	0.003889	2,719	392,970
07/08/2018	0.004092	0.004408	0.003926	0.004367	1,510	368,301
07/07/2018	0.004415	0.004444	0.003858	0.004093	1,825	397,374
07/06/2018	0.004476	0.004671	0.004074	0.004417	2,360	402,800
07/05/2018	0.004231	0.004633	0.004133	0.004477	2,833	380,820
07/04/2018	0.004404	0.004853	0.004196	0.004217	1,367	396,392
07/03/2018	0.004517	0.005448	0.003525	0.004404	5,489	406,537
07/02/2018	0.003193	0.004738	0.003175	0.004517	3,277	287,349
07/01/2018	0.005226	0.005399	0.003163	0.003191	2,096	470,351
06/30/2018	0.004192	0.005236	0.003161	0.005222	3,368	377,303
06/29/2018	0.003819	0.004242	0.003337	0.004189	2,578	343,755
06/28/2018	0.004218	0.004642	0.003135	0.003818	2,351	379,591
06/27/2018	0.003247	0.004313	0.003066	0.004211	2,377	292,262
06/26/2018	0.004641	0.004660	0.003329	0.003333	2,744	417,689
06/25/2018	0.004801	0.004884	0.004218	0.004671	1,555	432,126
06/24/2018	0.005585	0.005603	0.004170	0.004820	1,793	502,634
06/23/2018	0.004816	0.005595	0.003932	0.005586	1,226	433,436
06/22/2018	0.005694	0.005694	0.003665	0.004813	3,034	512,473
06/21/2018	0.005462	0.005697	0.003776	0.005696	3,251	491,539
06/20/2018	0.005839	0.005909	0.004052	0.005463	2,795	525,553
06/19/2018	0.004686	0.006176	0.003714	0.005836	1,759	421,764
06/18/2018	0.006422	0.006426	0.003985	0.004689	4,321	577,981
06/17/2018	0.005815	0.006804	0.005677	0.006424	2,669	523,328
06/16/2018	0.005910	0.005985	0.005517	0.005812	4,196	531,891
06/15/2018	0.006248	0.006274	0.002733	0.005928	5,144	562,321
06/14/2018	0.005709	0.006324	0.005339	0.006250	1,724	513,824
06/13/2018	0.005606	0.005950	0.005120	0.005698	1,749	504,584
06/12/2018	0.006155	0.006165	0.005113	0.005589	3,064	553,910
06/11/2018	0.006523	0.006941	0.004839	0.006153	2,934	587,047
06/10/2018	0.006974	0.006974	0.004960	0.006512	2,869	627,674
06/09/2018	0.006375	0.007478	0.005132	0.006963	3,497	573,781
06/08/2018	0.007709	0.007725	0.005515	0.006374	2,466	693,835
06/07/2018	0.008339	0.008365	0.006600	0.007696	4,579	750,476
06/06/2018	0.007778	0.008386	0.006216	0.008340	2,408	700,036
06/05/2018	0.007995	0.009205	0.007089	0.007793	1,659	719,506
06/04/2018	0.007609	0.008838	0.006390	0.007994	2,801	684,837
06/03/2018	0.007419	0.007951	0.007274	0.007616	4,208	667,749
06/02/2018	0.008208	0.009845	0.006801	0.007428	3,391	738,730
06/01/2018	0.006099	0.010541	0.006035	0.008210	1,626	548,950
05/31/2018	0.007287	0.008880	0.005858	0.006089	4,330	655,852
05/30/2018	0.008166	0.008264	0.002536	0.007293	2,724	734,900
05/29/2018	0.006870	0.008682	0.003135	0.008160	3,401	618,286
05/28/2018	0.006851	0.008896	0.006634	0.006875	7,022	616,617
05/27/2018	0.007942	0.009431	0.006667	0.006850	2,669	714,743
05/26/2018	0.008624	0.008624	0.007554	0.007935	1,124	776,204
05/25/2018	0.008181	0.009155	0.008043	0.008636	1,140	736,316
05/24/2018	0.008658	0.009998	0.008076	0.008167	2,094	779,198
05/23/2018	0.009385	0.010203	0.008131	0.008680	2,655	844,634
05/22/2018	0.012927	0.012934	0.009306	0.009396	2,540	1,163,470
05/21/2018	0.012837	0.014016	0.011180	0.012932	3,223	1,155,340
05/20/2018	0.012204	0.013020	0.010895	0.012821	4,351	1,098,320
05/19/2018	0.010718	0.013706	0.007278	0.012194	3,078	964,586
05/18/2018	0.009549	0.012362	0.009375	0.010718	630	859,424
05/17/2018	0.015207	0.015359	0.009486	0.009550	5,711	1,368,640
05/16/2018	0.011400	0.015265	0.010118	0.015196	9,755	1,025,980
05/15/2018	0.012571	0.012793	0.011080	0.011404	2,011	1,131,360
05/14/2018	0.012764	0.013733	0.011458	0.012591	1,829	1,148,800
05/13/2018	0.012216	0.012946	0.011575	0.012769	1,164	1,099,470
05/12/2018	0.012858	0.013106	0.012032	0.012224	3,843	1,157,260
05/11/2018	0.012474	0.013884	0.011718	0.012895	1,408	1,122,660
05/10/2018	0.014498	0.015173	0.012448	0.012460	2,009	1,304,870
05/09/2018	0.013971	0.018600	0.013419	0.014500	5,247	1,257,380
05/08/2018	0.014578	0.015924	0.011598	0.013992	2,835	1,312,030
05/07/2018	0.016006	0.016216	0.013758	0.014520	2,347	1,440,580
05/06/2018	0.014886	0.016170	0.012833	0.015995	4,671	1,339,730
05/05/2018	0.016622	0.017959	0.014719	0.014877	8,507	1,495,990
05/04/2018	0.016694	0.017879	0.016391	0.016617	1,489	1,502,490
05/03/2018	0.017464	0.017762	0.016202	0.016717	2,876	1,571,720
05/02/2018	0.016263	0.017661	0.015913	0.017463	4,107	1,463,670
05/01/2018	0.017207	0.017234	0.015048	0.016297	2,339	1,548,600
04/30/2018	0.017184	0.017989	0.016333	0.017180	2,325	1,546,610
04/29/2018	0.017802	0.019465	0.016255	0.017189	1,854	1,602,160
04/28/2018	0.020202	0.020704	0.016706	0.017808	2,631	1,818,210
04/27/2018	0.016549	0.020480	0.015388	0.020275	7,735	1,489,440
04/26/2018	0.016135	0.021747	0.013808	0.016526	4,116	1,452,190
04/25/2018	0.017951	0.020443	0.013606	0.016002	8,872	1,615,550
04/24/2018	0.014777	0.018469	0.014728	0.018017	3,531	1,329,930
04/23/2018	0.015701	0.016615	0.012668	0.014770	6,745	1,413,070
04/22/2018	0.013187	0.016138	0.011732	0.015754	3,339	1,186,780
04/21/2018	0.015224	0.017781	0.012837	0.013187	1,522	1,370,130
04/20/2018	0.017351	0.017852	0.013856	0.015225	6,518	1,561,610
04/19/2018	0.013806	0.017367	0.013203	0.017367	2,830	1,242,550
04/18/2018	0.010897	0.015849	0.010609	0.013796	11,401	980,716
04/17/2018	0.017948	0.017967	0.010888	0.010888	7,077	1,615,330
04/16/2018	0.012554	0.017952	0.011948	0.017944	1,199	1,129,890
04/15/2018	0.017253	0.017560	0.010359	0.012546	10,133	1,552,800
04/14/2018	0.016882	0.017601	0.011210	0.017256	4,132	1,519,370
04/13/2018	0.016930	0.017126	0.014827	0.016882	521	1,523,690
04/12/2018	0.012701	0.016978	0.012309	0.016907	2,839	1,143,110
04/11/2018	0.014280	0.014935	0.012182	0.012755	3,063	1,285,190
04/10/2018	0.011677	0.014372	0.011244	0.014257	1,129	1,050,930
04/09/2018	0.011786	0.012654	0.011159	0.011645	2,460	1,060,750
04/08/2018	0.010732	0.011809	0.010655	0.011765	862	965,842
04/07/2018	0.009838	0.010732	0.009348	0.010732	1,585	885,405
04/06/2018	0.010571	0.010946	0.009422	0.009835	316	951,401
04/05/2018	0.009474	0.011743	0.009190	0.010618	2,219	852,631
04/04/2018	0.013517	0.013517	0.008579	0.009475	1,741	1,216,540
04/03/2018	0.011101	0.013540	0.010068	0.013514	1,786	999,065
04/02/2018	0.011604	0.011960	0.009387	0.011092	2,532	1,044,320
04/01/2018	0.012245	0.012344	0.010625	0.011548	1,159	1,102,070
03/31/2018	0.009699	0.012345	0.009446	0.012243	1,777	872,940
03/30/2018	0.011043	0.011196	0.009204	0.009705	1,933	993,907
03/29/2018	0.013136	0.013166	0.009807	0.010047	1,295	1,182,240
03/28/2018	0.014399	0.014922	0.013109	0.013119	471	1,295,910
03/27/2018	0.017431	0.017709	0.013093	0.014397	3,189	1,568,830
03/26/2018	0.014074	0.017920	0.013997	0.017453	1,767	1,266,690
03/25/2018	0.014795	0.015887	0.014032	0.014091	438	1,331,570
03/24/2018	0.014915	0.015534	0.013239	0.014989	898	1,342,310
03/23/2018	0.014665	0.018355	0.014027	0.014701	704	1,319,830
03/22/2018	0.014720	0.020569	0.014392	0.014666	1,789	1,324,780
03/21/2018	0.015358	0.020292	0.014733	0.014733	3,696	1,382,210
03/20/2018	0.016853	0.017642	0.014991	0.015291	3,983	1,516,740
03/19/2018	0.014735	0.016749	0.013717	0.016706	2,880	1,326,130
03/18/2018	0.018122	0.018122	0.010739	0.014797	1,524	1,630,970
03/17/2018	0.017467	0.018794	0.015405	0.018165	1,537	1,572,010
03/16/2018	0.020303	0.020512	0.015886	0.017451	7,376	1,827,230
03/15/2018	0.017118	0.021653	0.016071	0.020325	2,177	1,540,630
03/14/2018	0.024700	0.025232	0.016589	0.017116	6,467	2,222,980
03/13/2018	0.022099	0.025685	0.018986	0.024691	30,184	1,988,870
03/12/2018	0.024428	0.025652	0.020832	0.022190	453	2,198,480
03/11/2018	0.019712	0.024811	0.019117	0.024501	899	1,774,080
03/10/2018	0.023979	0.026250	0.019776	0.019776	2,684	2,158,130
03/09/2018	0.018318	0.024064	0.016650	0.023983	3,015	1,648,610
03/08/2018	0.020951	0.022187	0.014333	0.019104	2,202	1,885,580
03/07/2018	0.021841	0.024671	0.012941	0.020983	6,104	1,965,670
03/06/2018	0.023836	0.023836	0.016353	0.021852	10,264	2,145,200
03/05/2018	0.024043	0.026604	0.023409	0.023880	5,935	2,163,860
03/04/2018	0.027477	0.030737	0.022800	0.024047	6,093	2,472,900
03/03/2018	0.026628	0.030435	0.021251	0.027521	2,231	2,396,550
03/02/2018	0.029727	0.030224	0.026101	0.026657	5,974	2,675,430
03/01/2018	0.023784	0.032057	0.021375	0.029780	9,301	2,140,540
02/28/2018	0.028801	0.029448	0.022583	0.023772	4,352	2,592,060
02/27/2018	0.029390	0.029911	0.026114	0.028807	2,575	2,645,100
02/26/2018	0.028798	0.033872	0.023787	0.029308	7,461	2,591,800
02/25/2018	0.025647	0.029214	0.025430	0.028761	2,288	2,308,220
02/24/2018	0.037157	0.038619	0.025505	0.025694	972	3,344,120
02/23/2018	0.028340	0.037401	0.027724	0.037204	2,892	2,550,590
02/22/2018	0.032789	0.037076	0.028244	0.028368	1,741	2,951,000
02/21/2018	0.034113	0.036935	0.030131	0.032833	9,421	3,070,170
02/20/2018	0.035722	0.042135	0.033902	0.034155	5,491	3,214,970
02/19/2018	0.038737	0.045358	0.035445	0.035696	4,565	3,486,300
02/18/2018	0.042887	0.044258	0.033616	0.038893	3,023	3,859,830
02/17/2018	0.041933	0.044463	0.039201	0.042765	19,064	3,774,010
02/16/2018	0.040553	0.047325	0.038717	0.041939	3,105	3,649,750
02/15/2018	0.039337	0.042302	0.038766	0.040701	3,460	3,540,340
02/14/2018	0.045691	0.046502	0.034403	0.039316	4,200	4,112,210
02/13/2018	0.036665	0.048431	0.034826	0.045773	9,571	3,299,810
02/12/2018	0.037456	0.043633	0.033133	0.036602	7,383	3,371,040
02/11/2018	0.038506	0.042750	0.032212	0.037259	2,413	3,465,570
02/10/2018	0.035358	0.044901	0.034072	0.038540	8,969	3,182,250
02/09/2018	0.033529	0.038636	0.029778	0.035355	3,830	3,017,660
02/08/2018	0.031045	0.034786	0.026421	0.033447	9,663	2,794,060
02/07/2018	0.026506	0.036117	0.025129	0.031156	3,799	2,385,490
02/06/2018	0.022756	0.031398	0.018955	0.026720	7,698	2,048,070
02/05/2018	0.029742	0.033404	0.022144	0.022707	2,410	2,676,740
02/04/2018	0.028379	0.042659	0.027811	0.030033	9,936	2,554,120
02/03/2018	0.033356	0.044995	0.027117	0.028371	11,732	3,002,070
02/02/2018	0.033097	0.041938	0.028508	0.033234	5,838	2,978,720
02/01/2018	0.049580	0.050460	0.031210	0.033186	8,656	4,462,180
01/31/2018	0.045337	0.050049	0.043023	0.049470	7,899	4,080,320
01/30/2018	0.048008	0.055288	0.043317	0.045237	13,751	4,320,690
01/29/2018	0.057230	0.064166	0.048199	0.051345	16,896	5,150,720
01/28/2018	0.071567	0.073137	0.057292	0.057292	13,061	6,440,990
01/27/2018	0.053232	0.078364	0.053232	0.071111	24,663	4,790,900
01/26/2018	0.045126	0.054908	0.038713	0.053246	18,713	4,061,310
01/25/2018	0.048702	0.050509	0.039620	0.045261	7,732	4,383,160
01/24/2018	0.054513	0.056788	0.032128	0.048097	11,513	4,906,180
01/23/2018	0.053768	0.062031	0.035367	0.054531	19,695	4,839,090
01/22/2018	0.061839	0.066868	0.049577	0.053661	11,803	5,565,480
01/21/2018	0.063998	0.077319	0.052575	0.061349	19,279	5,759,790
01/20/2018	0.074946	0.087730	0.063671	0.072059	8,652	6,745,190
01/19/2018	0.072928	0.090400	0.065828	0.074165	36,886	6,563,540
01/18/2018	0.082912	0.088718	0.064258	0.073669	34,395	7,462,090
01/17/2018	0.065877	0.092111	0.059230	0.082448	65,819	5,928,900
01/16/2018	0.097997	0.098941	0.060228	0.066180	18,892	8,819,700
01/15/2018	0.106652	0.107836	0.076827	0.096995	31,479	9,598,680
01/14/2018	0.096748	0.117641	0.084412	0.102806	44,263	8,707,280
01/13/2018	0.135508	0.145727	0.088994	0.096679	46,054	12,195,700
01/12/2018	0.137946	0.145717	0.108049	0.136618	79,529	12,415,200
01/11/2018	0.198576	0.204734	0.134171	0.142675	99,939	17,871,800
01/10/2018	0.192548	0.229347	0.143593	0.197435	147,506	17,329,300
01/09/2018	0.109913	0.193000	0.099200	0.193000	177,022	9,892,160
01/08/2018	0.092276	0.111414	0.088128	0.110241	86,020	8,304,870
01/07/2018	0.109566	0.109566	0.073378	0.092153	68,173	9,860,940
01/06/2018	0.058224	0.110984	0.048429	0.109637	135,118	5,240,190
01/05/2018	0.037755	0.065405	0.037426	0.058814	48,399	3,397,950
01/04/2018	0.046418	0.047111	0.035489	0.037757	29,153	4,177,620
01/03/2018	0.026692	0.046303	0.025869	0.046182	31,445	2,402,250
01/02/2018	0.032690	0.036975	0.023489	0.026671	202,071	2,942,110
01/01/2018	0.033204	0.035584	0.021473	0.032506	182,070	2,988,360
12/31/2017	0.026164	0.035508	0.019990	0.033190	178,025	2,354,760
12/30/2017	0.030076	0.046863	0.024964	0.026403	171,290	2,706,840
12/29/2017	0.040693	0.050853	0.028284	0.031411	173,235	3,662,350
12/28/2017	0.047679	0.050119	0.027562	0.036926	206,746	4,291,140
12/27/2017	0.044821	0.064054	0.032220	0.047657	261,690	4,033,860
12/26/2017	0.023774	0.076705	0.019330	0.046664	352,066	2,139,660
12/25/2017	0.014809	0.025315	0.013615	0.023777	179,880	1,332,800
12/24/2017	0.014853	0.015916	0.012176	0.015470	135,493	1,336,750
12/23/2017	0.009486	0.017865	0.008932	0.013799	150,154	853,768
12/22/2017	0.011936	0.012823	0.007572	0.009474	120,996	1,074,250
12/21/2017	0.009465	0.015388	0.009132	0.011891	106,038	851,864
12/20/2017	0.008737	0.013437	0.008230	0.009268	158,217	786,333
12/19/2017	0.013288	0.014748	0.006589	0.009907	178,692	1,195,870
12/18/2017	0.011793	0.014786	0.010902	0.013302	69,837	1,061,380
12/17/2017	0.011730	0.015753	0.010892	0.011794	110,421	1,055,730
12/16/2017	0.010922	0.018196	0.009407	0.012487	168,032	982,965
12/15/2017	0.010809	0.012965	0.009415	0.010894	75,050	972,844
12/14/2017	0.010833	0.012678	0.008657	0.010817	149,217	974,992
12/13/2017	0.012651	0.013820	0.005604	0.010745	80,393	1,138,560
12/12/2017	0.012355	0.013217	0.010832	0.012641	144,732	1,111,980
12/11/2017	0.012646	0.014129	0.010963	0.012404	135,403	1,138,170
12/10/2017	0.012238	0.014503	0.010466	0.012681	123,184	1,101,460
12/09/2017	0.010633	0.015513	0.010627	0.012190	139,730	956,970
12/08/2017	0.011803	0.012123	0.008769	0.011359	111,258	1,062,260
12/07/2017	0.010853	0.013090	0.009938	0.012100	122,406	976,734
12/06/2017	0.009414	0.010916	0.008902	0.010869	104,147	847,284
12/05/2017	0.010082	0.012955	0.008167	0.009433	112,424	907,394
12/04/2017	0.009748	0.010750	0.008958	0.009800	97,120	877,317
12/03/2017	0.011305	0.012189	0.008571	0.009828	108,049	1,017,460
12/02/2017	0.012078	0.013372	0.009826	0.011299	117,130	1,087,020
12/01/2017	0.009443	0.015430	0.008902	0.012082	136,388	849,871
11/30/2017	0.007904	0.012802	0.007340	0.009475	99,166	711,391
11/29/2017	0.012322	0.012573	0.007080	0.007835	68,692	1,109,010
11/28/2017	0.010571	0.012877	0.007747	0.012283	80,189	951,388
11/27/2017	0.006615	0.014143	0.005078	0.010351	106,700	595,341
11/26/2017	0.007369	0.007369	0.003796	0.006618	93,292	663,254
11/25/2017	0.006626	0.008683	0.005978	0.007413	97,748	596,342
11/24/2017	0.006916	0.007764	0.005993	0.006631	82,575	622,442
11/23/2017	0.004528	0.008370	0.004394	0.007015	98,483	407,504
11/22/2017	0.004022	0.004986	0.003219	0.004282	75,343	-
11/21/2017	0.003792	0.004413	0.001655	0.003973	75,511	-
11/20/2017	0.004679	0.004947	0.003155	0.003797	87,357	-
11/19/2017	0.004845	0.005471	0.003387	0.004684	73,426	-
11/18/2017	0.006137	0.006688	0.003734	0.004857	71,108	-
11/17/2017	0.008593	0.009382	0.002668	0.002934	67,132	-
11/16/2017	0.008812	0.010927	0.006855	0.008617	57,070	-
11/15/2017	0.004539	0.013219	0.004539	0.008943	90,820	-
11/14/2017	0.005738	0.005809	0.003385	0.004538	24,401	-
11/13/2017	0.001865	0.005792	0.001829	0.005671	16,155	-
11/12/2017	0.002404	0.002404	0.001347	0.001862	961	-
11/11/2017	0.002008	0.002429	0.001750	0.002403	1,928	-
11/10/2017	0.002188	0.002683	0.001638	0.002013	4,836	-
11/09/2017	0.003566	0.003781	0.001585	0.002187	4,072	-
11/08/2017	0.002220	0.005109	0.001862	0.003585	3,366	-
11/07/2017	0.002396	0.002591	0.001750	0.002221	4,577	-
11/06/2017	0.002738	0.002750	0.002097	0.002393	6,744	-
11/05/2017	0.002271	0.003335	0.001899	0.002736	13,664	-
11/04/2017	0.001654	0.002275	0.001654	0.002268	8,558	-
