Date	Open	High	Low	Close	Volume	Market Cap
07/15/2018	0.045404	0.046496	0.035005	0.035005	589	2,821,030
07/14/2018	0.044627	0.047730	0.044365	0.045415	26	2,772,710
07/13/2018	0.026252	0.044745	0.026252	0.044745	17	1,631,050
07/12/2018	0.023104	0.026328	0.019300	0.026131	1	1,435,450
07/11/2018	0.023112	0.023248	0.022963	0.023078	34	1,436,000
07/10/2018	0.022500	0.022621	0.020773	0.020843	0	1,397,930
07/09/2018	0.022789	0.023108	0.022309	0.022465	0	1,415,890
07/08/2018	0.027132	0.027583	0.022745	0.023015	0	1,685,730
07/07/2018	0.038144	0.042616	0.021976	0.027211	157	2,369,910
07/06/2018	0.021817	0.038738	0.020882	0.038257	57	1,355,500
07/05/2018	0.028219	0.028882	0.027019	0.027314	33	1,753,300
07/04/2018	0.022172	0.028841	0.021512	0.028375	65	1,377,550
07/03/2018	0.029552	0.030377	0.021915	0.021985	13	1,836,130
07/02/2018	0.020608	0.030051	0.020607	0.029481	0	1,280,400
07/01/2018	0.051673	0.051964	0.019991	0.020628	43	3,210,540
06/30/2018	0.026078	0.051845	0.025868	0.051662	26	1,620,280
06/29/2018	0.028095	0.028267	0.017569	0.026161	8	1,745,590
06/28/2018	0.019717	0.030493	0.018917	0.028145	1	1,225,040
06/27/2018	0.030964	0.031126	0.019135	0.019676	0	1,923,830
06/26/2018	0.027659	0.033009	0.027463	0.030951	620	1,718,460
06/25/2018	0.023029	0.032068	0.022437	0.027659	166	1,430,820
06/24/2018	0.019014	0.023241	0.016751	0.023107	464	1,181,350
06/23/2018	0.020426	0.020833	0.018557	0.018991	5	1,269,070
06/22/2018	0.031696	0.039348	0.019925	0.020377	224	1,969,320
06/21/2018	0.032456	0.032842	0.024609	0.031704	107	2,016,510
06/20/2018	0.027519	0.032586	0.020708	0.032550	326	1,709,780
06/19/2018	0.018300	0.052359	0.017972	0.027560	349	1,136,980
06/18/2018	0.029541	0.030178	0.017151	0.018284	0	1,835,400
06/17/2018	0.042361	0.042579	0.016703	0.029571	5,821	2,631,960
06/16/2018	0.026526	0.061195	0.022266	0.042253	31	1,648,060
06/15/2018	0.062844	0.062892	0.026448	0.026507	308	3,904,580
06/14/2018	0.016296	0.017707	0.015805	0.017549	112	1,012,490
06/13/2018	0.018004	0.018032	0.016049	0.016113	103	1,118,600
06/12/2018	0.054101	0.055656	0.047236	0.048924	2	3,361,370
06/11/2018	0.030464	0.054108	0.021090	0.053790	371	1,892,780
06/10/2018	0.038524	0.038524	0.017315	0.030556	710	2,393,520
06/09/2018	0.020342	0.041836	0.019834	0.038934	159	1,263,850
06/08/2018	0.022713	0.037051	0.020359	0.020362	1	1,411,160
06/07/2018	0.039485	0.041445	0.022385	0.022733	0	2,453,240
06/06/2018	0.032394	0.041734	0.019987	0.039475	26	2,012,700
06/05/2018	0.042413	0.042455	0.022701	0.032405	142	2,635,150
06/04/2018	0.046876	0.047004	0.007569	0.042392	3,218	2,912,460
06/03/2018	0.039842	0.047016	0.039740	0.046855	24	2,475,410
06/02/2018	0.039496	0.040107	0.039229	0.040002	45	2,453,950
06/01/2018	0.011237	0.011387	0.011047	0.011162	0	698,196
05/31/2018	0.045034	0.046277	0.011161	0.011229	0	2,798,030
05/30/2018	0.041811	0.045061	0.040450	0.045043	45	2,597,780
05/29/2018	0.033915	0.041836	0.033160	0.041452	381	2,107,160
05/28/2018	0.033313	0.034959	0.004692	0.033673	1,888	2,069,790
05/27/2018	0.022365	0.037758	0.021970	0.033346	63	1,389,590
05/26/2018	0.039638	0.040201	0.022264	0.022281	0	2,462,730
05/25/2018	0.033147	0.044813	0.023787	0.039520	841	2,059,460
05/24/2018	0.028037	0.033817	0.028000	0.033104	2	1,741,970
05/23/2018	0.032388	0.032590	0.027700	0.028201	0	2,012,280
05/22/2018	0.036677	0.037765	0.032206	0.032267	1	2,278,810
05/21/2018	0.040134	0.052801	0.036515	0.036672	6	2,493,580
05/20/2018	0.041090	0.042382	0.039917	0.040014	2	2,552,940
05/19/2018	0.045037	0.049396	0.038426	0.041062	4	2,798,230
05/18/2018	0.040075	0.045937	0.036929	0.045061	25	2,489,910
05/17/2018	0.053018	0.055517	0.039804	0.039944	78	3,294,070
05/16/2018	0.046165	0.058266	0.037263	0.052968	210	2,868,270
05/15/2018	0.040360	0.046589	0.039226	0.046191	9	2,507,630
05/14/2018	0.047797	0.048532	0.040023	0.040315	5	2,969,660
05/13/2018	0.047575	0.048159	0.047343	0.047805	458	2,955,870
05/12/2018	0.053281	0.056265	0.051868	0.053654	54	3,310,420
05/11/2018	0.040928	0.056541	0.038313	0.053654	54	2,542,900
05/10/2018	0.050285	0.050532	0.040999	0.040999	9	3,124,260
05/09/2018	0.059020	0.062949	0.050150	0.050292	8	3,666,990
05/08/2018	0.041054	0.059508	0.040694	0.059279	112	2,550,710
05/07/2018	0.062753	0.062785	0.040637	0.040979	82	3,898,920
05/06/2018	0.054649	0.064038	0.046543	0.062714	69	3,395,440
05/05/2018	0.072138	0.072370	0.052290	0.054612	49	4,482,010
05/04/2018	0.050401	0.072392	0.045355	0.072111	71	3,131,500
05/03/2018	0.051324	0.067236	0.049266	0.050505	9	3,188,810
05/02/2018	0.041043	0.050828	0.040194	0.050661	4	2,550,060
05/01/2018	0.066987	0.067380	0.040683	0.040892	337	4,161,960
04/30/2018	0.060692	0.068807	0.048450	0.067101	1,235	3,770,890
04/29/2018	0.066972	0.078861	0.060575	0.060847	174	4,161,080
04/28/2018	0.055750	0.079780	0.053401	0.067374	618	3,463,790
04/27/2018	0.079749	0.082582	0.046936	0.055969	212	4,954,890
04/26/2018	0.081044	0.086183	0.057486	0.079657	124	5,035,350
04/25/2018	0.089870	0.097890	0.080431	0.081161	204	5,583,740
04/24/2018	0.050604	0.090466	0.045837	0.090466	682	3,144,110
04/23/2018	0.047998	0.050710	0.047851	0.050561	2	2,982,190
04/22/2018	0.059476	0.063538	0.046987	0.048007	4	3,695,280
04/21/2018	0.064693	0.065145	0.045346	0.059335	39	4,019,450
04/20/2018	0.048706	0.065313	0.044984	0.064609	278	3,026,140
04/19/2018	0.050999	0.053828	0.046371	0.048582	80	3,168,610
04/18/2018	0.054524	0.054524	0.047033	0.050969	224	3,387,670
04/17/2018	0.045877	0.057300	0.042032	0.054502	177	2,850,380
04/16/2018	0.052163	0.054382	0.032521	0.045890	65	3,240,960
04/15/2018	0.059253	0.061140	0.044557	0.052145	1,255	3,681,460
04/14/2018	0.063606	0.067782	0.058355	0.059238	756	3,951,900
04/13/2018	0.038397	0.064351	0.036931	0.063616	148	2,385,670
04/12/2018	0.054086	0.059022	0.034206	0.038349	31	3,360,420
04/11/2018	0.065354	0.065682	0.033564	0.054169	105	4,060,540
04/10/2018	0.037947	0.069086	0.034492	0.065292	161	2,357,710
04/09/2018	0.037345	0.068257	0.033686	0.037852	553	2,320,310
04/08/2018	0.037931	0.073114	0.037076	0.037284	408	2,356,690
04/07/2018	0.135535	0.144626	0.030532	0.037899	4	8,420,940
04/06/2018	0.082760	0.142471	0.037346	0.135367	363	5,141,970
04/05/2018	0.028442	0.084529	0.028388	0.083202	141	1,767,110
04/04/2018	0.088337	0.088656	0.024840	0.028476	7	5,488,490
04/03/2018	0.041880	0.088554	0.041259	0.088405	76	2,602,060
04/02/2018	0.024926	0.042168	0.024909	0.041833	930	1,548,660
04/01/2018	0.034989	0.035492	0.024859	0.025030	417	2,173,940
03/31/2018	0.043120	0.050103	0.034882	0.034990	33	2,679,120
03/30/2018	0.039421	0.043916	0.035325	0.043114	188	2,449,290
03/29/2018	0.045942	0.051203	0.039155	0.039511	200	2,854,440
03/28/2018	0.045298	0.062571	0.042912	0.045926	513	2,814,450
03/27/2018	0.064617	0.064824	0.042313	0.045289	114	4,014,750
03/26/2018	0.060882	0.065073	0.056273	0.064715	23	3,782,660
03/25/2018	0.054948	0.060988	0.047237	0.060928	88	3,413,980
03/24/2018	0.055258	0.057892	0.054824	0.055647	58	3,433,210
03/23/2018	0.048265	0.057392	0.043384	0.054465	44	2,998,770
03/22/2018	0.054017	0.061281	0.033397	0.048230	157	3,356,130
03/21/2018	0.041332	0.061231	0.040683	0.054074	293	2,568,030
03/20/2018	0.051427	0.053074	0.040379	0.041270	73	3,195,220
03/19/2018	0.049960	0.055179	0.049852	0.051286	233	3,104,080
03/18/2018	0.062787	0.062787	0.042750	0.049973	152	3,901,060
03/17/2018	0.066200	0.066460	0.061802	0.062940	424	4,113,110
03/16/2018	0.080582	0.083323	0.064323	0.066095	1,085	5,006,640
03/15/2018	0.059473	0.081159	0.056524	0.080628	633	3,695,140
03/14/2018	0.083808	0.085728	0.056918	0.059500	19	5,207,080
03/13/2018	0.081412	0.108714	0.077482	0.083796	123	5,058,230
03/12/2018	0.065662	0.082092	0.065072	0.081871	11	4,079,690
03/11/2018	0.063178	0.066667	0.060284	0.065337	13	3,925,300
03/10/2018	0.091164	0.093578	0.063161	0.063446	133	5,664,150
03/09/2018	0.070602	0.091868	0.065342	0.091170	1,350	4,386,620
03/08/2018	0.077059	0.078689	0.067031	0.071051	185	4,787,760
03/07/2018	0.083213	0.085009	0.071965	0.077151	41	5,170,100
03/06/2018	0.103896	0.108252	0.082594	0.083203	98	6,455,160
03/05/2018	0.078120	0.105968	0.072726	0.104181	275	4,853,680
03/04/2018	0.090209	0.090270	0.077441	0.078069	22	5,604,820
03/03/2018	0.079560	0.090455	0.074834	0.090355	361	4,943,160
03/02/2018	0.096616	0.105200	0.079178	0.079601	30	6,002,840
03/01/2018	0.085901	0.098140	0.072817	0.096759	931	5,337,140
02/28/2018	0.090539	0.093076	0.081107	0.085815	545	5,625,270
02/27/2018	0.097118	0.097953	0.082664	0.090646	171	6,034,070
02/26/2018	0.115038	0.136637	0.090871	0.096838	113	7,147,470
02/25/2018	0.090848	0.138577	0.071268	0.114891	799	5,644,520
02/24/2018	0.083435	0.090793	0.076511	0.090615	158	5,183,900
02/23/2018	0.084783	0.092867	0.081785	0.083576	186	5,267,700
02/22/2018	0.081678	0.092748	0.072766	0.085241	191	5,074,730
02/21/2018	0.113538	0.123204	0.081490	0.081807	164	7,054,240
02/20/2018	0.082650	0.125367	0.082636	0.113216	775	5,135,120
02/19/2018	0.092537	0.106311	0.076951	0.082606	833	5,749,450
02/18/2018	0.094329	0.107694	0.074884	0.092978	2,398	5,860,800
02/17/2018	0.089229	0.100789	0.078068	0.094292	1,143	5,543,900
02/16/2018	0.089307	0.170243	0.071947	0.089158	5,273	5,548,740
02/15/2018	0.089633	0.135312	0.069233	0.089300	1,007	5,569,020
02/14/2018	0.063066	0.089810	0.063066	0.089585	13	3,918,340
02/13/2018	0.063822	0.098766	0.060289	0.063249	90	3,965,330
02/12/2018	0.067327	0.078439	0.059385	0.063804	527	4,183,080
02/11/2018	0.076824	0.100803	0.067179	0.067179	412	4,773,140
02/10/2018	0.126462	0.130234	0.074700	0.076890	159	7,857,260
02/09/2018	0.078985	0.128464	0.055024	0.126370	832	4,907,450
02/08/2018	0.075751	0.087635	0.072650	0.078748	32	4,706,490
02/07/2018	0.059308	0.085870	0.044433	0.076055	72	3,684,870
02/06/2018	0.112215	0.115077	0.052250	0.059896	668	6,972,070
02/05/2018	0.091528	0.137143	0.047050	0.112074	1,079	5,686,720
02/04/2018	0.106007	0.107536	0.081828	0.092424	29	6,586,360
02/03/2018	0.104314	0.110459	0.075781	0.105953	95	6,481,160
02/02/2018	0.090815	0.107597	0.070562	0.103959	283	5,642,420
02/01/2018	0.146480	0.179181	0.091003	0.091003	725	9,101,000
01/31/2018	0.102935	0.176168	0.088757	0.146141	1,835	6,395,470
01/30/2018	0.134397	0.270130	0.102571	0.102787	2,880	8,350,240
01/29/2018	0.202826	0.205385	0.132539	0.134353	414	12,601,800
01/28/2018	0.216712	0.218404	0.149225	0.203043	44	13,464,600
01/27/2018	0.121747	0.233076	0.104339	0.215608	411	7,564,300
01/26/2018	0.122444	0.128202	0.113564	0.121828	2,336	7,607,620
01/25/2018	0.131158	0.184023	0.121419	0.121897	258	8,149,010
01/24/2018	0.118940	0.129114	0.115008	0.129035	171	7,389,880
01/23/2018	0.321029	0.325466	0.115891	0.118950	4,173	19,945,900
01/22/2018	0.217998	0.320699	0.173541	0.320664	10,161	13,544,500
01/21/2018	0.204536	0.221123	0.182079	0.218952	1,307	12,708,100
01/20/2018	0.141604	0.207971	0.139472	0.204061	162	8,798,020
01/19/2018	0.207156	0.226490	0.129667	0.140121	3,341	12,870,800
01/18/2018	0.216585	0.236976	0.168218	0.209357	54	13,456,700
01/17/2018	0.125191	0.217041	0.112169	0.216598	1,568	7,778,240
01/16/2018	0.179559	0.217008	0.105827	0.125342	1,232	11,156,200
01/15/2018	0.221566	0.243774	0.179677	0.182844	7,273	13,766,200
01/14/2018	0.258460	0.315556	0.175642	0.238938	3,460	16,058,400
01/13/2018	0.283461	0.326925	0.209754	0.258292	297	17,611,800
01/12/2018	0.220033	0.287501	0.193813	0.284328	6,820	13,670,900
01/11/2018	0.280878	0.333579	0.214643	0.218746	5,248	17,451,300
01/10/2018	0.339892	0.340643	0.202726	0.279351	2,299	21,117,900
01/09/2018	0.331502	0.352232	0.264655	0.339446	17,530	20,596,600
01/08/2018	0.199130	0.340612	0.194085	0.332290	21,705	12,372,200
01/07/2018	0.275879	0.300980	0.192603	0.199114	10,713	17,140,700
01/06/2018	0.273589	0.373420	0.236102	0.276134	3,376	16,998,400
01/05/2018	0.291247	0.380535	0.214518	0.273607	1,901	18,095,500
01/04/2018	2.47	2.47	0.164962	0.284380	953	153,690,000
01/03/2018	0.226428	2.47	0.177583	2.47	64,551	14,068,200
01/02/2018	0.163026	0.256299	0.153430	0.227047	849	10,129,000
01/01/2018	0.256919	0.256919	0.163097	0.163097	4,647	15,962,700
12/31/2017	0.153230	0.280838	0.142532	0.256121	1,003	9,520,340
12/30/2017	0.238060	0.239472	0.140784	0.156690	1,572	14,790,900
12/29/2017	0.198368	0.271497	0.169760	0.239694	2,854	12,324,800
12/28/2017	0.140139	0.310280	0.121804	0.196471	2,945	8,707,030
12/27/2017	0.142039	0.153042	0.133618	0.140177	3,778	8,825,070
12/26/2017	0.145874	0.160309	0.139244	0.141762	8,977	9,063,310
12/25/2017	0.161386	0.168204	0.143205	0.146060	2,402	10,027,100
12/24/2017	0.267780	0.267780	0.146647	0.160337	9,220	16,637,500
12/23/2017	0.221297	0.286280	0.219785	0.264855	20	13,749,400
12/22/2017	0.240701	0.263862	0.174322	0.219213	13	14,955,100
12/21/2017	0.241429	0.246095	0.203784	0.239887	603	15,000,200
12/20/2017	0.255710	0.348323	0.220233	0.241318	1,112	15,887,600
12/19/2017	0.353322	0.354589	0.252519	0.256308	940	21,952,300
12/18/2017	0.351836	0.358848	0.295186	0.353021	343	21,860,000
12/17/2017	0.276964	0.371403	0.230846	0.350773	562	17,208,100
12/16/2017	0.281760	0.283116	0.192691	0.276929	1,419	17,506,100
12/15/2017	0.252326	0.282747	0.197977	0.281366	646	15,677,300
12/14/2017	0.332819	0.339293	0.155637	0.252020	2,040	20,678,400
12/13/2017	0.574898	0.582175	0.261456	0.333723	2,659	35,719,100
12/12/2017	0.369376	0.594775	0.228642	0.574428	4,977	22,949,800
12/11/2017	0.153878	0.373332	0.152085	0.368194	1,741	9,560,640
12/10/2017	0.182255	0.182255	0.145583	0.154313	2,004	11,323,700
12/09/2017	0.209758	0.227959	0.164155	0.181519	5	13,032,500
12/08/2017	0.190909	0.209999	0.154901	0.209970	61	11,861,400
12/07/2017	0.164968	0.190461	0.149569	0.190461	28	10,249,600
12/06/2017	0.146083	0.165484	0.133398	0.165252	33	9,076,340
12/05/2017	0.193156	0.214829	0.144782	0.145454	419	12,001,000
12/04/2017	0.138837	0.192495	0.138558	0.192495	1,605	8,626,120
12/03/2017	0.098102	0.166993	0.096300	0.138790	2,481	6,095,180
12/02/2017	0.149890	0.164148	0.097154	0.098016	1,435	9,312,840
12/01/2017	0.125420	0.154876	0.104833	0.148806	2,668	7,792,520
11/30/2017	0.108886	0.196311	0.099164	0.126005	2,641	6,765,210
11/29/2017	0.144452	0.158262	0.104491	0.108663	1,090	8,974,950
11/28/2017	0.095076	0.144596	0.079710	0.144596	32	5,907,200
11/27/2017	0.119956	0.240212	0.094835	0.094835	873	7,453,020
11/26/2017	0.114604	0.185612	0.112674	0.119565	5,922	7,120,500
11/25/2017	0.145572	0.174598	0.100375	0.114500	558	9,044,590
11/24/2017	0.120876	0.174660	0.112707	0.145867	260	7,510,170
11/23/2017	0.111357	0.134966	0.111312	0.120838	1,169	6,918,740
11/22/2017	0.196152	0.197663	0.067408	0.109282	3,491	12,187,200
11/21/2017	0.129688	0.273702	0.123291	0.195676	154	8,057,650
11/20/2017	0.263984	0.264581	0.128910	0.129696	160	16,401,600
11/19/2017	0.195065	0.266224	0.130193	0.264107	8	12,119,600
11/18/2017	0.117551	0.227136	0.048321	0.195427	608	7,303,580
11/17/2017	0.091914	0.153128	0.063937	0.118003	703	5,710,710
11/16/2017	0.126063	0.141066	0.082781	0.092124	148	7,832,420
11/15/2017	0.116135	0.126404	0.050145	0.125379	1,951	7,215,600
11/14/2017	0.130505	0.134305	0.058215	0.116055	393	8,108,440
11/13/2017	0.093596	0.130982	0.093596	0.130229	3,522	5,815,210
11/12/2017	0.091320	0.116151	0.024835	0.093357	1,649	5,673,800
11/11/2017	0.105101	0.238656	0.090022	0.091180	247	6,530,040
11/10/2017	0.030419	0.166901	0.030358	0.105460	203	1,889,950
11/09/2017	0.158159	0.176714	0.029391	0.030128	720	9,826,600
11/08/2017	0.122487	0.162538	0.121544	0.158476	6,835	7,610,250
11/07/2017	0.071330	0.167836	0.071330	0.123106	12,402	4,431,790
11/06/2017	0.066827	0.073417	0.064510	0.071444	3	4,152,020
11/05/2017	0.074882	0.077932	0.066827	0.066827	113	4,652,490
11/04/2017	0.074504	0.078145	0.068595	0.075059	131	4,629,030
11/03/2017	0.227774	0.282485	0.067391	0.074888	377	14,151,900
11/02/2017	0.067953	0.286222	0.066083	0.228306	7	4,222,020
11/01/2017	0.257757	0.263577	0.063098	0.068551	794	16,014,800
10/31/2017	0.086594	0.257946	0.085869	0.257946	11	5,380,210
10/30/2017	0.089204	0.089427	0.085104	0.086678	436	5,542,340
10/29/2017	0.149098	0.150896	0.148702	0.150444	23	9,263,610
10/28/2017	0.144892	0.150108	0.142619	0.149302	23	9,002,340
10/27/2017	0.151622	0.154134	0.143730	0.144500	25	9,420,480
10/26/2017	0.143532	0.146804	0.142594	0.146744	6	8,917,790
10/25/2017	0.094975	0.143804	0.088429	0.143549	6	5,900,890
10/24/2017	0.240488	0.240488	0.093884	0.094546	155	14,941,800
10/23/2017	0.099035	0.245769	0.096752	0.241018	1	6,153,170
10/22/2017	0.093073	0.100693	0.093073	0.099183	638	5,782,730
10/21/2017	0.113810	0.115772	0.088633	0.093146	1,321	7,071,130
10/20/2017	0.132447	0.133344	0.114053	0.114435	660	8,229,100
10/19/2017	0.134038	0.135933	0.037701	0.132693	7,575	8,327,950
10/18/2017	0.180375	0.180376	0.123120	0.133969	62	11,206,900
10/17/2017	0.096768	0.180776	0.087439	0.180365	8	6,012,280
10/16/2017	0.072814	0.127720	0.072814	0.097161	879	4,524,030
10/15/2017	0.068114	0.074304	0.066977	0.072875	1,240	4,231,990
10/14/2017	0.074516	0.075638	0.065408	0.068108	3,576	4,629,770
10/13/2017	0.070676	0.074707	0.068617	0.074516	1,341	4,391,210
10/12/2017	0.128726	0.129971	0.071066	0.071205	2,129	7,997,880
10/11/2017	0.115613	0.133843	0.090352	0.128688	793	7,183,150
10/10/2017	0.057804	0.257090	0.053131	0.115450	3	3,591,460
10/09/2017	0.065985	0.069004	0.051478	0.057915	77	4,099,750
10/08/2017	0.075659	0.083322	0.065935	0.065973	6,383	4,700,760
10/07/2017	0.089153	0.107435	0.070722	0.075861	6,201	5,539,210
10/06/2017	0.126613	0.126849	0.079208	0.089125	6,632	7,866,640
10/05/2017	0.103746	0.138499	0.087708	0.126807	1,220	6,445,830
10/04/2017	0.087883	0.121748	0.087151	0.103714	10,144	5,460,240
10/03/2017	0.170019	0.170912	0.087167	0.087679	2,333	10,563,500
10/02/2017	0.110695	0.171793	0.068487	0.170272	7,864	6,877,590
10/01/2017	0.111541	0.113407	0.094055	0.110743	1,325	6,930,150
09/30/2017	0.100879	0.116273	0.089456	0.111474	1,290	6,267,750
09/29/2017	0.084929	0.102482	0.078208	0.100867	1,856	5,276,730
09/28/2017	0.105914	0.106784	0.083547	0.084994	5,319	6,580,590
09/27/2017	0.124834	0.129163	0.092284	0.106058	6,794	7,756,090
09/26/2017	0.101205	0.564722	0.086027	0.125024	26,893	6,288,020
09/25/2017	0.096366	0.121372	0.089549	0.106830	11,521	5,987,300
09/24/2017	0.064877	0.064889	0.042031	0.063461	3,939	4,030,870
09/23/2017	0.061730	0.075864	0.056081	0.064900	273	3,835,370
09/22/2017	0.074547	0.079526	0.056638	0.061904	1,934	4,631,690
09/21/2017	0.068309	0.076162	0.032051	0.074632	7,031	4,244,110
09/20/2017	0.068776	0.076630	0.064500	0.068420	1,474	4,273,140
09/19/2017	0.070865	0.077904	0.067442	0.068869	881	4,402,920
09/18/2017	0.080580	0.085526	0.069063	0.070694	1,956	5,006,510
09/17/2017	0.073819	0.102073	0.062527	0.080681	1,294	4,586,480
09/16/2017	0.071448	0.087071	0.070042	0.073804	1,757	4,439,130
09/15/2017	0.058678	0.075848	0.054453	0.071619	916	3,645,740
09/14/2017	0.063712	0.070329	0.058229	0.058229	2,100	3,958,530
09/13/2017	0.069186	0.082989	0.062629	0.063709	1,497	4,298,640
09/12/2017	0.091134	0.093693	0.068750	0.069164	5,813	5,662,270
09/11/2017	0.087255	0.091955	0.072772	0.091163	2,176	5,421,260
09/10/2017	0.076690	0.088025	0.072736	0.086976	1,442	4,764,860
09/09/2017	0.082268	0.095248	0.075508	0.076609	2,420	5,111,400
09/08/2017	0.122348	0.128829	0.068050	0.082105	2,785	7,601,640
09/07/2017	0.092745	0.142443	0.090081	0.122324	4,266	5,762,360
09/06/2017	0.095808	0.107458	0.087060	0.092923	5,850	5,952,680
09/05/2017	0.105320	0.105355	0.083447	0.095699	7,239	6,543,650
09/04/2017	0.108948	0.110989	0.084392	0.104776	7,638	6,769,090
09/03/2017	0.106227	0.190075	0.088450	0.108915	23,153	6,599,980
09/02/2017	0.107162	0.131335	0.084670	0.106167	10,314	6,658,090
09/01/2017	0.067799	0.707355	0.067799	0.107027	17,378	4,212,410
08/31/2017	0.074384	0.168180	0.065334	0.065334	2,535	4,621,540
08/30/2017	0.075773	0.081111	0.064918	0.074458	1,959	4,707,860
08/29/2017	0.083057	0.083869	0.069565	0.075872	7,529	5,160,420
08/28/2017	0.086597	0.086597	0.075900	0.082916	2,853	5,380,350
08/27/2017	0.084704	0.087211	0.077797	0.086510	1,060	5,262,780
08/26/2017	0.085403	0.085624	0.078424	0.084743	1,008	5,306,220
08/25/2017	0.078177	0.093284	0.075957	0.085240	7,983	4,857,240
08/24/2017	0.083753	0.087640	0.076404	0.078300	1,992	5,203,710
08/23/2017	0.076650	0.084908	0.071376	0.083721	2,057	4,762,340
08/22/2017	0.077488	0.089524	0.061605	0.076806	5,810	4,814,440
08/21/2017	0.086273	0.089088	0.076304	0.077309	5,730	5,360,250
08/20/2017	0.095457	0.095457	0.079125	0.086614	1,746	5,930,870
08/19/2017	0.088586	0.099004	0.077221	0.095903	4,125	5,503,930
08/18/2017	0.077203	0.107070	0.076984	0.088660	3,054	4,796,750
08/17/2017	0.112486	0.120802	0.076686	0.077011	1,620	6,988,890
08/16/2017	0.102891	0.112610	0.079844	0.112590	4,926	6,392,730
08/15/2017	0.102135	0.103967	0.063991	0.102778	2,042	6,345,740
08/14/2017	0.101670	0.189510	0.069589	0.101941	2,426	6,316,870
08/13/2017	0.189871	0.195248	0.096875	0.101700	13,333	11,796,900
08/12/2017	0.117257	0.190340	0.103055	0.190055	4,129	7,285,310
08/11/2017	0.123678	0.131187	0.091216	0.117349	2,979	7,684,290
08/10/2017	0.096266	0.143729	0.094362	0.123686	2,761	5,981,130
08/09/2017	0.139091	0.141345	0.068811	0.096225	3,631	8,641,880
08/08/2017	0.151743	0.159681	0.139172	0.139266	7,970	9,427,990
08/07/2017	0.121443	0.151588	0.063810	0.151588	4,816	7,545,370
08/06/2017	0.126564	0.131002	0.114924	0.121709	8,886	7,863,560
08/05/2017	0.124468	0.143517	0.122353	0.126533	9,312	7,733,320
08/04/2017	0.094482	0.124912	0.053876	0.124523	26,125	5,870,280
08/03/2017	0.125863	0.138631	0.094500	0.094559	322	7,820,020
08/02/2017	0.119929	0.133466	0.085044	0.125685	1,917	7,451,340
08/01/2017	0.128797	0.128797	0.116946	0.119952	36,282	8,002,320
07/31/2017	0.114410	0.129335	0.112877	0.128735	67,809	7,108,450
07/30/2017	0.122254	0.123410	0.113778	0.114293	5,830	7,595,800
07/29/2017	0.128968	0.131022	0.096414	0.122271	3,962	8,012,930
07/28/2017	0.118170	0.131688	0.110231	0.129393	8,451	7,342,010
07/27/2017	0.108802	0.118945	0.108384	0.117813	13,432	6,760,000
07/26/2017	0.114792	0.115935	0.098810	0.108515	3,965	7,132,150
07/25/2017	0.125707	0.126552	0.097714	0.112061	63,724	7,810,300
07/24/2017	0.127791	0.131995	0.123114	0.125621	34,130	7,939,800
07/23/2017	0.137634	0.143779	0.123345	0.127461	8,994	8,551,390
07/22/2017	0.125910	0.144120	0.125409	0.137634	6,735	7,822,920
07/21/2017	0.153323	0.157744	0.121515	0.125690	30,190	9,526,160
07/20/2017	0.095215	0.162147	0.094129	0.155933	18,309	5,915,800
07/19/2017	0.103262	0.107999	0.089882	0.095594	11,858	6,415,770
07/18/2017	0.103540	0.109259	0.099478	0.103247	21,978	6,433,050
07/17/2017	0.093549	0.104893	0.092113	0.102905	21,631	5,812,330
07/16/2017	0.102460	0.102499	0.083848	0.093210	55,958	6,365,990
07/15/2017	0.073337	0.106304	0.065694	0.102476	74,965	4,556,540
07/14/2017	0.096162	0.106517	0.070984	0.073389	3,261	5,974,650
07/13/2017	0.109172	0.110583	0.081978	0.096088	621	6,782,980
07/12/2017	0.105825	0.110010	0.089124	0.109091	192	6,575,060
07/11/2017	0.084207	0.112097	0.078857	0.105721	2,324	5,231,870
07/10/2017	0.101302	0.119084	0.076986	0.084386	4,488	6,294,040
07/09/2017	0.139982	0.146890	0.101209	0.101209	358	8,697,230
07/08/2017	0.102101	0.139995	0.075915	0.139856	5,062	6,343,680
07/07/2017	0.114265	0.141547	0.101024	0.102099	4,056	-
07/06/2017	0.155960	0.156113	0.113794	0.114195	45	-
07/05/2017	0.111296	0.156843	0.110685	0.155883	681	-
07/04/2017	0.136973	0.145223	0.107060	0.111056	1,485	-
07/03/2017	0.112027	0.139385	0.111163	0.137285	69	-
07/02/2017	0.150370	0.155272	0.111489	0.112441	647	-
07/01/2017	0.164697	0.170920	0.073289	0.150440	1,928	-
06/30/2017	0.075963	0.171459	0.043009	0.164615	21,065	-
06/29/2017	0.381477	0.383007	0.075812	0.075812	270	-
06/23/2017	0.150131	0.163137	0.150130	0.162018	1,590	-
06/22/2017	0.172655	0.172655	0.150126	0.150131	528,233	-
06/21/2017	0.152121	0.374489	0.148946	0.172920	6,634	-
06/20/2017	0.254974	0.262291	0.150563	0.150563	77	-
06/19/2017	0.162558	0.255616	0.154854	0.254175	10,241	-
06/18/2017	0.182537	0.183572	0.155150	0.162566	1,725	-
06/17/2017	0.183780	0.184620	0.158112	0.182536	2,819	-
06/16/2017	0.177489	0.187510	0.161813	0.183366	1,894	-
06/15/2017	0.165932	0.210938	0.151333	0.177575	3,308	-
06/14/2017	0.210939	0.465395	0.164326	0.165926	8,106	-
06/13/2017	0.169164	0.271353	0.165245	0.209895	15,969	-
06/12/2017	0.290914	0.354641	0.166376	0.168208	9,132	-
06/11/2017	0.365234	0.386100	0.267922	0.291272	2,925	-
06/10/2017	0.304823	0.389844	0.265678	0.367370	2,253	-
