Date	Open	High	Low	Close	Volume	Market Cap
07/15/2018	0.004828	0.005006	0.004682	0.004911	70,128	5,504,080
07/14/2018	0.004783	0.004869	0.004717	0.004832	56,711	5,452,840
07/13/2018	0.005030	0.005082	0.004695	0.004761	80,860	5,733,860
07/12/2018	0.005074	0.005074	0.004638	0.005025	65,836	5,783,990
07/11/2018	0.005046	0.005127	0.004595	0.005076	66,348	5,752,280
07/10/2018	0.005453	0.005549	0.004939	0.005007	60,802	6,217,000
07/09/2018	0.005674	0.005979	0.005508	0.005508	98,347	6,468,710
07/08/2018	0.005167	0.006078	0.005042	0.005641	86,489	5,890,440
07/07/2018	0.005877	0.005952	0.004893	0.005167	78,603	6,699,690
07/06/2018	0.005810	0.005950	0.005334	0.005884	117,396	6,623,520
07/05/2018	0.005668	0.006168	0.005573	0.005721	87,374	6,461,640
07/04/2018	0.005986	0.006084	0.005571	0.005689	100,653	6,823,700
07/03/2018	0.005751	0.006395	0.005751	0.005954	111,662	6,555,690
07/02/2018	0.005576	0.006274	0.005482	0.005733	76,850	6,355,370
07/01/2018	0.005807	0.006611	0.005571	0.005574	70,744	6,618,460
06/30/2018	0.005792	0.006335	0.005446	0.005806	99,483	6,602,020
06/29/2018	0.004914	0.005921	0.004874	0.005771	49,943	5,601,330
06/28/2018	0.005246	0.005355	0.004879	0.004907	75,416	-
06/27/2018	0.004808	0.005633	0.004802	0.005249	76,087	-
