Date	Open	High	Low	Close	Volume	Market Cap
07/15/2018	0.001536	0.001604	0.001455	0.001492	263,584	-
07/14/2018	0.001440	0.001614	0.001384	0.001537	271,607	-
07/13/2018	0.001542	0.001591	0.001429	0.001443	280,466	-
07/12/2018	0.001452	0.001590	0.001345	0.001533	327,349	-
07/11/2018	0.001616	0.001646	0.001430	0.001452	622,912	-
07/10/2018	0.001794	0.001809	0.001613	0.001617	473,632	-
07/09/2018	0.001920	0.001954	0.001768	0.001784	400,623	-
07/08/2018	0.001918	0.002021	0.001907	0.001916	201,404	-
07/07/2018	0.001878	0.001945	0.001858	0.001918	340,981	-
07/06/2018	0.001907	0.001955	0.001847	0.001873	376,974	-
07/05/2018	0.002002	0.002042	0.001876	0.001911	608,743	-
07/04/2018	0.002023	0.002064	0.001947	0.001997	464,700	-
07/03/2018	0.002002	0.002097	0.001935	0.002021	714,195	-
07/02/2018	0.002078	0.002125	0.001965	0.002009	464,121	-
07/01/2018	0.001903	0.002113	0.001893	0.002071	348,162	-
06/30/2018	0.001855	0.001979	0.001845	0.001901	253,439	-
06/29/2018	0.001839	0.001939	0.001738	0.001883	348,712	-
06/28/2018	0.001962	0.002012	0.001796	0.001826	414,103	-
06/27/2018	0.002126	0.002152	0.001882	0.001948	578,870	-
06/26/2018	0.002147	0.002284	0.002128	0.002128	458,122	-
06/25/2018	0.002179	0.002230	0.002091	0.002157	350,779	-
06/24/2018	0.002388	0.002401	0.001938	0.002178	728,414	-
06/23/2018	0.002344	0.002479	0.002312	0.002378	985,567	-
06/22/2018	0.002875	0.002887	0.002337	0.002337	741,132	-
06/21/2018	0.002972	0.003092	0.002830	0.002880	945,612	-
06/20/2018	0.003018	0.003024	0.002819	0.002959	1,137,700	-
06/19/2018	0.003105	0.003158	0.002934	0.003018	1,121,110	-
06/18/2018	0.003004	0.003155	0.002941	0.003106	883,810	-
06/17/2018	0.002996	0.003081	0.002962	0.003013	976,839	-
06/16/2018	0.002885	0.003052	0.002854	0.002990	819,054	-
06/15/2018	0.002935	0.003113	0.002853	0.002894	1,313,360	-
06/14/2018	0.002709	0.004526	0.002702	0.002939	1,195,680	-
06/13/2018	0.002743	0.002880	0.002499	0.002708	1,029,970	-
06/12/2018	0.003038	0.003157	0.002638	0.002735	1,956,890	-
06/11/2018	0.003359	0.003444	0.002808	0.003038	981,295	-
06/10/2018	0.003818	0.003857	0.003212	0.003356	148,899	-
06/09/2018	0.003766	0.003978	0.003587	0.003821	421,869	-
06/08/2018	0.003640	0.003958	0.003636	0.003942	412,887	-
