Date	Open	High	Low	Close	Volume	Market Cap
07/15/2018	0.057883	0.059314	0.056999	0.058830	2,952,920	43,770,800
07/14/2018	0.058661	0.059313	0.057309	0.057633	3,054,540	44,358,900
07/13/2018	0.058785	0.060910	0.057827	0.058751	3,793,970	44,452,700
07/12/2018	0.062059	0.062818	0.057582	0.058668	4,043,930	46,928,200
07/11/2018	0.062618	0.065807	0.061035	0.061724	2,465,330	47,351,300
07/10/2018	0.066329	0.068897	0.061689	0.062635	3,577,110	50,157,600
07/09/2018	0.065065	0.070394	0.064030	0.066309	2,760,260	49,201,400
07/08/2018	0.065268	0.067686	0.064587	0.065023	2,577,410	49,354,800
07/07/2018	0.061573	0.066289	0.061157	0.066289	3,535,220	46,561,200
07/06/2018	0.062711	0.064057	0.059909	0.061518	1,864,990	47,421,900
07/05/2018	0.063907	0.067142	0.061554	0.062658	1,928,180	48,325,800
07/04/2018	0.060544	0.067226	0.060143	0.063830	1,958,840	45,782,600
07/03/2018	0.062838	0.063280	0.059762	0.060364	2,080,140	47,517,600
07/02/2018	0.057122	0.063303	0.056657	0.062999	1,933,800	43,195,300
07/01/2018	0.057015	0.057402	0.054357	0.057369	1,628,370	43,114,200
06/30/2018	0.051427	0.058929	0.051427	0.057036	3,452,130	38,888,600
06/29/2018	0.050707	0.052025	0.047546	0.051491	1,894,650	38,344,300
06/28/2018	0.054542	0.054806	0.050542	0.050724	1,345,730	41,244,500
06/27/2018	0.054656	0.054656	0.052006	0.054553	1,600,580	41,330,100
06/26/2018	0.058086	0.058371	0.054612	0.054695	1,270,020	43,924,200
06/25/2018	0.055786	0.060434	0.055159	0.058232	2,143,240	42,185,300
06/24/2018	0.056095	0.056980	0.049395	0.055872	1,622,900	42,419,000
06/23/2018	0.057841	0.058839	0.054327	0.056108	1,776,380	43,739,000
06/22/2018	0.068762	0.069139	0.055510	0.057841	2,143,320	51,997,600
06/21/2018	0.070709	0.071029	0.067932	0.068817	1,684,240	53,469,500
06/20/2018	0.072655	0.072655	0.069640	0.070667	1,829,090	54,941,500
06/19/2018	0.074665	0.074824	0.070917	0.072663	1,845,960	56,460,900
06/18/2018	0.075995	0.076233	0.066885	0.074745	2,861,050	57,466,600
06/17/2018	0.078027	0.078282	0.075943	0.076168	1,533,950	59,003,800
06/16/2018	0.076099	0.078958	0.075793	0.077930	1,273,170	57,545,400
06/15/2018	0.081211	0.081458	0.075880	0.076279	1,612,670	61,411,000
06/14/2018	0.075447	0.082754	0.074647	0.081517	2,318,610	57,052,200
06/13/2018	0.084562	0.085270	0.073543	0.075488	1,998,920	63,945,600
06/12/2018	0.088481	0.095568	0.083298	0.085405	2,913,550	66,908,300
06/11/2018	0.087875	0.088449	0.083198	0.088449	1,963,140	66,450,600
06/10/2018	0.102614	0.102614	0.085448	0.087588	2,623,400	77,595,700
06/09/2018	0.105408	0.112232	0.102811	0.102811	3,276,400	79,708,500
06/08/2018	0.113566	0.118550	0.102719	0.105668	5,963,260	85,877,900
06/07/2018	0.096651	0.117162	0.096323	0.113140	14,888,700	73,087,000
06/06/2018	0.099579	0.100495	0.093538	0.096632	3,916,170	75,300,900
06/05/2018	0.097928	0.100647	0.095090	0.099491	9,632,710	74,052,400
06/04/2018	0.106561	0.106805	0.096565	0.097900	7,300,810	80,580,500
06/03/2018	0.106683	0.108816	0.105153	0.106532	7,137,110	80,673,200
06/02/2018	0.104477	0.107470	0.102198	0.106720	8,117,450	79,004,900
06/01/2018	0.108037	0.108941	0.101493	0.104689	5,937,490	81,697,000
05/31/2018	0.104901	0.109749	0.103941	0.107863	3,939,160	79,325,300
05/30/2018	0.105081	0.110637	0.102151	0.105104	3,904,670	79,461,100
05/29/2018	0.097954	0.106123	0.095851	0.104487	2,271,550	74,071,700
05/28/2018	0.111433	0.111706	0.098041	0.098094	1,789,600	84,265,000
05/27/2018	0.113737	0.114495	0.110126	0.111467	1,590,370	86,007,300
05/26/2018	0.114411	0.118206	0.112954	0.113650	2,256,880	86,517,100
05/25/2018	0.119531	0.121145	0.112770	0.114312	1,886,490	90,388,300
05/24/2018	0.115276	0.122965	0.110111	0.119255	2,938,620	87,170,700
05/23/2018	0.130773	0.131999	0.113433	0.115369	3,189,360	98,889,600
05/22/2018	0.141271	0.141610	0.130228	0.131381	2,758,830	106,828,000
05/21/2018	0.142140	0.144529	0.139667	0.141019	3,025,910	107,486,000
05/20/2018	0.137570	0.143048	0.137013	0.142141	2,588,050	104,029,000
05/19/2018	0.134501	0.141085	0.133183	0.137536	4,396,340	101,708,000
05/18/2018	0.128213	0.134571	0.126190	0.134567	2,578,400	96,953,800
05/17/2018	0.139026	0.140670	0.127555	0.128250	3,066,230	105,130,000
05/16/2018	0.140761	0.141209	0.130207	0.138952	3,647,980	106,442,000
05/15/2018	0.142688	0.147993	0.135414	0.140109	3,917,410	107,900,000
05/14/2018	0.147378	0.148923	0.134358	0.143108	6,084,330	111,446,000
05/13/2018	0.138359	0.152021	0.136044	0.146134	3,418,910	104,626,000
05/12/2018	0.136162	0.140715	0.126994	0.138500	3,590,950	102,965,000
05/11/2018	0.153817	0.155151	0.133710	0.136778	6,914,320	116,315,000
05/10/2018	0.149284	0.161974	0.149284	0.154784	9,838,960	112,888,000
05/09/2018	0.151191	0.154835	0.143947	0.149640	9,086,260	114,330,000
05/08/2018	0.157089	0.161171	0.146977	0.151814	12,547,400	118,789,000
05/07/2018	0.155658	0.159507	0.143288	0.156550	13,461,700	117,708,000
05/06/2018	0.164693	0.165622	0.150708	0.155367	15,596,600	124,540,000
05/05/2018	0.171894	0.178739	0.161634	0.164762	15,092,500	129,985,000
05/04/2018	0.169215	0.178010	0.166068	0.172272	15,483,700	127,959,000
05/03/2018	0.158659	0.175681	0.157569	0.169431	18,485,700	119,977,000
05/02/2018	0.156545	0.159971	0.154544	0.158659	13,289,800	118,378,000
05/01/2018	0.161231	0.161309	0.150819	0.156602	13,579,200	121,922,000
04/30/2018	0.162167	0.168523	0.160106	0.161020	17,225,100	122,630,000
04/29/2018	0.154383	0.161138	0.148348	0.161138	13,728,600	116,744,000
04/28/2018	0.145134	0.158689	0.144961	0.154488	11,809,400	109,749,000
04/27/2018	0.149883	0.151963	0.144451	0.145695	13,665,200	113,340,000
04/26/2018	0.137415	0.150431	0.132541	0.150046	11,975,300	103,912,000
04/25/2018	0.157474	0.158669	0.132708	0.135890	11,210,000	119,080,000
04/24/2018	0.145277	0.162629	0.144954	0.158872	14,771,600	109,858,000
04/23/2018	0.137810	0.145379	0.137577	0.145063	12,092,700	104,211,000
04/22/2018	0.132811	0.140645	0.130663	0.138250	11,496,700	100,430,000
04/21/2018	0.137632	0.137821	0.125467	0.132962	10,717,700	104,076,000
04/20/2018	0.131488	0.139229	0.130190	0.137563	13,039,000	99,430,300
04/19/2018	0.127368	0.131310	0.125925	0.131132	11,711,500	96,314,600
04/18/2018	0.116945	0.128589	0.116802	0.127413	12,631,400	88,433,000
04/17/2018	0.113905	0.122684	0.113652	0.117003	10,685,900	86,134,200
04/16/2018	0.120284	0.121167	0.112313	0.113925	11,543,600	90,958,000
04/15/2018	0.111619	0.120766	0.111619	0.120479	10,005,900	84,405,300
04/14/2018	0.110479	0.115344	0.108954	0.111605	7,363,080	83,543,500
04/13/2018	0.110510	0.117071	0.107868	0.110857	11,639,700	83,567,000
04/12/2018	0.099185	0.111478	0.096864	0.110406	11,517,300	75,002,700
04/11/2018	0.095653	0.099451	0.095505	0.099386	9,834,500	72,332,300
04/10/2018	0.097733	0.098471	0.093733	0.095695	10,471,600	73,905,100
04/09/2018	0.109861	0.112416	0.092898	0.097381	12,284,800	83,076,300
04/08/2018	0.095236	0.111311	0.095236	0.109663	8,750,230	72,016,300
04/07/2018	0.095242	0.105270	0.093975	0.095238	9,788,970	72,021,400
04/06/2018	0.089367	0.099087	0.088397	0.095106	13,253,500	67,578,700
04/05/2018	0.090987	0.091643	0.086427	0.089762	6,683,020	68,804,000
04/04/2018	0.105243	0.105243	0.089871	0.090638	6,507,920	79,584,100
04/03/2018	0.097109	0.105240	0.095890	0.105107	7,605,680	73,433,000
04/02/2018	0.094938	0.099151	0.093251	0.096797	6,666,360	71,791,800
04/01/2018	0.100793	0.101694	0.088413	0.094542	6,418,430	76,218,900
03/31/2018	0.103183	0.107285	0.098847	0.100705	7,285,940	78,026,400
03/30/2018	0.104120	0.109146	0.094725	0.103313	7,630,710	78,734,800
03/29/2018	0.126481	0.128001	0.102580	0.104485	7,897,740	95,643,700
03/28/2018	0.125887	0.132154	0.124160	0.126954	9,838,400	95,195,000
03/27/2018	0.133176	0.135224	0.118503	0.125464	12,628,100	100,707,000
03/26/2018	0.129424	0.146885	0.116394	0.132562	19,195,700	97,869,300
03/25/2018	0.121704	0.138707	0.118879	0.129758	19,989,200	92,031,300
03/24/2018	0.115701	0.128907	0.114217	0.123532	8,700,480	87,492,300
03/23/2018	0.115460	0.116377	0.103236	0.114510	7,860,420	87,309,900
03/22/2018	0.123639	0.127619	0.109663	0.115305	7,688,720	93,495,000
03/21/2018	0.118375	0.135132	0.118186	0.123481	10,266,500	89,514,100
03/20/2018	0.112233	0.120383	0.103298	0.118404	7,246,980	84,870,000
03/19/2018	0.104776	0.112059	0.100379	0.111018	7,563,950	79,230,500
03/18/2018	0.103846	0.107856	0.084666	0.105059	7,005,110	78,527,700
03/17/2018	0.120792	0.121549	0.102005	0.104354	7,872,300	91,342,300
03/16/2018	0.106482	0.127782	0.099980	0.121641	8,139,970	80,521,100
03/15/2018	0.113939	0.115039	0.092232	0.107006	5,548,700	86,159,700
03/14/2018	0.133530	0.135770	0.111197	0.114196	2,197,250	100,974,000
03/13/2018	0.135378	0.143743	0.132108	0.133548	2,589,990	102,371,000
03/12/2018	0.147738	0.154008	0.132331	0.136009	3,018,830	111,718,000
03/11/2018	0.127374	0.151735	0.123628	0.148189	3,022,580	96,319,600
03/10/2018	0.137186	0.144514	0.127037	0.127963	2,474,220	103,739,000
03/09/2018	0.130568	0.138161	0.115459	0.136847	3,863,150	98,734,600
03/08/2018	0.151120	0.157974	0.130104	0.131404	2,463,830	114,276,000
03/07/2018	0.162990	0.173972	0.134581	0.150709	5,148,420	123,252,000
03/06/2018	0.177078	0.177078	0.160543	0.163273	2,204,090	133,905,000
03/05/2018	0.180855	0.184027	0.175684	0.176877	2,227,440	136,761,000
03/04/2018	0.186660	0.187777	0.167061	0.181106	3,066,850	141,151,000
03/03/2018	0.187394	0.192373	0.177083	0.186956	3,181,190	141,706,000
03/02/2018	0.182278	0.192746	0.176772	0.187453	3,183,310	137,837,000
03/01/2018	0.182393	0.191702	0.177741	0.182199	3,388,700	137,924,000
02/28/2018	0.188534	0.193108	0.177268	0.182149	3,777,780	142,568,000
02/27/2018	0.188715	0.196978	0.184573	0.188740	3,834,630	142,705,000
02/26/2018	0.185582	0.202097	0.181045	0.187773	9,510,100	140,336,000
02/25/2018	0.168489	0.186946	0.164396	0.186360	2,692,190	127,410,000
02/24/2018	0.181453	0.189749	0.161682	0.169862	1,780,260	137,214,000
02/23/2018	0.176644	0.189155	0.166302	0.181661	2,386,960	133,577,000
02/22/2018	0.190145	0.207322	0.170480	0.177451	2,529,390	143,786,000
02/21/2018	0.206711	0.221538	0.179830	0.191229	4,121,760	156,314,000
02/20/2018	0.247821	0.269333	0.206245	0.207512	14,883,600	187,400,000
02/19/2018	0.194546	0.250839	0.192439	0.241989	11,994,000	147,114,000
02/18/2018	0.215164	0.231667	0.187547	0.195508	4,906,840	162,706,000
02/17/2018	0.188846	0.227827	0.187097	0.214453	8,525,610	142,804,000
02/16/2018	0.178706	0.189927	0.176632	0.188295	2,913,760	135,136,000
02/15/2018	0.163349	0.181247	0.160971	0.178118	2,163,430	123,523,000
02/14/2018	0.153992	0.168756	0.150417	0.163304	5,004,820	116,448,000
02/13/2018	0.146996	0.167811	0.132609	0.152847	4,988,430	111,157,000
02/12/2018	0.137002	0.153135	0.137002	0.146753	1,040,770	103,600,000
02/11/2018	0.150615	0.150615	0.129529	0.136464	1,396,140	113,894,000
02/10/2018	0.164103	0.168554	0.144051	0.149653	2,245,800	124,093,000
02/09/2018	0.151200	0.162956	0.143098	0.162956	135,406	114,337,000
02/08/2018	0.131739	0.156938	0.131739	0.150815	3,023,410	99,619,900
02/07/2018	0.156931	0.163634	0.128572	0.132426	2,903,760	118,670,000
02/06/2018	0.103552	0.164634	0.091344	0.156715	6,967,710	78,305,400
02/05/2018	0.146178	0.148781	0.092162	0.102964	2,655,390	110,538,000
02/04/2018	0.179641	0.181075	0.138892	0.148795	2,057,380	135,843,000
02/03/2018	0.170973	0.192613	0.151996	0.179734	1,725,940	129,289,000
02/02/2018	0.174736	0.178500	0.129164	0.170044	4,140,310	132,134,000
02/01/2018	0.211928	0.225246	0.163405	0.175612	4,500,680	160,258,000
01/31/2018	0.224112	0.226581	0.204021	0.210869	3,326,010	169,472,000
01/30/2018	0.265042	0.271988	0.212533	0.222487	4,733,010	200,423,000
01/29/2018	0.262395	0.274873	0.250507	0.264834	6,518,260	198,421,000
01/28/2018	0.278251	0.280519	0.258759	0.263893	5,747,820	210,411,000
01/27/2018	0.276419	0.287239	0.261284	0.276053	6,400,220	209,026,000
01/26/2018	0.296078	0.320920	0.244490	0.276914	22,731,500	223,892,000
01/25/2018	0.232985	0.295764	0.230493	0.295044	13,506,500	176,182,000
01/24/2018	0.221296	0.247534	0.213687	0.230471	11,198,600	167,343,000
01/23/2018	0.200574	0.240449	0.192331	0.220947	7,259,050	151,673,000
01/22/2018	0.216487	0.232613	0.184629	0.200424	4,113,260	163,706,000
01/21/2018	0.255885	0.255885	0.200763	0.213412	3,497,680	193,498,000
01/20/2018	0.249464	0.268984	0.238044	0.254727	7,904,480	188,643,000
01/19/2018	0.241651	0.267356	0.229687	0.246168	5,347,810	182,735,000
01/18/2018	0.233211	0.285935	0.224005	0.244168	10,393,900	176,352,000
01/17/2018	0.195378	0.249923	0.140711	0.232659	9,740,970	147,743,000
01/16/2018	0.296142	0.300047	0.141310	0.196078	9,732,500	223,940,000
01/15/2018	0.322991	0.338795	0.280929	0.293874	8,264,470	244,244,000
01/14/2018	0.382348	0.402258	0.314146	0.324890	9,611,280	289,129,000
01/13/2018	0.403972	0.448377	0.355574	0.375572	17,660,500	305,481,000
01/12/2018	0.331405	0.483510	0.311762	0.403111	42,412,300	250,606,000
01/11/2018	0.356509	0.407397	0.269340	0.331104	14,207,100	269,589,000
01/10/2018	0.372867	0.373156	0.284303	0.356217	15,779,700	281,959,000
01/09/2018	0.385881	0.425842	0.361515	0.373701	16,265,800	291,800,000
01/08/2018	0.426283	0.470335	0.343183	0.387942	21,015,600	322,352,000
01/07/2018	0.448303	0.493384	0.394194	0.426106	22,822,200	339,004,000
01/06/2018	0.366606	0.445617	0.366606	0.445617	21,625,400	277,225,000
01/05/2018	0.334275	0.462326	0.328469	0.365383	38,933,100	252,776,000
01/04/2018	0.224816	0.381342	0.216386	0.342795	37,660,700	170,004,000
01/03/2018	0.195024	0.236883	0.168335	0.222537	17,264,200	147,476,000
01/02/2018	0.177841	0.201011	0.141934	0.195753	10,417,500	134,482,000
01/01/2018	0.170690	0.200053	0.167556	0.177758	6,048,970	129,074,000
12/31/2017	0.158484	0.190021	0.150585	0.172698	9,140,720	119,844,000
12/30/2017	0.166819	0.174259	0.139559	0.158732	8,452,040	126,147,000
12/29/2017	0.150399	0.179001	0.149685	0.166870	6,058,230	113,731,000
12/28/2017	0.157370	0.172696	0.139198	0.148874	5,498,480	119,002,000
12/27/2017	0.148692	0.181673	0.135946	0.158417	6,916,430	112,440,000
12/26/2017	0.149096	0.152491	0.119170	0.148425	6,647,080	112,745,000
12/25/2017	0.142863	0.171697	0.139965	0.149576	5,069,220	108,032,000
12/24/2017	0.158028	0.174687	0.126956	0.141318	9,071,520	119,499,000
12/23/2017	0.094884	0.187530	0.094884	0.161044	22,088,900	71,750,700
12/22/2017	0.104515	0.106428	0.067149	0.093701	4,648,840	79,033,300
12/21/2017	0.106941	0.124518	0.100026	0.103662	5,738,940	80,867,900
12/20/2017	0.127667	0.127667	0.100961	0.106038	6,236,560	96,541,100
12/19/2017	0.119500	0.139745	0.110082	0.127791	6,421,380	90,364,700
12/18/2017	0.110631	0.130120	0.107397	0.119624	8,339,420	83,658,300
12/17/2017	0.089070	0.156539	0.086276	0.108680	20,332,200	67,354,300
12/16/2017	0.059015	0.105568	0.059015	0.086793	15,642,500	44,627,000
12/15/2017	0.054260	0.059942	0.051006	0.059224	2,613,900	41,031,000
12/14/2017	0.047595	0.054338	0.044530	0.053843	2,892,190	35,991,100
12/13/2017	0.048174	0.049570	0.041806	0.048213	1,561,250	36,428,800
12/12/2017	0.046356	0.050620	0.044304	0.047917	2,374,160	35,054,100
12/11/2017	0.043685	0.049770	0.042113	0.047023	1,927,450	33,034,600
12/10/2017	0.040242	0.047636	0.035862	0.043897	3,137,740	30,430,500
12/09/2017	0.041891	0.042577	0.036355	0.040201	2,383,740	31,677,900
12/08/2017	0.052963	0.052963	0.036272	0.042106	7,278,730	40,050,600
12/07/2017	0.035764	0.060121	0.031876	0.052062	25,382,700	27,044,800
12/06/2017	0.027800	0.036782	0.026926	0.035844	3,943,450	21,022,300
12/05/2017	0.026365	0.028723	0.025791	0.027588	1,460,060	19,936,800
12/04/2017	0.025238	0.026267	0.024177	0.026218	367,747	19,085,100
12/03/2017	0.027013	0.027585	0.023953	0.025311	490,435	20,426,800
12/02/2017	0.024646	0.027546	0.024646	0.026994	350,439	18,637,100
12/01/2017	0.022897	0.025711	0.021292	0.024781	275,663	17,314,500
11/30/2017	0.021697	0.023778	0.019866	0.022968	402,797	16,406,800
11/29/2017	0.025637	0.027068	0.020349	0.021382	620,479	19,386,500
11/28/2017	0.028023	0.028023	0.024204	0.025647	772,860	21,190,700
11/27/2017	0.024317	0.027752	0.022986	0.027752	771,542	18,388,000
11/26/2017	0.022974	0.024932	0.022684	0.024315	432,412	17,372,900
11/25/2017	0.023772	0.023772	0.021051	0.022857	498,302	17,975,900
11/24/2017	0.024059	0.025244	0.021215	0.023288	763,263	18,192,900
11/23/2017	0.022802	0.027316	0.021590	0.024115	1,200,440	17,242,500
11/22/2017	0.021694	0.022882	0.020627	0.022712	441,265	16,405,000
11/21/2017	0.022885	0.024280	0.021370	0.021693	284,618	17,305,600
11/20/2017	0.023656	0.025125	0.022609	0.022891	470,417	17,888,300
11/19/2017	0.020861	0.025588	0.020299	0.023578	906,877	15,775,000
11/18/2017	0.019356	0.021118	0.019355	0.020883	343,427	14,637,100
11/17/2017	0.021414	0.021687	0.019242	0.019295	401,216	16,192,900
11/16/2017	0.024979	0.024979	0.019871	0.021007	694,196	18,888,700
11/15/2017	0.028331	0.029634	0.022402	0.024687	1,787,340	-
11/14/2017	0.023834	0.030351	0.023834	0.028689	2,961,270	-
11/13/2017	0.018541	0.025244	0.018035	0.023990	1,201,260	-
11/12/2017	0.019974	0.020346	0.017212	0.018245	407,616	-
11/11/2017	0.019663	0.021350	0.018917	0.019978	263,952	-
11/10/2017	0.023254	0.024068	0.017783	0.019762	473,213	-
11/09/2017	0.020892	0.025362	0.019368	0.024219	1,045,940	-
11/08/2017	0.019190	0.020912	0.018360	0.020906	699,064	-
11/07/2017	0.017461	0.019330	0.017420	0.019330	377,781	-
11/06/2017	0.018113	0.018482	0.017094	0.017450	570,562	-
11/05/2017	0.018694	0.019350	0.018083	0.018083	345,152	-
11/04/2017	0.020398	0.020516	0.018452	0.018639	510,893	-
11/03/2017	0.017431	0.024481	0.017282	0.020453	1,821,180	-
11/02/2017	0.020079	0.020079	0.015620	0.017371	333,967	-
11/01/2017	0.024308	0.024351	0.019099	0.020033	742,008	-
