Date	Open	High	Low	Close	Volume	Market Cap
07/15/2018	0.050807	0.063468	0.049060	0.057616	450,449	33,571,300
07/14/2018	0.051935	0.052903	0.048701	0.050224	117,832	34,316,300
07/13/2018	0.051626	0.053105	0.051091	0.051910	151,664	34,112,300
07/12/2018	0.054815	0.055634	0.050420	0.051817	164,722	36,219,600
07/11/2018	0.056638	0.059745	0.052704	0.054340	310,641	37,423,700
07/10/2018	0.066277	0.066277	0.056622	0.056634	261,686	43,793,100
07/09/2018	0.070159	0.070589	0.065666	0.065666	177,828	46,358,100
07/08/2018	0.069193	0.071066	0.066977	0.069959	224,491	45,719,600
07/07/2018	0.069469	0.073857	0.066332	0.069553	310,098	45,902,000
07/06/2018	0.065660	0.069584	0.059043	0.069584	488,019	43,385,100
07/05/2018	0.070243	0.072075	0.060745	0.066473	349,776	46,413,400
07/04/2018	0.071712	0.074816	0.067801	0.069796	233,322	47,384,200
07/03/2018	0.074128	0.076269	0.071308	0.072256	360,754	48,980,700
07/02/2018	0.075409	0.078526	0.070011	0.074533	372,846	49,827,000
07/01/2018	0.080239	0.081331	0.066997	0.075145	605,847	53,018,000
06/30/2018	0.082046	0.085875	0.076378	0.080167	305,830	54,212,200
06/29/2018	0.080862	0.083160	0.073787	0.081838	570,463	53,429,700
06/28/2018	0.101612	0.102511	0.080837	0.080911	709,524	67,141,000
06/27/2018	0.101309	0.102242	0.098566	0.101753	793,150	66,940,200
06/26/2018	0.104969	0.106287	0.101209	0.101209	848,278	69,358,700
06/25/2018	0.098949	0.107203	0.096773	0.104828	913,778	65,380,800
06/24/2018	0.108332	0.108612	0.091106	0.099717	885,682	71,581,100
06/23/2018	0.109566	0.110955	0.106126	0.108692	739,100	72,396,000
06/22/2018	0.127245	0.127764	0.108239	0.108730	968,467	84,077,700
06/21/2018	0.136008	0.136311	0.126132	0.127556	1,062,690	89,867,800
06/20/2018	0.138179	0.138631	0.128708	0.135932	1,379,190	91,302,500
06/19/2018	0.144445	0.144627	0.133871	0.138032	1,039,650	95,443,100
06/18/2018	0.141965	0.147027	0.139041	0.144480	1,217,670	93,803,800
06/17/2018	0.140318	0.145477	0.138860	0.142101	1,011,300	92,715,500
06/16/2018	0.139774	0.147885	0.136282	0.140030	1,270,220	92,356,300
06/15/2018	0.149412	0.149879	0.136786	0.140450	1,582,950	98,724,600
06/14/2018	0.115317	0.151148	0.114641	0.148737	2,394,000	76,196,100
06/13/2018	0.117681	0.118967	0.107581	0.115294	1,030,680	77,758,000
06/12/2018	0.123106	0.124684	0.116817	0.117383	1,202,550	81,342,600
06/11/2018	0.134542	0.134542	0.117582	0.122605	1,089,000	88,899,200
06/10/2018	0.154266	0.154266	0.127744	0.132151	1,858,880	101,932,000
06/09/2018	0.144164	0.156587	0.143857	0.153755	1,933,710	95,256,900
06/08/2018	0.154531	0.156746	0.142722	0.143172	708,285	102,107,000
06/07/2018	0.146560	0.156531	0.145657	0.154371	712,140	96,840,000
06/06/2018	0.152459	0.164129	0.143882	0.146780	608,561	100,738,000
06/05/2018	0.149324	0.155890	0.139915	0.154023	869,728	98,666,600
06/04/2018	0.159540	0.160490	0.146084	0.149694	787,307	105,417,000
06/03/2018	0.170826	0.172507	0.158896	0.159322	1,287,520	112,874,000
06/02/2018	0.161575	0.183974	0.159884	0.172120	1,791,780	106,761,000
06/01/2018	0.155558	0.174174	0.149735	0.160271	2,093,400	102,786,000
05/31/2018	0.133529	0.154539	0.130993	0.153962	2,545,670	88,229,900
05/30/2018	0.143859	0.144517	0.130447	0.134224	4,264,630	95,055,700
05/29/2018	0.141067	0.147316	0.132164	0.143743	3,625,380	93,210,900
05/28/2018	0.160936	0.164954	0.141549	0.141549	2,648,490	106,339,000
05/27/2018	0.174023	0.174023	0.157785	0.161017	4,107,430	114,987,000
05/26/2018	0.177773	0.190634	0.170097	0.174607	10,347,200	117,465,000
05/25/2018	0.173461	0.180541	0.165352	0.177947	2,932,290	114,615,000
05/24/2018	0.167574	0.184705	0.166084	0.173306	5,715,880	110,725,000
05/23/2018	0.190380	0.216443	0.165910	0.168749	19,658,300	125,794,000
05/22/2018	0.214572	0.219745	0.189104	0.191336	2,029,070	141,779,000
05/21/2018	0.226437	0.241926	0.213180	0.214825	3,805,510	-
05/20/2018	0.216740	0.226341	0.210510	0.226341	3,140,830	-
05/19/2018	0.218262	0.224103	0.210419	0.216577	2,032,820	-
05/18/2018	0.215946	0.219306	0.207028	0.217469	2,895,030	-
05/17/2018	0.232642	0.245897	0.210365	0.215503	3,646,250	-
05/16/2018	0.217584	0.241825	0.185561	0.233961	7,030,210	-
05/15/2018	0.249830	0.260594	0.201283	0.218121	6,932,290	-
05/14/2018	0.212313	0.272870	0.201682	0.250187	11,945,400	-
05/13/2018	0.150614	0.230811	0.150058	0.215055	6,385,930	-
05/12/2018	0.160520	0.161976	0.134124	0.151007	2,889,750	-
05/11/2018	0.182091	0.182091	0.154156	0.161522	3,250,100	-
05/10/2018	0.226594	0.226594	0.169813	0.181763	7,087,660	-
05/09/2018	0.193823	0.232601	0.169508	0.223711	9,908,350	-
05/08/2018	0.133180	0.200329	0.133180	0.194411	6,659,490	-
05/07/2018	0.115203	0.136257	0.101959	0.132408	2,197,860	-
05/06/2018	0.139950	0.142447	0.096189	0.113014	2,663,050	-
05/05/2018	0.155722	0.169062	0.138694	0.140273	1,489,980	-
05/04/2018	0.182643	0.192394	0.139307	0.150754	2,708,460	-
05/03/2018	0.162625	0.195590	0.154132	0.183044	4,502,860	-
05/02/2018	0.118217	0.177692	0.118066	0.163341	4,088,720	-
05/01/2018	0.105582	0.120644	0.096076	0.119856	2,730,830	-
04/30/2018	0.124106	0.155849	0.086304	0.107845	2,736,410	-
04/29/2018	0.140728	0.146962	0.106719	0.128054	1,510,930	-
04/28/2018	0.136956	0.173825	0.135655	0.145069	2,032,520	-
04/27/2018	0.184284	0.192538	0.145718	0.146756	486,382	-
04/26/2018	0.155491	0.189288	0.154317	0.184778	869,192	-
04/25/2018	0.209177	0.209177	0.150703	0.153980	930,920	-
04/24/2018	0.124276	0.205373	0.124276	0.205309	1,749,050	-
04/23/2018	0.091078	0.124272	0.085556	0.124272	755,586	-
04/22/2018	0.094673	0.097382	0.089926	0.091417	548,223	-
04/21/2018	0.103845	0.103919	0.088715	0.094975	483,042	-
04/20/2018	0.097521	0.105045	0.093580	0.103913	570,841	-
04/19/2018	0.092692	0.105127	0.086641	0.097654	861,743	-
04/18/2018	0.080374	0.126355	0.063415	0.093764	646,260	-
04/17/2018	0.036966	0.100813	0.036837	0.080335	108,048	-
