Date	Open	High	Low	Close	Volume	Market Cap
07/15/2018	1.12	2.19	0.700074	0.704038	1,910	-
07/14/2018	0.694457	1.13	0.694457	1.12	39,554	-
07/13/2018	0.689573	0.708164	0.689498	0.694457	1	-
07/12/2018	0.932602	0.939965	0.618762	0.687556	283	-
07/11/2018	1.16	1.19	0.646260	0.932801	27,833	-
07/10/2018	1.26	1.26	0.656515	1.05	5,071	-
07/09/2018	1.54	1.66	0.762628	1.26	22,673	-
07/08/2018	1.70	1.71	0.788923	1.54	16,516	-
07/07/2018	1.69	1.71	0.608483	1.71	20,452	-
07/06/2018	0.651126	1.72	0.561520	1.69	125,917	-
07/05/2018	0.051413	0.657773	0.051362	0.651425	5,716	80,962,800
07/04/2018	0.009491	0.051265	0.009471	0.051234	1,815	14,945,500
07/03/2018	0.000118	0.000119	0.000117	0.000118	308	185,949
06/25/2018	0.000094	0.000094	0.000094	0.000094	726	148,468
06/24/2018	0.000098	0.000099	0.000087	0.000095	732	154,692
06/23/2018	0.000097	0.000142	0.000095	0.000098	760	152,229
06/22/2018	0.000107	0.000138	0.000094	0.000097	545	168,650
06/21/2018	0.000108	0.000139	0.000097	0.000107	510	170,431
06/20/2018	0.000107	0.000144	0.000107	0.000108	1,442	169,207
06/19/2018	0.000109	0.000144	0.000105	0.000107	542	171,195
06/18/2018	0.000122	0.000150	0.000100	0.000109	51	192,070
06/17/2018	0.000122	0.000124	0.000122	0.000122	1	192,187
06/16/2018	0.000122	0.000123	0.000121	0.000122	23	192,707
06/14/2018	0.012398	0.102517	0.012386	0.102323	635	19,524,500
06/13/2018	0.000446	0.012508	0.000094	0.012369	165	702,876
06/12/2018	0.000100	0.004401	0.000099	0.000445	20	157,362
06/11/2018	0.000104	0.000105	0.000096	0.000100	20	163,093
06/10/2018	0.000102	0.000107	0.000090	0.000103	1,754	161,013
06/09/2018	0.000107	0.000132	0.000102	0.000102	28	169,078
06/08/2018	0.000108	0.000109	0.000106	0.000107	4	170,196
06/07/2018	0.000107	0.000123	0.000106	0.000108	5	167,963
06/06/2018	0.000134	0.000135	0.000105	0.000107	51	210,395
06/05/2018	0.000097	0.000135	0.000097	0.000134	136	151,996
06/04/2018	0.000147	0.000149	0.000095	0.000097	280	231,504
06/03/2018	0.000118	0.000148	0.000118	0.000147	231	186,255
06/02/2018	0.000116	0.000177	0.000116	0.000118	125	183,309
06/01/2018	0.000112	0.000200	0.000112	0.000116	120	176,435
05/31/2018	0.000142	0.000168	0.000110	0.000112	266	224,235
05/30/2018	0.000147	0.000152	0.000139	0.000143	230	231,403
05/29/2018	0.000143	0.000149	0.000100	0.000147	51	225,476
05/28/2018	0.000159	0.000214	0.000123	0.000134	648	250,678
05/27/2018	0.000181	0.000181	0.000104	0.000159	1,009	284,837
05/26/2018	0.000089	0.000181	0.000088	0.000181	880	140,008
05/25/2018	0.000136	0.000157	0.000087	0.000089	1,357	214,841
05/24/2018	0.000147	0.000155	0.000119	0.000136	176	231,131
05/23/2018	0.003082	0.003108	0.000146	0.000147	26,673	4,852,800
05/22/2018	0.000140	0.002811	0.000118	0.002801	166	221,021
05/21/2018	0.001386	0.001391	0.000139	0.000141	350	2,181,830
05/20/2018	0.000139	0.001384	0.000117	0.001384	20,606	219,191
05/19/2018	0.000169	0.000169	0.000097	0.000166	320	265,832
05/18/2018	0.000134	0.000177	0.000132	0.000169	140	211,157
05/17/2018	0.000141	0.000144	0.000133	0.000134	208	222,591
05/16/2018	0.000245	0.001234	0.000141	0.000141	1,080	386,497
05/15/2018	0.000260	0.000264	0.000175	0.000245	5,654	409,801
05/14/2018	0.000174	0.000266	0.000167	0.000261	10	273,699
05/13/2018	0.000169	0.000260	0.000167	0.000174	34	266,689
05/12/2018	0.000252	0.000259	0.000169	0.000169	602	396,595
05/11/2018	0.000181	0.000263	0.000174	0.000253	61	284,649
05/10/2018	0.000279	0.000282	0.000180	0.000181	3,431	440,007
05/09/2018	0.000276	0.000280	0.000270	0.000279	938	434,580
05/08/2018	0.000281	0.000284	0.000272	0.000276	4,617	442,512
05/07/2018	0.000192	0.000282	0.000184	0.000280	511	302,781
05/06/2018	0.000295	0.000298	0.000190	0.000192	104	464,328
05/05/2018	0.000291	0.000296	0.000290	0.000295	205	457,901
05/04/2018	0.000292	0.000293	0.000287	0.000291	13	460,501
05/03/2018	0.000184	0.000294	0.000184	0.000293	69	290,357
05/02/2018	0.000182	0.000185	0.000180	0.000184	6	286,077
05/01/2018	0.000277	0.000277	0.000177	0.000182	241	436,557
04/30/2018	0.000282	0.000283	0.000274	0.000277	111	444,149
04/29/2018	0.000338	0.000346	0.000279	0.000282	1,039	532,867
04/28/2018	0.000324	0.000362	0.000324	0.000338	4,591	510,393
04/27/2018	0.000314	0.000389	0.000310	0.000327	3,294	495,120
04/26/2018	0.000408	0.000413	0.000307	0.000314	2,188	642,779
04/25/2018	0.000451	0.000451	0.000352	0.000404	1,802	710,227
04/24/2018	0.000364	0.000540	0.000364	0.000451	15,977	573,207
04/23/2018	0.000352	0.000459	0.000334	0.000364	7,576	554,180
04/22/2018	0.000307	0.000465	0.000290	0.000353	11,877	483,435
04/21/2018	0.000267	0.000311	0.000257	0.000307	2,965	420,060
04/20/2018	0.000272	0.000299	0.000244	0.000267	2,842	428,052
04/19/2018	0.000488	0.000529	0.000252	0.000283	1,195	768,498
04/18/2018	0.000230	0.000499	0.000216	0.000488	8,957	362,850
04/17/2018	0.000246	0.000248	0.000216	0.000230	1,431	386,664
04/16/2018	0.000242	0.000247	0.000216	0.000246	2,855	380,358
04/15/2018	0.000244	0.000275	0.000239	0.000241	372	384,049
04/14/2018	0.000246	0.000316	0.000235	0.000244	9,710	387,536
04/13/2018	0.000252	0.000263	0.000225	0.000246	2,770	396,531
04/12/2018	0.000239	0.000266	0.000201	0.000251	4,240	376,377
04/11/2018	0.000242	0.000243	0.000191	0.000240	7,559	380,390
04/10/2018	0.000227	0.001813	0.000213	0.000241	4,338	357,122
04/09/2018	0.000252	0.000276	0.000216	0.000226	3,611	396,382
04/08/2018	0.000232	0.000253	0.000232	0.000251	10,732	365,316
04/07/2018	0.000237	0.000246	0.000180	0.000232	5,483	372,809
04/06/2018	0.000265	0.000268	0.000237	0.000237	857	417,504
04/05/2018	0.000244	0.000278	0.000239	0.000266	2,707	383,622
04/04/2018	0.000262	0.000284	0.000234	0.000244	2,350	412,818
04/03/2018	0.000252	0.000293	0.000250	0.000262	3,616	396,787
04/02/2018	0.000304	0.000424	0.000231	0.000252	6,749	478,615
04/01/2018	0.000247	0.000310	0.000245	0.000303	3,116	389,088
03/31/2018	0.000294	0.000449	0.000247	0.000247	5,913	462,386
03/30/2018	0.000287	0.000311	0.000264	0.000294	6,091	452,243
03/29/2018	0.000458	0.000458	0.000287	0.000288	12,553	720,757
03/28/2018	0.000324	0.000874	0.000279	0.000457	62,023	510,175
03/27/2018	0.000250	0.000333	0.000196	0.000324	11,203	393,416
03/26/2018	0.000304	0.000308	0.000182	0.000250	5,779	478,480
03/25/2018	0.000261	0.000310	0.000245	0.000305	1,781	411,346
03/24/2018	0.000249	0.000276	0.000247	0.000264	3,407	392,237
03/23/2018	0.000253	0.000259	0.000234	0.000247	2,315	398,250
03/22/2018	0.000285	0.000294	0.000244	0.000255	2,238	449,160
03/21/2018	0.000249	0.000294	0.000245	0.000285	5,321	392,514
03/20/2018	0.000278	0.000289	0.000213	0.000248	6,746	437,021
03/19/2018	0.000189	0.000391	0.000169	0.000275	26,933	298,139
03/18/2018	0.000202	0.000223	0.000123	0.000190	15,497	318,581
03/17/2018	0.000413	0.007046	0.000169	0.000203	80,704	650,933
03/16/2018	0.000288	0.012531	0.000244	0.012531	93,066	453,144
03/15/2018	0.000284	0.000307	0.000221	0.000288	8,915	447,787
03/14/2018	0.000283	0.000311	0.000246	0.000284	2,377	446,294
03/13/2018	0.000335	0.000441	0.000256	0.000283	9,848	527,689
03/12/2018	0.000359	0.000397	0.000309	0.000336	5,825	566,002
03/11/2018	0.000336	0.000576	0.000290	0.000360	16,121	529,302
03/10/2018	0.000639	0.002207	0.000270	0.000337	24,387	1,006,680
03/09/2018	0.000507	0.001189	0.000444	0.000801	169,260	798,427
03/08/2018	0.001428	0.002584	0.000438	0.000508	39,511	2,248,420
03/07/2018	0.000540	0.001876	0.000425	0.001430	170,779	849,969
03/06/2018	0.000942	0.000942	0.000119	0.000539	14,845	1,483,380
03/05/2018	0.000592	0.000943	0.000455	0.000942	4,081	932,822
03/04/2018	0.000576	0.000592	0.000502	0.000592	9,696	907,361
03/03/2018	0.000462	0.000652	0.000450	0.000576	20,730	726,774
03/02/2018	0.000568	0.000616	0.000461	0.000462	14,294	894,946
03/01/2018	0.000541	0.000677	0.000499	0.000569	9,567	852,110
02/28/2018	0.000613	0.001130	0.000510	0.000541	13,571	964,626
02/27/2018	0.002037	0.004215	0.000315	0.000612	31,512	3,208,190
02/26/2018	0.000620	0.002133	0.000580	0.002030	171,071	976,438
02/25/2018	0.002274	0.004181	0.000571	0.000620	250,048	3,581,080
02/24/2018	0.000817	0.002612	0.000583	0.002241	678,763	1,286,150
02/23/2018	0.000564	0.003744	0.000558	0.000817	315,987	888,237
02/22/2018	0.000690	0.002357	0.000565	0.000565	175,715	1,086,970
02/21/2018	0.000746	0.000769	0.000677	0.000691	19,198	1,175,030
02/20/2018	0.000815	0.002741	0.000723	0.000747	37,973	1,283,890
02/19/2018	0.000857	0.004536	0.000650	0.000815	843,610	1,349,800
02/18/2018	0.001061	0.003992	0.000302	0.000860	662,126	1,670,730
02/17/2018	0.009358	0.010616	0.000772	0.001060	575,433	14,736,700
02/16/2018	0.000916	0.009924	0.000742	0.009422	180,141	1,443,090
02/15/2018	0.000949	0.001175	0.000750	0.000917	41,490	1,495,070
02/14/2018	0.000761	0.001626	0.000761	0.000949	729,882	1,198,940
02/13/2018	0.001583	0.001655	0.000655	0.000762	493,590	2,492,910
02/12/2018	0.001026	0.001709	0.000932	0.001315	352,134	1,615,500
02/11/2018	0.000940	0.001249	0.000835	0.001021	683	1,479,950
02/10/2018	0.001338	0.001379	0.000903	0.000941	570	2,106,670
02/09/2018	0.001048	0.001344	0.000881	0.001337	2,953	1,650,060
02/08/2018	0.001403	0.001469	0.000566	0.001047	401,863	2,208,820
02/07/2018	0.001312	0.001543	0.001180	0.001345	15,873	2,066,350
02/06/2018	0.001361	0.001462	0.000958	0.001314	20,191	2,142,770
02/05/2018	0.001829	0.001859	0.001216	0.001356	20,650	2,880,400
02/04/2018	0.002151	0.002396	0.001731	0.001847	1,121,160	3,387,810
02/03/2018	0.005767	0.005770	0.001009	0.002188	20,115	9,081,210
02/02/2018	0.002137	0.006326	0.001939	0.005765	136,039	3,365,710
02/01/2018	0.002028	0.002366	0.001839	0.002145	18,551	3,193,860
01/31/2018	0.003100	0.003421	0.001991	0.002024	225,550	4,882,400
01/30/2018	0.002664	0.007607	0.002303	0.003094	677,538	4,194,410
01/29/2018	0.003484	0.003670	0.002141	0.002663	530,481	5,487,120
01/28/2018	0.003244	0.003904	0.002702	0.003489	509,796	5,108,230
01/27/2018	0.003307	0.003912	0.002316	0.003221	362,583	5,207,400
01/26/2018	0.002463	0.004973	0.001933	0.003307	574,810	3,878,590
01/25/2018	0.002480	0.002684	0.002261	0.002472	14,383	3,905,410
01/24/2018	0.002430	0.002706	0.001873	0.002462	21,803	3,826,480
01/23/2018	0.002748	0.002829	0.002363	0.002429	34,791	4,326,910
01/22/2018	0.004661	0.004726	0.002522	0.002753	28,970	7,340,640
01/21/2018	0.003707	0.015352	0.001418	0.004640	45,440	5,837,610
01/20/2018	0.003018	0.004470	0.002949	0.003699	21,432	4,753,260
01/19/2018	0.005319	0.005530	0.002860	0.002999	45,594	8,375,570
01/18/2018	0.002819	0.023873	0.002362	0.005358	149,528	4,439,680
01/17/2018	0.002990	0.003157	0.001947	0.002788	5,346	4,708,530
01/16/2018	0.003518	0.003769	0.002251	0.003001	19,705	5,539,520
01/15/2018	0.004504	0.004504	0.003511	0.003511	19,696	7,091,900
01/14/2018	0.004682	0.004682	0.003885	0.004505	36,951	7,372,440
01/13/2018	0.003945	0.005554	0.003793	0.004677	34,651	6,211,580
01/12/2018	0.003400	0.005455	0.003317	0.003945	40,163	5,354,580
01/11/2018	0.004673	0.005751	0.002968	0.003382	107,194	7,358,580
01/10/2018	0.004125	0.008487	0.003523	0.004684	153,695	6,496,240
01/09/2018	0.004409	0.005405	0.003791	0.004124	48,966	6,942,340
01/08/2018	0.002388	0.009334	0.002313	0.004421	225,150	3,761,230
01/07/2018	0.002011	0.002378	0.002006	0.002367	30,795	3,166,920
01/06/2018	0.001919	0.002202	0.001903	0.002012	38,882	3,022,640
01/05/2018	0.001970	0.002298	0.001872	0.001910	22,897	3,102,840
01/04/2018	0.002458	0.002459	0.001935	0.002198	19,024	3,870,270
01/03/2018	0.002609	0.002713	0.001837	0.002454	36,831	4,108,860
01/02/2018	0.001737	0.002652	0.001668	0.002597	121,655	2,736,110
01/01/2018	0.001319	0.001994	0.001300	0.001733	20,872	2,076,460
12/31/2017	0.001158	0.001543	0.001153	0.001320	20,075	1,823,590
12/30/2017	0.001721	0.001819	0.001110	0.001170	13,775	2,709,600
12/29/2017	0.001837	0.001867	0.001451	0.001665	14,564	2,892,700
12/28/2017	0.001844	0.001847	0.001248	0.001826	17,091	2,903,230
12/27/2017	0.001829	0.002062	0.001771	0.001845	12,824	2,880,470
12/26/2017	0.001785	0.002162	0.001609	0.001757	34,841	2,810,860
12/25/2017	0.001547	0.002012	0.001420	0.001784	754,685	2,435,610
12/24/2017	0.002425	0.002425	0.001375	0.001539	30,246	3,819,420
12/23/2017	0.001056	0.003882	0.001056	0.002397	181,937	1,662,380
12/22/2017	0.001437	0.001444	0.000939	0.001047	11,046	2,262,780
12/21/2017	0.001832	0.001925	0.001349	0.001432	2,046	2,885,670
12/20/2017	0.001646	0.001842	0.001401	0.001831	13,284	2,592,370
12/19/2017	0.003232	0.003232	0.001401	0.001655	25,878	5,090,130
12/18/2017	0.001623	0.003242	0.001623	0.003242	90,841	2,555,030
12/17/2017	0.002363	0.002425	0.001398	0.001625	37,817	3,720,650
12/16/2017	0.002903	0.003070	0.002203	0.002351	47,362	4,571,760
12/15/2017	0.003339	0.017978	0.002470	0.002906	76,874	5,257,870
12/14/2017	0.003810	0.014298	0.002296	0.003357	153,776	5,999,770
12/13/2017	0.001021	0.013667	0.000982	0.003812	238,702	1,608,290
12/12/2017	0.004737	0.005371	0.001021	0.001021	231,716	7,459,460
12/11/2017	0.000906	0.005683	0.000905	0.004768	273,815	1,426,980
12/10/2017	0.001044	0.001044	0.000884	0.000906	39,054	1,643,310
12/09/2017	0.000629	0.001133	0.000629	0.000989	45,070	990,671
12/08/2017	0.000987	0.001003	0.000561	0.000629	19,050	1,554,540
12/07/2017	0.000525	0.001039	0.000488	0.000984	104,156	826,522
12/06/2017	0.000660	0.000688	0.000543	0.000557	6,699	1,039,930
12/05/2017	0.000662	0.000724	0.000614	0.000662	50,802	1,042,740
12/04/2017	0.000475	0.002267	0.000353	0.000662	262,394	748,308
12/03/2017	0.000333	0.000903	0.000237	0.000475	111,067	523,722
12/02/2017	0.000140	0.000341	0.000123	0.000332	53,877	220,354
12/01/2017	0.000064	0.000140	0.000064	0.000140	21,796	100,994
11/30/2017	0.000082	0.000088	0.000059	0.000064	3,338	-
11/29/2017	0.000092	0.000115	0.000076	0.000081	5,015	-
11/28/2017	0.000147	0.000152	0.000071	0.000092	8,357	-
11/27/2017	0.000148	0.000182	0.000141	0.000147	19,305	-
11/26/2017	0.000116	0.000150	0.000109	0.000148	392,836	-
11/25/2017	0.000209	0.000231	0.000116	0.000116	3,112	-
11/24/2017	0.000136	0.000385	0.000132	0.000209	8,827	-
11/23/2017	0.000093	0.000143	0.000093	0.000137	342,198	-
11/22/2017	0.000144	0.000145	0.000093	0.000093	6,564	-
11/21/2017	0.000207	0.000207	0.000126	0.000144	3,050	-
11/20/2017	0.000143	0.000211	0.000127	0.000207	15,125	-
11/19/2017	0.000140	0.000143	0.000106	0.000142	161,656	-
11/18/2017	0.000121	0.000188	0.000120	0.000140	22,547	-
11/17/2017	0.000136	0.000140	0.000065	0.000121	345,937	-
11/16/2017	0.000136	0.000148	0.000118	0.000137	9,085	-
11/15/2017	0.000150	0.000173	0.000121	0.000136	114,682	-
11/14/2017	0.000143	0.000172	0.000132	0.000150	14,379	-
11/13/2017	0.000132	0.000164	0.000114	0.000143	429,497	-
11/12/2017	0.000297	0.000297	0.000102	0.000132	35,252	-
11/11/2017	0.000275	0.000416	0.000275	0.000297	542,446	-
11/10/2017	0.000040	0.000362	0.000040	0.000276	497,187	-
