Date	Open	High	Low	Close	Volume	Market Cap
07/15/2018	1.00	1.01	0.999149	1.01	61	1,395,050
07/14/2018	0.997901	1.01	0.992006	1.00	61	1,388,680
07/13/2018	0.998822	1.00	0.927224	1.00	775	1,389,960
07/12/2018	0.870320	0.997839	0.642606	0.997839	104	1,211,140
07/11/2018	1.06	1.07	0.867622	0.870511	119	1,477,080
07/10/2018	0.999386	1.08	0.661422	1.06	387	1,390,750
07/09/2018	1.32	1.32	0.995814	1.00	44	1,836,140
07/08/2018	1.01	1.37	0.672882	1.32	49	1,410,790
07/07/2018	1.39	1.39	0.977673	1.01	9	1,928,570
07/06/2018	1.37	1.39	1.36	1.39	3	1,902,850
07/05/2018	0.695396	0.702415	0.647025	0.650314	335	967,716
07/04/2018	1.04	1.09	0.693282	0.693919	373	1,447,320
07/03/2018	0.920627	1.06	0.920548	1.04	41	1,281,150
07/02/2018	1.25	1.40	0.919669	0.924955	1,573	1,743,800
07/01/2018	0.894227	1.37	0.886625	1.25	82	1,244,410
06/30/2018	1.05	1.10	0.886909	0.894026	1	1,467,910
06/29/2018	0.829945	1.07	0.829824	1.05	87	1,154,950
06/28/2018	1.14	1.16	0.824735	0.829415	106	1,584,020
06/27/2018	0.893738	1.22	0.893738	1.14	662	1,243,730
06/26/2018	1.19	1.19	1.17	1.18	1	1,652,030
06/25/2018	1.17	1.39	1.04	1.19	829	1,626,250
06/24/2018	1.30	1.30	1.16	1.17	771	1,802,130
06/23/2018	1.33	1.42	1.29	1.30	256	1,852,820
06/22/2018	1.14	1.78	1.08	1.33	5,756	1,588,490
06/21/2018	1.01	1.22	1.01	1.14	1,771	1,409,300
06/20/2018	1.08	1.22	1.01	1.01	531	1,504,040
06/19/2018	1.14	1.21	1.07	1.08	341	1,592,180
06/18/2018	1.34	1.35	1.10	1.14	19,647	1,866,170
06/17/2018	1.60	1.61	1.18	1.35	85	2,232,760
06/16/2018	1.52	1.80	1.50	1.60	185	2,114,760
06/15/2018	1.20	1.65	1.18	1.53	312	1,664,190
06/14/2018	1.01	1.20	1.01	1.20	162	1,407,050
06/13/2018	1.18	1.31	1.00	1.01	1,716	1,648,970
06/12/2018	1.31	1.31	1.17	1.18	249	1,821,100
06/11/2018	1.15	1.32	1.14	1.31	207	1,606,590
06/10/2018	1.74	1.74	1.13	1.15	3,517	2,424,490
06/09/2018	1.68	2.22	1.62	1.74	354	2,335,060
06/08/2018	1.77	1.77	1.36	1.68	413	2,458,940
06/07/2018	1.61	2.07	1.31	1.77	5,530	2,237,590
06/06/2018	1.45	1.83	1.28	1.61	1,673	2,015,790
06/05/2018	1.43	1.64	1.41	1.45	1,173	1,983,640
06/04/2018	1.70	2.08	1.34	1.42	3,192	2,359,720
06/03/2018	2.14	2.54	1.30	1.69	82,765	2,974,910
06/02/2018	1.18	1.99	1.17	1.98	4,123	1,647,340
06/01/2018	1.42	1.43	1.17	1.18	96	1,980,820
05/31/2018	1.26	1.44	1.25	1.42	31	1,746,540
05/30/2018	1.27	1.28	1.24	1.26	63	1,765,920
05/29/2018	1.35	1.36	1.14	1.27	144	1,882,170
05/28/2018	1.32	1.38	1.08	1.35	1,763	1,839,940
05/27/2018	1.54	1.55	1.17	1.32	160	2,143,580
05/26/2018	1.49	1.60	1.20	1.54	1,656	2,078,480
05/25/2018	1.66	1.84	1.48	1.50	412	2,315,360
05/24/2018	1.87	1.90	1.53	1.66	605	2,602,400
05/23/2018	1.68	2.22	1.57	1.87	3,712	2,339,460
05/22/2018	1.43	2.30	1.41	1.68	109,918	1,989,020
05/21/2018	2.02	2.06	1.42	1.43	218	2,806,470
05/20/2018	1.73	2.04	1.45	2.01	473	2,409,620
05/19/2018	1.32	1.90	1.31	1.73	2,581	1,834,460
05/18/2018	1.37	1.77	1.31	1.32	3,904	1,911,040
05/17/2018	1.34	1.49	1.24	1.37	613	1,858,810
05/16/2018	1.44	1.45	1.32	1.33	195	2,009,230
05/15/2018	1.84	2.12	1.43	1.44	1,316	2,557,810
05/14/2018	1.48	2.50	1.42	1.84	9,714	2,055,890
05/13/2018	1.40	1.99	1.31	1.48	622	1,951,230
05/12/2018	2.01	2.19	1.26	1.40	3,034	2,792,850
05/11/2018	1.17	2.06	1.16	2.01	12,811	1,635,040
05/10/2018	0.931384	1.22	0.929398	1.17	13	1,296,120
05/09/2018	1.10	1.10	0.923871	0.931646	9	1,536,160
05/08/2018	1.22	1.23	1.09	1.11	226	1,694,550
05/07/2018	1.06	1.59	1.01	1.22	8,199	1,471,630
05/06/2018	1.37	1.52	0.951382	1.06	5,666	1,910,170
05/05/2018	1.63	1.66	0.972616	1.37	2,283	2,266,840
05/04/2018	1.44	1.64	1.00	1.63	4,566	2,006,600
05/03/2018	1.35	1.46	1.19	1.44	68	1,875,510
05/02/2018	1.39	1.51	1.17	1.35	817	1,937,870
05/01/2018	1.39	1.59	1.24	1.39	279	1,928,930
04/30/2018	1.40	1.86	1.20	1.38	1,710	1,954,590
04/29/2018	1.22	1.41	1.11	1.41	655	1,692,780
04/28/2018	1.25	1.40	1.18	1.22	838	1,740,500
04/27/2018	1.30	1.31	1.26	1.26	721	1,814,950
04/26/2018	1.15	1.90	0.968797	1.30	6,448	1,603,390
04/25/2018	1.07	1.19	0.979794	1.14	44	1,491,660
04/24/2018	1.25	1.30	1.03	1.08	868	1,738,620
04/23/2018	1.09	1.25	0.976333	1.25	1,776	1,512,160
04/22/2018	0.962616	1.17	0.922597	1.09	116	1,339,580
04/21/2018	1.05	1.22	0.939267	0.962616	478	1,461,200
04/20/2018	1.20	1.21	0.829810	1.05	5,792	1,668,860
04/19/2018	1.14	1.30	0.968375	1.26	457	1,590,610
04/18/2018	0.840160	1.23	0.750731	1.14	432	1,169,170
04/17/2018	0.885444	1.30	0.839092	0.839382	516	1,232,190
04/16/2018	1.17	1.21	0.877690	0.884998	273	1,625,870
04/15/2018	1.12	1.17	0.993910	1.17	18	1,558,840
04/14/2018	1.18	1.31	0.956620	1.12	293	1,642,150
04/13/2018	1.07	1.22	0.935429	1.18	640	1,484,650
04/12/2018	0.694638	1.19	0.690785	1.07	523	966,661
04/11/2018	0.987117	1.18	0.689467	0.696319	1,336	1,373,680
04/10/2018	1.22	1.22	0.881362	0.986166	113	1,693,410
04/09/2018	0.913274	1.48	0.707878	1.22	1,673	1,270,920
04/08/2018	0.684754	1.19	0.684754	0.911797	1,292	952,906
04/07/2018	1.10	1.14	0.644389	0.684135	70	1,524,280
04/06/2018	1.05	1.13	0.939352	1.09	456	1,462,290
04/05/2018	0.641978	1.07	0.580387	1.06	48	893,378
04/04/2018	1.41	1.41	0.612849	0.641708	8	1,960,920
04/03/2018	0.818232	1.42	0.815594	1.41	47	1,138,660
04/02/2018	1.02	1.11	0.814765	0.817651	152	1,419,760
04/01/2018	0.720229	1.39	0.716173	1.02	1,409	1,002,270
03/31/2018	1.30	1.34	0.712106	0.720250	1,124	1,807,780
03/30/2018	1.36	1.37	1.08	1.30	115	1,889,000
03/29/2018	2.04	2.21	1.07	1.36	5,037	2,839,220
03/28/2018	1.44	3.82	1.23	2.04	11,064	2,005,950
03/27/2018	1.55	2.64	1.02	1.44	9,659	2,159,940
03/26/2018	1.01	1.56	0.947248	1.55	100	1,409,400
03/25/2018	0.920500	1.38	0.895608	1.01	65	1,280,970
03/24/2018	1.28	1.45	0.931126	0.933347	223	1,784,080
03/23/2018	0.870133	2.02	0.752406	1.26	2,236	1,210,880
03/22/2018	1.01	1.03	0.790540	0.870154	24	1,399,730
03/21/2018	1.16	1.17	0.724038	1.01	502	1,610,870
03/20/2018	1.38	1.44	0.534498	1.16	1,724	1,920,020
03/19/2018	1.14	1.37	1.11	1.36	105	1,584,160
03/18/2018	0.996733	1.15	0.901847	1.14	473	1,387,060
03/17/2018	1.08	1.08	0.830854	0.999163	43	1,499,050
03/16/2018	1.07	1.11	1.03	1.08	747	1,494,410
03/15/2018	1.23	1.24	0.915099	1.07	68	1,713,150
03/14/2018	1.37	1.47	0.996998	1.23	1,303	1,909,840
03/13/2018	1.18	1.45	1.08	1.37	381	1,644,230
03/12/2018	1.34	1.82	1.06	1.19	805	1,859,470
03/11/2018	0.963643	1.36	0.930743	1.34	15	1,341,010
03/10/2018	1.33	1.47	0.880577	0.966978	787	1,854,800
03/09/2018	1.30	1.38	0.335533	1.33	3,512	1,810,580
03/08/2018	1.49	1.52	0.882549	1.31	688	2,080,300
03/07/2018	2.85	2.89	0.784654	1.50	4,273	3,967,710
03/06/2018	1.83	2.87	1.14	2.85	4,238	2,546,380
03/05/2018	2.77	2.77	1.94	2.39	38	3,849,640
03/04/2018	2.06	3.17	2.05	2.97	1,688	2,865,540
03/03/2018	2.20	2.41	1.58	2.06	634	3,066,920
03/02/2018	2.48	2.55	1.41	2.21	787	3,453,590
03/01/2018	2.37	2.49	2.01	2.49	1,530	3,304,700
02/28/2018	2.13	2.46	1.58	2.37	9,656	2,968,130
02/27/2018	2.17	2.27	2.12	2.14	3,746	3,013,440
02/26/2018	2.49	2.53	1.83	2.16	2,965	3,459,000
02/25/2018	2.39	2.77	2.36	2.48	1,336	3,321,840
02/24/2018	2.92	3.04	1.72	2.39	1,514	4,062,270
02/23/2018	2.54	2.93	2.29	2.92	30	3,536,240
02/22/2018	3.03	3.26	2.51	2.54	1,343	4,212,990
02/21/2018	2.86	3.04	2.71	3.04	1,025	3,976,430
02/20/2018	2.79	3.21	2.69	2.86	4,088	3,884,210
02/19/2018	2.21	2.80	2.20	2.79	619	3,076,970
02/18/2018	2.77	3.08	2.22	2.22	443	3,855,750
02/17/2018	2.65	2.78	2.35	2.76	775	3,685,720
02/16/2018	2.25	3.55	2.21	2.65	2,545	3,128,160
02/15/2018	1.99	2.53	1.98	2.17	283	2,769,990
02/14/2018	1.78	2.01	1.78	1.99	18	2,474,980
02/13/2018	1.96	2.30	1.60	1.78	1,700	2,724,010
02/12/2018	1.54	1.96	1.54	1.95	156	2,149,920
02/11/2018	2.22	2.28	1.54	1.54	148	3,093,440
02/10/2018	2.26	2.47	2.15	2.22	10	3,143,780
02/09/2018	1.84	2.27	1.74	2.26	192	2,564,900
02/08/2018	1.99	2.23	1.57	1.84	208	2,762,440
02/07/2018	1.90	2.33	1.79	1.99	620	2,638,600
02/06/2018	2.03	2.63	1.38	1.91	5,238	2,822,640
02/05/2018	2.15	2.90	1.74	2.03	3,140	2,986,990
02/04/2018	2.32	2.72	1.92	2.17	492	3,225,470
02/03/2018	1.48	2.81	1.39	2.32	1,203	2,060,850
02/02/2018	2.72	2.72	1.30	1.48	3,018	3,785,730
02/01/2018	3.39	4.21	1.83	2.73	2,084	4,721,520
01/31/2018	4.24	4.25	3.31	3.39	1,075	5,905,450
01/30/2018	5.24	5.25	3.43	4.24	1,873	7,290,360
01/29/2018	5.20	6.08	5.00	5.24	1,112	7,240,480
01/28/2018	4.26	5.26	3.43	5.21	2,974	5,926,700
01/27/2018	5.19	5.38	4.22	4.24	4,427	7,228,600
01/26/2018	5.58	5.93	4.63	5.31	2,984	7,766,740
01/25/2018	4.98	5.64	4.26	5.60	8,817	6,926,340
01/24/2018	4.74	5.28	3.94	4.86	1,512	6,601,540
01/23/2018	4.30	4.90	4.12	4.75	4,299	5,977,160
01/22/2018	4.26	5.55	3.61	4.30	5,980	5,933,290
01/21/2018	5.19	5.68	4.08	4.21	2,295	7,228,620
01/20/2018	4.80	5.65	4.47	5.18	950	6,683,930
01/19/2018	4.55	4.85	4.00	4.75	1,319	6,333,720
01/18/2018	4.76	5.66	4.24	4.60	2,820	6,619,420
01/17/2018	4.20	5.50	3.51	4.74	42,804	5,842,880
01/16/2018	4.53	5.10	3.09	4.22	18,529	6,300,110
01/15/2018	3.98	4.56	3.55	4.52	6,814	5,531,950
01/14/2018	4.84	5.22	3.57	4.00	28,949	6,731,040
01/13/2018	5.35	5.61	4.08	4.83	10,604	7,449,700
01/12/2018	5.55	7.45	3.53	5.36	8,578	7,716,490
01/11/2018	6.77	7.24	4.62	5.51	25,067	9,427,090
01/10/2018	4.88	6.77	4.04	6.77	36,870	6,797,470
01/09/2018	4.32	4.91	3.67	4.88	10,994	6,007,060
01/08/2018	4.90	5.76	3.76	4.33	4,364	6,816,940
01/07/2018	3.79	5.13	3.70	4.91	15,833	5,271,690
01/06/2018	4.08	5.33	3.07	3.79	26,966	5,682,080
01/05/2018	5.04	5.49	3.16	4.08	11,246	7,012,360
01/04/2018	10.48	11.01	3.09	5.04	35,424	14,589,600
01/03/2018	1.64	11.34	1.64	10.46	31,834	2,280,570
01/02/2018	2.09	2.53	1.33	1.64	60,862	2,907,740
01/01/2018	1.82	2.54	1.30	2.09	12,796	2,535,490
12/31/2017	2.09	2.76	1.67	1.82	21,008	2,909,530
12/30/2017	1.28	4.19	1.04	2.44	29,758	1,785,770
12/29/2017	1.18	2.40	0.873776	1.29	4,993	1,642,370
12/28/2017	1.39	2.27	1.15	1.17	1,207	1,941,140
12/27/2017	1.20	2.71	0.769376	1.40	13,711	1,674,760
12/26/2017	1.29	1.80	1.01	1.20	2,992	1,796,940
12/25/2017	0.936765	1.30	0.583522	1.29	3,451	1,303,610
12/24/2017	1.55	1.55	0.669253	0.927271	3,797	2,160,140
12/23/2017	0.976741	1.82	0.733519	1.54	1,596	1,359,240
12/22/2017	1.85	1.86	0.959471	0.967602	184	2,568,180
12/21/2017	1.21	1.86	1.01	1.84	1,624	1,689,790
12/20/2017	2.20	2.20	1.11	1.22	100	3,062,130
12/19/2017	0.935953	2.28	0.924114	2.20	1,230	1,302,480
12/18/2017	0.970451	1.37	0.795118	0.935161	1,472	1,350,480
12/17/2017	1.28	1.36	0.963674	0.968112	550	1,786,200
12/16/2017	1.05	1.75	1.05	1.28	246	1,458,910
12/15/2017	1.24	1.69	0.875301	1.05	4,568	1,720,210
12/14/2017	1.30	1.34	1.01	1.23	98	1,807,590
12/13/2017	0.901227	1.82	0.889815	1.30	8,397	1,254,150
12/12/2017	0.861688	1.16	0.837533	0.900479	1,248	1,199,130
12/11/2017	2.24	2.35	0.823175	0.861005	9,729	3,115,370
12/10/2017	0.590367	2.30	0.556153	2.25	4,422	821,557
12/09/2017	0.728298	0.802135	0.586203	0.588448	102	1,013,500
12/08/2017	0.918132	0.928713	0.685301	0.728401	521	1,277,680
12/07/2017	0.695656	0.916085	0.673979	0.916085	6,548	968,077
12/06/2017	0.836220	0.865770	0.514823	0.697531	955	1,163,690
12/05/2017	0.927203	0.949344	0.837714	0.838078	236	1,290,300
12/04/2017	0.873830	0.925399	0.512856	0.925399	614	1,216,020
12/03/2017	1.00	1.06	0.715442	0.871033	115	1,392,620
12/02/2017	0.907824	1.02	0.837711	1.00	2,111	1,263,330
12/01/2017	0.743750	1.00	0.687409	0.907911	908	1,035,010
11/30/2017	0.926397	1.02	0.706513	0.747454	368	1,289,180
11/29/2017	0.990542	1.08	0.760924	0.914385	567	1,378,440
11/28/2017	1.07	1.39	0.871486	0.991460	3,098	1,494,500
11/27/2017	0.977833	1.35	0.865233	1.07	49,226	1,360,760
11/26/2017	0.890571	1.03	0.889533	0.940061	2,094	1,239,320
11/25/2017	0.738897	1.02	0.734723	0.890856	84	1,028,250
11/24/2017	0.963567	1.07	0.653734	0.740393	134	1,340,900
11/23/2017	0.785306	0.994687	0.720968	0.967275	198	1,092,830
11/22/2017	1.03	1.03	0.737421	0.783629	1,465	1,426,750
11/21/2017	0.904635	1.44	0.881332	0.997198	661	1,258,890
11/20/2017	0.917332	1.57	0.916946	0.967490	459	1,276,560
11/19/2017	0.897413	0.966815	0.891781	0.918301	723	1,248,840
11/18/2017	1.33	1.56	0.840504	0.899640	3,211	1,857,560
11/17/2017	0.808339	1.43	0.788960	1.34	4,570	1,124,890
11/16/2017	0.708097	1.31	0.607095	0.809002	1,372	985,391
11/15/2017	0.844116	0.844116	0.609121	0.705111	1,279	1,174,680
11/14/2017	0.686423	0.959157	0.478648	0.843561	470	955,229
11/13/2017	0.635789	0.704569	0.635789	0.686225	1,432	884,767
11/12/2017	0.792908	1.05	0.586607	0.634801	2,525	1,103,410
11/11/2017	0.530475	0.913305	0.529828	0.793571	221	738,211
11/10/2017	0.635177	1.34	0.521203	0.860026	211	883,915
11/09/2017	1.27	1.34	0.593777	0.633410	25	1,768,400
11/08/2017	1.14	1.29	0.721211	1.27	343	1,585,580
11/07/2017	1.31	1.31	1.09	1.14	291	1,816,080
11/06/2017	1.18	1.36	1.17	1.31	333	1,646,180
11/05/2017	0.973282	1.21	0.751563	1.18	56	1,354,420
11/04/2017	0.754395	0.922234	0.737510	0.903407	23	1,049,820
11/03/2017	0.678444	1.27	0.677002	0.756214	1,370	944,125
11/02/2017	0.600363	1.15	0.580514	0.677678	389	835,467
11/01/2017	0.713267	0.745201	0.598808	0.598808	416	992,585
10/31/2017	0.800570	1.01	0.657210	0.714563	837	1,114,080
10/30/2017	0.788592	0.853790	0.677103	0.803024	457	1,097,410
10/29/2017	1.11	1.11	0.693359	0.792058	60	1,540,300
10/28/2017	0.818625	1.11	0.697010	1.11	579	1,139,200
10/27/2017	0.700705	0.951488	0.700681	0.816967	130	975,103
10/26/2017	0.623172	0.702070	0.619854	0.700958	8	867,208
10/25/2017	1.05	1.07	0.589523	0.624510	66	1,458,990
10/24/2017	0.978126	1.09	0.653290	1.05	182	1,361,160
10/23/2017	1.04	1.05	0.643424	0.980174	307	1,450,680
10/22/2017	1.05	1.08	0.856609	1.04	532	1,462,090
10/21/2017	0.749898	1.44	0.746519	1.05	1,165	1,043,560
10/20/2017	1.72	1.73	0.660627	0.751118	1,673	2,393,730
10/19/2017	1.25	1.77	1.24	1.72	117	1,744,250
10/18/2017	1.40	1.40	0.657502	1.26	487	1,951,700
10/17/2017	1.15	1.55	0.562159	1.40	1,685	1,604,880
10/16/2017	2.13	2.15	1.15	1.15	132	2,970,940
10/15/2017	1.16	2.16	1.01	2.13	139	1,617,260
10/14/2017	1.04	1.41	1.03	1.16	1,614	1,446,010
10/13/2017	1.49	1.56	1.02	1.04	1,765	2,067,420
10/12/2017	1.60	1.60	1.45	1.48	1,991	2,222,740
10/11/2017	1.29	2.08	1.28	1.60	1,458	1,801,320
10/10/2017	1.26	2.10	1.26	1.29	1,499	1,758,630
10/09/2017	1.55	2.07	1.26	1.26	1,570	2,161,170
10/08/2017	1.85	1.91	1.17	1.55	12,790	2,575,350
10/07/2017	1.88	2.16	0.958601	1.86	2,402	2,617,230
10/06/2017	1.41	2.05	0.865502	1.88	5,765	1,961,130
10/05/2017	1.13	1.42	0.794835	1.41	2,241	1,567,430
10/04/2017	1.52	1.52	0.769982	1.13	1,668	2,113,560
10/03/2017	1.44	2.16	0.688021	1.52	260	2,004,080
10/02/2017	1.31	1.44	0.614243	1.44	3,108	1,829,600
10/01/2017	2.16	2.17	0.981052	1.32	603	3,004,100
09/30/2017	1.07	2.16	1.07	2.16	79	1,492,490
09/29/2017	1.48	2.32	0.484533	1.07	1,214	2,062,210
09/28/2017	1.37	1.57	0.926751	1.48	4,267	1,907,960
09/27/2017	1.47	1.68	1.22	1.37	1,682	2,043,790
09/26/2017	1.21	1.75	1.21	1.47	1,222	1,684,750
09/25/2017	1.27	2.27	1.19	1.27	2,433	1,772,930
09/24/2017	1.65	1.69	1.27	1.27	477	2,293,790
09/23/2017	1.06	1.66	1.04	1.65	1	1,469,190
09/22/2017	1.16	1.73	1.05	1.06	530	1,617,540
09/21/2017	1.32	1.81	1.14	1.16	201	1,835,430
09/20/2017	1.31	1.36	1.29	1.32	86	1,820,310
09/19/2017	2.38	2.40	1.29	1.31	671	3,312,390
09/18/2017	1.63	2.37	1.22	2.37	1,620	2,273,720
09/17/2017	1.50	5.36	1.47	1.63	3,347	2,089,810
09/16/2017	2.28	2.28	0.921627	1.50	3,509	3,172,500
09/15/2017	4.47	4.86	0.646298	2.28	6,070	6,218,910
09/14/2017	1.66	6.21	0.792233	4.45	1,877	2,308,300
09/13/2017	0.752315	1.85	0.731335	1.66	671	1,046,920
09/12/2017	10.61	11.71	0.214743	0.767054	1,480	14,766,300
09/11/2017	1.44	3.93	0.892895	2.08	2,510	2,002,060
09/10/2017	3.05	3.05	0.564449	1.43	5,104	-
09/09/2017	3.07	3.52	0.483954	3.05	1,192	-
09/08/2017	3.35	4.52	3.07	3.07	199	-
09/07/2017	0.000197	3.71	0.000195	3.35	8,101	56
09/05/2017	0.006134	0.006334	0.005655	0.006298	0	1,784
09/04/2017	0.007119	0.007119	0.005689	0.006129	0	2,070
09/03/2017	0.007099	0.007480	0.006828	0.007116	0	2,065
09/02/2017	0.027425	0.032601	0.006678	0.007082	35	7,976
09/01/2017	0.007764	0.027661	0.007764	0.027411	25	2,258
08/31/2017	0.076617	0.076955	0.007641	0.007764	1	22,281
08/30/2017	0.021985	0.077879	0.021779	0.076620	46	6,393
08/29/2017	0.003615	0.022124	0.003536	0.021998	44	1,051
08/28/2017	0.003551	0.003622	0.003543	0.003617	10	1,033
08/27/2017	0.006660	0.006722	0.006659	0.006711	0	1,937
08/26/2017	0.132191	0.133822	0.006653	0.006653	5	38,443
08/25/2017	0.130091	0.134040	0.003409	0.132169	3	37,852
08/24/2017	0.053661	0.131433	0.047849	0.130097	1	15,624
08/23/2017	0.125417	0.129832	0.053497	0.053648	240	36,517
08/22/2017	0.150611	6.24	0.004731	0.125978	38	43,947
08/21/2017	1.22	1.97	0.148230	0.150617	478	356,661
08/20/2017	1.50	1.50	1.20	1.22	6	436,879
08/19/2017	1.17	1.51	1.16	1.50	155	342,779
08/18/2017	1.26	1.56	1.16	1.17	4,633	372,162
08/17/2017	1.39	1.59	1.25	1.27	6,162	411,256
08/16/2017	1.35	1.42	1.32	1.42	7	397,267
08/15/2017	1.08	1.35	0.999853	1.34	7	317,940
08/14/2017	1.06	1.47	1.05	1.08	2,048	314,087
08/13/2017	1.08	1.08	1.01	1.05	721	321,386
08/12/2017	1.79	1.84	1.07	1.08	8,037	533,505
08/11/2017	1.74	1.80	1.72	1.80	12	517,229
08/10/2017	1.71	1.80	1.06	1.74	69	521,605
08/09/2017	1.04	1.77	1.03	1.72	59	319,146
08/08/2017	1.03	1.73	0.984592	1.03	3,417	316,704
08/07/2017	1.06	1.10	1.03	1.08	541	329,535
08/06/2017	1.02	1.09	1.01	1.07	2	315,706
08/05/2017	1.10	1.66	0.987807	1.01	253	343,805
08/04/2017	1.45	1.46	1.00	1.10	268	453,253
08/03/2017	0.994504	1.03	0.994504	1.01	201	315,585
08/02/2017	0.885626	35.67	0.858071	34.93	71	281,883
08/01/2017	1.27	1.44	0.842233	0.887675	490	403,357
07/31/2017	1.27	1.27	1.26	1.27	13	402,706
07/30/2017	0.958320	0.973354	0.740973	0.745253	22	307,016
07/29/2017	0.955277	1.55	0.891567	0.955919	1,618	306,041
07/28/2017	1.05	1.14	0.723575	0.955764	207	342,221
07/27/2017	0.852022	1.13	0.696012	1.05	812	276,823
07/26/2017	0.836906	1.85	0.797913	0.849154	3,259	271,929
07/25/2017	1.35	1.36	0.789851	0.844521	348	440,424
07/24/2017	1.21	4.59	0.853939	1.35	28	400,442
07/23/2017	0.865889	0.865889	0.865889	0.865889	11	287,061
07/21/2017	0.022481	0.022481	0.021982	0.022314	2,238	7,554
07/20/2017	0.722595	1.96	0.108888	0.108888	1,980	242,805
07/19/2017	0.803530	0.862268	0.746752	0.789608	38	270,000
07/18/2017	1.42	1.59	0.715421	0.794354	550	483,777
07/17/2017	1.41	1.46	0.509771	1.41	155	480,293
07/16/2017	0.533246	32.50	0.519583	31.83	75	182,441
07/15/2017	0.690172	3.94	0.535578	0.535578	19	248,222
07/14/2017	1.53	1.54	0.638643	0.691453	10	551,462
07/13/2017	0.783107	1.55	0.654812	1.53	1,422	282,349
07/12/2017	1.44	1.67	0.734026	0.775422	12	517,830
07/11/2017	0.732552	1.46	0.611731	1.44	455	264,155
07/10/2017	1.77	1.79	0.237160	0.860188	428	655,273
07/09/2017	0.956646	1.84	0.240962	1.77	1,403	360,485
07/08/2017	0.944974	0.964398	0.922699	0.954103	236	368,510
07/07/2017	0.918403	0.932794	0.250574	0.250574	1,625	358,780
06/29/2017	1.16	2.56	0.003070	0.003070	1,969	518,832
06/28/2017	1.35	1.65	1.14	1.17	1,366	606,186
06/27/2017	1.32	1.32	1.10	1.31	200	592,868
06/26/2017	1.39	1.45	1.09	1.22	186	628,708
06/25/2017	0.910927	1.40	0.906623	1.39	121	440,980
06/24/2017	0.978640	0.989198	0.896933	0.912821	19	492,300
06/23/2017	0.997929	4.96	0.974640	0.978638	3,820	510,128
06/22/2017	1.01	1.01	0.967484	0.998090	537	517,959
06/21/2017	0.559094	0.562675	0.521191	0.526717	1	299,775
06/20/2017	1.46	5.44	0.398348	0.558470	828	800,571
06/19/2017	2.12	2.12	2.12	2.12	138	1,464,110
06/18/2017	2.30	2.35	2.12	2.12	1,869	1,706,320
06/17/2017	2.52	2.53	1.56	2.30	3,901	2,105,320
06/16/2017	2.41	2.53	1.99	2.52	1,593	2,537,720
06/15/2017	2.04	2.52	1.34	2.42	6,947	2,494,630
06/14/2017	2.68	3.13	1.54	2.04	9,152	3,672,280
06/13/2017	1.56	2.71	1.42	2.68	12,009	2,132,210
06/12/2017	1.64	2.05	1.37	1.56	8,190	2,247,990
06/11/2017	2.16	2.31	1.45	1.65	4,748	2,947,320
06/10/2017	2.08	2.84	1.81	2.16	4,919	2,845,520
06/09/2017	3.07	3.09	1.75	2.08	21,435	4,197,120
06/08/2017	2.51	3.08	2.00	3.08	26,512	3,430,130
06/07/2017	3.16	3.89	2.23	2.54	29,350	4,314,650
06/06/2017	2.22	3.29	1.78	3.29	6,059	3,027,570
06/05/2017	2.17	2.38	1.69	2.21	12,857	2,964,360
06/04/2017	2.23	7.43	1.48	2.17	1,805	3,041,030
06/03/2017	7.06	7.06	1.54	2.22	7,138	9,513,420
06/02/2017	2.19	7.04	0.429544	2.09	461	2,952,160
06/01/2017	1.24	2.19	1.19	2.19	3,027	-
