Date	Open	High	Low	Close	Volume	Market Cap
07/15/2018	0.426932	0.427474	0.425512	0.426322	59	675,206
07/14/2018	0.424981	0.430406	0.422470	0.427039	135	672,121
07/13/2018	0.455713	0.457468	0.421207	0.426166	68	720,724
07/12/2018	0.484506	0.484506	0.447117	0.455264	5	766,261
07/11/2018	0.439763	0.484672	0.431651	0.484613	49	695,499
07/10/2018	0.482570	0.483520	0.435228	0.439745	121	763,199
07/09/2018	0.587191	0.588529	0.457055	0.483551	1,342	928,661
07/08/2018	0.602393	1.34	0.454344	0.587444	6,992	952,703
07/07/2018	0.588199	0.604018	0.582052	0.603072	16	930,255
07/06/2018	0.582501	0.590209	0.575647	0.589196	150	921,243
07/05/2018	0.589962	0.724838	0.576817	0.582595	347	933,043
07/04/2018	0.513327	0.536306	0.508278	0.527442	20	811,843
07/03/2018	0.521601	0.527128	0.511423	0.513524	30	824,928
07/02/2018	0.480881	0.565151	0.475887	0.524053	78	760,528
07/01/2018	0.483968	0.714755	0.479854	0.480827	874	765,410
06/30/2018	0.418271	0.486593	0.418248	0.483860	11	661,509
06/29/2018	0.395594	0.449255	0.394604	0.417706	126	625,644
06/28/2018	0.413486	0.414702	0.393111	0.395342	12	653,941
06/27/2018	0.409746	0.469124	0.405245	0.413340	83	648,027
06/26/2018	0.531026	0.533105	0.409526	0.409911	225	839,834
06/25/2018	0.491031	0.533668	0.482949	0.531026	43	776,581
06/24/2018	0.423399	0.496153	0.387450	0.491980	162	669,619
06/23/2018	0.427146	0.525145	0.408863	0.423456	294	675,545
06/22/2018	0.530588	0.542198	0.419591	0.427090	42	839,142
06/21/2018	0.476248	0.686069	0.434543	0.531176	856	753,201
06/20/2018	0.476496	0.476959	0.427424	0.476150	512	753,593
06/19/2018	0.474333	0.479553	0.472639	0.476202	439	750,172
06/18/2018	0.488249	0.504187	0.484218	0.503948	27	772,181
06/17/2018	0.448818	0.495771	0.417763	0.489922	72	709,820
06/16/2018	0.412232	0.459167	0.412232	0.445482	53	651,957
06/15/2018	0.415409	0.501756	0.403374	0.413741	1,794	656,982
06/14/2018	0.401109	1.69	0.400292	0.447224	10,716	634,367
06/13/2018	0.409068	0.457099	0.396952	0.401288	256	646,954
06/12/2018	0.469706	0.560283	0.405555	0.408012	221	742,855
06/11/2018	0.414328	0.726123	0.411088	0.469958	2,229	655,273
06/10/2018	0.454976	1.27	0.410027	0.413737	3,773	719,559
06/09/2018	0.461746	0.550866	0.454404	0.454404	17	730,265
06/08/2018	0.465692	0.466059	0.457684	0.461944	20	736,506
06/07/2018	0.492789	0.498668	0.492789	0.496112	11	779,361
06/06/2018	0.490750	0.548134	0.482773	0.492336	11	776,137
06/05/2018	0.687286	0.688021	0.488849	0.490882	93	1,086,960
06/04/2018	0.447585	0.690732	0.434805	0.686956	890	707,869
06/02/2018	0.465805	0.475366	0.463193	0.473477	4	736,685
06/01/2018	0.459911	0.523821	0.454348	0.466007	254	727,364
05/31/2018	0.508518	0.522553	0.456762	0.459577	4	804,238
05/30/2018	0.511026	0.519380	0.503181	0.508613	4	808,204
05/29/2018	0.436960	0.515643	0.436657	0.510683	227	691,066
05/28/2018	0.458794	0.462910	0.447850	0.448241	6	725,596
05/27/2018	0.439445	0.459825	0.433385	0.458687	109	694,996
05/26/2018	0.442177	0.460595	0.436885	0.439251	443	699,317
05/25/2018	0.486891	0.574603	0.427627	0.442758	1,717	770,033
05/24/2018	0.449092	0.489540	0.431508	0.485977	351	710,253
05/23/2018	0.466496	0.470621	0.442311	0.450228	63	737,778
05/22/2018	0.541538	0.541954	0.526408	0.527174	14	856,459
05/21/2018	0.549251	0.552595	0.536960	0.541636	23	868,657
05/20/2018	0.483924	0.590490	0.480781	0.548566	657	765,341
05/19/2018	0.564242	0.565018	0.477359	0.483563	33	892,367
05/18/2018	0.495911	0.566363	0.459788	0.564328	343	784,299
05/17/2018	0.513984	0.574798	0.492635	0.495477	79	812,881
05/16/2018	0.522833	0.523262	0.501169	0.513075	90	826,876
05/15/2018	0.532352	0.541237	0.520121	0.523134	92	841,931
05/14/2018	0.535322	0.543557	0.512859	0.533266	280	846,628
05/13/2018	0.521527	0.539292	0.515437	0.535419	28	824,811
05/12/2018	0.526967	0.531262	0.447470	0.521708	62	833,415
05/11/2018	0.627918	0.627918	0.377151	0.528520	91	993,071
05/10/2018	0.596654	0.652500	0.590305	0.627167	160,702	943,627
05/09/2018	0.576362	0.597795	0.566230	0.596822	84	911,535
05/08/2018	0.393877	0.579742	0.393877	0.577244	57	622,929
05/07/2018	0.585416	0.585717	0.390570	0.393043	2	925,853
05/06/2018	0.605446	0.611116	0.544914	0.584996	59	957,532
05/05/2018	0.597697	0.613469	0.597697	0.605037	67	945,276
05/04/2018	0.656114	0.657593	0.643654	0.649612	10	1,037,670
05/03/2018	0.694851	0.698702	0.628033	0.656370	16	1,098,930
05/02/2018	0.581331	0.697514	0.570590	0.694826	103	919,393
05/01/2018	0.574783	0.582208	0.567415	0.582208	133	909,037
04/30/2018	0.490545	0.575043	0.477389	0.572875	56	775,811
04/29/2018	0.574746	0.585807	0.408858	0.490708	178	908,978
04/28/2018	0.553571	0.609374	0.552151	0.574970	68	875,489
04/27/2018	0.643546	0.643546	0.555476	0.555476	162	1,017,790
04/26/2018	0.565724	0.644089	0.551910	0.642656	34	894,710
04/25/2018	0.594877	0.778817	0.560288	0.561074	204	940,817
04/24/2018	0.500154	0.598947	0.499929	0.598947	134	791,008
04/23/2018	0.486916	0.586695	0.486509	0.499728	82	770,072
04/22/2018	0.476085	0.500665	0.447043	0.487900	233	752,944
04/21/2018	0.452106	0.788717	0.441664	0.476085	2,555	715,020
04/20/2018	0.492408	0.526187	0.449197	0.451951	312	778,758
04/19/2018	0.486380	0.492432	0.484027	0.492085	392	769,226
04/18/2018	0.470213	0.483995	0.469313	0.482100	238	743,656
04/17/2018	0.506121	0.513027	0.468247	0.469777	262	800,446
04/16/2018	0.535433	0.538446	0.516310	0.519467	17	846,804
04/15/2018	0.521520	0.537069	0.519395	0.535659	17	824,801
04/14/2018	0.504665	0.526503	0.502934	0.520962	42	798,144
04/13/2018	0.668621	0.687564	0.501854	0.504666	9	1,057,450
04/12/2018	0.623229	0.671251	0.419335	0.667779	400	985,657
04/11/2018	0.499139	0.624737	0.498331	0.624737	4	789,404
04/10/2018	0.573621	0.574303	0.495852	0.498659	9	907,200
04/09/2018	0.667393	0.671929	0.561551	0.573154	11	1,055,500
04/08/2018	0.507769	0.669019	0.505084	0.666313	50	803,053
04/07/2018	0.496600	0.516698	0.490907	0.507311	23	785,388
04/06/2018	0.440487	0.501974	0.438514	0.496007	249	696,644
04/05/2018	0.462521	0.464252	0.336018	0.442743	154	731,491
04/04/2018	0.499967	0.501250	0.458117	0.462327	48	790,713
04/03/2018	0.478761	0.507219	0.477217	0.500312	130	757,175
04/02/2018	0.471892	0.496846	0.468826	0.478421	183	746,312
04/01/2018	0.479611	0.486458	0.445834	0.469582	52	758,519
03/31/2018	0.522066	0.540845	0.474202	0.479625	65	825,663
03/30/2018	0.505844	0.586209	0.466717	0.521986	480	800,008
03/29/2018	0.652722	0.887269	0.480857	0.507105	4,590	1,032,300
03/28/2018	0.514085	0.794161	0.511229	0.651959	1,750	813,041
03/27/2018	0.539564	0.541294	0.513304	0.514202	514	853,338
03/26/2018	0.558833	0.559852	0.518634	0.540382	69	883,811
03/25/2018	0.552842	0.564121	0.544538	0.559080	23	874,337
03/24/2018	0.587130	0.588074	0.559224	0.560558	137	928,564
03/23/2018	0.555493	0.555493	0.530852	0.534056	33	878,529
03/22/2018	0.747313	0.762081	0.544042	0.555506	239	1,181,900
03/21/2018	0.366680	0.856133	0.366148	0.748678	197	579,917
03/20/2018	0.611549	0.653266	0.365272	0.366017	3	967,184
03/19/2018	0.638289	0.657175	0.540721	0.604802	75	1,009,470
03/18/2018	0.605799	0.642298	0.566565	0.640990	23	958,089
03/17/2018	0.676001	0.676001	0.605405	0.607276	24	1,069,120
03/16/2018	0.695467	0.711408	0.626356	0.674889	170	1,099,900
03/15/2018	0.820298	0.840126	0.694105	0.695859	288	1,297,330
03/14/2018	0.807559	0.842783	0.746617	0.820666	238	1,277,180
03/13/2018	0.877667	0.935843	0.781437	0.807448	308	1,388,060
03/12/2018	1.15	1.20	0.850965	0.882735	85	1,826,470
03/11/2018	0.958242	1.18	0.798254	1.16	89	1,515,490
03/10/2018	0.912258	1.13	0.833658	0.961559	295	1,442,760
03/09/2018	0.928876	0.939833	0.825943	0.911865	181	1,469,050
03/08/2018	0.986900	1.00	0.904416	0.934795	383	1,560,810
03/07/2018	1.03	1.07	0.903226	0.988301	375	1,626,310
03/06/2018	1.13	1.13	0.952833	1.03	220	1,781,860
03/05/2018	1.08	1.23	1.07	1.13	215	1,710,490
03/04/2018	1.07	2.12	0.897976	1.08	14,219	1,695,030
03/03/2018	1.31	1.32	0.987999	1.07	20,982	2,073,470
03/02/2018	1.18	1.32	1.07	1.31	577	1,872,570
03/01/2018	0.795023	1.20	0.788831	1.19	416	1,257,350
02/28/2018	1.18	1.19	0.793148	0.793854	864	1,867,830
02/27/2018	1.18	1.23	0.988997	1.18	411	1,866,590
02/26/2018	1.35	1.44	1.15	1.18	104	2,128,050
02/25/2018	1.17	1.36	0.997769	1.34	574	1,846,460
02/24/2018	1.29	1.34	1.14	1.17	17	2,045,100
02/23/2018	1.20	1.43	1.18	1.29	92	1,904,060
02/22/2018	1.26	1.26	1.02	1.21	312	1,986,200
02/21/2018	1.44	1.45	1.23	1.26	521	2,283,720
02/20/2018	1.58	1.64	1.38	1.45	144	2,498,840
02/19/2018	1.80	1.86	1.33	1.58	527	2,852,270
02/18/2018	1.50	1.83	1.43	1.81	311	2,370,690
02/17/2018	1.62	1.70	1.49	1.49	737	2,557,010
02/16/2018	1.59	1.80	1.42	1.62	634	2,507,310
02/15/2018	1.52	1.72	1.30	1.59	311	2,402,430
02/14/2018	1.27	1.69	1.27	1.52	295	2,007,880
02/13/2018	1.34	1.72	1.20	1.27	1,631	2,126,690
02/12/2018	1.30	1.49	1.24	1.34	715	2,060,390
02/11/2018	1.19	1.63	1.10	1.29	3,159	1,879,390
02/10/2018	1.42	1.45	1.05	1.19	1,050	2,244,280
02/09/2018	1.07	1.53	1.01	1.42	1,386	1,697,870
02/08/2018	1.11	1.33	1.06	1.07	768	1,750,310
02/07/2018	0.972389	1.21	0.923532	1.11	230	1,537,860
02/06/2018	1.17	1.92	0.889964	0.982217	1,516	1,845,370
02/05/2018	1.40	1.48	1.08	1.17	1,446	2,208,040
02/04/2018	1.83	1.97	1.32	1.41	11,521	2,896,050
02/03/2018	1.47	2.17	1.36	1.83	6,546	2,326,900
02/02/2018	1.73	1.73	1.36	1.47	812	2,728,460
02/01/2018	2.25	2.26	1.69	1.73	901	3,552,910
01/31/2018	2.10	2.39	1.93	2.24	1,637	3,327,960
01/30/2018	2.48	2.94	1.95	2.10	6,074	3,926,870
01/29/2018	2.45	4.03	2.39	2.48	24,228	3,876,780
01/28/2018	2.75	3.30	2.34	2.45	19,136	4,347,620
01/27/2018	2.38	2.95	2.19	2.73	10,236	3,762,610
01/26/2018	2.45	11.60	2.19	2.38	117,086	3,877,270
01/25/2018	2.41	2.61	2.15	2.47	2,243	3,810,800
01/24/2018	2.60	2.61	2.11	2.37	2,728	4,104,080
01/23/2018	2.34	2.93	2.07	2.60	2,043	3,695,590
01/22/2018	2.52	2.98	2.09	2.34	2,732	3,990,700
01/21/2018	2.49	2.86	2.32	2.49	1,287	3,938,130
01/20/2018	2.48	2.84	2.11	2.48	2,137	3,930,060
01/19/2018	3.09	3.25	2.01	2.46	5,563	4,886,740
01/18/2018	3.05	3.58	2.96	3.12	4,474	4,820,540
01/17/2018	2.55	3.38	1.50	3.04	8,153	4,039,980
01/16/2018	2.99	3.18	2.24	2.57	2,676	4,730,900
01/15/2018	2.88	3.72	1.84	2.99	17,166	4,555,990
01/14/2018	2.83	3.46	2.48	2.90	2,016	4,476,050
01/13/2018	2.84	3.40	1.57	2.83	3,159	4,484,520
01/12/2018	3.03	3.28	2.51	2.84	2,953	4,796,100
01/11/2018	2.40	3.75	1.53	3.01	7,684	3,790,820
01/10/2018	1.53	3.03	1.47	2.40	13,753	2,415,520
01/09/2018	1.25	1.79	1.18	1.53	3,534	1,969,080
01/08/2018	1.19	1.48	1.03	1.25	2,466	1,881,560
01/07/2018	1.62	1.63	1.11	1.19	892	2,569,630
01/06/2018	1.03	1.62	0.908938	1.62	3,166	1,621,760
01/05/2018	1.42	1.43	0.935075	0.940150	292	2,248,960
01/04/2018	0.979686	1.42	0.970147	1.42	2,385	1,549,400
01/03/2018	0.944015	1.34	0.911779	0.975553	1,708	1,492,990
01/02/2018	1.16	1.45	0.946452	0.946452	1,142	1,830,450
01/01/2018	0.758152	1.16	0.720672	1.16	1,329	1,199,040
12/31/2017	0.726886	1.50	0.719351	0.755842	3,238	1,149,590
12/30/2017	0.575322	1.14	0.518765	0.734607	2,946	909,889
12/29/2017	0.731232	0.732259	0.564720	0.576763	399	1,156,470
12/28/2017	1.06	1.07	0.572395	0.709467	340	1,674,730
12/27/2017	0.609187	1.06	0.567605	1.06	381	963,448
12/26/2017	0.479403	0.608642	0.414261	0.608642	29	758,191
12/25/2017	0.511181	0.554243	0.467772	0.478678	96	808,449
12/24/2017	0.461700	0.546223	0.440091	0.506763	35	730,192
12/23/2017	0.495281	0.574608	0.454845	0.456175	186	783,302
12/22/2017	1.13	1.13	0.353250	0.489645	1,104	1,782,600
12/21/2017	0.724452	1.15	0.477080	1.12	439	1,145,740
12/20/2017	0.555964	0.885759	0.371458	0.722781	24	879,274
12/19/2017	0.857437	1.48	0.553638	0.555441	138	1,356,060
12/18/2017	0.422756	1.16	0.403794	0.851810	145	668,601
12/17/2017	0.494913	0.697473	0.419543	0.421479	509	782,721
12/16/2017	0.643623	0.709099	0.446090	0.490918	396	1,017,910
12/15/2017	0.723224	0.972417	0.642033	0.642737	483	1,143,800
12/14/2017	1.13	1.16	0.212942	0.721943	468	1,781,990
12/13/2017	0.462843	1.14	0.254875	1.11	0	732,001
12/12/2017	0.484254	0.608679	0.448727	0.462150	282	765,862
12/11/2017	0.391598	0.501986	0.348719	0.482486	177	619,324
12/10/2017	0.395691	0.426025	0.340585	0.394446	358	625,798
12/09/2017	0.451856	0.553142	0.357696	0.394241	15	714,625
12/08/2017	1.51	1.53	0.389187	0.451942	465	2,383,660
12/07/2017	0.371143	2.14	0.354847	1.51	239	586,975
12/06/2017	0.326853	0.441982	0.326853	0.371782	25	516,929
12/05/2017	0.314952	0.331831	0.311392	0.327556	52	498,107
12/04/2017	0.303640	0.324522	0.294203	0.314334	89	480,216
12/03/2017	0.301468	0.321486	0.285989	0.302637	130	476,782
12/02/2017	0.310623	0.316038	0.290271	0.301104	52	491,260
12/01/2017	0.357170	0.360919	0.278691	0.310921	3	564,875
11/30/2017	0.300120	0.363976	0.235283	0.357336	43	474,649
11/29/2017	0.277168	0.366849	0.272609	0.295580	30	438,351
11/28/2017	0.261834	0.362835	0.260772	0.275299	110	414,099
11/27/2017	0.242838	0.409017	0.242838	0.261622	173	384,056
11/26/2017	0.607759	0.659292	0.224447	0.242768	398	961,190
11/25/2017	0.191704	0.607962	0.191215	0.607962	6,085	303,186
11/24/2017	0.329538	0.405475	0.181458	0.192094	163	521,175
11/23/2017	0.412220	0.414209	0.316867	0.329890	13	651,939
11/22/2017	0.378530	0.414320	0.376931	0.412355	77	598,658
11/21/2017	0.387696	0.390492	0.275595	0.377613	190	613,154
11/20/2017	0.426499	0.426719	0.387630	0.387630	203	674,521
11/19/2017	0.648005	0.651348	0.358797	0.426717	51	1,024,840
11/18/2017	0.204113	0.744082	0.197875	0.649210	362	322,811
11/17/2017	0.427922	0.454998	0.202134	0.204898	3	676,773
11/16/2017	0.230193	0.428625	0.218063	0.428625	253	364,057
11/15/2017	0.209984	0.291177	0.209984	0.228993	23	332,097
11/14/2017	0.198865	0.251886	0.198865	0.209841	47	314,511
11/13/2017	0.220665	0.269518	0.178069	0.198444	88	348,988
11/12/2017	0.300219	0.323765	0.212847	0.220382	3	474,806
11/11/2017	0.377985	0.396365	0.258950	0.300440	97	597,795
11/10/2017	0.317381	0.407843	0.246699	0.379336	381	501,947
11/09/2017	0.169208	0.432923	0.140734	0.316433	547	267,608
11/08/2017	0.182173	0.197089	0.162072	0.169383	57	288,112
11/07/2017	0.179667	0.182802	0.178894	0.182747	12	284,148
11/06/2017	0.166655	0.184744	0.137407	0.137407	1	263,570
11/05/2017	0.176515	0.178344	0.164454	0.166286	44	279,164
11/04/2017	0.183510	0.199615	0.176578	0.176815	68	290,227
11/03/2017	0.174048	0.221338	0.172061	0.183528	9	275,263
11/02/2017	0.205845	0.219560	0.168634	0.174265	116	325,550
11/01/2017	0.239656	0.302272	0.199883	0.205056	525	379,023
10/31/2017	0.331586	0.334442	0.160464	0.239976	253	524,413
10/30/2017	0.130710	0.332719	0.118608	0.332719	16,450	206,722
10/29/2017	0.342243	0.349558	0.131232	0.132143	102	541,268
10/28/2017	0.168061	0.346057	0.164759	0.342712	60	265,794
10/27/2017	0.153852	0.168451	0.147022	0.167604	11	243,321
10/26/2017	0.237059	0.239351	0.151614	0.153816	4	374,917
10/25/2017	0.270109	0.278263	0.233541	0.237087	5	427,186
10/24/2017	0.246002	0.271148	0.204766	0.270000	16,330	389,060
10/23/2017	0.224958	0.346572	0.205490	0.246544	0	355,778
10/22/2017	0.320891	0.469254	0.220090	0.225321	256	507,499
10/21/2017	0.523630	0.523630	0.314948	0.320794	34	828,138
10/20/2017	0.227513	0.738757	0.197540	0.524734	24	359,818
10/19/2017	0.156322	0.311956	0.154854	0.227495	35	247,228
10/18/2017	0.274509	0.274684	0.140189	0.156267	128	434,145
10/17/2017	0.288952	0.289779	0.272857	0.274929	12	456,987
10/16/2017	0.170760	0.290416	0.167008	0.288908	13	270,062
10/15/2017	0.292563	0.293509	0.165737	0.170737	177	462,698
10/14/2017	0.283850	0.437173	0.281192	0.292040	4	448,917
10/13/2017	0.271997	0.305308	0.270256	0.283773	32	430,172
10/12/2017	0.253759	0.280065	0.246451	0.271163	18	401,328
10/11/2017	0.384919	0.390799	0.251570	0.253608	1	608,761
10/10/2017	0.298929	0.395997	0.236971	0.384984	13,862	472,765
10/09/2017	0.479312	0.487955	0.297467	0.298951	125	758,047
10/08/2017	0.296700	0.480269	0.263747	0.479190	14	469,240
10/07/2017	0.321411	0.334210	0.289356	0.297495	88	508,321
10/06/2017	0.259420	0.345378	0.258898	0.321307	427	410,281
10/05/2017	0.247024	0.261648	0.228245	0.259421	81	390,676
10/04/2017	0.267391	0.481185	0.245568	0.246801	3,295	422,886
10/03/2017	0.285291	0.285291	0.253789	0.266777	11	451,196
10/02/2017	0.220892	0.285643	0.220255	0.285280	8	349,347
10/01/2017	0.218109	0.519078	0.215227	0.220989	181	344,945
09/30/2017	0.315872	0.323851	0.211998	0.217991	69	499,562
09/29/2017	0.419236	0.423915	0.272022	0.315832	155	663,034
09/28/2017	0.270448	0.420947	0.255662	0.419560	1	427,723
09/27/2017	0.282462	0.297213	0.250801	0.270524	128	446,723
09/26/2017	0.263896	0.314163	0.262939	0.283252	41	417,359
09/25/2017	0.241770	0.372162	0.234977	0.263770	640	382,367
09/24/2017	0.367149	0.367149	0.205666	0.241965	284	580,658
09/23/2017	0.340759	0.372133	0.337488	0.367141	129	538,920
09/22/2017	0.493347	0.513212	0.322427	0.341723	28	780,243
09/21/2017	0.308571	0.510341	0.304624	0.493911	469	488,015
09/20/2017	0.502820	0.623956	0.493753	0.615427	3	795,225
09/19/2017	0.411760	0.519776	0.402292	0.503533	54	651,211
09/18/2017	0.705405	0.817423	0.404029	0.410765	451	1,115,620
09/17/2017	0.579890	0.722469	0.544382	0.706326	22	917,114
09/16/2017	0.472901	0.584379	0.359428	0.578984	394	747,908
09/15/2017	0.583966	0.629210	0.401870	0.468548	98	923,561
09/14/2017	0.506183	0.609421	0.430869	0.584887	131	800,543
09/13/2017	0.541803	0.673418	0.493425	0.506156	79	856,878
09/12/2017	0.684056	0.825832	0.538483	0.541635	231	1,081,860
09/11/2017	0.730814	0.765036	0.620376	0.684276	158	1,155,800
09/10/2017	0.918898	1.09	0.728971	0.728971	10	1,453,270
09/09/2017	1.19	1.19	0.780148	0.913630	432	1,874,530
09/08/2017	1.35	1.36	0.916170	1.18	1,061	2,133,740
09/07/2017	1.39	1.40	1.29	1.35	18,173	2,201,500
09/06/2017	1.43	1.75	1.37	1.39	1,327	2,265,800
09/05/2017	1.31	1.46	1.23	1.44	1,587	2,070,120
09/04/2017	1.43	1.80	1.31	1.31	506	2,264,730
09/03/2017	1.28	1.88	1.28	1.43	2,618	2,027,530
09/02/2017	0.950042	3.48	0.866608	1.28	2,523	1,502,520
09/01/2017	1.04	1.06	0.846318	0.948295	213	1,646,760
08/31/2017	0.824258	1.04	0.824116	1.04	1,980	1,303,590
08/30/2017	1.01	1.01	0.808948	0.825699	884	1,600,910
08/29/2017	0.936606	1.03	0.732320	1.01	525	1,481,270
08/28/2017	0.903616	1.08	0.668363	0.936759	1,876	1,429,100
08/27/2017	0.723913	0.904630	0.722116	0.902712	1,539	1,144,890
08/26/2017	0.804429	0.804429	0.704880	0.724102	702	1,272,230
08/25/2017	0.587636	0.807050	0.553586	0.802886	303	929,365
08/24/2017	1.11	1.11	0.569709	0.585604	1,351	1,754,490
08/23/2017	0.542466	1.13	0.529955	1.12	6,804	857,927
08/22/2017	0.560443	0.658400	0.482365	0.543575	741	886,358
08/21/2017	0.543452	0.590088	0.528719	0.559003	234	859,487
08/20/2017	0.786904	0.786904	0.527331	0.546722	620	1,244,510
08/19/2017	0.779567	0.884895	0.558722	0.786286	1,472	1,232,910
08/18/2017	0.735804	1.21	0.679958	0.777509	2,057	1,163,700
08/17/2017	0.659248	0.745798	0.516400	0.737796	2,126	1,042,620
08/16/2017	0.815873	0.838395	0.410021	0.659857	4,744	1,290,330
08/15/2017	1.60	1.61	0.705063	0.814977	4,765	2,530,600
08/14/2017	1.18	3.06	0.972993	1.60	23,481	1,867,950
