Date	Open	High	Low	Close	Volume	Market Cap
07/15/2018	0.013723	0.014140	0.012491	0.014048	128,143	-
07/14/2018	0.013098	0.013828	0.011676	0.013726	75,951	-
07/13/2018	0.013121	0.013621	0.012386	0.013135	89,774	-
07/12/2018	0.011441	0.015177	0.010304	0.013108	79,421	-
07/11/2018	0.012840	0.012954	0.009783	0.011444	79,558	-
07/10/2018	0.014127	0.014231	0.011193	0.012839	92,028	-
07/09/2018	0.014827	0.015308	0.013422	0.014137	88,520	-
07/08/2018	0.014138	0.017236	0.013489	0.014830	88,294	-
07/07/2018	0.016709	0.017939	0.013673	0.014154	2,731	-
07/06/2018	0.017980	0.019167	0.016479	0.016738	9,331	-
07/05/2018	0.018841	0.019752	0.016289	0.017983	49,368	-
07/04/2018	0.019795	0.020682	0.016485	0.018801	94,947	-
07/03/2018	0.019803	0.021070	0.019079	0.019803	95,477	-
07/02/2018	0.020947	0.021179	0.018881	0.019896	68,153	-
07/01/2018	0.019292	0.022237	0.019192	0.020945	87,482	-
06/30/2018	0.019673	0.023741	0.018012	0.019288	51,735	-
06/29/2018	0.018486	0.019984	0.018257	0.019647	63,114	-
06/28/2018	0.021041	0.021103	0.018371	0.018475	63,570	-
06/27/2018	0.020403	0.021135	0.019597	0.021034	129,126	-
06/26/2018	0.023309	0.023360	0.020392	0.020411	77,485	-
06/25/2018	0.020851	0.024604	0.020171	0.023309	72,101	-
06/24/2018	0.021152	0.021186	0.019228	0.020892	64,039	-
06/23/2018	0.019911	0.021397	0.019590	0.021155	80,274	-
06/22/2018	0.021700	0.025238	0.019760	0.019909	78,712	-
06/21/2018	0.025264	0.025645	0.020980	0.021724	111,617	-
06/20/2018	0.024571	0.029623	0.020666	0.025258	21,845	-
06/19/2018	0.026458	0.029977	0.021697	0.024556	57,835	-
06/18/2018	0.022649	0.026821	0.020105	0.026472	69,757	-
06/17/2018	0.023646	0.026068	0.021748	0.022727	50,307	-
06/16/2018	0.028899	0.032443	0.023584	0.023584	61,780	-
06/15/2018	0.026682	0.029649	0.022736	0.029004	66,425	-
06/14/2018	0.018100	0.032930	0.016813	0.026726	42,946	-
06/13/2018	0.009949	0.031492	0.009902	0.018109	67,789	-
06/12/2018	0.018478	0.020546	0.009888	0.009924	28,721	-
06/11/2018	0.017569	0.020673	0.016943	0.018488	42,308	-
06/10/2018	0.020349	0.023725	0.017356	0.017544	30,446	-
06/09/2018	0.022256	0.025499	0.017134	0.020323	29,599	-
06/08/2018	0.025989	0.028451	0.022096	0.022266	26,664	-
06/07/2018	0.036779	0.043747	0.021694	0.025970	28,739	-
06/06/2018	0.122702	0.122797	0.036745	0.036745	31,788	-
06/05/2018	0.091372	0.146025	0.060376	0.122735	108,632	-
06/04/2018	0.096925	0.107237	0.081663	0.091328	70,805	-
06/03/2018	0.100128	0.101250	0.076010	0.096880	70,131	-
06/02/2018	0.105190	0.107844	0.086732	0.100100	89,528	-
06/01/2018	0.074916	0.113362	0.074916	0.105235	72,027	-
05/31/2018	0.040609	0.122718	0.040411	0.074862	40,049	-
05/30/2018	0.050730	0.051216	0.040392	0.040613	34,597	-
05/29/2018	0.040420	0.050817	0.040420	0.050695	1,367	-
05/28/2018	0.055109	0.056483	0.040375	0.040433	3,562	-
05/27/2018	0.057066	0.066018	0.046764	0.055096	10,990	-
05/26/2018	0.016532	0.068413	0.016505	0.056703	12,285	-
05/25/2018	0.082990	0.085358	0.014912	0.016558	32,227	-
05/24/2018	0.083964	0.089640	0.080539	0.082834	137,420	-
05/23/2018	0.086813	0.130752	0.083490	0.084177	110,637	-
05/22/2018	0.099194	0.129093	0.086514	0.086903	21,622	-
05/21/2018	0.113085	0.113164	0.097729	0.097867	117,825	-
05/20/2018	0.109261	0.113818	0.098899	0.112943	54,129	-
05/19/2018	0.112882	0.113267	0.096534	0.109179	140,721	-
05/18/2018	0.096992	0.114546	0.091964	0.112900	119,358	-
05/17/2018	0.111575	0.117032	0.096352	0.096907	101,540	-
05/16/2018	0.140854	0.140969	0.101008	0.111507	86,403	-
05/15/2018	0.133058	0.155938	0.116030	0.140935	5,650	-
05/14/2018	0.120476	0.173092	0.119529	0.133286	16,942	-
05/13/2018	0.138436	0.139363	0.118627	0.120498	139,832	-
05/12/2018	0.109105	0.144763	0.108746	0.138484	18,064	-
05/11/2018	0.118005	0.129381	0.104988	0.109427	141,046	-
05/10/2018	0.124977	0.144253	0.111958	0.117864	90,783	-
05/09/2018	0.142377	0.193702	0.104930	0.125012	56,853	-
05/08/2018	0.148742	0.188953	0.124603	0.142594	92,316	-
05/07/2018	0.165630	0.227203	0.147493	0.148427	56,047	-
05/06/2018	0.186847	0.264288	0.159829	0.165511	115,436	-
05/05/2018	0.266190	0.286269	0.166349	0.186721	141,386	-
05/04/2018	0.281825	0.281825	0.161740	0.266316	8,211	-
05/03/2018	0.284304	0.295633	0.252067	0.281935	185,142	-
05/02/2018	0.281337	0.285394	0.254002	0.284294	182,210	-
05/01/2018	0.288220	0.288220	0.247290	0.281761	172,747	-
04/30/2018	0.309769	0.310259	0.256300	0.287968	188,903	-
04/29/2018	0.281360	0.325423	0.264185	0.309873	83,646	-
04/28/2018	0.269101	0.308003	0.268411	0.281470	115,382	-
04/27/2018	0.324538	0.340644	0.250914	0.270027	69,813	-
04/26/2018	0.283062	0.324812	0.249554	0.324090	134,232	-
04/25/2018	0.329958	0.330340	0.247986	0.280735	158,098	-
04/24/2018	0.280277	0.332216	0.280151	0.332216	107,646	-
04/23/2018	0.338326	0.345727	0.279673	0.280039	55,815	-
04/22/2018	0.332913	0.362721	0.307718	0.339010	82,675	-
04/21/2018	0.314573	0.414389	0.288407	0.332913	59,287	-
04/20/2018	0.296590	0.317389	0.261794	0.314465	124,046	-
04/19/2018	0.318673	0.329610	0.279009	0.296395	67,920	-
04/18/2018	0.292534	0.319919	0.243485	0.318437	60,113	-
04/17/2018	0.380853	0.388202	0.271964	0.292263	46,428	-
04/16/2018	0.350430	0.389374	0.287505	0.380661	55,461	-
04/15/2018	0.323397	0.392756	0.323397	0.350578	189,898	-
04/14/2018	0.318067	0.381103	0.316975	0.323050	157,551	-
04/13/2018	0.326138	0.391189	0.316415	0.318067	15,030	-
04/12/2018	0.319935	0.379759	0.299853	0.325727	126,854	-
04/11/2018	0.360947	0.361326	0.314244	0.320709	47,315	-
04/10/2018	0.300193	0.398281	0.286503	0.360599	171,040	-
04/09/2018	0.301323	0.310599	0.277709	0.299948	78,766	-
04/08/2018	0.298049	0.306119	0.260501	0.300835	113,526	-
04/07/2018	0.271394	0.302604	0.244066	0.297780	117,391	-
04/06/2018	0.286181	0.289166	0.216233	0.271070	56,207	-
04/05/2018	0.309761	0.334792	0.257089	0.287647	51,933	-
04/04/2018	0.343558	0.354625	0.293301	0.309631	69,190	-
04/03/2018	0.352458	0.371252	0.147158	0.343796	91,564	-
04/02/2018	0.341259	0.354915	0.323352	0.352208	115,424	-
04/01/2018	0.353217	0.361477	0.322414	0.339588	123,366	-
03/31/2018	0.376486	0.385971	0.327801	0.353227	77,337	-
03/30/2018	0.388504	0.402218	0.335764	0.376428	115,100	-
03/29/2018	0.446504	0.447194	0.380531	0.389472	120,681	-
03/28/2018	0.424739	0.448955	0.395404	0.445982	135,617	-
03/27/2018	0.448661	0.453681	0.398646	0.424836	153,691	-
03/26/2018	0.476173	0.478783	0.428163	0.449341	189,714	-
03/25/2018	0.459840	0.491770	0.152390	0.476538	231,740	-
03/24/2018	0.492887	0.517749	0.465149	0.466258	198,326	-
03/23/2018	0.457906	0.511176	0.434079	0.485813	49,895	-
03/22/2018	0.519997	0.536644	0.454652	0.457917	36,154	-
03/21/2018	0.533596	0.545068	0.474435	0.520947	28,063	-
03/20/2018	0.593809	0.595093	0.433774	0.532631	17,527	-
03/19/2018	0.448655	0.588413	0.428476	0.587257	29,439	-
03/18/2018	0.472694	0.509303	0.409663	0.441533	59,149	-
03/17/2018	0.497503	0.517753	0.461565	0.468332	27,529	-
03/16/2018	0.507238	0.539235	0.466046	0.496684	34,022	-
03/15/2018	0.507053	0.544750	0.432786	0.507523	30,917	-
03/14/2018	0.552774	0.611828	0.494020	0.507281	53,123	-
03/13/2018	0.579415	0.629455	0.548994	0.552698	101,006	-
03/12/2018	0.649917	0.668618	0.569647	0.582761	34,037	-
03/11/2018	0.582132	0.675835	0.529233	0.651971	104,303	-
03/10/2018	0.617408	0.661615	0.517001	0.584147	136,002	-
03/09/2018	0.617089	0.637402	0.564095	0.617142	70,904	-
03/08/2018	0.675066	0.706397	0.615398	0.621034	94,783	-
03/07/2018	0.697679	0.761663	0.661144	0.676091	87,578	-
03/06/2018	0.806334	0.817098	0.663433	0.751355	95,008	-
03/05/2018	0.859966	0.888620	0.633831	0.808570	177,029	-
03/04/2018	0.800846	0.876881	0.761979	0.860596	95,478	-
03/03/2018	0.795148	0.918998	0.774744	0.802231	125,801	-
03/02/2018	0.849115	0.899754	0.777389	0.796179	47,108	-
03/01/2018	0.775966	0.875662	0.730936	0.851303	172,512	-
02/28/2018	0.841475	0.882191	0.774135	0.774825	93,135	-
02/27/2018	0.836934	0.912677	0.780771	0.842468	75,666	-
02/26/2018	0.682336	0.885329	0.678883	0.834523	211,307	-
02/25/2018	0.742057	0.803472	0.678771	0.681463	127,079	-
02/24/2018	0.799676	0.871060	0.719651	0.743183	221,880	-
02/23/2018	0.823376	0.847881	0.771494	0.800689	165,787	-
02/22/2018	0.929450	0.969312	0.795500	0.824145	122,887	-
02/21/2018	0.916000	0.999887	0.855277	0.930395	73,755	-
02/20/2018	0.907968	0.960100	0.892802	0.917142	183,060	-
02/19/2018	0.837317	0.909870	0.796975	0.907144	144,138	-
02/18/2018	0.779894	0.950704	0.761229	0.841250	192,317	-
02/17/2018	0.847684	0.862815	0.768631	0.784100	248,868	-
