Date	Open	High	Low	Close	Volume	Market Cap
07/15/2018	1.05	1.08	1.04	1.07	75,255	7,371,310
07/14/2018	0.961260	1.07	0.936296	1.05	152,482	6,730,380
07/13/2018	1.04	1.04	0.957959	0.959434	79,488	7,260,260
07/12/2018	1.07	1.07	1.02	1.03	137,455	7,461,140
07/11/2018	1.04	1.07	1.02	1.07	95,890	7,253,120
07/10/2018	1.13	1.13	1.03	1.04	136,843	7,885,930
07/09/2018	1.16	1.17	1.12	1.13	93,847	8,138,760
07/08/2018	1.17	1.18	1.15	1.16	200,625	8,158,080
07/07/2018	1.13	1.17	1.11	1.16	130,128	7,929,130
07/06/2018	1.11	1.16	1.06	1.13	98,895	7,756,400
07/05/2018	1.17	1.18	1.09	1.11	207,135	8,191,130
07/04/2018	1.17	1.23	1.13	1.17	110,529	8,202,050
07/03/2018	1.15	1.21	1.14	1.16	132,019	8,024,420
07/02/2018	1.12	1.16	1.06	1.15	115,443	7,875,640
07/01/2018	1.13	1.18	1.09	1.12	198,061	7,894,120
06/30/2018	1.07	1.14	1.07	1.11	179,882	7,517,010
06/29/2018	0.971332	1.09	0.944491	1.08	173,687	6,800,900
06/28/2018	1.15	1.18	0.965590	0.973933	162,617	8,021,920
06/27/2018	1.05	1.18	1.05	1.14	252,573	7,376,500
06/26/2018	1.14	1.14	1.06	1.06	138,184	7,955,570
06/25/2018	1.08	1.18	1.06	1.14	151,539	7,557,820
06/24/2018	1.12	1.13	0.996542	1.08	176,256	7,851,420
06/23/2018	1.12	1.15	1.09	1.12	157,264	7,832,950
06/22/2018	1.24	1.24	1.09	1.11	96,251	8,673,190
06/21/2018	1.27	1.29	1.23	1.24	115,181	8,894,430
06/20/2018	1.28	1.29	1.24	1.27	167,920	8,971,540
06/19/2018	1.23	1.29	1.23	1.28	257,030	8,641,070
06/18/2018	1.18	1.24	1.17	1.23	80,704	8,285,380
06/17/2018	1.18	1.21	1.18	1.18	96,853	8,293,970
06/16/2018	1.16	1.19	1.15	1.18	135,577	8,144,340
06/15/2018	1.25	1.25	1.16	1.17	75,520	8,724,030
06/14/2018	1.16	1.26	1.12	1.25	173,688	8,120,060
06/13/2018	1.19	1.20	1.10	1.16	289,149	8,327,760
06/12/2018	1.27	1.29	1.17	1.18	168,274	8,909,580
06/11/2018	1.24	1.30	1.21	1.27	249,316	8,716,220
06/10/2018	1.40	1.40	1.20	1.24	180,710	9,806,140
06/09/2018	1.38	1.42	1.38	1.39	256,203	9,684,660
06/08/2018	1.45	1.47	1.38	1.38	193,612	10,175,600
06/07/2018	1.43	1.52	1.41	1.46	197,985	10,023,200
06/06/2018	1.54	1.56	1.43	1.48	219,892	10,749,300
06/05/2018	1.52	1.58	1.44	1.54	295,072	10,647,100
06/04/2018	1.47	1.55	1.38	1.53	133,445	10,301,900
06/03/2018	1.54	1.63	1.47	1.49	53,653	10,753,300
06/02/2018	1.50	1.57	1.46	1.52	39,088	10,536,800
06/01/2018	1.48	1.53	1.39	1.49	21,993	10,359,700
05/31/2018	1.49	1.56	1.41	1.50	41,000	10,467,100
05/30/2018	1.50	1.62	1.38	1.51	24,848	10,479,500
05/29/2018	1.29	1.70	1.29	1.51	65,746	9,036,180
05/28/2018	1.41	1.44	1.25	1.30	48,982	9,891,220
05/27/2018	1.45	1.47	1.37	1.41	15,878	10,183,200
05/26/2018	1.36	1.59	1.34	1.44	36,988	9,495,520
05/25/2018	1.40	1.43	1.32	1.36	5,777	9,781,540
05/24/2018	1.38	1.44	1.32	1.39	51,268	9,691,160
05/23/2018	1.54	1.60	1.35	1.38	44,060	10,808,700
05/22/2018	1.65	1.68	1.54	1.55	49,006	11,545,000
05/21/2018	1.69	1.70	1.63	1.65	51,248	11,835,200
05/20/2018	1.66	1.71	1.63	1.69	55,728	11,597,400
05/19/2018	1.66	1.70	1.63	1.66	39,871	11,595,100
05/18/2018	1.61	1.67	1.58	1.66	74,646	11,303,600
05/17/2018	1.71	1.74	1.60	1.62	61,983	11,960,100
05/16/2018	1.68	1.72	1.60	1.70	56,750	11,731,500
05/15/2018	1.75	1.80	1.63	1.64	22,057	12,286,800
05/14/2018	1.72	1.89	1.36	1.77	21,171	12,045,800
05/13/2018	1.71	1.79	1.19	1.72	17,065	11,949,000
05/12/2018	1.68	1.73	1.58	1.71	4,151	11,739,100
05/11/2018	1.73	1.77	1.59	1.64	30,781	12,129,000
05/10/2018	1.85	1.88	1.69	1.74	20,216	12,961,400
05/09/2018	1.83	1.87	1.74	1.83	18,601	12,806,800
05/08/2018	1.82	1.86	1.75	1.82	11,217	12,741,400
05/07/2018	1.95	1.97	1.63	1.83	36,232	13,656,400
05/06/2018	2.05	2.11	1.81	1.92	42,504	14,370,900
05/05/2018	2.18	2.21	2.03	2.06	47,140	15,255,600
05/04/2018	2.24	2.27	2.14	2.17	53,853	15,673,700
05/03/2018	1.92	2.25	1.91	2.23	29,313	13,415,100
05/02/2018	1.92	2.01	1.89	1.93	44,987	13,456,400
05/01/2018	1.85	1.94	1.75	1.91	60,717	12,957,000
04/30/2018	1.80	1.86	1.75	1.83	36,474	12,620,700
04/29/2018	2.06	2.10	1.73	1.80	21,079	14,443,600
04/28/2018	1.90	2.13	1.90	2.06	52,170	13,306,100
04/27/2018	2.04	2.05	1.90	1.92	43,593	14,295,800
04/26/2018	1.83	2.06	1.77	1.99	20,497	12,823,800
04/25/2018	2.06	2.06	1.74	1.80	35,334	14,406,500
04/24/2018	2.15	2.26	1.91	2.07	68,937	15,038,600
04/23/2018	2.32	2.36	2.07	2.14	62,987	16,277,600
04/22/2018	2.12	2.81	2.08	2.32	85,708	14,871,500
04/21/2018	2.31	2.32	2.04	2.12	41,313	16,152,100
04/20/2018	2.04	2.34	1.97	2.31	43,763	14,270,600
04/19/2018	1.99	2.16	1.64	2.00	50,459	13,967,900
04/18/2018	1.72	2.03	1.50	1.99	45,218	12,048,800
04/17/2018	1.38	1.79	1.37	1.78	42,415	9,636,570
04/16/2018	1.71	1.88	1.36	1.38	42,903	11,993,400
04/15/2018	1.23	2.18	1.23	1.80	57,550	8,633,240
04/14/2018	1.22	1.27	1.18	1.24	8,655	8,547,150
04/13/2018	1.20	1.25	1.13	1.21	24,122	8,373,950
04/12/2018	0.994969	1.20	0.971732	1.17	15,598	6,966,400
04/11/2018	1.15	1.17	0.959869	0.997797	30,188	8,064,840
04/10/2018	1.18	1.19	1.09	1.15	26,399	8,263,800
04/09/2018	0.939593	1.19	0.920517	1.15	33,852	6,578,670
04/08/2018	0.926737	0.966377	0.886354	0.932990	15,891	6,488,660
04/07/2018	0.903094	0.964138	0.881292	0.927154	7,477	6,323,120
04/06/2018	0.926459	0.940978	0.872244	0.881891	6,169	6,486,720
04/05/2018	0.941793	0.958919	0.894460	0.927356	22,248	6,594,080
04/04/2018	0.942564	1.01	0.899456	0.941766	27,298	6,599,480
04/03/2018	0.798600	0.956776	0.786143	0.935313	19,048	5,591,500
04/02/2018	0.707102	0.858043	0.702657	0.798121	17,216	4,950,860
04/01/2018	0.811552	0.831781	0.694720	0.704790	24,620	5,682,180
03/31/2018	0.811714	0.864709	0.790143	0.822814	26,019	5,683,310
03/30/2018	0.825263	0.867894	0.763348	0.807321	26,677	5,778,180
03/29/2018	1.02	1.02	0.809991	0.813399	26,046	7,107,920
03/28/2018	0.947271	1.05	0.947083	1.01	34,659	6,632,430
03/27/2018	0.999338	1.05	0.931748	0.950493	27,073	6,996,980
03/26/2018	1.01	1.03	0.859276	1.02	26,468	7,085,320
03/25/2018	1.12	1.12	1.00	1.01	26,061	7,838,140
03/24/2018	1.21	1.24	1.13	1.14	25,353	8,439,130
03/23/2018	1.20	1.31	1.14	1.22	53,705	8,393,130
03/22/2018	1.22	1.26	1.10	1.20	15,553	8,554,480
03/21/2018	1.20	1.31	1.20	1.22	29,338	8,422,000
03/20/2018	1.29	1.32	1.16	1.19	21,771	9,005,420
03/19/2018	1.25	1.30	1.20	1.27	64,918	8,756,650
03/18/2018	1.33	1.34	1.07	1.25	28,264	9,340,260
03/17/2018	1.53	1.53	1.32	1.33	20,139	10,707,100
03/16/2018	1.40	1.58	1.40	1.53	66,884	9,818,350
03/15/2018	1.36	1.44	1.24	1.40	24,037	9,503,320
03/14/2018	1.72	1.76	1.31	1.36	6,318	12,049,400
03/13/2018	1.80	1.82	1.68	1.72	3,390	12,629,300
03/12/2018	1.92	1.99	1.79	1.81	10,929	13,465,400
03/11/2018	1.72	1.93	1.68	1.93	12,634	12,041,600
03/10/2018	2.08	2.13	1.72	1.73	38,940	14,593,900
03/09/2018	1.98	2.09	1.84	2.09	61,155	13,856,900
03/08/2018	2.00	2.08	1.93	1.96	46,989	13,990,500
03/07/2018	2.16	2.24	1.96	2.01	84,516	15,137,100
03/06/2018	2.10	2.21	2.06	2.20	24,189	14,723,900
03/05/2018	2.18	2.39	2.06	2.10	34,113	15,231,000
03/04/2018	2.28	2.37	2.14	2.17	48,334	15,993,100
03/03/2018	2.43	2.86	2.19	2.32	21,044	17,046,300
03/02/2018	2.52	2.55	2.39	2.44	3,363	17,635,300
03/01/2018	2.42	2.54	2.38	2.52	15,431	16,963,400
02/28/2018	2.79	2.79	2.34	2.43	57,839	19,556,500
02/27/2018	2.41	2.96	2.31	2.79	75,011	16,894,900
02/26/2018	1.93	2.59	1.93	2.35	88,302	13,488,900
02/25/2018	2.03	2.11	1.93	1.93	67,110	14,179,200
02/24/2018	1.96	2.13	1.83	2.03	80,917	13,704,900
02/23/2018	1.79	1.96	1.75	1.96	89,741	12,534,900
02/22/2018	1.88	1.96	1.75	1.79	95,819	13,168,700
02/21/2018	1.98	2.01	1.76	1.89	78,382	13,897,700
02/20/2018	2.10	2.23	1.97	1.98	100,713	14,673,700
02/19/2018	2.13	2.28	1.84	2.10	126,329	14,883,000
02/18/2018	2.15	2.21	1.95	2.13	81,251	15,033,200
02/17/2018	2.34	2.42	2.12	2.14	101,978	16,398,900
02/16/2018	2.38	2.43	2.23	2.34	91,746	16,691,300
02/15/2018	2.46	2.47	2.32	2.39	83,776	17,252,700
02/14/2018	2.44	2.50	2.24	2.45	95,228	17,061,300
02/13/2018	2.50	2.51	2.32	2.45	93,154	17,476,900
02/12/2018	2.57	2.88	2.49	2.49	106,366	17,961,000
02/11/2018	2.52	2.71	2.36	2.55	72,249	17,677,800
02/10/2018	2.59	2.69	2.39	2.49	78,402	18,164,300
02/09/2018	2.40	2.60	2.31	2.57	74,367	16,815,200
02/08/2018	2.26	2.58	2.26	2.42	86,969	15,813,600
02/07/2018	2.00	2.66	1.80	2.29	91,114	14,037,000
02/06/2018	1.63	2.03	1.34	2.03	74,689	11,380,900
02/05/2018	2.26	2.34	1.51	1.61	32,412	15,825,500
02/04/2018	2.56	2.60	2.13	2.28	47,498	17,949,500
02/03/2018	2.49	2.74	2.35	2.56	71,849	17,413,300
02/02/2018	2.62	2.72	2.07	2.44	74,627	18,325,900
02/01/2018	2.63	3.04	2.36	2.72	133,351	18,390,000
01/31/2018	2.91	3.03	2.58	2.62	94,672	20,341,600
01/30/2018	3.23	3.42	2.57	2.90	110,342	22,610,300
01/29/2018	2.89	3.40	2.78	3.20	132,078	20,258,200
01/28/2018	3.53	3.58	2.70	2.90	139,343	24,684,600
01/27/2018	3.07	3.82	2.98	3.54	125,627	21,487,300
01/26/2018	3.02	3.20	2.79	3.07	152,616	21,171,100
01/25/2018	3.01	3.54	2.90	2.97	108,007	21,058,500
01/24/2018	2.87	3.18	2.75	3.01	146,623	20,091,400
01/23/2018	3.11	3.14	2.69	2.87	97,099	21,774,000
01/22/2018	3.22	3.30	2.74	3.10	125,888	22,535,900
01/21/2018	3.72	4.01	2.78	3.17	146,234	26,031,400
01/20/2018	2.86	3.80	2.57	3.71	185,984	20,052,500
01/19/2018	2.98	3.51	2.46	2.70	133,746	20,872,300
01/18/2018	2.71	3.19	2.34	3.01	134,874	19,003,500
01/17/2018	2.19	2.87	1.70	2.65	77,863	15,368,100
01/16/2018	2.93	2.96	1.89	2.20	95,034	20,535,800
01/15/2018	3.33	3.67	2.93	2.93	153,345	23,292,500
01/14/2018	3.17	3.42	3.03	3.38	122,715	22,199,900
01/13/2018	2.86	3.38	2.65	3.14	72,881	20,010,100
01/12/2018	2.76	3.22	2.60	2.85	26,243	19,305,300
01/11/2018	3.10	3.43	2.47	2.65	57,550	21,713,900
01/10/2018	3.11	3.40	2.61	3.15	47,696	21,761,800
01/09/2018	3.30	3.56	2.32	3.12	84,312	23,133,900
01/08/2018	3.31	3.67	2.94	3.30	104,725	23,141,300
01/07/2018	3.05	3.35	2.87	3.29	13,561	21,336,100
01/06/2018	2.92	3.25	2.82	2.99	16,232	20,414,000
01/05/2018	3.14	3.37	2.69	2.90	22,412	21,997,600
01/04/2018	3.51	3.54	3.15	3.19	15,928	24,543,200
01/03/2018	3.40	3.62	3.11	3.53	31,321	23,802,800
01/02/2018	3.12	3.77	2.95	3.35	22,648	21,831,200
01/01/2018	2.95	3.34	2.76	3.07	11,671	20,631,300
12/31/2017	2.45	3.09	2.45	2.95	33,908	17,164,600
12/30/2017	2.88	2.88	2.39	2.47	14,492	20,139,600
12/29/2017	2.84	2.90	2.63	2.85	17,653	19,882,600
12/28/2017	2.83	2.83	2.45	2.82	30,201	19,834,900
12/27/2017	2.80	2.92	2.52	2.76	27,196	19,622,900
12/26/2017	2.38	3.01	2.38	2.70	49,733	16,652,700
12/25/2017	2.45	2.96	2.34	2.37	14,897	17,161,600
12/24/2017	2.58	2.58	1.81	2.44	81,139	18,061,500
12/23/2017	2.39	2.90	2.21	2.53	17,582	16,761,900
12/22/2017	2.55	2.57	1.53	2.36	20,700	17,885,900
12/21/2017	2.84	3.00	2.34	2.49	17,273	19,865,800
12/20/2017	2.73	3.09	2.42	2.81	23,183	19,127,000
12/19/2017	3.12	3.20	2.46	2.73	151,914	21,848,900
12/18/2017	2.88	3.22	2.79	3.15	22,859	20,165,500
12/17/2017	2.95	3.13	2.81	2.88	41,443	20,665,600
12/16/2017	3.09	3.27	2.86	2.92	63,530	21,648,200
12/15/2017	2.96	3.21	2.75	3.09	37,262	20,736,700
12/14/2017	3.34	3.45	2.79	2.96	38,509	23,372,800
12/13/2017	3.52	3.98	2.33	3.34	62,564	24,663,300
12/12/2017	3.38	3.69	3.00	3.52	40,750	23,671,300
12/11/2017	2.44	3.39	2.40	3.37	61,567	17,080,200
12/10/2017	2.60	2.60	2.34	2.41	13,219	18,223,200
12/09/2017	2.47	2.90	2.45	2.60	42,752	17,290,900
12/08/2017	2.45	2.63	2.16	2.50	20,188	17,156,600
12/07/2017	2.36	2.47	2.19	2.40	49,159	16,525,100
12/06/2017	2.72	2.74	2.34	2.39	32,772	19,016,600
12/05/2017	2.94	2.94	2.64	2.70	6,381	20,553,000
12/04/2017	2.93	3.10	2.59	2.93	24,917	20,502,200
12/03/2017	2.90	3.12	2.81	2.92	11,918	20,275,800
12/02/2017	2.98	3.17	2.82	2.89	36,466	20,852,200
12/01/2017	2.93	3.18	2.62	2.99	69,416	20,514,300
11/30/2017	2.72	3.09	2.51	2.96	8,968	19,060,300
11/29/2017	3.28	3.56	2.56	2.69	128,760	22,959,900
11/28/2017	3.06	3.94	3.06	3.28	150,264	21,418,100
11/27/2017	3.15	3.55	2.75	3.07	138,884	22,067,400
11/26/2017	3.16	3.26	2.81	3.15	72,016	22,134,500
11/25/2017	3.11	3.32	2.96	3.16	10,386	21,801,300
11/24/2017	2.89	3.87	2.83	3.11	221,164	20,239,200
11/23/2017	2.85	3.00	2.74	2.91	142,039	19,975,600
11/22/2017	2.81	2.95	2.75	2.85	59,833	19,646,800
11/21/2017	2.74	2.90	2.63	2.80	8,024	19,150,100
11/20/2017	2.72	2.88	2.36	2.74	85,780	19,076,600
11/19/2017	2.61	3.22	2.44	2.76	94,431	18,252,000
11/18/2017	2.39	2.65	2.21	2.64	23,271	16,734,200
11/17/2017	2.46	2.57	2.32	2.40	32,836	17,249,000
11/16/2017	2.32	2.75	2.31	2.46	37,940	16,267,500
11/15/2017	2.62	2.64	2.30	2.32	124,073	18,375,400
11/14/2017	2.63	2.78	2.32	2.63	25,239	18,419,600
11/13/2017	2.43	2.64	2.33	2.62	6,549	17,031,900
11/12/2017	2.71	2.71	2.41	2.42	12,962	18,965,700
11/11/2017	2.33	2.93	2.33	2.70	17,494	16,327,300
11/10/2017	2.64	2.74	2.12	2.34	38,799	18,483,000
11/09/2017	2.78	3.10	2.59	2.65	22,989	19,483,500
11/08/2017	2.89	3.00	2.49	2.79	20,465	20,229,400
11/07/2017	2.93	3.25	2.82	2.93	3,874	20,537,100
11/06/2017	3.27	3.27	2.60	2.92	56,325	22,874,300
11/05/2017	3.40	4.46	3.17	3.24	37,311	23,821,800
11/04/2017	3.10	3.42	2.92	3.41	17,622	21,714,600
11/03/2017	2.88	3.47	2.76	3.10	5,510	20,174,100
11/02/2017	3.07	3.10	2.34	2.86	55,896	21,527,200
11/01/2017	3.27	3.28	2.92	3.03	11,997	22,878,000
10/31/2017	3.17	3.49	3.05	3.27	41,878	22,207,000
10/30/2017	3.39	3.64	3.14	3.15	34,676	23,751,600
10/29/2017	3.21	3.43	3.16	3.40	16,834	22,465,200
10/28/2017	3.23	3.50	3.07	3.21	31,518	22,591,800
10/27/2017	3.31	3.51	3.01	3.24	17,564	23,172,500
10/26/2017	3.18	3.48	3.10	3.30	54,478	22,245,700
10/25/2017	2.93	3.48	2.68	3.20	55,675	20,517,900
10/24/2017	2.88	3.30	2.70	2.95	36,380	20,166,300
10/23/2017	2.99	3.51	2.73	2.83	28,864	20,959,900
10/22/2017	3.00	3.24	2.73	2.87	45,123	20,971,400
10/21/2017	3.28	3.37	3.00	3.00	57,639	22,976,900
10/20/2017	3.24	3.46	3.13	3.35	37,137	22,678,000
10/19/2017	3.67	3.73	3.20	3.31	34,954	25,716,200
10/18/2017	3.78	3.78	3.28	3.62	33,806	26,492,900
10/17/2017	3.96	3.96	3.08	3.73	43,057	27,715,200
10/16/2017	2.74	3.99	2.74	3.95	130,794	19,211,800
10/15/2017	2.44	2.84	2.29	2.74	27,258	17,053,600
10/14/2017	2.75	2.91	2.43	2.50	53,875	19,237,100
10/13/2017	2.60	3.06	2.11	2.77	36,329	18,197,700
10/12/2017	3.02	3.12	2.34	2.65	54,243	21,114,300
10/11/2017	2.77	3.15	2.71	3.11	38,492	19,363,900
10/10/2017	2.91	2.94	2.68	2.78	53,640	20,377,600
10/09/2017	2.95	3.06	2.69	2.89	68,174	20,688,400
10/08/2017	3.02	3.08	2.71	2.94	49,076	21,139,900
10/07/2017	3.11	3.41	2.79	3.03	58,526	21,762,400
10/06/2017	3.02	3.17	2.93	3.09	25,598	21,126,900
10/05/2017	2.88	3.11	2.83	2.99	26,361	20,133,800
10/04/2017	2.99	3.26	2.86	2.91	40,851	20,966,800
10/03/2017	3.18	3.37	2.85	2.98	62,094	22,290,300
10/02/2017	3.28	3.53	3.15	3.18	38,084	22,949,400
10/01/2017	3.42	3.52	3.04	3.28	41,557	23,924,800
09/30/2017	3.06	3.50	3.02	3.22	31,700	21,436,500
09/29/2017	2.95	3.62	2.79	3.05	40,254	20,659,800
09/28/2017	3.25	3.49	2.86	2.94	87,166	22,771,000
09/27/2017	3.47	3.70	3.21	3.22	39,036	24,295,700
09/26/2017	3.37	3.52	3.37	3.46	21,228	23,606,000
09/25/2017	3.68	3.77	3.14	3.39	39,884	25,768,600
09/24/2017	3.73	3.83	3.59	3.67	32,344	26,098,100
09/23/2017	3.43	3.71	3.35	3.71	25,584	23,991,000
09/22/2017	3.32	3.57	3.26	3.42	21,074	23,266,300
09/21/2017	3.66	3.73	3.25	3.34	31,703	25,596,500
09/20/2017	3.97	4.09	3.57	3.67	36,957	27,767,700
09/19/2017	3.80	4.04	3.45	3.85	27,008	26,610,000
09/18/2017	3.43	3.88	3.29	3.81	32,689	23,994,800
09/17/2017	3.44	3.57	3.13	3.27	49,084	24,082,400
09/16/2017	2.85	4.87	2.73	3.54	39,190	19,930,900
09/15/2017	2.34	3.70	2.07	2.81	43,492	16,390,200
09/14/2017	2.88	3.13	2.33	2.33	14,304	20,183,700
09/13/2017	2.98	3.04	1.97	2.89	50,551	20,863,400
09/12/2017	3.21	3.41	2.93	2.93	20,129	22,492,500
09/11/2017	3.39	3.39	2.82	3.17	28,864	23,762,900
09/10/2017	3.32	3.40	2.79	3.38	22,337	23,242,000
09/09/2017	3.37	3.47	3.15	3.32	3,259	23,594,200
09/08/2017	3.57	3.83	3.11	3.35	44,831	25,027,500
09/07/2017	3.60	5.03	3.41	3.66	26,294	25,236,300
09/06/2017	3.59	3.83	3.39	3.73	35,162	25,124,200
09/05/2017	3.42	3.76	2.93	3.69	16,822	23,980,200
09/04/2017	3.99	17.01	2.74	3.39	51,577	27,959,000
09/03/2017	3.75	5.66	3.45	4.04	22,502	26,250,100
09/02/2017	4.19	4.45	3.43	3.71	59,025	29,348,000
09/01/2017	4.24	4.30	3.59	4.19	505,182	29,700,700
08/31/2017	3.93	4.30	3.88	4.24	578,827	27,500,600
08/30/2017	4.06	4.46	3.79	3.93	638,349	28,457,200
08/29/2017	4.38	5.48	3.70	4.11	619,192	30,665,800
08/28/2017	4.53	4.61	4.25	4.39	611,234	31,712,400
08/27/2017	4.24	5.03	4.12	4.52	527,364	29,670,600
08/26/2017	4.18	4.23	3.94	4.23	520,942	29,250,400
08/25/2017	4.42	5.12	3.92	4.17	643,422	30,936,200
08/24/2017	4.43	4.72	4.13	4.42	539,450	31,010,800
08/23/2017	4.92	5.21	4.37	4.45	549,509	34,447,200
08/22/2017	4.82	5.28	4.45	4.97	582,119	33,750,000
08/21/2017	4.79	5.24	4.52	4.82	431,463	33,538,100
08/20/2017	4.35	4.79	4.13	4.79	570,502	30,422,300
08/19/2017	5.30	5.34	3.85	4.35	560,191	37,134,000
08/18/2017	4.61	5.57	4.58	5.30	489,808	32,259,300
08/17/2017	5.36	5.61	4.62	4.62	545,106	37,542,000
08/16/2017	5.09	8.02	4.91	5.32	473,155	35,643,600
08/15/2017	5.86	6.08	3.68	5.07	752,334	41,030,800
08/14/2017	7.18	7.68	5.72	5.78	578,188	50,298,100
08/13/2017	8.02	8.59	6.75	7.12	480,141	56,122,300
08/12/2017	8.27	10.23	7.86	8.11	492,439	57,910,200
08/11/2017	7.02	8.79	6.92	8.28	600,639	49,142,700
08/10/2017	6.67	7.75	6.51	7.26	454,421	46,666,600
08/09/2017	6.69	7.30	6.22	6.61	529,327	46,858,100
08/08/2017	6.57	7.98	6.11	6.66	444,686	45,985,200
08/07/2017	5.60	7.64	5.33	6.54	559,083	39,243,500
08/06/2017	5.07	5.93	4.79	5.63	468,845	35,530,200
08/05/2017	4.56	5.42	4.53	5.41	429,528	31,896,400
08/04/2017	4.48	4.80	4.31	4.56	340,899	31,400,700
08/03/2017	4.43	5.20	4.29	4.43	421,559	31,030,500
08/02/2017	5.42	5.46	4.16	4.44	510,255	37,970,200
08/01/2017	4.84	5.64	4.77	5.42	416,563	33,896,800
07/31/2017	5.24	5.24	4.70	4.84	368,030	36,699,600
07/30/2017	5.53	5.62	4.92	5.16	301,327	38,689,800
07/29/2017	4.95	5.59	4.43	5.51	354,503	34,662,300
07/28/2017	5.55	5.63	4.25	5.02	390,035	38,827,800
07/27/2017	4.82	5.61	4.76	5.55	715,100	33,737,200
07/26/2017	4.56	5.06	4.32	4.85	550,325	31,945,800
07/25/2017	5.30	5.39	4.35	4.60	754,723	37,097,300
07/24/2017	5.18	5.62	4.94	5.24	365,540	36,264,700
07/23/2017	4.54	5.29	3.72	5.17	166,615	31,764,100
07/22/2017	4.11	4.68	4.06	4.54	77,164	28,786,300
07/21/2017	4.45	4.57	3.93	4.11	153,129	31,148,200
07/20/2017	3.89	4.70	3.84	4.40	299,064	27,227,800
07/19/2017	4.61	5.10	3.79	3.87	199,301	32,301,700
07/18/2017	3.83	4.99	3.59	4.60	113,948	26,844,300
07/17/2017	3.12	3.82	2.39	3.81	187,227	21,878,100
07/16/2017	3.47	3.75	2.91	3.15	138,842	24,273,400
07/15/2017	4.36	4.49	3.51	3.51	117,994	30,517,600
07/14/2017	4.01	4.77	3.60	4.47	173,226	28,068,200
07/13/2017	4.42	4.68	3.63	4.03	148,976	30,934,700
07/12/2017	4.48	4.96	4.01	4.37	309,138	31,397,800
07/11/2017	5.42	5.51	3.95	4.49	192,673	37,925,100
07/10/2017	4.76	15.25	3.94	4.60	226,080	33,325,300
07/09/2017	4.91	29.68	3.64	4.75	31,333	34,349,100
07/08/2017	4.18	47.72	0.492518	4.89	39,196	29,269,400
07/07/2017	5.18	165.10	3.98	4.27	193,160	36,298,800
07/06/2017	4.68	26.64	4.11	5.28	334,927	32,773,300
07/05/2017	5.23	5.88	3.68	4.60	239,801	36,592,900
07/04/2017	7.56	93.85	4.97	5.23	239,035	52,939,800
07/03/2017	5.60	9.17	1.25	7.58	394,292	39,202,900
07/02/2017	4.15	6.84	3.94	5.64	163,683	29,069,600
07/01/2017	4.26	4.52	3.79	4.15	37,197	29,852,700
06/30/2017	4.41	4.69	4.10	4.22	63,887	30,879,100
06/29/2017	4.37	4.82	3.98	4.45	58,567	30,578,000
06/28/2017	3.65	5.05	0.154762	4.38	141,262	25,579,200
06/27/2017	2.56	22.94	2.44	3.63	68,065	17,948,600
06/26/2017	3.63	3.80	2.38	2.38	28,519	25,408,000
06/25/2017	34.10	34.10	3.08	3.63	32,040	238,780,000
06/24/2017	4.13	48.74	3.87	4.30	100,171	28,922,400
06/23/2017	3.75	4.23	3.26	4.13	192,660	26,273,100
06/22/2017	3.50	4.84	2.17	3.79	90,702	24,534,900
06/21/2017	3.77	4.50	2.83	3.48	3,334	26,398,800
06/20/2017	3.94	4.01	3.29	3.77	50,622	27,556,200
06/19/2017	4.26	16.11	3.06	3.75	269,437	29,845,300
06/18/2017	2.78	6.70	0.367518	4.83	388,053	19,466,300
06/17/2017	2.12	30.89	2.02	2.78	90,494	14,839,900
06/16/2017	2.16	2.22	1.84	2.12	14,000	15,156,500
06/15/2017	2.40	6.13	1.73	2.16	46,848	16,775,400
06/14/2017	2.01	19.25	1.74	2.40	36,892	14,054,400
06/13/2017	2.46	3.89	1.68	2.01	28,209	17,240,500
06/12/2017	2.07	2.44	1.47	2.44	14,507	14,498,400
06/10/2017	1.55	3.13	0.002514	0.002514	31,863	10,851,300
06/09/2017	2.07	2.08	1.54	1.55	25,274	14,461,600
06/08/2017	1.38	1.80	1.32	1.74	23,746	9,632,200
06/07/2017	1.32	1.59	1.18	1.37	13,593	9,232,550
06/06/2017	1.67	1.85	1.28	1.32	37,630	11,698,200
06/05/2017	1.22	1.72	1.22	1.67	134,653	8,549,400
06/04/2017	1.53	1.66	1.15	1.22	48,084	10,734,800
06/03/2017	1.54	1.79	1.32	1.53	13,960	10,817,400
06/02/2017	1.82	2.18	1.10	1.54	58,706	12,736,700
06/01/2017	1.63	1.95	1.63	1.82	10,230	11,416,300
05/31/2017	1.88	1.91	1.44	1.64	38,753	13,137,800
05/30/2017	1.73	3.86	0.325154	1.88	27,837	12,122,400
05/29/2017	4.91	5.91	1.51	1.73	68,603	34,404,800
05/28/2017	1.54	5.34	1.39	1.86	62,135	10,787,800
05/27/2017	1.92	2.00	1.28	1.53	31,169	13,466,200
05/26/2017	2.18	2.44	1.45	1.93	42,040	15,247,700
05/25/2017	2.76	2.97	1.86	2.19	41,307	19,290,000
05/24/2017	2.22	2.87	1.93	2.75	58,024	15,517,300
05/23/2017	2.16	2.48	1.60	2.22	60,506	15,132,700
05/22/2017	2.06	4.08	1.17	2.16	32,143	14,441,200
05/21/2017	1.67	2.06	1.56	2.06	27,022	11,689,300
05/20/2017	1.74	6.90	1.67	1.67	18,774	12,180,800
05/19/2017	1.77	6.22	1.62	2.03	94,693	12,396,500
05/18/2017	1.18	8.78	0.731354	1.77	206,949	8,280,120
05/17/2017	0.804970	1.55	0.777073	1.18	33,962	-
