Date	Open	High	Low	Close	Volume	Market Cap
07/15/2018	0.032233	0.033648	0.032129	0.032989	114,363	15,666,800
07/14/2018	0.032753	0.033010	0.031813	0.032303	81,541	15,919,100
07/13/2018	0.032942	0.034062	0.032231	0.032779	144,474	16,011,100
07/12/2018	0.034172	0.034288	0.032090	0.032757	106,037	16,609,200
07/11/2018	0.035635	0.035994	0.032994	0.034177	217,089	17,320,100
07/10/2018	0.038226	0.038983	0.033340	0.035338	852,893	18,579,300
07/09/2018	0.039820	0.040737	0.037920	0.038254	296,734	19,354,200
07/08/2018	0.041280	0.041835	0.039572	0.039878	463,074	20,063,900
07/07/2018	0.040348	0.041945	0.039417	0.041811	216,583	19,608,700
07/06/2018	0.039683	0.041334	0.037082	0.040404	521,008	19,285,800
07/05/2018	0.041075	0.043640	0.038224	0.039416	466,545	19,962,100
07/04/2018	0.037461	0.042914	0.036752	0.041127	512,734	18,205,800
07/03/2018	0.037091	0.042155	0.036626	0.037922	999,499	18,025,700
07/02/2018	0.036940	0.039247	0.034094	0.037266	549,196	17,947,300
07/01/2018	0.033475	0.038902	0.032866	0.036285	776,071	16,263,500
06/30/2018	0.030652	0.033662	0.030048	0.033464	229,086	14,892,000
06/29/2018	0.029218	0.030495	0.027957	0.030401	160,854	14,195,700
06/28/2018	0.030777	0.031868	0.029017	0.029250	206,754	14,952,800
06/27/2018	0.030557	0.030925	0.029889	0.030759	105,582	14,845,900
06/26/2018	0.034895	0.034914	0.030784	0.030831	210,009	16,953,400
06/25/2018	0.030547	0.035645	0.030481	0.034564	433,768	14,841,400
06/24/2018	0.035865	0.036218	0.028234	0.030674	904,556	17,424,700
06/23/2018	0.036962	0.037880	0.034948	0.035876	203,494	17,957,900
06/22/2018	0.043917	0.044771	0.036835	0.036955	681,363	21,336,900
06/21/2018	0.042854	0.045285	0.042334	0.044331	681,914	20,820,500
06/20/2018	0.045422	0.046996	0.042484	0.042856	2,814,500	22,068,100
06/19/2018	0.038458	0.048699	0.038154	0.045337	2,613,310	18,684,600
06/18/2018	0.036112	0.039215	0.035045	0.038321	325,571	17,544,700
06/17/2018	0.037355	0.037995	0.035991	0.036307	236,885	18,148,400
06/16/2018	0.038477	0.039022	0.036346	0.037276	308,260	18,693,900
06/15/2018	0.041508	0.041516	0.038479	0.038614	124,739	20,166,200
06/14/2018	0.038322	0.041629	0.037917	0.041511	335,801	18,618,200
06/13/2018	0.040817	0.042110	0.037461	0.038540	293,003	19,830,600
06/12/2018	0.042704	0.045363	0.039693	0.040743	1,881,450	20,747,300
06/11/2018	0.043568	0.043992	0.040514	0.042723	940,637	21,167,100
06/10/2018	0.047381	0.053279	0.043228	0.043359	3,638,130	23,019,500
06/09/2018	0.049131	0.050090	0.047416	0.047416	202,838	23,869,700
06/08/2018	0.050065	0.050455	0.048333	0.049142	304,490	24,323,800
06/07/2018	0.052606	0.053266	0.049558	0.050240	496,712	25,558,100
06/06/2018	0.053464	0.054429	0.051629	0.052490	338,534	25,974,900
06/05/2018	0.053491	0.055087	0.051023	0.053572	469,514	25,988,100
06/04/2018	0.058465	0.059791	0.052844	0.053646	629,972	28,399,800
06/03/2018	0.058245	0.059965	0.058218	0.058554	343,774	28,293,000
06/02/2018	0.057092	0.059124	0.056584	0.058308	429,536	27,733,200
06/01/2018	0.054660	0.057620	0.053157	0.057115	671,175	26,551,400
05/31/2018	0.052663	0.056989	0.052458	0.054567	711,728	25,581,500
05/30/2018	0.056329	0.059325	0.052015	0.052617	1,446,540	27,362,000
05/29/2018	0.047447	0.058381	0.047130	0.056236	2,698,730	23,047,300
05/28/2018	0.052533	0.053620	0.047701	0.047701	400,174	25,517,800
05/27/2018	0.054493	0.056845	0.052411	0.052720	1,283,060	26,470,000
05/26/2018	0.057709	0.061995	0.053886	0.054516	1,740,270	28,032,200
05/25/2018	0.051820	0.062840	0.051008	0.057551	4,279,510	25,171,500
05/24/2018	0.050325	0.053942	0.047120	0.051852	812,052	24,443,900
05/23/2018	0.059833	0.060070	0.047707	0.050526	1,407,550	29,062,200
05/22/2018	0.066723	0.067099	0.059626	0.060128	791,337	32,408,700
05/21/2018	0.070502	0.071224	0.066099	0.067071	858,872	34,244,200
05/20/2018	0.069289	0.070933	0.068167	0.070392	505,424	33,655,000
05/19/2018	0.070146	0.071187	0.068156	0.068844	648,786	34,071,500
05/18/2018	0.066385	0.070153	0.065365	0.070134	804,742	32,244,900
05/17/2018	0.071380	0.072945	0.066331	0.066524	677,172	34,671,000
05/16/2018	0.078761	0.079055	0.068544	0.071406	999,184	38,256,100
05/15/2018	0.080212	0.083825	0.076611	0.078795	1,032,440	38,960,800
05/14/2018	0.083689	0.084077	0.076091	0.080243	1,364,290	40,649,700
05/13/2018	0.077609	0.084895	0.076123	0.083895	860,707	37,696,400
05/12/2018	0.080003	0.081540	0.072530	0.077715	1,355,140	38,859,500
05/11/2018	0.093102	0.093102	0.075036	0.079662	2,154,030	45,221,700
05/10/2018	0.097020	0.098763	0.092869	0.093111	1,295,890	47,125,100
05/09/2018	0.094560	0.097693	0.089782	0.096757	2,279,960	41,202,100
05/08/2018	0.097488	0.101861	0.090726	0.094849	2,500,740	42,477,500
05/07/2018	0.106560	0.107577	0.092249	0.097076	2,632,920	46,430,200
05/06/2018	0.110990	0.115467	0.099139	0.106676	2,240,620	48,360,800
05/05/2018	0.109026	0.114502	0.104036	0.110979	2,844,100	47,504,700
05/04/2018	0.110992	0.113267	0.107337	0.109033	1,614,010	48,361,600
05/03/2018	0.112280	0.117372	0.109497	0.112522	3,080,960	48,922,600
05/02/2018	0.106878	0.115448	0.105747	0.112345	4,089,430	46,569,000
05/01/2018	0.110335	0.110335	0.097964	0.106828	3,252,490	53,586,800
04/30/2018	0.101891	0.114296	0.100932	0.109926	7,397,630	49,486,100
04/29/2018	0.098557	0.101219	0.094574	0.099977	2,922,880	47,866,800
04/28/2018	0.091641	0.099975	0.090269	0.098744	1,926,380	44,507,800
04/27/2018	0.099638	0.100420	0.091962	0.091962	1,552,990	48,391,400
04/26/2018	0.091935	0.104570	0.087724	0.099346	3,590,160	44,650,000
04/25/2018	0.106316	0.107207	0.082731	0.091497	2,891,900	51,634,700
04/24/2018	0.096562	0.111006	0.096290	0.108805	4,008,300	46,897,400
04/23/2018	0.098899	0.101300	0.094973	0.096687	2,906,820	48,032,300
04/22/2018	0.082934	0.103830	0.082934	0.099306	14,384,800	40,278,700
04/21/2018	0.083220	0.084355	0.075554	0.082821	2,351,930	40,417,300
04/20/2018	0.082523	0.084035	0.078032	0.083277	2,620,230	40,079,200
04/19/2018	0.080556	0.085048	0.078013	0.082490	2,361,130	39,123,600
04/18/2018	0.073442	0.080779	0.073442	0.080500	1,712,810	35,668,700
04/17/2018	0.073299	0.079997	0.072171	0.074472	2,775,620	35,599,000
04/16/2018	0.075745	0.075974	0.068462	0.073203	1,517,630	36,786,900
04/15/2018	0.072057	0.076215	0.071913	0.075966	1,275,770	34,996,000
04/14/2018	0.067275	0.074981	0.065624	0.071999	1,945,720	32,673,300
04/13/2018	0.068470	0.073629	0.064858	0.067451	2,693,370	33,253,700
04/12/2018	0.063376	0.068958	0.058593	0.068176	2,562,700	30,780,000
04/11/2018	0.057062	0.064902	0.056667	0.063013	3,689,330	27,713,400
04/10/2018	0.052905	0.058359	0.051757	0.056887	1,097,720	25,694,200
04/09/2018	0.054253	0.055675	0.050886	0.052674	250,735	26,349,200
04/08/2018	0.052944	0.055540	0.052944	0.054545	753,362	25,713,200
04/07/2018	0.051704	0.056324	0.051209	0.053013	486,362	25,111,100
04/06/2018	0.052462	0.055560	0.050250	0.051140	2,414,000	25,479,000
04/05/2018	0.053240	0.055183	0.050753	0.052657	371,548	25,856,700
04/04/2018	0.060283	0.060283	0.051375	0.053177	1,171,930	29,277,100
04/03/2018	0.057113	0.061729	0.056701	0.060286	367,283	27,729,500
04/02/2018	0.055616	0.058732	0.054855	0.057069	350,165	27,002,700
04/01/2018	0.060493	0.061801	0.052490	0.055432	436,459	29,370,400
03/31/2018	0.059192	0.063733	0.058184	0.060488	431,297	28,738,900
03/30/2018	0.057984	0.062142	0.054233	0.058932	960,927	28,152,100
03/29/2018	0.070289	0.073341	0.056494	0.058242	826,351	34,126,500
03/28/2018	0.068896	0.072605	0.067406	0.070611	1,001,520	33,450,500
03/27/2018	0.070896	0.078368	0.065864	0.069148	2,380,320	34,421,500
03/26/2018	0.070260	0.086344	0.068001	0.070638	11,388,400	34,112,400
03/25/2018	0.067337	0.073668	0.064314	0.070269	954,161	32,693,400
03/24/2018	0.068879	0.073733	0.066076	0.068691	1,110,430	33,441,900
03/23/2018	0.065600	0.068337	0.057938	0.068337	1,603,690	31,850,100
03/22/2018	0.068652	0.072259	0.062549	0.065549	950,358	33,331,700
03/21/2018	0.065619	0.069707	0.065143	0.068227	1,659,900	31,839,700
03/20/2018	0.062560	0.066903	0.059122	0.065163	658,559	30,355,100
03/19/2018	0.061802	0.063875	0.058533	0.061800	616,279	29,987,100
03/18/2018	0.066295	0.066295	0.048700	0.061522	1,152,900	32,167,400
03/17/2018	0.073033	0.073876	0.065926	0.066371	552,543	35,436,400
03/16/2018	0.070577	0.075128	0.068030	0.072598	308,233	34,244,700
03/15/2018	0.073052	0.074680	0.066527	0.070628	399,113	35,445,600
03/14/2018	0.083141	0.085609	0.069353	0.073326	429,819	40,340,800
03/13/2018	0.084435	0.087449	0.081384	0.082592	598,873	40,968,800
03/12/2018	0.088347	0.094017	0.078994	0.084059	672,587	42,861,800
03/11/2018	0.081848	0.089010	0.078018	0.088285	447,038	39,708,700
03/10/2018	0.086951	0.091699	0.081047	0.081940	538,443	42,184,200
03/09/2018	0.088325	0.092512	0.079151	0.086804	1,355,610	42,851,000
03/08/2018	0.089052	0.098415	0.085899	0.088690	939,734	43,203,700
03/07/2018	0.107013	0.108658	0.087454	0.089622	973,640	51,917,600
03/06/2018	0.117523	0.117523	0.105389	0.107406	912,186	57,016,600
03/05/2018	0.125781	0.135310	0.115339	0.117626	2,807,770	61,022,700
03/04/2018	0.115626	0.133191	0.113490	0.125575	3,593,730	56,096,100
03/03/2018	0.115964	0.119183	0.111909	0.115626	844,038	56,260,000
03/02/2018	0.121645	0.123021	0.115179	0.116713	803,480	59,016,400
03/01/2018	0.118969	0.124350	0.111331	0.121989	1,233,330	57,717,900
02/28/2018	0.127313	0.134193	0.119264	0.119584	1,442,450	61,766,100
02/27/2018	0.135311	0.136342	0.125476	0.127430	1,000,660	65,646,500
02/26/2018	0.128762	0.137772	0.125163	0.134810	1,310,460	62,469,100
02/25/2018	0.129477	0.137523	0.125396	0.129206	1,212,280	62,816,000
02/24/2018	0.141195	0.149285	0.129173	0.129430	1,119,050	68,500,900
02/23/2018	0.134244	0.150988	0.129559	0.141986	1,740,600	65,128,500
02/22/2018	0.155482	0.158862	0.132590	0.134020	2,467,930	75,432,100
02/21/2018	0.177473	0.184252	0.151410	0.155046	5,497,320	86,101,100
02/20/2018	0.174673	0.211482	0.171585	0.182924	21,381,500	84,742,600
02/19/2018	0.153504	0.179237	0.151805	0.174940	2,670,660	74,472,600
02/18/2018	0.178783	0.192124	0.150383	0.154225	5,066,640	86,736,900
02/17/2018	0.145224	0.181259	0.143576	0.178810	7,244,930	70,455,400
02/16/2018	0.130890	0.147433	0.127452	0.145376	2,062,090	63,500,800
02/15/2018	0.128114	0.147912	0.123869	0.132648	5,460,790	62,153,800
02/14/2018	0.107862	0.130118	0.105751	0.126552	2,118,980	52,328,900
02/13/2018	0.114421	0.116071	0.106282	0.107147	452,393	55,510,900
02/12/2018	0.111851	0.119028	0.110379	0.113875	750,343	54,264,300
02/11/2018	0.121482	0.121482	0.099014	0.111133	635,000	58,936,600
02/10/2018	0.121085	0.133349	0.114830	0.121122	688,765	58,743,900
02/09/2018	0.117583	0.128306	0.111527	0.121086	24,213	57,044,900
02/08/2018	0.107455	0.122120	0.107455	0.117280	1,141,330	52,131,300
02/07/2018	0.116260	0.129328	0.102819	0.108386	1,134,660	56,403,300
02/06/2018	0.096487	0.118446	0.078373	0.117607	1,798,010	46,810,200
02/05/2018	0.120611	0.124145	0.087167	0.096134	1,721,420	58,514,200
02/04/2018	0.146795	0.156479	0.112699	0.121325	1,474,280	71,216,900
02/03/2018	0.126492	0.162551	0.116975	0.147023	2,639,830	61,367,000
02/02/2018	0.139548	0.139958	0.097851	0.127010	2,013,210	67,701,300
02/01/2018	0.178741	0.181439	0.133863	0.140002	2,394,050	86,715,600
01/31/2018	0.168705	0.178960	0.156820	0.178960	1,478,540	81,846,700
01/30/2018	0.197579	0.198861	0.167914	0.168295	1,540,010	95,854,500
01/29/2018	0.212215	0.213999	0.194570	0.197103	1,875,300	102,955,000
01/28/2018	0.212631	0.239445	0.210855	0.212360	6,265,770	103,157,000
01/27/2018	0.199493	0.226982	0.191025	0.212205	3,499,700	96,783,100
01/26/2018	0.200699	0.207274	0.176644	0.198838	2,541,640	97,368,400
01/25/2018	0.208143	0.218541	0.195018	0.200522	2,927,820	100,980,000
01/24/2018	0.199073	0.217616	0.191528	0.206723	3,969,680	96,579,500
01/23/2018	0.196734	0.214609	0.177348	0.200811	2,826,430	95,444,700
01/22/2018	0.213333	0.225144	0.178039	0.196285	2,510,820	103,498,000
01/21/2018	0.253339	0.253339	0.201043	0.211948	4,424,490	122,907,000
01/20/2018	0.233312	0.278679	0.227213	0.255232	7,835,630	113,191,000
01/19/2018	0.225424	0.243262	0.201473	0.231611	4,771,190	109,364,000
01/18/2018	0.214860	0.256272	0.200497	0.226191	7,377,250	104,239,000
01/17/2018	0.190266	0.239902	0.164112	0.210497	15,590,400	92,306,800
01/16/2018	0.246721	0.246721	0.143088	0.192636	10,430,600	119,696,000
01/15/2018	0.295975	0.309734	0.233700	0.245602	8,291,950	143,591,000
01/14/2018	0.311811	0.324307	0.261983	0.296463	9,850,050	151,274,000
01/13/2018	0.349826	0.366044	0.300205	0.311617	13,208,500	169,717,000
01/12/2018	0.393353	0.395571	0.324559	0.354370	18,362,800	190,834,000
01/11/2018	0.359263	0.455393	0.294269	0.402493	47,406,500	174,295,000
01/10/2018	0.319354	0.382827	0.286091	0.359660	19,371,600	154,933,000
01/09/2018	0.304911	0.382248	0.287451	0.319780	15,276,400	147,927,000
01/08/2018	0.342188	0.352687	0.240797	0.310291	14,205,400	166,011,000
01/07/2018	0.332038	0.372259	0.323126	0.343181	11,421,700	161,087,000
01/06/2018	0.331830	0.384293	0.304375	0.336351	12,706,600	160,986,000
01/05/2018	0.396693	0.404736	0.287236	0.320207	18,196,800	192,454,000
01/04/2018	0.330384	0.422513	0.314630	0.397921	31,866,800	160,284,000
01/03/2018	0.208001	0.333919	0.197541	0.310329	22,978,800	100,911,000
01/02/2018	0.201785	0.245863	0.179448	0.209201	16,117,200	97,895,300
01/01/2018	0.164776	0.228875	0.161950	0.202848	14,036,800	79,940,300
12/31/2017	0.133996	0.180268	0.133633	0.165212	11,471,800	65,007,600
12/30/2017	0.145777	0.147018	0.113651	0.134965	5,608,360	70,723,000
12/29/2017	0.162578	0.167983	0.134784	0.145843	7,943,070	78,865,700
12/28/2017	0.161572	0.182109	0.120502	0.163466	25,910,300	78,378,200
12/27/2017	0.092343	0.155210	0.092343	0.147758	12,299,000	44,795,400
12/26/2017	0.108635	0.110881	0.092536	0.096290	1,785,110	52,698,300
12/25/2017	0.102785	0.114341	0.096105	0.109301	2,990,650	49,860,700
12/24/2017	0.108084	0.108084	0.086516	0.101934	1,607,550	52,431,000
12/23/2017	0.093055	0.119559	0.087525	0.110384	3,284,630	45,140,700
12/22/2017	0.111341	0.112480	0.064242	0.091736	2,922,400	54,011,000
12/21/2017	0.091053	0.125629	0.089090	0.106961	6,686,800	44,169,600
12/20/2017	0.089167	0.103812	0.081290	0.091273	4,937,100	43,254,800
12/19/2017	0.099793	0.119096	0.077814	0.089260	5,498,650	48,409,300
12/18/2017	0.090538	0.099792	0.080626	0.099571	4,437,890	43,919,700
12/17/2017	0.073246	0.105966	0.073107	0.089493	5,912,610	35,531,500
12/16/2017	0.069172	0.076673	0.064516	0.072755	3,389,700	33,555,100
12/15/2017	0.061022	0.079978	0.051153	0.068944	4,184,230	29,540,700
12/14/2017	0.047272	0.073965	0.043266	0.061474	5,951,210	22,884,300
12/13/2017	0.040785	0.051424	0.036574	0.048773	1,548,250	19,743,700
12/12/2017	0.044070	0.045322	0.038336	0.041977	1,595,080	21,334,000
12/11/2017	0.043132	0.044606	0.039148	0.043878	1,387,960	20,880,000
12/10/2017	0.043012	0.047936	0.036293	0.043285	576,993	20,822,100
12/09/2017	0.046692	0.047965	0.037050	0.042749	1,242,510	22,603,600
12/08/2017	0.050342	0.051046	0.041176	0.047128	1,338,500	24,370,600
12/07/2017	0.051693	0.086154	0.044113	0.050116	4,016,660	25,024,500
12/06/2017	0.045227	0.053160	0.044860	0.051208	1,522,720	21,894,500
12/05/2017	0.045546	0.047698	0.043331	0.045298	618,148	22,048,400
12/04/2017	0.048324	0.050532	0.042814	0.045521	505,809	23,393,700
12/03/2017	0.047887	0.053536	0.043226	0.048139	561,504	23,181,800
12/02/2017	0.045121	0.049458	0.040851	0.047856	475,847	21,843,100
12/01/2017	0.039030	0.048605	0.035517	0.045327	507,998	18,705,100
11/30/2017	0.036073	0.041353	0.033236	0.039185	507,760	17,288,200
11/29/2017	0.040473	0.053997	0.035943	0.035943	661,018	19,396,900
11/28/2017	0.045358	0.047758	0.039208	0.040484	583,946	21,737,600
11/27/2017	0.047449	0.056992	0.044132	0.044595	605,197	22,739,900
11/26/2017	0.051853	0.058344	0.047443	0.047899	622,398	24,850,500
11/25/2017	0.053081	0.059035	0.047564	0.052782	809,077	25,439,000
11/24/2017	0.054374	0.072299	0.050361	0.052228	2,100,290	26,058,600
11/23/2017	0.041163	0.078702	0.041163	0.054524	3,893,630	19,727,300
11/22/2017	0.025679	0.042957	0.024639	0.041073	78,214	12,306,800
11/21/2017	0.026054	0.029722	0.021021	0.025605	26,272	-
11/20/2017	0.033888	0.035426	0.025816	0.026094	27,242	-
11/19/2017	0.032038	0.038818	0.028320	0.034306	16,908	-
11/18/2017	0.032609	0.036493	0.029516	0.032103	26,238	-
11/17/2017	0.039374	0.039386	0.030422	0.033607	37,539	-
11/16/2017	0.040223	0.042688	0.035734	0.039402	22,919	-
11/15/2017	0.034218	0.041755	0.033859	0.040254	71,177	-
11/14/2017	0.034185	0.039880	0.033706	0.034199	32,435	-
11/13/2017	0.034280	0.039209	0.031143	0.034187	24,427	-
11/12/2017	0.038472	0.039763	0.029232	0.034225	27,993	-
11/11/2017	0.038436	0.042059	0.033828	0.038468	78,789	-
11/10/2017	0.039387	0.041271	0.036118	0.036649	77,775	-
11/09/2017	0.038605	0.042851	0.035188	0.039368	49,783	-
11/08/2017	0.033706	0.041439	0.032384	0.038814	94,389	-
11/07/2017	0.030833	0.035903	0.028957	0.033730	60,526	-
11/06/2017	0.030074	0.034225	0.027266	0.030788	40,474	-
11/05/2017	0.025430	0.031104	0.025430	0.030043	22,759	-
11/04/2017	0.033319	0.036340	0.025358	0.025401	40,820	-
11/03/2017	0.022684	0.050965	0.020867	0.033317	65,849	-
11/02/2017	0.033609	0.040816	0.021733	0.022593	57,894	-
11/01/2017	0.028678	0.043765	0.027737	0.033528	150,813	-
10/31/2017	0.043511	0.046537	0.026726	0.028728	199,768	-
10/30/2017	0.029556	0.044482	0.029556	0.043496	180,346	-
