Date	Open	High	Low	Close	Volume	Market Cap
07/15/2018	0.039552	0.039595	0.034319	0.034986	617	1,236,020
07/14/2018	0.039313	0.039838	0.038544	0.039579	6	1,228,550
07/13/2018	0.034119	0.039785	0.034117	0.039417	108	1,066,250
07/12/2018	0.037642	0.037642	0.033508	0.034045	50	1,176,340
07/11/2018	0.038020	0.040095	0.037471	0.037649	395	1,188,140
07/10/2018	0.037463	0.041358	0.035759	0.038018	1,405	1,170,740
07/09/2018	0.037405	0.044524	0.037117	0.037490	1,360	1,168,920
07/08/2018	0.045823	0.045914	0.037350	0.037413	152	1,432,000
07/07/2018	0.036692	0.046028	0.036517	0.045875	528	1,146,650
07/06/2018	0.033086	0.036818	0.028700	0.036755	1	1,033,940
07/05/2018	0.034214	0.034650	0.032683	0.033094	458	1,069,190
07/04/2018	0.040172	0.040451	0.034054	0.034131	649	1,255,390
07/03/2018	0.040639	0.041070	0.040023	0.040187	7	1,269,990
07/02/2018	0.039285	0.041085	0.038877	0.040830	44	1,227,690
07/01/2018	0.049946	0.063406	0.039038	0.039281	2	1,560,830
06/30/2018	0.058806	0.060006	0.048822	0.049909	280	1,837,720
06/29/2018	0.038145	0.059596	0.036426	0.058767	147	1,192,050
06/28/2018	0.044287	0.044417	0.037906	0.038121	368	1,383,980
06/27/2018	0.044253	0.044517	0.043364	0.044271	1,759	1,382,930
06/26/2018	0.045040	0.046623	0.044228	0.044270	3,078	1,407,520
06/25/2018	0.044709	0.049760	0.044594	0.045040	3,270	1,397,170
06/24/2018	0.022446	0.050035	0.022332	0.044796	8,910	701,437
06/23/2018	0.020637	0.021164	0.020615	0.020970	2,271	644,921
06/22/2018	0.024374	0.024472	0.020331	0.020634	2,050	761,705
06/21/2018	0.025387	0.025428	0.024353	0.024468	2,578	793,348
06/20/2018	0.027831	0.027858	0.025198	0.025382	1,988	869,717
06/19/2018	0.028271	0.032609	0.026211	0.027813	2,828	883,484
06/18/2018	0.036542	0.044208	0.024860	0.028286	4,210	1,141,950
06/17/2018	0.033661	0.047872	0.033606	0.036732	4,528	1,051,910
06/16/2018	0.035474	0.035971	0.032412	0.033584	67	1,108,580
06/15/2018	0.038927	0.039075	0.035369	0.035592	60	1,216,490
06/14/2018	0.047247	0.048717	0.037392	0.038976	99	1,476,490
06/13/2018	0.045096	0.049104	0.040556	0.047268	2,785	1,409,270
06/12/2018	0.043951	0.056239	0.041390	0.044979	4,334	1,373,500
06/11/2018	0.040773	0.060872	0.040435	0.043975	3,073	1,274,180
06/10/2018	0.049123	0.049123	0.040152	0.040715	21	1,535,110
06/09/2018	0.047660	0.049757	0.047647	0.049040	179	1,489,380
06/08/2018	0.045474	0.067723	0.045222	0.047675	2,674	1,421,090
06/07/2018	0.047097	0.047661	0.045309	0.045439	126	1,471,820
06/06/2018	0.048274	0.050495	0.045988	0.047054	1,867	1,508,590
06/05/2018	0.053964	0.055480	0.047041	0.048287	5,420	1,686,410
06/04/2018	0.058125	0.058281	0.053939	0.053939	5,507	1,816,440
06/03/2018	0.057949	0.058923	0.057302	0.058098	10,589	1,810,920
06/02/2018	0.055926	0.058613	0.054964	0.057933	18,495	1,747,700
06/01/2018	0.057988	0.059057	0.047608	0.055950	20,183	1,812,140
05/31/2018	0.063891	0.078033	0.057388	0.057945	13,539	1,996,610
05/30/2018	0.068221	0.079726	0.062231	0.063903	25,451	2,131,940
05/29/2018	0.049478	0.079693	0.048848	0.068101	32,151	1,546,230
05/28/2018	0.053825	0.060013	0.046629	0.049495	12,449	1,682,050
05/27/2018	0.054716	0.064842	0.053562	0.053812	10,817	1,709,890
05/26/2018	0.056034	0.057217	0.054050	0.054691	20,148	1,751,080
05/25/2018	0.057657	0.058490	0.054921	0.056107	21,450	1,801,800
05/24/2018	0.057801	0.060140	0.052603	0.057549	23,096	1,806,330
05/23/2018	0.061538	0.062608	0.054099	0.057948	12,933	1,923,100
05/22/2018	0.067994	0.068047	0.061255	0.061602	20,120	2,124,860
05/21/2018	0.065344	0.076217	0.064163	0.068007	27,865	2,042,040
05/20/2018	0.064953	0.066327	0.062676	0.065263	23,306	2,029,820
05/19/2018	0.066071	0.066620	0.061145	0.064905	23,033	2,064,760
05/18/2018	0.066897	0.066897	0.059335	0.066081	23,845	2,090,570
05/17/2018	0.072596	0.073003	0.064029	0.066919	26,502	2,268,670
05/16/2018	0.075052	0.077684	0.065474	0.072552	18,695	2,345,400
05/15/2018	0.054220	0.080203	0.054043	0.075167	15,954	1,694,420
05/14/2018	0.073686	0.073686	0.052100	0.054314	11,225	2,302,720
05/13/2018	0.077729	0.078505	0.066369	0.073612	26,836	2,429,080
05/12/2018	0.081257	0.086521	0.071197	0.077756	29,172	2,539,320
05/11/2018	0.076811	0.086865	0.071515	0.081665	31,608	2,400,370
05/10/2018	0.084026	0.094001	0.075671	0.076899	18,955	2,625,850
05/09/2018	0.093446	0.093480	0.076179	0.084050	12,079	2,920,240
05/08/2018	0.096553	0.097454	0.075045	0.093590	13,660	3,017,330
05/07/2018	0.100742	0.100794	0.084545	0.096346	6,178	3,148,230
05/06/2018	0.087217	0.100763	0.071529	0.100670	2,684	2,725,580
05/05/2018	0.109313	0.111226	0.080782	0.087209	551	3,416,100
05/04/2018	0.100786	0.109926	0.081445	0.109355	2,967	3,149,620
05/03/2018	0.069606	0.106232	0.069440	0.100826	5,511	2,175,210
05/02/2018	0.082564	0.082641	0.068590	0.069603	11,760	2,580,170
05/01/2018	0.082984	0.082984	0.071310	0.082598	3,510	2,593,280
04/30/2018	0.101911	0.102317	0.073604	0.082911	10,652	3,184,780
04/29/2018	0.100184	0.102207	0.091668	0.101945	38,878	3,130,790
04/28/2018	0.093169	0.103470	0.092930	0.100223	33,110	2,911,560
04/27/2018	0.107838	0.107838	0.091905	0.093489	30,371	3,369,990
04/26/2018	0.104478	0.108665	0.080565	0.107874	34,851	3,264,980
04/25/2018	0.103187	0.106055	0.070297	0.070297	25,254	3,224,650
04/24/2018	0.107373	0.111964	0.098633	0.103893	35,372	3,355,450
04/23/2018	0.112398	0.113412	0.107370	0.107370	35,420	3,512,500
04/22/2018	0.101850	0.115320	0.099811	0.112626	24,686	3,182,850
04/21/2018	0.103831	0.105652	0.099003	0.101850	508	3,244,770
04/20/2018	0.100873	0.104024	0.094742	0.103798	1,687	3,152,340
04/19/2018	0.101582	0.101582	0.098388	0.100873	2,761	3,174,490
04/18/2018	0.103367	0.105560	0.098292	0.101507	21,565	3,230,270
04/17/2018	0.141108	0.142529	0.096087	0.103981	43,632	4,409,680
04/16/2018	0.153052	0.153052	0.129210	0.141197	52,249	4,782,970
04/15/2018	0.143566	0.153836	0.143544	0.153367	56,119	4,486,500
04/14/2018	0.141339	0.146994	0.139064	0.143411	54,216	4,416,900
04/13/2018	0.126210	0.149552	0.123820	0.141334	36,669	3,944,140
04/12/2018	0.128221	0.128340	0.114174	0.126032	204	4,006,980
04/11/2018	0.126984	0.128578	0.123235	0.128578	156	3,968,320
04/10/2018	0.126278	0.128178	0.124219	0.126862	33,411	3,946,240
04/09/2018	0.131301	0.134077	0.123624	0.126172	1,829	4,103,210
04/08/2018	0.125037	0.132646	0.125037	0.131088	13,745	3,907,460
04/07/2018	0.123885	0.129112	0.123202	0.124924	10	3,871,470
04/06/2018	0.119535	0.124649	0.115560	0.123737	11,657	3,735,530
04/05/2018	0.127821	0.128318	0.119880	0.120147	2,191	3,994,480
04/04/2018	0.116437	0.133710	0.114424	0.127768	12,255	3,638,720
04/03/2018	0.119344	0.130383	0.115861	0.116517	6	3,729,570
04/02/2018	0.120044	0.122286	0.113846	0.119226	41	3,751,440
04/01/2018	0.123346	0.154227	0.115658	0.119651	534	3,854,620
03/31/2018	0.146859	0.155652	0.122273	0.123311	41	4,589,420
03/30/2018	0.130175	0.152792	0.122988	0.146985	1,114	4,068,040
03/29/2018	0.161940	0.162858	0.127318	0.130513	38	5,060,710
03/28/2018	0.154615	0.172470	0.153610	0.161691	160	4,831,790
03/27/2018	0.132421	0.158984	0.132401	0.154618	1,797	4,138,210
03/26/2018	0.144006	0.144804	0.127284	0.132621	247	4,500,270
03/25/2018	0.142446	0.147324	0.134172	0.144129	20	4,451,520
03/24/2018	0.160589	0.175008	0.139097	0.144321	330	5,018,470
03/23/2018	0.191512	0.191512	0.150698	0.158351	323	5,984,840
03/22/2018	0.195781	0.199972	0.188382	0.191517	281	6,118,250
03/21/2018	0.233461	0.246763	0.195704	0.196136	803	7,295,770
03/20/2018	0.225105	0.237112	0.218088	0.232057	50	7,034,630
03/19/2018	0.259665	0.305758	0.215323	0.222835	9,950	8,114,660
03/18/2018	0.143340	0.273246	0.132697	0.260757	9,202	4,479,450
03/17/2018	0.110678	0.204787	0.108718	0.143625	3,492	3,458,730
03/16/2018	0.110930	0.116532	0.106612	0.110549	589	3,466,630
03/15/2018	0.123767	0.124532	0.106889	0.111053	128	3,867,770
03/14/2018	0.130436	0.132630	0.113362	0.123714	318	4,076,190
03/13/2018	0.123291	0.170563	0.122596	0.130387	1,141	3,852,910
03/12/2018	0.160303	0.162234	0.121397	0.123982	189	5,009,540
03/11/2018	0.156563	0.166170	0.126173	0.160588	61	4,892,660
03/10/2018	0.171543	0.173729	0.124262	0.157045	241	5,360,800
03/09/2018	0.174637	0.176512	0.126007	0.171605	131	5,457,500
03/08/2018	0.189679	0.198078	0.161373	0.175351	208	5,927,550
03/07/2018	0.205960	0.207655	0.142729	0.189964	412	6,436,360
03/06/2018	0.150581	0.205860	0.148106	0.205860	711	4,705,740
03/05/2018	0.176297	0.177333	0.150712	0.150717	114	5,509,370
03/04/2018	0.165773	0.178164	0.158487	0.176351	45	5,180,480
03/03/2018	0.264736	0.308936	0.163385	0.165979	2,719	8,273,140
03/02/2018	0.251063	0.341238	0.212350	0.264984	4,086	7,845,850
03/01/2018	0.239557	0.295020	0.238278	0.251700	1,113	7,486,280
02/28/2018	0.284687	0.301627	0.236578	0.239342	3,021	8,896,610
02/27/2018	0.193978	0.364780	0.193590	0.284924	10,518	6,061,900
02/26/2018	0.162618	0.241012	0.128184	0.193429	2,623	5,081,890
02/25/2018	0.188327	0.227137	0.162014	0.162151	189	5,885,300
02/24/2018	0.126839	0.189017	0.117850	0.188677	411	3,963,790
02/23/2018	0.160754	0.181159	0.104091	0.126970	712	5,023,630
02/22/2018	0.156593	0.163601	0.143092	0.160920	175	4,893,600
02/21/2018	0.217616	0.219759	0.135310	0.156795	931	6,800,620
02/20/2018	0.211477	0.228615	0.211477	0.217887	14	6,608,750
02/19/2018	0.286936	0.297233	0.209773	0.211295	465	8,966,880
02/18/2018	0.268648	0.356078	0.246780	0.288074	38	8,395,380
02/17/2018	0.266843	0.286138	0.259569	0.267863	1,016	8,338,980
02/16/2018	0.331381	0.368038	0.228730	0.266886	543	10,355,800
02/15/2018	0.338970	0.370175	0.306751	0.331744	1,338	10,593,000
02/14/2018	0.196782	0.352031	0.164613	0.338795	1,140	6,149,530
02/13/2018	0.192948	0.206277	0.162693	0.197047	287	6,029,730
02/12/2018	0.242943	0.255064	0.148123	0.192663	496	7,592,100
02/11/2018	0.321410	0.321410	0.209715	0.241439	131	10,044,200
02/10/2018	0.321228	0.331596	0.224734	0.321858	194	10,038,500
02/09/2018	0.289265	0.330935	0.288328	0.320993	12	9,039,670
02/08/2018	0.231647	0.291522	0.221530	0.288506	725	7,239,090
02/07/2018	0.165301	0.314093	0.154407	0.232435	585	5,165,740
02/06/2018	0.171778	0.294521	0.119911	0.166840	218	5,368,150
02/05/2018	0.245993	0.253305	0.167012	0.171507	100	7,687,420
02/04/2018	0.231811	0.265708	0.224878	0.248401	166	7,244,220
02/03/2018	0.314997	0.315079	0.166463	0.231788	1,109	9,843,810
02/02/2018	0.325017	0.325681	0.201348	0.312491	1,935	10,157,000
02/01/2018	0.359016	0.378763	0.274632	0.320634	1,162	11,219,400
01/31/2018	0.346708	0.434310	0.334600	0.358255	2,824	10,834,800
01/30/2018	0.448628	0.481661	0.334366	0.345856	641	14,019,800
01/29/2018	0.423189	0.711865	0.348072	0.448475	5,173	13,224,900
01/28/2018	0.534562	0.558982	0.352247	0.423667	5,071	-
01/27/2018	0.477455	0.670967	0.359780	0.530904	7,496	-
01/26/2018	0.433991	0.477597	0.403085	0.477597	116	-
01/25/2018	0.507986	0.520086	0.419317	0.435151	1,665	-
01/24/2018	0.529366	0.567499	0.426679	0.499769	8,682	-
01/23/2018	0.600174	0.605170	0.424614	0.529672	6,194	-
01/22/2018	0.696805	0.788862	0.437907	0.602779	1,461	-
01/21/2018	0.870353	0.947819	0.574275	0.688912	8,882	-
01/20/2018	0.963954	1.35	0.577385	0.868345	84,337	-
01/19/2018	0.820196	1.05	0.718969	0.955087	40,430	-
01/18/2018	0.314323	0.871216	0.304725	0.827892	40,110	-
01/17/2018	0.336829	0.388064	0.272806	0.313008	330	-
01/16/2018	0.452447	0.493232	0.298188	0.338543	1,701	-
01/15/2018	0.671903	0.696958	0.397163	0.451876	3,996	-
01/14/2018	0.526209	0.678870	0.446046	0.676759	9,579	-
01/13/2018	0.420668	0.621580	0.393909	0.602675	8,893	-
01/12/2018	0.396364	0.488927	0.377937	0.421129	3,447	-
01/11/2018	0.546781	0.557821	0.391699	0.393746	1,725	-
01/10/2018	0.285426	0.547409	0.275771	0.547409	4,523	-
01/09/2018	0.313447	0.371237	0.268548	0.285137	4,574	-
01/08/2018	0.300946	0.322002	0.254571	0.314310	3,642	-
01/07/2018	0.300569	0.380066	0.224755	0.301368	8,941	-
01/06/2018	0.247134	0.429657	0.244648	0.300789	1,583	-
01/05/2018	0.309128	0.425722	0.246180	0.246775	408	-
01/04/2018	0.407620	0.470048	0.305513	0.309185	883	-
01/03/2018	0.367008	0.622015	0.281382	0.405732	6,807	-
01/02/2018	0.217794	0.407955	0.217794	0.368323	30,738	-
01/01/2018	0.226928	0.238014	0.213586	0.217804	3,871	-
12/31/2017	0.131283	0.236913	0.130788	0.226047	5,953	-
12/30/2017	0.219914	0.274744	0.119608	0.132530	3,389	-
12/29/2017	0.255387	0.258343	0.193992	0.220338	6,150	-
12/28/2017	0.152194	0.280977	0.132260	0.252794	12,724	-
12/27/2017	0.172992	0.239540	0.123817	0.151517	3,424	-
12/26/2017	0.138789	0.232663	0.109449	0.171080	1,438	-
12/25/2017	0.110283	0.138849	0.108132	0.138849	594	-
12/24/2017	0.107968	0.136776	0.072260	0.109703	405	-
12/23/2017	0.128994	0.131316	0.060921	0.106770	1,476	-
12/22/2017	0.158317	0.234168	0.119356	0.127862	943	-
12/21/2017	0.159868	0.168180	0.153074	0.157720	85	-
12/20/2017	0.171145	0.232361	0.109566	0.159697	2,971	-
12/19/2017	0.102645	0.176067	0.100233	0.171329	3,148	-
12/18/2017	0.090498	0.103822	0.086699	0.102956	649	-
12/17/2017	0.103910	0.108065	0.084502	0.090617	736	-
12/16/2017	0.167728	0.175362	0.068664	0.103584	566	-
12/15/2017	0.169921	0.170373	0.048386	0.167414	781	-
12/14/2017	0.032253	0.182669	0.031948	0.170045	686	-
12/13/2017	0.105715	0.155386	0.031711	0.032269	804	-
12/12/2017	0.084849	0.169480	0.084296	0.105643	712	-
12/11/2017	0.129185	0.142277	0.055095	0.085397	578	-
12/10/2017	0.147198	0.147198	0.128915	0.129040	209	-
12/09/2017	0.090508	0.157888	0.087091	0.146728	872	-
12/08/2017	0.063382	0.092465	0.061821	0.090510	105	-
12/07/2017	0.063518	0.077702	0.061863	0.063290	167	-
12/06/2017	0.068215	0.068472	0.062453	0.063739	190	-
12/05/2017	0.109601	0.109895	0.068180	0.068335	160	-
12/04/2017	0.092609	0.110162	0.089538	0.109545	345	-
12/03/2017	0.094343	0.133735	0.086236	0.110465	310	-
12/02/2017	0.138552	0.141292	0.094206	0.094311	965	-
12/01/2017	0.089438	0.139997	0.086953	0.138556	1,439	-
11/30/2017	0.168215	0.181539	0.089661	0.089661	8,245	-
11/29/2017	0.155522	0.173182	0.144750	0.166089	1,884	-
