Date	Open	High	Low	Close	Volume	Market Cap
07/15/2018	0.285183	0.302511	0.281549	0.300275	17,461	19,194,700
07/14/2018	0.291578	0.306122	0.285181	0.285451	18,323	19,625,100
07/13/2018	0.305997	0.309405	0.288134	0.291024	10,052	20,595,600
07/12/2018	0.321280	0.321280	0.277056	0.305102	43,679	21,624,200
07/11/2018	0.336734	0.342362	0.300917	0.317591	21,738	22,664,400
07/10/2018	0.349208	0.351531	0.309679	0.336723	67,926	23,503,900
07/09/2018	0.390354	0.391841	0.333150	0.349474	82,173	26,273,300
07/08/2018	0.399504	0.407013	0.367328	0.390412	65,982	26,889,200
07/07/2018	0.377197	0.404351	0.358148	0.399171	17,069	25,387,800
07/06/2018	0.395801	0.412963	0.375013	0.377345	184,632	26,640,000
07/05/2018	0.423959	0.430860	0.384076	0.399909	51,636	28,535,200
07/04/2018	0.422660	0.435893	0.382441	0.422479	82,412	28,447,700
07/03/2018	0.415857	0.441558	0.397762	0.422464	32,964	27,989,900
07/02/2018	0.365452	0.447544	0.354608	0.415523	98,790	24,597,300
07/01/2018	0.368593	0.403848	0.361069	0.365179	133,088	24,808,700
06/30/2018	0.308856	0.429996	0.308856	0.368228	68,036	20,788,000
06/29/2018	0.305649	0.318080	0.270158	0.313586	28,744	20,572,100
06/28/2018	0.313798	0.327843	0.300867	0.305539	11,510	21,120,600
06/27/2018	0.322762	0.335785	0.307112	0.313217	46,003	21,724,000
06/26/2018	0.339815	0.356148	0.318787	0.323861	21,997	22,871,700
06/25/2018	0.358606	0.371722	0.327815	0.339815	25,993	24,136,500
06/24/2018	0.390085	0.393107	0.337386	0.360076	38,127	26,255,200
06/23/2018	0.393624	0.405036	0.381286	0.390195	33,509	26,493,400
06/22/2018	0.441801	0.441801	0.376636	0.393366	39,390	29,736,000
06/21/2018	0.471370	0.474794	0.430411	0.441917	87,075	31,726,200
06/20/2018	0.483527	0.494894	0.445177	0.471626	41,677	32,544,500
06/19/2018	0.446057	0.488159	0.438232	0.483214	97,814	30,022,500
06/18/2018	0.471572	0.485314	0.418534	0.446325	81,473	31,739,800
06/17/2018	0.547171	0.597905	0.407830	0.471652	462,524	36,828,100
06/16/2018	0.553831	0.601760	0.499503	0.547233	219,537	37,276,400
06/15/2018	0.607493	0.629651	0.550039	0.555346	138,001	40,888,200
06/14/2018	0.546387	0.640464	0.540696	0.607611	104,311	36,775,400
06/13/2018	0.588124	0.614909	0.524322	0.545092	232,565	39,584,500
06/12/2018	0.645553	0.669024	0.538556	0.585797	134,125	43,449,800
06/11/2018	0.676475	0.681833	0.592114	0.645289	150,826	45,531,200
06/10/2018	0.767423	0.767423	0.636547	0.669141	183,533	51,652,500
06/09/2018	0.744983	0.788161	0.701635	0.765920	102,258	50,142,100
06/08/2018	0.737306	0.789681	0.694024	0.744784	261,375	49,625,400
06/07/2018	0.787169	0.810827	0.727077	0.738711	136,032	52,981,600
06/06/2018	0.791974	0.896803	0.719789	0.787405	192,387	-
06/05/2018	0.817173	0.912360	0.772882	0.793570	201,649	-
06/04/2018	0.923684	0.931008	0.780172	0.817234	149,869	-
06/03/2018	0.851589	0.940526	0.781535	0.925073	246,482	-
06/02/2018	0.839099	0.908179	0.791751	0.852686	153,935	-
06/01/2018	0.701357	0.907012	0.698915	0.839280	216,755	-
05/31/2018	0.727360	0.749687	0.684577	0.699848	281,744	-
05/30/2018	0.729009	0.773277	0.692785	0.728060	146,561	-
05/29/2018	0.640474	0.741217	0.627226	0.728563	115,863	-
05/28/2018	0.650700	0.682923	0.618673	0.663366	185,434	-
