Date	Open	High	Low	Close	Volume	Market Cap
07/15/2018	0.135486	0.148711	0.125348	0.144077	277,434	3,670,090
07/14/2018	0.130879	0.137221	0.125680	0.135561	286,976	3,545,300
07/13/2018	0.118190	0.135167	0.114330	0.130860	216,310	3,201,570
07/12/2018	0.102547	0.123272	0.095736	0.117878	405,724	2,777,830
07/11/2018	0.103572	0.108997	0.096599	0.102559	199,047	2,805,600
07/10/2018	0.107804	0.112151	0.088880	0.104639	328,885	2,920,230
07/09/2018	0.115028	0.115409	0.104899	0.108209	237,586	3,115,920
07/08/2018	0.115589	0.116696	0.093548	0.115047	259,334	3,131,120
07/07/2018	0.102731	0.115564	0.102368	0.115359	156,340	2,782,810
07/06/2018	0.093517	0.120088	0.092534	0.102928	174,461	2,533,220
07/05/2018	0.085747	0.120683	0.079746	0.093573	231,777	2,322,730
07/04/2018	0.090057	0.090184	0.083403	0.085424	226,781	2,439,510
07/03/2018	0.087073	0.095656	0.083155	0.090077	171,263	2,358,660
07/02/2018	0.091372	0.094464	0.077414	0.087193	137,159	2,475,130
07/01/2018	0.092519	0.092945	0.084321	0.091344	101,358	2,506,200
06/30/2018	0.097185	0.102710	0.091762	0.092462	132,288	2,632,590
06/29/2018	0.091048	0.099150	0.087343	0.094858	142,225	2,466,350
06/28/2018	0.101211	0.103376	0.090592	0.091003	134,397	2,741,630
06/27/2018	0.096166	0.104622	0.093095	0.101108	119,874	2,604,970
06/26/2018	0.098521	0.101639	0.093580	0.096418	188,856	2,668,770
06/25/2018	0.101130	0.107572	0.098157	0.098521	168,627	2,739,440
06/24/2018	0.099221	0.102425	0.092055	0.101643	95,280	2,687,740
06/23/2018	0.103375	0.105617	0.096162	0.099241	125,700	2,800,260
06/22/2018	0.109024	0.111134	0.100797	0.103027	138,057	2,953,290
06/21/2018	0.116596	0.125061	0.106831	0.109106	136,397	3,158,390
06/20/2018	0.123205	0.125090	0.112030	0.116595	114,471	3,337,420
06/19/2018	0.125216	0.126118	0.114322	0.123126	86,935	3,391,890
06/18/2018	0.117536	0.129350	0.114294	0.125289	54,760	3,183,870
06/17/2018	0.115298	0.125601	0.112847	0.117599	30,102	3,123,220
06/16/2018	0.116013	0.137861	0.114802	0.115266	99,119	3,142,610
06/15/2018	0.131922	0.143950	0.115617	0.116387	66,180	3,573,560
06/14/2018	0.111424	0.138142	0.104080	0.132031	126,207	3,018,280
06/13/2018	0.114359	0.118427	0.098962	0.111318	50,870	3,097,790
06/12/2018	0.123981	0.127434	0.109403	0.114014	73,538	3,358,440
06/11/2018	0.107010	0.124635	0.105470	0.124014	142,782	2,898,730
06/10/2018	0.121599	0.125089	0.103048	0.106841	13,672	3,293,900
06/09/2018	0.134732	0.139703	0.121408	0.121408	27,989	3,649,670
06/08/2018	0.123912	0.141853	0.120167	0.134756	72,623	3,356,580
06/07/2018	0.108209	0.125520	0.103617	0.123751	34,751	2,931,200
06/06/2018	0.112203	0.112599	0.105468	0.108173	7,013	3,039,400
06/05/2018	0.115721	0.116526	0.102223	0.112362	15,547	3,134,700
06/04/2018	0.120056	0.122399	0.104538	0.115714	15,348	3,252,120
06/03/2018	0.116204	0.120663	0.115548	0.120107	7,120	3,147,770
06/02/2018	0.116479	0.122172	0.112534	0.116569	11,290	3,155,230
06/01/2018	0.120613	0.124694	0.110413	0.116519	9,917	3,267,220
05/31/2018	0.126807	0.126807	0.108753	0.120792	33,327	3,434,990
05/30/2018	0.102568	0.125884	0.100733	0.125884	31,427	2,778,400
05/29/2018	0.092025	0.106432	0.089496	0.102500	15,084	2,492,810
05/28/2018	0.102365	0.105428	0.092051	0.092147	21,078	2,772,910
05/27/2018	0.105436	0.107136	0.094352	0.102356	10,435	2,856,100
05/26/2018	0.104114	0.112263	0.103804	0.105305	6,596	2,820,280
05/25/2018	0.102312	0.119011	0.098897	0.104175	19,653	2,771,470
05/24/2018	0.099747	0.112822	0.091889	0.102152	32,275	2,701,970
05/23/2018	0.103434	0.105688	0.095361	0.100104	15,564	2,801,860
05/22/2018	0.112612	0.112823	0.103063	0.103582	13,781	3,050,470
05/21/2018	0.119330	0.122686	0.107426	0.112745	95,156	3,232,450
05/20/2018	0.119661	0.123825	0.117197	0.119178	22,391	3,241,430
05/19/2018	0.123271	0.124434	0.118429	0.119567	12,887	3,339,210
05/18/2018	0.120811	0.124381	0.119667	0.123275	21,035	3,272,570
05/17/2018	0.131936	0.141886	0.119149	0.119998	26,364	3,573,940
05/16/2018	0.133625	0.147073	0.123368	0.131806	34,733	3,619,680
05/15/2018	0.126891	0.136740	0.121765	0.133609	26,546	3,437,260
05/14/2018	0.133188	0.138350	0.117746	0.127089	37,140	3,607,840
05/13/2018	0.124514	0.141601	0.123966	0.133231	12,037	3,372,870
05/12/2018	0.128351	0.134063	0.120659	0.124635	13,451	3,476,820
05/11/2018	0.141146	0.158163	0.128665	0.128665	17,158	3,823,400
05/10/2018	0.149782	0.152429	0.140257	0.141005	17,882	4,057,360
05/09/2018	0.144588	0.150229	0.139480	0.149719	6,949	3,916,650
05/08/2018	0.149796	0.158801	0.143566	0.144788	15,964	4,057,710
05/07/2018	0.168016	0.168490	0.147463	0.149188	34,523	4,551,270
05/06/2018	0.166869	0.173441	0.153960	0.167910	12,299	4,520,210
05/05/2018	0.160354	0.174350	0.159602	0.166811	31,224	4,343,730
05/04/2018	0.159740	0.175441	0.155700	0.160998	28,146	4,327,090
05/03/2018	0.170343	0.183427	0.156377	0.161363	53,756	4,614,320
05/02/2018	0.168135	0.171217	0.158138	0.170277	32,124	4,554,500
05/01/2018	0.170831	0.174736	0.163405	0.170880	28,560	4,627,540
04/30/2018	0.183036	0.187920	0.167932	0.170491	30,585	4,958,130
04/29/2018	0.184442	0.194907	0.180839	0.183052	39,806	4,996,220
04/28/2018	0.168699	0.188040	0.166908	0.184153	51,613	4,569,780
04/27/2018	0.176101	0.184225	0.166050	0.169627	64,002	4,770,300
04/26/2018	0.175435	0.181246	0.148906	0.181246	60,769	4,752,260
04/25/2018	0.210817	0.224366	0.153640	0.173879	93,382	5,710,680
04/24/2018	0.173563	0.237709	0.173563	0.211668	144,724	4,701,530
04/23/2018	0.164636	0.177507	0.161924	0.173484	32,325	4,459,730
04/22/2018	0.173406	0.193741	0.164169	0.165113	34,165	4,697,270
04/21/2018	0.176368	0.208373	0.158808	0.173367	58,708	4,777,510
04/20/2018	0.127554	0.185250	0.120910	0.176422	66,625	3,455,240
04/19/2018	0.112618	0.131250	0.110188	0.128065	20,002	3,050,630
04/18/2018	0.114695	0.117447	0.106003	0.112548	12,449	3,106,910
04/17/2018	0.105891	0.121566	0.100582	0.114620	18,642	2,868,400
04/16/2018	0.108989	0.110694	0.099473	0.105887	12,189	2,952,340
04/15/2018	0.104730	0.112771	0.103662	0.108916	19,890	2,836,970
04/14/2018	0.098923	0.106628	0.098347	0.104724	8,934	2,679,670
04/13/2018	0.109814	0.109905	0.095273	0.098871	44,403	2,974,670
04/12/2018	0.094122	0.111384	0.085629	0.110781	39,944	2,549,610
04/11/2018	0.098793	0.101661	0.092383	0.094478	15,156	2,676,130
04/10/2018	0.098495	0.101626	0.090383	0.098619	17,890	2,668,070
04/09/2018	0.106229	0.111568	0.093121	0.098189	7,565	2,877,570
04/08/2018	0.098196	0.105989	0.094224	0.105989	7,465	2,659,970
04/07/2018	0.098480	0.102875	0.095005	0.098168	4,787	2,667,660
04/06/2018	0.103337	0.108904	0.095246	0.098465	11,221	2,799,240
04/05/2018	0.109651	0.113860	0.099450	0.103766	9,377	2,970,270
04/04/2018	0.126271	0.127398	0.108028	0.109633	16,565	3,420,480
04/03/2018	0.121280	0.142413	0.120821	0.127615	31,245	3,285,280
04/02/2018	0.111320	0.128216	0.107203	0.121156	20,824	3,015,460
04/01/2018	0.127038	0.128699	0.095604	0.110887	25,386	3,441,240
03/31/2018	0.113651	0.131922	0.111359	0.127015	19,761	3,078,610
03/30/2018	0.121789	0.124773	0.104600	0.113644	36,227	3,299,050
03/29/2018	0.138929	0.141217	0.119165	0.122128	18,045	3,763,350
03/28/2018	0.144699	0.149704	0.137731	0.138708	16,698	3,919,650
03/27/2018	0.160370	0.160851	0.139773	0.144690	22,292	4,344,170
03/26/2018	0.176227	0.191767	0.151664	0.160534	24,792	4,773,700
03/25/2018	0.175113	0.215688	0.170576	0.176507	23,293	4,743,520
03/24/2018	0.186342	0.188581	0.171951	0.177491	39,938	5,047,710
03/23/2018	0.185806	0.185806	0.163002	0.184271	30,139	-
03/22/2018	0.201456	0.201456	0.169570	0.185833	15,487	-
03/21/2018	0.186835	0.208405	0.172793	0.201318	35,241	-
03/20/2018	0.152709	0.187126	0.147230	0.185725	22,852	-
03/19/2018	0.147142	0.175926	0.137972	0.151251	32,850	-
03/18/2018	0.152767	0.158765	0.121832	0.147748	22,846	-
03/17/2018	0.176935	0.181834	0.152982	0.152982	15,007	-
03/16/2018	0.185894	0.196543	0.160544	0.176738	31,605	-
03/15/2018	0.177002	0.184468	0.159027	0.175598	26,644	-
03/14/2018	0.212572	0.219669	0.174820	0.176930	37,496	-
03/13/2018	0.224639	0.227206	0.201575	0.212505	27,982	-
03/12/2018	0.231413	0.251227	0.216229	0.225402	20,073	-
03/11/2018	0.244666	0.252643	0.220014	0.232034	40,777	-
03/10/2018	0.214134	0.264914	0.204121	0.245456	68,480	-
03/09/2018	0.243302	0.246930	0.184951	0.214151	132,450	-
03/08/2018	0.265585	0.289106	0.225680	0.243970	57,283	-
03/07/2018	0.305572	0.325248	0.263115	0.265992	80,505	-
03/06/2018	0.381272	0.381272	0.296921	0.305677	224,502	-
03/05/2018	0.369035	0.432026	0.273175	0.381908	492,440	-
03/04/2018	0.481070	0.481070	0.371833	0.372017	260,558	-
03/03/2018	0.518145	0.534831	0.463724	0.481646	8,970,000	-
03/02/2018	0.554837	0.563037	0.503209	0.519387	4,457,770	-
03/01/2018	0.482162	0.572141	0.479812	0.555891	2,969,500	-
02/28/2018	0.535504	0.544376	0.479803	0.482430	2,489,370	-
02/27/2018	0.664606	0.696320	0.501738	0.536490	3,078,980	-
02/26/2018	0.610829	0.697906	0.609441	0.657981	1,742,640	-
