Date	Open	High	Low	Close	Volume	Market Cap
07/15/2018	0.000057	0.000066	0.000054	0.000058	91,998	5,289,540
07/14/2018	0.000061	0.000063	0.000051	0.000057	92,971	5,603,580
07/13/2018	0.000057	0.000065	0.000052	0.000061	109,773	5,306,310
07/12/2018	0.000059	0.000062	0.000053	0.000058	130,094	5,498,810
07/11/2018	0.000062	0.000063	0.000055	0.000059	92,687	5,751,360
07/10/2018	0.000068	0.000069	0.000060	0.000062	81,154	6,276,060
07/09/2018	0.000070	0.000073	0.000065	0.000068	97,065	6,519,100
07/08/2018	0.000072	0.000073	0.000063	0.000068	83,272	6,644,730
07/07/2018	0.000067	0.000075	0.000065	0.000072	91,752	6,223,720
07/06/2018	0.000065	0.000070	0.000064	0.000067	79,874	5,998,290
07/05/2018	0.000068	0.000071	0.000063	0.000065	78,588	6,319,650
07/04/2018	0.000070	0.000087	0.000064	0.000068	33,536	6,457,470
07/03/2018	0.000074	0.000074	0.000067	0.000070	29,402	6,870,060
07/02/2018	0.000067	0.000075	0.000065	0.000074	22,003	6,203,550
07/01/2018	0.000074	0.000075	0.000064	0.000067	80,236	6,867,120
06/30/2018	0.000068	0.000074	0.000067	0.000074	47,436	6,294,170
06/29/2018	0.000066	0.000071	0.000061	0.000069	64,800	6,069,830
06/28/2018	0.000078	0.000078	0.000064	0.000065	119,605	7,216,530
06/27/2018	0.000075	0.000084	0.000058	0.000078	99,059	6,983,590
06/26/2018	0.000079	0.000082	0.000076	0.000076	148,047	7,290,500
06/25/2018	0.000079	0.000081	0.000075	0.000079	176,305	7,262,560
06/24/2018	0.000083	0.000084	0.000070	0.000078	146,428	7,716,980
06/23/2018	0.000081	0.000090	0.000074	0.000083	150,760	7,462,880
06/22/2018	0.000085	0.000091	0.000075	0.000080	163,879	7,890,090
06/21/2018	0.000089	0.000094	0.000084	0.000085	166,903	8,233,780
06/20/2018	0.000090	0.000112	0.000086	0.000088	181,708	8,339,730
06/19/2018	0.000085	0.000090	0.000074	0.000090	152,140	7,864,180
06/18/2018	0.000084	0.000090	0.000078	0.000085	137,081	7,768,330
06/17/2018	0.000091	0.000093	0.000083	0.000083	168,231	8,390,080
06/16/2018	0.000083	0.000106	0.000076	0.000090	135,792	7,721,430
06/15/2018	0.000099	0.000100	0.000067	0.000084	183,142	9,185,110
06/14/2018	0.000092	0.000100	0.000091	0.000099	216,982	8,483,130
06/13/2018	0.000105	0.000109	0.000090	0.000092	209,291	9,710,760
06/12/2018	0.000108	0.000120	0.000103	0.000105	243,460	10,035,700
06/11/2018	0.000114	0.000123	0.000107	0.000108	134,977	10,578,200
06/10/2018	0.000144	0.000144	0.000110	0.000111	319,324	13,301,100
06/09/2018	0.000148	0.000161	0.000134	0.000142	415,219	13,713,600
06/08/2018	0.000127	0.000156	0.000107	0.000156	884,985	11,763,400
06/07/2018	0.000126	0.000140	0.000122	0.000127	587,879	11,651,800
06/06/2018	0.000113	0.000138	0.000112	0.000126	233,517	10,461,800
06/05/2018	0.000094	0.000118	0.000090	0.000113	161,282	8,716,480
06/04/2018	0.000125	0.000125	0.000089	0.000094	95,346	11,542,100
06/03/2018	0.000131	0.000148	0.000123	0.000126	291,143	12,089,300
06/02/2018	0.000123	0.000141	0.000118	0.000131	242,150	11,379,300
06/01/2018	0.000125	0.000134	0.000107	0.000126	418,072	11,585,800
05/31/2018	0.000161	0.000195	0.000124	0.000127	1,387,200	14,917,100
05/30/2018	0.000084	0.000157	0.000081	0.000145	1,040,070	7,791,320
05/29/2018	0.000070	0.000085	0.000066	0.000084	29,115	6,511,520
05/28/2018	0.000072	0.000080	0.000063	0.000071	21,318	6,614,300
05/27/2018	0.000082	0.000085	0.000070	0.000072	19,979	7,600,090
05/26/2018	0.000091	0.000099	0.000075	0.000082	40,969	8,422,840
05/25/2018	0.000069	0.000091	0.000067	0.000091	31,183	6,383,020
05/24/2018	0.000060	0.000070	0.000060	0.000069	16,537	5,560,520
05/23/2018	0.000070	0.000073	0.000058	0.000062	19,330	6,479,480
05/22/2018	0.000072	0.000082	0.000067	0.000070	14,431	6,623,290
05/21/2018	0.000073	0.000084	0.000069	0.000072	25,409	6,707,970
05/20/2018	0.000071	0.000080	0.000068	0.000072	17,095	6,597,000
05/19/2018	0.000074	0.000077	0.000058	0.000071	27,705	6,870,580
05/18/2018	0.000074	0.000078	0.000065	0.000074	17,000	6,816,270
05/17/2018	0.000074	0.000080	0.000065	0.000074	33,987	6,836,140
05/16/2018	0.000072	0.000079	0.000066	0.000075	17,272	6,643,230
05/15/2018	0.000081	0.000084	0.000071	0.000072	30,044	7,452,190
05/14/2018	0.000077	0.000083	0.000066	0.000081	23,420	7,153,910
05/13/2018	0.000076	0.000085	0.000065	0.000077	31,528	7,050,540
05/12/2018	0.000078	0.000084	0.000072	0.000076	24,378	7,180,610
05/11/2018	0.000088	0.000091	0.000067	0.000078	21,673	8,109,050
05/10/2018	0.000089	0.000102	0.000072	0.000088	56,575	8,259,920
05/09/2018	0.000092	0.000097	0.000090	0.000097	21,957	8,536,920
05/05/2018	0.000117	0.000124	0.000117	0.000122	112	10,856,400
05/04/2018	0.000124	0.000136	0.000100	0.000117	8,815	11,428,800
05/03/2018	0.000129	0.000137	0.000115	0.000133	21,020	11,887,400
05/02/2018	0.000126	0.000130	0.000113	0.000129	49,175	11,611,600
05/01/2018	0.000120	0.000138	0.000103	0.000126	100,194	11,125,100
04/30/2018	0.000096	0.000146	0.000084	0.000120	132,634	8,924,670
04/29/2018	0.000075	0.000097	0.000072	0.000096	67,465	6,946,660
04/28/2018	0.000070	0.000088	0.000067	0.000075	15,866	6,451,450
04/27/2018	0.000081	0.000082	0.000062	0.000070	28,689	7,533,580
04/26/2018	0.000077	0.000082	0.000061	0.000081	24,496	7,168,430
04/25/2018	0.000085	0.000104	0.000057	0.000077	47,452	7,831,780
04/24/2018	0.000076	0.000105	0.000063	0.000085	142,896	6,994,060
04/23/2018	0.000048	0.000077	0.000048	0.000076	147,780	4,469,300
04/22/2018	0.000048	0.000068	0.000039	0.000068	38,726	4,409,860
04/21/2018	0.000055	0.000055	0.000040	0.000048	17,672	5,081,920
04/20/2018	0.000052	0.000058	0.000044	0.000055	14,308	4,768,520
04/19/2018	0.000054	0.000059	0.000043	0.000052	13,495	4,953,410
04/18/2018	0.000044	0.000054	0.000039	0.000054	7,557	4,057,050
04/17/2018	0.000036	0.000055	0.000035	0.000044	37,528	3,339,010
04/16/2018	0.000033	0.000050	0.000027	0.000036	67,669	3,094,260
04/15/2018	0.000030	0.000033	0.000027	0.000033	1,374	2,760,090
04/14/2018	0.000026	0.000031	0.000026	0.000030	7,322	2,436,550
04/13/2018	0.000027	0.000033	0.000026	0.000026	6,937	2,541,780
04/12/2018	0.000028	0.000031	0.000025	0.000027	8,338	2,619,080
04/11/2018	0.000028	0.000029	0.000024	0.000028	5,451	2,620,400
04/10/2018	0.000025	0.000029	0.000023	0.000028	4,440	2,300,210
04/09/2018	0.000028	0.000030	0.000023	0.000025	5,290	2,587,380
04/08/2018	0.000025	0.000028	0.000024	0.000028	970	2,279,380
04/07/2018	0.000026	0.000028	0.000023	0.000025	2,784	2,394,850
04/06/2018	0.000027	0.000027	0.000024	0.000026	1,612	2,472,310
04/05/2018	0.000025	0.000027	0.000024	0.000027	8,079	2,326,560
04/04/2018	0.000029	0.000029	0.000024	0.000025	1,967	2,705,540
04/03/2018	0.000028	0.000030	0.000025	0.000029	5,027	2,591,650
04/02/2018	0.000028	0.000029	0.000025	0.000028	1,942	2,577,870
04/01/2018	0.000028	0.000028	0.000021	0.000028	6,035	2,543,920
03/31/2018	0.000026	0.000029	0.000026	0.000027	3,678	2,387,220
03/30/2018	0.000028	0.000030	0.000024	0.000026	1,285	2,603,710
03/29/2018	0.000034	0.000034	0.000026	0.000028	1,588	3,100,000
03/28/2018	0.000030	0.000037	0.000027	0.000033	8,192	2,814,620
03/27/2018	0.000032	0.000033	0.000026	0.000030	9,711	2,991,630
03/26/2018	0.000034	0.000036	0.000031	0.000032	7,201	3,106,470
03/25/2018	0.000031	0.000035	0.000027	0.000034	3,603	2,885,960
03/24/2018	0.000034	0.000034	0.000030	0.000032	757	3,159,430
03/23/2018	0.000034	0.000036	0.000029	0.000034	3,394	3,131,820
03/22/2018	0.000034	0.000036	0.000028	0.000034	5,996	3,190,650
03/21/2018	0.000036	0.000040	0.000029	0.000035	7,223	3,316,490
03/20/2018	0.000032	0.000036	0.000028	0.000036	5,124	2,922,050
03/19/2018	0.000030	0.000034	0.000027	0.000031	3,598	2,757,580
03/18/2018	0.000040	0.000040	0.000023	0.000030	10,908	3,691,320
03/17/2018	0.000044	0.000045	0.000035	0.000040	3,338	4,105,360
03/16/2018	0.000045	0.000045	0.000039	0.000044	3,205	4,165,250
03/15/2018	0.000040	0.000046	0.000036	0.000045	5,924	3,691,030
03/14/2018	0.000044	0.000049	0.000039	0.000040	4,077	4,066,910
03/13/2018	0.000048	0.000053	0.000040	0.000044	11,383	4,406,560
03/12/2018	0.000043	0.000055	0.000043	0.000048	9,220	4,019,040
03/11/2018	0.000043	0.000054	0.000042	0.000044	10,574	3,944,020
03/10/2018	0.000043	0.000051	0.000037	0.000043	4,835	3,952,910
03/09/2018	0.000036	0.000043	0.000034	0.000043	8,251	5,448
03/08/2018	0.000043	0.000043	0.000036	0.000036	2,687	6,466
03/07/2018	0.000051	0.000052	0.000037	0.000043	2,802	7,694
03/06/2018	0.000051	0.000058	0.000041	0.000051	5,175	7,666
03/05/2018	0.000053	0.000056	0.000043	0.000051	9,734	7,988
03/04/2018	0.000041	0.000059	0.000041	0.000053	3,984	6,093
03/03/2018	0.000061	0.000062	0.000041	0.000041	4,411	9,220
03/02/2018	0.000053	0.000063	0.000043	0.000062	5,478	8,008
03/01/2018	0.000051	0.000062	0.000051	0.000053	5,847	7,708
02/28/2018	0.000061	0.000070	0.000051	0.000051	20,520	9,199
02/27/2018	0.000061	0.000066	0.000057	0.000061	15,581	9,105
02/26/2018	0.000046	0.000065	0.000046	0.000061	11,338	6,919
02/25/2018	0.000061	0.000063	0.000040	0.000046	31,297	9,095
02/24/2018	0.000059	0.000065	0.000053	0.000061	11,059	8,858
02/23/2018	0.000057	0.000067	0.000053	0.000059	4,125	8,592
02/22/2018	0.000067	0.000069	0.000050	0.000057	8,143	10,076
02/21/2018	0.000062	0.000075	0.000044	0.000067	15,824	9,303
02/20/2018	0.000108	0.000108	0.000046	0.000062	29,579	16,163
02/19/2018	0.000052	0.000127	0.000042	0.000108	20,367	7,813
02/18/2018	0.000041	0.000058	0.000039	0.000041	3,001	6,207
02/17/2018	0.000047	0.000063	0.000039	0.000041	5,109	7,034
02/16/2018	0.000047	0.000061	0.000032	0.000047	1,813	7,110
02/15/2018	0.000041	0.000063	0.000036	0.000047	11,130	6,080
02/14/2018	0.000039	0.000043	0.000030	0.000041	2,183	5,808
02/13/2018	0.000034	0.000042	0.000034	0.000039	1,440	5,055
02/12/2018	0.000024	0.000035	0.000017	0.000034	11,391	3,660
02/11/2018	0.000038	0.000051	0.000024	0.000024	8,947	5,746
02/10/2018	0.000044	0.000047	0.000026	0.000038	2,998	6,640
02/09/2018	0.000042	0.000045	0.000040	0.000044	538	6,306
02/08/2018	0.000039	0.000045	0.000037	0.000042	5,244	5,895
02/07/2018	0.000042	0.000049	0.000031	0.000039	10,917	6,276
02/06/2018	0.000040	0.000045	0.000027	0.000042	11,117	5,992
02/05/2018	0.000047	0.000053	0.000024	0.000040	15,247	7,068
02/04/2018	0.000057	0.000058	0.000041	0.000048	17,301	8,596
02/03/2018	0.000052	0.000061	0.000040	0.000057	26,165	7,779
02/02/2018	0.000052	0.000059	0.000035	0.000052	27,959	7,821
02/01/2018	0.000073	0.000075	0.000042	0.000052	17,365	10,918
01/31/2018	0.000081	0.000082	0.000054	0.000073	22,694	12,124
01/30/2018	0.000081	0.000099	0.000078	0.000081	64,414	12,166
01/29/2018	0.000087	0.000105	0.000075	0.000084	61,970	13,077
01/28/2018	0.000094	0.000115	0.000082	0.000087	152,846	14,128
01/27/2018	0.000077	0.000094	0.000077	0.000094	78,439	11,525
01/26/2018	0.000064	0.000089	0.000064	0.000077	44,895	9,631
01/25/2018	0.000085	0.000088	0.000060	0.000064	26,336	12,696
01/24/2018	0.000080	0.000087	0.000072	0.000084	31,306	12,009
01/23/2018	0.000082	0.000089	0.000069	0.000080	43,459	12,320
01/22/2018	0.000095	0.000101	0.000073	0.000082	63,796	14,299
01/21/2018	0.000090	0.000104	0.000071	0.000095	111,445	13,440
01/20/2018	0.000078	0.000095	0.000076	0.000093	45,288	11,635
01/19/2018	0.000072	0.000098	0.000064	0.000077	38,297	10,854
01/18/2018	0.000062	0.000103	0.000061	0.000073	63,130	9,344
01/17/2018	0.000055	0.000065	0.000046	0.000062	24,957	-
01/16/2018	0.000082	0.000082	0.000044	0.000055	25,536	-
01/15/2018	0.000089	0.000101	0.000070	0.000082	28,080	-
01/14/2018	0.000113	0.000115	0.000079	0.000089	58,879	-
01/13/2018	0.000105	0.000125	0.000091	0.000116	71,455	-
01/12/2018	0.000070	0.000115	0.000068	0.000115	64,125	-
01/11/2018	0.000115	0.000122	0.000064	0.000069	51,627	-
01/10/2018	0.000142	0.000142	0.000106	0.000115	98,935	-
01/09/2018	0.000147	0.000162	0.000134	0.000136	79,302	-
01/08/2018	0.000146	0.000178	0.000123	0.000147	108,924	-
01/07/2018	0.000096	0.000191	0.000095	0.000145	219,788	-
01/06/2018	0.000051	0.000102	0.000050	0.000096	88,081	-
01/05/2018	0.000057	0.000060	0.000045	0.000052	50,165	-
01/04/2018	0.000040	0.000059	0.000039	0.000056	45,320	-
01/03/2018	0.000040	0.000047	0.000030	0.000040	29,826	-
01/02/2018	0.000026	0.000034	0.000020	0.000034	33,615	-
01/01/2018	0.000044	0.000047	0.000020	0.000026	61,985	-
12/31/2017	0.000009	0.000053	0.000008	0.000049	43,342	-
12/30/2017	0.000009	0.000010	0.000006	0.000009	11,060	-
12/29/2017	0.000009	0.000011	0.000007	0.000010	9,495	-
12/28/2017	0.000012	0.000012	0.000004	0.000009	7,470	-
12/27/2017	0.000008	0.000014	0.000007	0.000012	12,301	-
12/26/2017	0.000004	0.000008	0.000003	0.000008	6,793	-
12/25/2017	0.000003	0.000004	0.000003	0.000004	1,205	-
12/24/2017	0.000004	0.000004	0.000002	0.000003	1,245	-
12/23/2017	0.000002	0.000004	0.000002	0.000003	1,764	-
12/22/2017	0.000003	0.000003	0.000002	0.000002	495	-
12/21/2017	0.000003	0.000003	0.000003	0.000003	196	-
12/20/2017	0.000004	0.000004	0.000003	0.000003	875	-
12/19/2017	0.000002	0.000004	0.000002	0.000004	1,668	-
12/18/2017	0.000003	0.000004	0.000002	0.000002	2,584	-
12/17/2017	0.000003	0.000004	0.000002	0.000003	3,000	-
12/16/2017	0.000003	0.000004	0.000002	0.000002	847	-
12/15/2017	0.000001	0.000005	0.000001	0.000003	2,038	-
12/14/2017	0.000001	0.000002	0.000001	0.000001	98	-
12/13/2017	0.000002	0.000002	0.000001	0.000001	671	-
12/12/2017	0.000002	0.000002	0.000001	0.000002	553	-
12/11/2017	8.8e-07	0.000002	8.7e-07	0.000002	463	-
12/10/2017	9.5e-07	9.5e-07	4.4e-07	8.7e-07	41	-
12/09/2017	0.000001	0.000001	9.2e-07	9.5e-07	64	-
12/08/2017	0.000001	0.000001	0.000001	0.000001	22	-
12/07/2017	0.000001	0.000001	0.000001	0.000001	71	-
12/06/2017	0.000001	0.000001	0.000001	0.000001	25	-
12/05/2017	0.000001	0.000001	0.000001	0.000001	31	-
12/04/2017	4.6e-07	0.000001	4.6e-07	0.000001	348	-
12/03/2017	9.2e-07	9.2e-07	4.5e-07	4.6e-07	43	-
12/02/2017	4.6e-07	9.3e-07	4.6e-07	9.2e-07	211	-
12/01/2017	8.7e-07	9.3e-07	4.6e-07	4.6e-07	95	-
11/30/2017	8.6e-07	9.2e-07	4.3e-07	8.7e-07	398	-
11/29/2017	9.3e-07	0.000001	4.6e-07	8.5e-07	334	-
11/28/2017	0.000001	0.000001	4.6e-07	9.3e-07	62	-
11/27/2017	9.4e-07	0.000001	4.7e-07	0.000001	392	-
11/26/2017	9.3e-07	0.000001	9e-07	9.4e-07	528	-
11/25/2017	9.4e-07	0.000002	4.6e-07	9.3e-07	1,148	-
11/24/2017	4.1e-07	9.5e-07	4e-07	9.4e-07	139	-
11/23/2017	3.8e-07	8.5e-07	3.8e-07	4.1e-07	36	-
11/22/2017	7.2e-07	7.6e-07	3.7e-07	3.8e-07	58	-
11/21/2017	7.4e-07	7.5e-07	3.6e-07	7.2e-07	114	-
11/20/2017	0.000001	0.000001	7.1e-07	7.4e-07	525	-
11/19/2017	6.9e-07	0.000001	6.9e-07	0.000001	250	-
11/18/2017	6.6e-07	0.000001	6.5e-07	6.9e-07	179	-
11/17/2017	6.6e-07	0.000001	6.5e-07	6.6e-07	150	-
11/16/2017	6.6e-07	1e-06	6.4e-07	6.6e-07	203	-
11/15/2017	6.7e-07	0.000001	6.5e-07	6.6e-07	276	-
11/14/2017	6.3e-07	9.9e-07	6.3e-07	6.7e-07	105	-
11/13/2017	6.1e-07	9.6e-07	6.1e-07	6.3e-07	111	-
11/12/2017	6.3e-07	9.4e-07	6e-07	6.1e-07	69	-
11/11/2017	8.9e-07	9.2e-07	6e-07	6.3e-07	310	-
11/10/2017	6.4e-07	9.6e-07	5.8e-07	8.9e-07	442	-
11/09/2017	9.2e-07	0.000001	6.4e-07	6.4e-07	873	-
11/08/2017	8.8e-07	0.000001	8.7e-07	9.3e-07	494	-
11/07/2017	8.9e-07	0.000001	8.7e-07	8.8e-07	338	-
11/06/2017	0.000001	0.000001	8.9e-07	8.9e-07	310	-
11/05/2017	9e-07	0.000001	8.9e-07	0.000001	875	-
11/04/2017	0.000001	0.000002	8.9e-07	9e-07	790	-
11/03/2017	8.5e-07	0.000001	8.5e-07	0.000001	416	-
11/02/2017	0.000001	0.000001	8.5e-07	8.5e-07	1,158	-
11/01/2017	0.000003	0.000003	0.000001	0.000001	802	-
10/31/2017	0.000001	0.000003	0.000001	0.000003	1,232	-
10/30/2017	0.000002	0.000002	0.000001	0.000001	910	-
10/29/2017	0.000002	0.000002	0.000001	0.000002	1,444	-
10/28/2017	0.000003	0.000003	0.000001	0.000002	2,539	-
10/27/2017	0.000004	0.000004	0.000001	0.000002	5,679	-
10/26/2017	0.000005	0.000005	0.000004	0.000004	10,101	-
10/25/2017	0.000004	0.000008	0.000003	0.000005	32,400	-
