Date	Open	High	Low	Close	Volume	Market Cap
07/15/2018	0.000564	0.000576	0.000562	0.000574	11	-
07/14/2018	0.000437	0.000568	0.000434	0.000564	23	-
07/13/2018	0.000437	0.000565	0.000433	0.000438	16	-
07/12/2018	0.000447	0.000447	0.000429	0.000437	45	-
07/11/2018	0.000446	0.000450	0.000443	0.000447	2	-
07/10/2018	0.000466	0.000467	0.000445	0.000447	2	-
07/09/2018	0.000470	0.000473	0.000465	0.000467	2	-
07/08/2018	0.000541	0.000542	0.000469	0.000470	25	-
07/07/2018	0.000524	0.000543	0.000521	0.000541	3	-
07/03/2018	0.000526	0.000532	0.000518	0.000519	2	-
07/02/2018	0.000444	0.000530	0.000441	0.000529	13	-
07/01/2018	0.000447	0.000450	0.000440	0.000444	4	-
06/30/2018	0.000443	0.000449	0.000443	0.000447	85	-
06/28/2018	0.000552	0.000554	0.000547	0.000550	6	-
06/27/2018	0.000487	0.000554	0.000481	0.000552	31	-
06/26/2018	0.000625	0.000627	0.000618	0.000619	25	-
06/25/2018	0.000616	0.000632	0.000610	0.000625	45	-
06/24/2018	0.000555	0.000556	0.000525	0.000532	13	-
06/23/2018	0.000545	0.000561	0.000544	0.000555	14	-
06/22/2018	0.000534	0.000562	0.000487	0.000545	104	-
06/21/2018	0.000675	0.000678	0.000670	0.000673	1	-
06/20/2018	0.000675	0.000679	0.000671	0.000675	1	-
06/17/2018	0.000653	0.000658	0.000652	0.000652	33	-
06/16/2018	0.000642	0.000657	0.000636	0.000651	33	-
06/15/2018	0.000531	0.000659	0.000519	0.000645	13	-
06/14/2018	0.000442	0.000658	0.000441	0.000532	50	-
06/13/2018	0.000658	0.000659	0.000438	0.000443	42	-
06/12/2018	0.000551	0.000688	0.000548	0.000657	35	-
06/11/2018	0.000542	0.000554	0.000534	0.000551	1	-
06/10/2018	0.000580	0.000580	0.000533	0.000541	1	-
06/09/2018	0.000610	0.000615	0.000607	0.000609	1	-
06/08/2018	0.000768	0.000770	0.000610	0.000610	8	-
06/07/2018	0.000689	0.000768	0.000689	0.000768	1	-
06/06/2018	0.000685	0.000692	0.000675	0.000688	17	-
06/05/2018	0.000675	0.000687	0.000664	0.000686	2	-
06/04/2018	0.000771	0.000773	0.000672	0.000675	29	-
06/03/2018	0.000687	0.000773	0.000684	0.000771	25	-
06/02/2018	0.000601	0.000689	0.000598	0.000687	7	-
06/01/2018	0.000599	0.000607	0.000589	0.000602	9	-
05/31/2018	0.000591	0.000607	0.000588	0.000604	2	-
05/30/2018	0.000821	0.000831	0.000584	0.000591	212	-
05/29/2018	0.000925	0.000929	0.000781	0.000821	31	-
05/28/2018	0.000514	0.000940	0.000514	0.000926	389	-
05/27/2018	0.000514	0.000516	0.000510	0.000514	370	-
05/25/2018	0.000832	0.000842	0.000810	0.000816	7	-
05/24/2018	0.000827	0.000849	0.000800	0.000830	23	-
05/23/2018	0.000720	0.000830	0.000706	0.000829	1	-
05/22/2018	0.000841	0.000918	0.000717	0.000721	7	-
05/21/2018	0.000767	0.000855	0.000669	0.000841	39	-
05/20/2018	0.000742	0.000772	0.000737	0.000767	107	-
05/19/2018	0.000742	0.000753	0.000736	0.000742	18	-
05/18/2018	0.000565	0.000744	0.000557	0.000742	52	-
05/17/2018	0.000584	0.000750	0.000562	0.000565	59	-
05/16/2018	0.000594	0.000595	0.000569	0.000584	12	-
05/15/2018	0.000781	0.000790	0.000594	0.000594	143	-
05/14/2018	0.000695	0.000797	0.000666	0.000782	14	-
05/13/2018	0.000762	0.000868	0.000691	0.000695	61	-
05/12/2018	0.000839	0.000863	0.000747	0.000762	2	-
05/11/2018	0.000842	0.000847	0.000836	0.000842	1	-
05/10/2018	0.000931	0.000939	0.000928	0.000933	39	-
05/09/2018	0.000828	0.000935	0.000814	0.000932	42	-
05/08/2018	0.000843	0.000851	0.000817	0.000829	8	-
05/07/2018	0.000961	0.001034	0.000829	0.000841	449	-
05/06/2018	0.001081	0.001091	0.000944	0.000961	27	-
05/05/2018	0.000872	0.001095	0.000871	0.001080	50	-
05/04/2018	0.000975	0.001075	0.000872	0.000873	150	-
05/03/2018	0.001106	0.001112	0.000920	0.000975	296	-
05/02/2018	0.001362	0.001377	0.000908	0.001106	230	-
05/01/2018	0.001016	0.001365	0.000981	0.001365	206	-
04/30/2018	0.001222	0.001224	0.001006	0.001016	460	-
04/29/2018	0.001215	0.001334	0.001196	0.001223	23	-
04/28/2018	0.001248	0.001317	0.001164	0.001215	410	-
04/27/2018	0.001488	0.001488	0.001191	0.001252	17	-
04/26/2018	0.001241	0.001489	0.001128	0.001485	151	-
04/25/2018	0.000970	0.001283	0.000880	0.001231	14	-
04/24/2018	0.001160	0.001501	0.000937	0.000976	110	-
04/23/2018	0.000878	0.001595	0.000877	0.001159	641	-
04/22/2018	0.001071	0.001076	0.000875	0.000880	114	-
04/21/2018	0.001061	0.001077	0.001039	0.001071	37	-
04/20/2018	0.000992	0.001197	0.000988	0.001061	59	-
04/19/2018	0.001061	0.001074	0.000813	0.000992	94	-
04/18/2018	0.000948	0.001216	0.000709	0.001061	246	-
04/17/2018	0.001127	0.001140	0.000786	0.000947	72	-
04/16/2018	0.000933	0.001128	0.000903	0.001126	130	-
04/15/2018	0.001200	0.001243	0.000916	0.000933	180	-
04/14/2018	0.001180	0.001308	0.001176	0.001199	53	-
04/13/2018	0.001267	0.001315	0.001173	0.001180	13	-
04/12/2018	0.000974	0.001272	0.000948	0.001265	53	-
04/11/2018	0.000751	0.000973	0.000749	0.000795	2	-
04/10/2018	0.000811	0.000824	0.000746	0.000751	47	-
04/09/2018	0.000913	0.000930	0.000728	0.000811	138	-
04/08/2018	0.001174	0.001206	0.000906	0.000912	15	-
04/07/2018	0.000861	0.001192	0.000859	0.001173	226	-
04/06/2018	0.001073	0.001084	0.000852	0.000860	2	-
04/05/2018	0.001019	0.001119	0.000986	0.001078	41	-
04/04/2018	0.000890	0.001036	0.000875	0.001018	24	-
04/03/2018	0.000846	0.000899	0.000843	0.000891	16	-
04/02/2018	0.000676	0.000846	0.000672	0.000845	73	-
04/01/2018	0.000719	0.000740	0.000672	0.000674	13	-
03/31/2018	0.000752	0.000785	0.000603	0.000719	27	-
03/30/2018	0.000779	0.000864	0.000686	0.000752	101	-
03/29/2018	0.000874	0.000949	0.000689	0.000781	124	-
03/28/2018	0.000678	0.001132	0.000672	0.000873	1,098	-
03/27/2018	0.001406	0.001415	0.000676	0.000678	3	-
03/26/2018	0.001350	0.001475	0.001264	0.001407	108	-
03/25/2018	0.001360	0.001813	0.001340	0.001351	75	-
03/24/2018	0.001684	0.001791	0.001379	0.001379	74	-
03/23/2018	0.001190	0.001661	0.001138	0.001661	29	-
03/22/2018	0.001372	0.001399	0.000834	0.001190	260	-
03/21/2018	0.001158	0.002114	0.000802	0.001374	547	-
03/20/2018	0.001552	0.001622	0.001153	0.001155	51	-
03/19/2018	0.002123	0.002195	0.001496	0.001535	653	-
03/18/2018	0.002366	0.002366	0.001803	0.002132	1	-
03/17/2018	0.001407	0.002412	0.001354	0.002372	188	-
03/16/2018	0.001404	0.001451	0.001267	0.001405	39	-
03/15/2018	0.001424	0.001490	0.001343	0.001405	7	-
03/14/2018	0.001667	0.001688	0.001378	0.001424	125	-
03/13/2018	0.001726	0.001779	0.001688	0.001743	179	-
03/12/2018	0.002314	0.002498	0.001713	0.001733	271	-
03/11/2018	0.002713	0.002713	0.002150	0.002321	26	-
03/10/2018	0.002900	0.003032	0.002324	0.002723	419	-
03/09/2018	0.002773	0.002907	0.002164	0.002899	220	-
03/08/2018	0.003099	0.003170	0.002764	0.002790	48	-
03/07/2018	0.003655	0.003696	0.003022	0.003104	810	-
03/06/2018	0.003672	0.003703	0.003472	0.003655	52	-
03/05/2018	0.003636	0.003722	0.003557	0.003682	250	-
03/04/2018	0.003383	0.003930	0.003188	0.003639	59	-
03/03/2018	0.003636	0.003906	0.003352	0.003387	289	-
03/02/2018	0.003627	0.003702	0.003566	0.003641	61	-
03/01/2018	0.003358	0.003826	0.003340	0.003636	199	-
02/28/2018	0.003626	0.003862	0.003354	0.003355	146	-
02/27/2018	0.003567	0.003766	0.003476	0.003630	43	-
02/26/2018	0.003355	0.003651	0.003348	0.003557	480	-
02/25/2018	0.003491	0.003895	0.003221	0.003351	771	-
02/24/2018	0.003755	0.004000	0.003392	0.003496	619	-
02/23/2018	0.003722	0.004338	0.003631	0.003759	181	-
02/22/2018	0.003908	0.004188	0.003600	0.003646	70	-
02/21/2018	0.004072	0.004124	0.003807	0.003954	153	-
02/20/2018	0.004494	0.004829	0.004044	0.004077	99	-
02/19/2018	0.004356	0.004714	0.004184	0.004490	815	-
02/18/2018	0.004985	0.005051	0.004188	0.004375	130	-
02/17/2018	0.004466	0.005048	0.004368	0.004975	525	-
02/16/2018	0.004253	0.004512	0.004151	0.004496	5	-
02/15/2018	0.004332	0.004545	0.003849	0.004269	1,229	-
02/14/2018	0.004280	0.004560	0.003739	0.004330	913	-
02/13/2018	0.005085	0.005132	0.004268	0.004291	546	-
02/12/2018	0.003926	0.005144	0.003926	0.005077	298	-
02/11/2018	0.004767	0.004773	0.003528	0.003902	177	-
02/10/2018	0.003901	0.005008	0.003775	0.004773	570	-
02/09/2018	0.003397	0.004472	0.002898	0.003899	337	-
02/08/2018	0.002826	0.003699	0.002826	0.003387	710	-
02/07/2018	0.004062	0.004200	0.002831	0.002837	927	-
02/06/2018	0.002504	0.004169	0.002504	0.004102	2,350	-
02/05/2018	0.004188	0.005249	0.002436	0.002501	1,728	-
02/04/2018	0.005161	0.005605	0.004229	0.004229	3,756	-
02/03/2018	0.005206	0.006384	0.004817	0.005160	1,437	-
02/02/2018	0.009130	0.009130	0.004688	0.005143	2,834	-
02/01/2018	0.008552	0.012273	0.005962	0.009149	33,147	-
01/31/2018	0.003867	0.008532	0.003453	0.008532	3,662	-
01/30/2018	0.003863	0.004189	0.003701	0.003861	637	-
01/29/2018	0.003928	0.004083	0.002929	0.003862	1,386	-
01/28/2018	0.003787	0.004313	0.003580	0.003932	1,257	-
01/27/2018	0.006013	0.006243	0.003612	0.003672	2,774	-
01/26/2018	0.007254	0.007302	0.004457	0.006017	2,872	-
01/25/2018	0.007409	0.008101	0.006257	0.007274	2,592	-
01/24/2018	0.007097	0.008100	0.005796	0.007314	2,118	-
01/23/2018	0.004976	0.008132	0.004580	0.007100	6,324	-
01/22/2018	0.007792	0.008333	0.003722	0.004994	4,019	-
01/21/2018	0.010087	0.011044	0.007725	0.007725	9,618	-
01/20/2018	0.011316	0.012443	0.011316	0.012403	11,408	-
01/19/2018	0.013068	0.013638	0.010657	0.011200	10,303	-
01/18/2018	0.010151	0.013924	0.009927	0.013197	14,154	-
01/17/2018	0.014037	0.014381	0.007132	0.011218	13,833	-
01/16/2018	0.021464	0.024032	0.011281	0.014104	51,249	-
01/15/2018	0.028456	0.038432	0.022825	0.022825	244,156	-
01/14/2018	0.012566	0.048830	0.012478	0.028629	434,128	-
01/13/2018	0.007908	0.012563	0.006849	0.012563	45,041	-
01/12/2018	0.004273	0.007947	0.004163	0.007916	26,558	-
01/11/2018	0.006412	0.006692	0.004224	0.004241	9,789	-
01/10/2018	0.005010	0.006881	0.004081	0.006420	27,481	-
01/09/2018	0.002104	0.007209	0.001514	0.005005	34,680	-
01/08/2018	0.001189	0.002187	0.001170	0.002110	6,650	-
01/07/2018	0.001371	0.001597	0.001185	0.001188	991	-
01/06/2018	0.001486	0.001557	0.001184	0.001372	1,408	-
01/05/2018	0.001076	0.001559	0.001066	0.001484	712	-
01/04/2018	0.001467	0.001654	0.001037	0.001076	1,797	-
01/03/2018	0.001385	0.001594	0.001080	0.001588	2,794	-
01/02/2018	0.001227	0.001540	0.000953	0.001372	781	-
01/01/2018	0.000982	0.001384	0.000915	0.001365	429	-
12/31/2017	0.001176	0.001464	0.000979	0.000979	995	-
12/30/2017	0.001409	0.001492	0.000806	0.001187	2,025	-
12/29/2017	0.001071	0.001516	0.001020	0.001411	1,829	-
12/28/2017	0.001265	0.001325	0.001041	0.001061	784	-
12/27/2017	0.000968	0.001486	0.000913	0.001268	1,232	-
12/26/2017	0.001536	0.001714	0.000811	0.000968	5,599	-
12/25/2017	0.001976	0.001983	0.001143	0.001530	6,606	-
12/24/2017	0.002923	0.002923	0.001300	0.001956	7,383	-
12/23/2017	0.005929	0.005929	0.000860	0.002891	97,462	-
12/22/2017	0.000947	0.003688	0.000768	0.003688	578,097	-
12/21/2017	0.001137	0.001546	0.000922	0.000944	131	-
12/20/2017	0.001602	0.001606	0.001009	0.001135	43	-
12/19/2017	0.001911	0.006269	0.001426	0.001604	771	-
12/18/2017	0.001722	0.001929	0.001645	0.001909	486	-
12/17/2017	0.002337	0.002337	0.001698	0.001717	8	-
12/16/2017	0.002647	0.002660	0.001412	0.002342	863	-
12/15/2017	0.002322	0.005136	0.002322	0.005110	77	-
12/14/2017	0.003812	0.003832	0.002274	0.002319	244	-
12/13/2017	0.011955	0.011995	0.003797	0.003824	948	-
12/12/2017	0.004546	0.004795	0.004439	0.004679	493	-
12/11/2017	0.011016	0.011946	0.004531	0.004531	744	-
12/10/2017	0.010599	0.011371	0.010357	0.011067	188	-
12/09/2017	0.009960	0.010997	0.009960	0.010651	1	-
12/08/2017	0.011645	0.011659	0.008233	0.009961	2	-
12/07/2017	0.017098	0.017266	0.009676	0.011622	433	-
12/06/2017	0.007862	0.024836	0.007862	0.017153	1,660	-
12/05/2017	0.006528	0.007941	0.006436	0.007880	73	-
12/04/2017	0.006826	0.006937	0.006097	0.006515	36	-
12/03/2017	0.006208	0.007195	0.004558	0.006803	1	-
12/02/2017	0.006252	0.006381	0.006105	0.006202	20	-
11/30/2017	0.006597	0.007159	0.006119	0.006583	1	-
11/29/2017	0.009828	0.010441	0.006217	0.006502	41	-
11/28/2017	0.011999	0.013697	0.009748	0.009838	241	-
11/27/2017	0.011368	0.011988	0.011368	0.011968	25	-
11/26/2017	0.010583	0.011609	0.010571	0.011365	5	-
11/25/2017	0.010455	0.010587	0.010429	0.010587	8	-
11/24/2017	0.018902	0.025562	0.018568	0.025417	141	-
11/23/2017	0.014085	0.019502	0.008144	0.018951	452	-
11/22/2017	0.028692	0.028919	0.013653	0.014088	4,733	-
11/21/2017	0.015247	0.029656	0.014920	0.028655	20,672	-
11/20/2017	0.014478	0.015327	0.014305	0.015244	8,310	-
11/19/2017	0.014016	0.014601	0.013854	0.014485	26	-
11/18/2017	0.014067	0.015217	0.013637	0.014042	64	-
11/17/2017	0.013964	0.022714	0.013848	0.014121	2,417	-
11/16/2017	0.012707	0.014245	0.012423	0.013986	32	-
11/15/2017	0.019835	0.021547	0.012056	0.012641	1,435	-
11/14/2017	0.022391	0.023492	0.011035	0.019821	7	-
11/13/2017	0.016225	0.030125	0.016225	0.022392	294	-
11/12/2017	0.015823	0.016653	0.013781	0.016200	305	-
11/11/2017	0.008691	0.016170	0.007462	0.015835	46	-
11/10/2017	0.006567	0.009813	0.004510	0.008721	5	-
11/09/2017	0.009789	0.017725	0.006524	0.006551	241	-
11/08/2017	0.008688	0.009996	0.008637	0.009817	52	-
11/07/2017	0.030113	0.030667	0.008549	0.008716	77	-
11/06/2017	0.014713	0.032668	0.014152	0.030073	742	-
11/05/2017	0.011950	0.015223	0.008062	0.014680	344	-
11/04/2017	0.024869	0.026197	0.011971	0.011973	46	-
11/03/2017	0.017699	0.029824	0.017501	0.024934	111	-
11/02/2017	0.060490	0.061054	0.017654	0.017722	717	-
11/01/2017	0.035828	0.061692	0.032696	0.060423	3,438	-
10/31/2017	0.073595	0.092060	0.031678	0.035854	2,146	-
10/30/2017	0.160080	0.184623	0.056088	0.073846	9,001	-
10/29/2017	0.096862	0.251572	0.096862	0.161015	32,723	-
