Date	Open	High	Low	Close	Volume	Market Cap
07/07/2018	0.006599	0.006609	0.006530	0.006557	820	893,835
07/06/2018	0.005882	0.006622	0.005248	0.006611	826	796,660
07/05/2018	0.007246	0.007319	0.005238	0.005883	787	979,546
07/04/2018	0.006500	0.007470	0.006436	0.007230	259	878,750
07/03/2018	0.006576	0.006646	0.006476	0.006503	7	888,973
07/02/2018	0.006347	0.007955	0.005677	0.006607	2,997	857,973
07/01/2018	0.005749	0.006393	0.005700	0.006346	637	777,133
06/30/2018	0.006205	0.006466	0.005689	0.005747	165	838,816
06/29/2018	0.005868	0.006303	0.005253	0.006196	343	793,339
06/28/2018	0.004907	0.006110	0.004867	0.005865	53	663,376
06/27/2018	0.005472	0.005504	0.004812	0.004905	303	739,785
06/26/2018	0.005623	0.005645	0.005469	0.005475	274	760,193
06/25/2018	0.005536	0.006295	0.005487	0.005623	259	748,332
06/24/2018	0.005550	0.005631	0.005200	0.005546	206	750,289
06/23/2018	0.006052	0.006161	0.005512	0.005551	147	818,141
06/22/2018	0.005372	0.006723	0.005350	0.006051	390	726,179
06/21/2018	0.006076	0.006782	0.005357	0.005378	1,069	821,435
06/20/2018	0.006079	0.007459	0.005928	0.006075	1,457	821,863
06/19/2018	0.006730	0.007414	0.006040	0.006076	1,281	909,832
06/18/2018	0.006477	0.008421	0.006426	0.006734	10,975	875,626
06/17/2018	0.006528	0.010472	0.006478	0.006499	23,576	882,488
06/16/2018	0.006422	0.006573	0.006363	0.006511	765	868,174
06/15/2018	0.007308	0.007317	0.005898	0.006446	1,946	987,960
06/14/2018	0.006319	0.010426	0.006018	0.007320	18,638	854,295
06/13/2018	0.006583	0.007631	0.006203	0.006322	2,110	889,934
06/12/2018	0.006199	0.006800	0.006055	0.006566	168	837,990
06/11/2018	0.006098	0.006774	0.006011	0.006202	124	824,341
06/10/2018	0.006755	0.006755	0.006000	0.006089	195	913,161
06/09/2018	0.006864	0.007682	0.006746	0.006746	665	927,972
06/08/2018	0.006914	0.008425	0.006864	0.006867	1,084	934,713
06/07/2018	0.006891	0.008471	0.006891	0.006909	320	931,578
06/06/2018	0.006862	0.007689	0.006836	0.006885	465	927,581
06/05/2018	0.007502	0.008397	0.006643	0.006863	1,295	1,014,210
06/04/2018	0.006938	0.007618	0.006149	0.007499	3,731	937,923
06/03/2018	0.006871	0.010809	0.006110	0.006935	21,016	928,913
06/02/2018	0.007517	0.009750	0.005334	0.006870	6,028	1,016,130
06/01/2018	0.008241	0.008274	0.004492	0.007520	1,672	1,114,050
05/31/2018	0.006644	0.008345	0.006644	0.008235	242	898,237
05/30/2018	0.006718	0.008294	0.006575	0.008122	176	908,205
05/29/2018	0.006407	0.008247	0.005692	0.006714	413	866,096
05/28/2018	0.006611	0.006649	0.005032	0.006409	1,393	893,702
05/27/2018	0.007335	0.007378	0.006599	0.006609	119	991,608
05/26/2018	0.006721	0.008386	0.006695	0.007332	280	908,612
05/25/2018	0.008319	0.008417	0.006644	0.006730	350	1,124,630
05/24/2018	0.007520	0.008361	0.007276	0.008303	215	1,016,540
05/23/2018	0.008003	0.008027	0.007058	0.007539	279	1,081,960
05/22/2018	0.008408	0.010097	0.007414	0.008012	1,030	1,136,610
05/21/2018	0.012791	0.012800	0.008397	0.008409	2,741	1,729,190
05/20/2018	0.011544	0.012824	0.011469	0.012775	184	1,560,530
05/19/2018	0.011534	0.011661	0.009886	0.011535	991	1,559,310
05/18/2018	0.009694	0.011536	0.008754	0.011536	2,223	1,310,450
05/17/2018	0.011688	0.011820	0.009131	0.009685	2,039	1,580,010
05/16/2018	0.013578	0.017640	0.008968	0.011681	12,063	1,835,010
05/15/2018	0.007807	0.023123	0.006810	0.014435	27,693	1,058,310
05/14/2018	0.009559	0.009580	0.006683	0.007820	774	1,295,840
05/13/2018	0.009314	0.009626	0.007559	0.009561	51	1,262,660
05/12/2018	0.008395	0.009404	0.006589	0.009318	570	1,138,000
05/11/2018	0.009038	0.009038	0.006819	0.008420	848	1,225,240
05/10/2018	0.012108	0.012170	0.009018	0.009027	737	1,641,430
05/09/2018	0.012879	0.012883	0.008333	0.012111	470	1,745,960
05/08/2018	0.012177	0.014144	0.009980	0.012898	897	1,650,840
05/07/2018	0.017305	0.017313	0.002801	0.012151	1,529	2,345,820
05/06/2018	0.015726	0.017837	0.015111	0.017292	619	2,131,530
05/05/2018	0.017447	0.019918	0.012834	0.015715	4,121	2,364,930
05/04/2018	0.019495	0.021214	0.017348	0.017455	1,125	2,642,480
05/03/2018	0.018438	0.019849	0.018372	0.019503	261	2,500,100
05/02/2018	0.019983	0.020996	0.018266	0.018438	1,051	2,709,570
05/01/2018	0.021254	0.021254	0.017732	0.020013	481	2,881,880
04/30/2018	0.022564	0.022599	0.019214	0.021235	601	3,059,300
04/29/2018	0.020560	0.022588	0.019426	0.022571	630	2,787,350
04/28/2018	0.019663	0.022249	0.019333	0.020568	705	2,665,850
04/27/2018	0.022210	0.022263	0.017586	0.019735	2,453	3,011,090
04/26/2018	0.019207	0.022229	0.017799	0.022179	1,017	2,603,980
04/25/2018	0.020302	0.020330	0.017918	0.019041	1,079	2,752,100
04/24/2018	0.022908	0.023581	0.018638	0.020400	2,204	3,105,690
04/23/2018	0.020214	0.022926	0.019480	0.022889	1,401	2,740,440
04/22/2018	0.025020	0.025020	0.014654	0.020260	3,400	3,392,540
04/21/2018	0.020372	0.025877	0.019218	0.025020	3,063	2,762,330
04/20/2018	0.023980	0.025004	0.019542	0.020365	4,415	3,251,750
04/19/2018	0.023677	0.023981	0.017141	0.023964	4,038	3,210,650
04/18/2018	0.021227	0.023683	0.019689	0.023659	1,128	2,878,500
04/17/2018	0.026536	0.026750	0.019974	0.021209	1,466	3,597,960
04/16/2018	0.030877	0.031051	0.020645	0.026523	4,745	4,186,550
04/15/2018	0.032334	0.033148	0.023186	0.030891	4,049	4,384,050
04/14/2018	0.031468	0.034128	0.031468	0.032318	473	4,266,380
04/13/2018	0.031673	0.032872	0.030707	0.031468	226	4,294,000
04/12/2018	0.044548	0.045150	0.027777	0.031633	591	6,040,180
04/11/2018	0.042838	0.044772	0.042470	0.044772	75,866	5,808,270
04/10/2018	0.025690	0.043070	0.025513	0.042738	98,772	3,483,200
04/09/2018	0.028652	0.029481	0.023270	0.025669	709	3,884,870
04/08/2018	0.026927	0.028694	0.026927	0.028585	497	3,651,010
04/07/2018	0.034763	0.035850	0.025237	0.026902	2,093	4,711,160
04/06/2018	0.030154	0.035615	0.026543	0.034772	34,111	4,085,140
04/05/2018	0.036741	0.037320	0.029630	0.030271	22,371	4,975,850
04/04/2018	0.033067	0.038938	0.032620	0.036784	44,430	4,474,260
04/03/2018	0.024316	0.033256	0.023448	0.033008	16,953	3,283,240
04/02/2018	0.026491	0.045019	0.023923	0.024289	91,748	3,576,670
04/01/2018	0.027669	0.028053	0.023866	0.026363	3,999	3,736,930
03/31/2018	0.031013	0.034690	0.025354	0.027668	1,900	4,188,590
03/30/2018	0.039178	0.043429	0.026412	0.031041	108,509	5,290,690
03/29/2018	0.035431	0.047511	0.035052	0.039292	93,972	4,789,680
03/28/2018	0.035927	0.046688	0.035368	0.035368	111,355	4,858,550
03/27/2018	0.040521	0.045829	0.035838	0.035916	95,175	5,481,820
03/26/2018	0.039574	0.056052	0.032593	0.040546	98,497	5,349,250
03/25/2018	0.039771	0.042203	0.031429	0.039615	5,866	5,375,890
03/24/2018	0.046141	0.066719	0.039693	0.040267	2,864	6,240,510
03/23/2018	0.058843	0.058953	0.041211	0.045716	109,859	7,959,260
03/22/2018	0.077993	0.111452	0.051593	0.058853	108,536	10,577,700
03/21/2018	0.039164	0.113119	0.035000	0.077800	82,869	5,968,230
03/20/2018	0.045325	0.083899	0.031405	0.038935	127,029	6,907,200
03/19/2018	0.030421	0.056938	0.030421	0.044964	88,002	4,636,410
03/18/2018	0.044875	0.059435	0.030217	0.030543	78,393	6,838,130
03/17/2018	0.040995	0.055224	0.040126	0.044916	72,582	6,223,150
03/16/2018	0.046876	0.053499	0.040932	0.040964	108,891	7,116,900
03/15/2018	0.048676	0.055933	0.040424	0.046929	110,696	7,118,120
03/14/2018	0.057037	0.091607	0.041973	0.043662	86,153	8,360,860
03/13/2018	0.040640	0.097581	0.040431	0.057015	85,825	5,957,930
03/12/2018	0.056518	0.101353	0.030108	0.040686	112,703	8,295,380
03/11/2018	0.055114	0.096522	0.050872	0.056588	76,350	8,079,970
03/10/2018	0.070970	0.080854	0.042239	0.055279	58,142	9,635,080
03/09/2018	0.055671	0.080027	0.055671	0.071008	61,996	7,559,580
03/08/2018	0.042858	0.068296	0.040840	0.055775	32,044	5,820,910
03/07/2018	0.060316	0.083406	0.042333	0.042924	38,360	8,218,020
03/06/2018	0.054075	0.062274	0.047151	0.060325	32,861	7,369,890
03/05/2018	0.044841	0.054469	0.044536	0.054225	36,638	6,111,360
03/04/2018	0.050335	0.050376	0.044218	0.044873	39,259	6,860,410
03/03/2018	0.048485	0.051717	0.048485	0.050422	661	6,608,280
03/02/2018	0.057789	0.058242	0.047541	0.048545	31,413	7,876,360
03/01/2018	0.047495	0.058636	0.047125	0.057938	2,015	6,473,290
02/28/2018	0.052256	0.062492	0.045871	0.047425	13,997	7,121,520
02/27/2018	0.037122	0.058279	0.032579	0.052317	35,263	5,059,180
02/26/2018	0.041222	0.045274	0.035425	0.037015	10,837	5,617,960
02/25/2018	0.040723	0.041802	0.040060	0.041169	95	5,547,360
02/24/2018	0.039572	0.041117	0.036402	0.040785	857	5,387,600
02/23/2018	0.039380	0.042590	0.038408	0.039622	8,262	5,358,740
02/22/2018	0.041866	0.045811	0.039279	0.039416	5,590	5,694,050
02/21/2018	0.049353	0.065340	0.041175	0.041908	13,126	6,708,750
02/20/2018	0.040217	0.050551	0.039341	0.049414	12,450	5,466,940
02/19/2018	0.033241	0.040316	0.033138	0.040181	12,027	4,517,840
02/18/2018	0.044374	0.045083	0.032681	0.033394	1,253	6,030,990
02/17/2018	0.036697	0.044310	0.031588	0.044238	2,374	4,987,440
02/16/2018	0.035317	0.037761	0.029357	0.036705	1,855	4,799,780
02/15/2018	0.037900	0.040810	0.033894	0.035468	3,120	5,147,660
02/14/2018	0.032337	0.037975	0.032337	0.037879	15,777	4,392,060
02/13/2018	0.035590	0.035752	0.031890	0.032434	13,322	4,825,700
02/12/2018	0.030804	0.035598	0.030804	0.035526	222	4,177,160
02/11/2018	0.034199	0.034760	0.029524	0.030609	996	4,637,220
02/10/2018	0.033047	0.038488	0.032614	0.034228	290	4,480,900
02/09/2018	0.037914	0.037914	0.029967	0.033023	1,381	5,141,370
02/08/2018	0.036893	0.039652	0.033933	0.037860	17,690	5,002,800
02/07/2018	0.033007	0.041204	0.030393	0.036990	14,813	4,475,670
02/06/2018	0.036833	0.037691	0.024122	0.033116	19,405	4,994,600
02/05/2018	0.035580	0.039799	0.026153	0.036704	13,834	4,825,990
02/04/2018	0.047849	0.047849	0.033114	0.035928	2,344	6,490,620
02/03/2018	0.050582	0.052867	0.033756	0.047838	2,733	6,861,010
02/02/2018	0.046978	0.053459	0.032898	0.050343	16,161	6,372,110
02/01/2018	0.052102	0.057505	0.041640	0.047098	10,684	7,067,640
01/31/2018	0.057618	0.059017	0.047293	0.051993	6,360	7,813,760
01/30/2018	0.049071	0.063373	0.038782	0.057422	19,375	6,654,340
01/29/2018	0.052570	0.055765	0.048392	0.049055	18,054	7,132,650
01/28/2018	0.055528	0.064990	0.052622	0.052622	3,498	7,532,040
01/27/2018	0.050779	0.060047	0.042798	0.055212	9,280	6,886,780
01/26/2018	0.049558	0.053448	0.046328	0.050786	21,637	6,445,420
01/25/2018	0.059050	0.070918	0.045508	0.049693	29,715	7,707,570
01/24/2018	0.061443	0.071194	0.057609	0.064913	2,066	8,019,920
01/23/2018	0.055574	0.062090	0.050852	0.061468	2,449	7,328,260
01/22/2018	0.065472	0.072872	0.051854	0.055704	4,551	8,633,400
01/21/2018	0.074487	0.076575	0.062297	0.064680	3,107	9,822,210
01/20/2018	0.066515	0.076271	0.060713	0.074322	4,554	8,770,930
01/19/2018	0.065018	0.076339	0.060173	0.065908	4,351	8,573,530
01/18/2018	0.077993	0.078009	0.056841	0.065523	43,640	10,284,500
01/17/2018	0.053098	0.083252	0.050615	0.077540	9,882	7,001,720
01/16/2018	0.073527	0.086539	0.050586	0.053353	11,227	9,695,570
01/15/2018	0.085444	0.090842	0.073398	0.073398	14,050	11,280,500
01/14/2018	0.089851	0.097681	0.075299	0.085992	22,351	11,862,300
01/13/2018	0.087488	0.105163	0.087488	0.089786	8,213	11,550,400
01/12/2018	0.094262	0.113090	0.074292	0.087514	46,918	12,443,800
01/11/2018	0.109966	0.115100	0.074888	0.093298	68,277	14,509,300
01/10/2018	0.107428	0.117401	0.100922	0.110197	74,697	14,174,500
01/09/2018	0.079760	0.109717	0.079606	0.106654	96,096	10,523,900
01/08/2018	0.069790	0.085130	0.062767	0.079446	88,961	9,208,360
01/07/2018	0.107279	0.107279	0.050634	0.067061	48,760	14,154,800
01/06/2018	0.120783	0.120783	0.089313	0.107349	28,639	15,935,700
01/05/2018	0.156851	0.156851	0.101895	0.120414	127,324	20,694,400
01/04/2018	0.108136	0.176913	0.096693	0.156942	250,940	14,268,700
01/03/2018	0.073747	0.109539	0.066181	0.107692	75,323	9,723,620
01/02/2018	0.070586	0.083299	0.057625	0.073744	27,397	9,298,570
01/01/2018	0.075375	0.084075	0.065465	0.070568	8,904	9,929,420
12/31/2017	0.066696	0.078353	0.046733	0.075144	8,919	8,786,050
12/30/2017	0.072087	0.080026	0.063873	0.067365	8,012	9,494,360
12/29/2017	0.079357	0.081288	0.068120	0.072169	19,731	10,271,100
12/28/2017	0.075117	0.078888	0.067712	0.078859	17,550	9,722,330
12/27/2017	0.060846	0.082852	0.060589	0.075224	21,744	7,875,170
12/26/2017	0.065064	0.080997	0.059656	0.060204	8,716	8,221,620
12/25/2017	0.070131	0.077594	0.058358	0.065122	6,711	8,861,900
12/24/2017	0.075740	0.075740	0.053467	0.069502	14,569	9,570,710
12/23/2017	0.119379	0.127440	0.058134	0.074893	10,354	15,084,900
12/22/2017	0.072093	0.138194	0.052208	0.118407	25,650	9,109,850
12/21/2017	0.081646	0.086436	0.060293	0.071835	37,050	10,316,900
12/20/2017	0.084153	0.092246	0.059885	0.081534	23,158	10,633,800
12/19/2017	0.099889	0.103773	0.080394	0.084244	59,969	-
12/18/2017	0.081003	0.100715	0.072579	0.100147	46,063	-
12/17/2017	0.081859	0.091171	0.061575	0.080920	12,387	-
12/16/2017	0.098010	0.103217	0.057105	0.081762	4,789	-
12/15/2017	0.111269	0.111344	0.083583	0.097831	38,062	-
12/14/2017	0.097431	0.118609	0.087788	0.111162	36,969	-
12/13/2017	0.088498	0.105667	0.082068	0.097492	45,212	-
12/12/2017	0.118417	0.120262	0.076086	0.088431	24,453	-
12/11/2017	0.066201	0.119071	0.066081	0.119071	11,697	-
12/10/2017	0.085926	0.088202	0.065300	0.066290	2,423	-
12/09/2017	0.086483	0.102350	0.081089	0.085626	2,586	-
12/08/2017	0.103910	0.105488	0.075342	0.086553	6,561	-
12/07/2017	0.087899	0.153289	0.081055	0.103665	89,788	-
12/06/2017	0.119069	0.122355	0.076952	0.088120	23,151	-
12/05/2017	0.128671	0.131358	0.105579	0.119312	24,421	-
12/04/2017	0.131888	0.141577	0.108104	0.121667	24,462	21,102,100
12/03/2017	0.191657	0.201095	0.099675	0.132318	29,950	30,665,100
12/02/2017	0.084086	0.167893	0.080249	0.167634	27,967	13,453,800
12/01/2017	0.063698	0.084667	0.061928	0.084089	11,044	10,191,600
11/30/2017	0.084884	0.087688	0.056895	0.063856	9,543	13,581,500
11/29/2017	0.072569	0.111186	0.068041	0.083811	18,924	11,611,000
11/28/2017	0.050066	0.075286	0.047434	0.072511	9,346	8,010,600
11/27/2017	0.074453	0.127488	0.048754	0.050135	38,517	11,912,500
11/26/2017	0.058596	0.074540	0.046063	0.074472	3,699	9,375,410
11/25/2017	0.125989	0.126932	0.058486	0.058594	6,179	20,158,200
11/24/2017	0.064187	0.468882	0.042398	0.126009	40,331	10,269,900
11/23/2017	0.069283	0.072940	0.051957	0.064510	27,997	11,085,200
11/22/2017	0.056413	0.069124	0.056368	0.069124	43,434	9,026,130
11/21/2017	0.065786	0.434385	0.059426	0.061485	39,922	10,525,800
11/20/2017	0.060102	0.069848	0.057766	0.065890	36,530	9,616,310
11/19/2017	0.059334	0.658705	0.055270	0.060167	4,407	9,493,430
11/18/2017	0.067278	0.070287	0.057147	0.059488	1,784	10,764,500
11/17/2017	0.074351	0.079133	0.065793	0.067379	10,280	11,896,100
11/16/2017	0.056771	0.074874	0.055745	0.074402	8,349	9,083,320
11/15/2017	0.066166	0.076125	0.051294	0.056815	8,922	10,586,600
11/14/2017	0.072706	0.079081	0.049157	0.066130	12,083	11,633,000
11/13/2017	0.057795	0.074400	0.041709	0.072709	6,258	-
11/12/2017	0.072991	0.072991	0.054631	0.057703	1,288	-
11/11/2017	0.053818	0.073765	0.053754	0.072983	872	-
11/10/2017	0.041602	0.083354	0.041357	0.053973	26,614	-
11/09/2017	0.081523	0.085078	0.041282	0.041582	15,777	-
11/08/2017	0.078638	0.090652	0.062456	0.081966	35,857	-
11/07/2017	0.098697	0.098697	0.078628	0.078693	39,680	-
