Date	Open	High	Low	Close	Volume	Market Cap
07/15/2018	0.034387	0.035015	0.034103	0.034478	53,978	1,906,000
07/14/2018	0.034591	0.035345	0.034366	0.034433	55,029	1,917,360
07/13/2018	0.034593	0.036937	0.034425	0.034584	57,511	1,917,440
07/12/2018	0.035912	0.035912	0.033902	0.034485	47,569	1,990,530
07/11/2018	0.035044	0.037342	0.034745	0.035915	52,958	1,942,440
07/10/2018	0.037017	0.037141	0.034913	0.035030	58,317	2,051,780
07/09/2018	0.038699	0.038906	0.036878	0.037075	59,838	2,145,040
07/08/2018	0.039001	0.040354	0.038650	0.038761	63,004	2,161,770
07/07/2018	0.038171	0.039087	0.037366	0.038980	63,980	2,115,790
07/06/2018	0.037777	0.038834	0.037455	0.038208	60,049	2,093,940
07/05/2018	0.038278	0.039596	0.037461	0.037779	61,211	2,121,710
07/04/2018	0.036911	0.039343	0.036062	0.038113	58,785	2,045,920
07/03/2018	0.039218	0.039557	0.036860	0.036913	63,032	2,173,820
07/02/2018	0.037155	0.039562	0.036843	0.039243	61,211	2,059,460
07/01/2018	0.038946	0.039589	0.036674	0.037100	60,429	2,158,720
06/30/2018	0.034897	0.042289	0.034876	0.038904	81,110	1,934,300
06/29/2018	0.034625	0.035424	0.032448	0.034930	59,305	1,919,220
06/28/2018	0.035846	0.035942	0.033785	0.034728	62,964	1,986,880
06/27/2018	0.036466	0.037072	0.034150	0.035909	59,548	2,021,260
06/26/2018	0.037893	0.038318	0.036181	0.036181	63,344	2,100,370
06/25/2018	0.040503	0.041490	0.037870	0.037896	78,793	2,245,020
06/24/2018	0.041312	0.042521	0.037881	0.040659	68,428	2,289,840
06/23/2018	0.042548	0.043389	0.041008	0.041364	76,484	2,358,370
06/22/2018	0.052561	0.052561	0.042055	0.042401	77,652	2,913,390
06/21/2018	0.055408	0.056692	0.052615	0.052645	86,874	3,071,190
06/20/2018	0.057215	0.057215	0.054050	0.055409	100,596	3,171,340
06/19/2018	0.055352	0.067059	0.053637	0.057175	103,103	3,068,090
06/18/2018	0.053647	0.057126	0.051341	0.055533	101,065	2,973,600
06/17/2018	0.055412	0.056150	0.053138	0.053573	98,389	3,071,430
06/16/2018	0.055343	0.061426	0.054696	0.055270	105,376	3,067,600
06/15/2018	0.057690	0.059394	0.054190	0.055549	98,937	3,197,700
06/14/2018	0.053606	0.059261	0.051329	0.057586	105,327	2,971,310
06/13/2018	0.059254	0.061164	0.052795	0.053589	101,503	3,284,340
06/12/2018	0.064568	0.066153	0.058092	0.059108	95,794	3,578,900
06/11/2018	0.064270	0.064495	0.061257	0.064239	106,669	3,562,380
06/10/2018	0.075859	0.075859	0.062434	0.063987	112,514	4,204,790
06/09/2018	0.079248	0.082665	0.075903	0.075903	139,781	4,392,620
06/08/2018	0.081921	0.084548	0.079433	0.079433	130,908	4,540,790
06/07/2018	0.074062	0.085940	0.073514	0.081812	153,126	4,105,130
06/06/2018	0.077291	0.078626	0.072550	0.074016	132,667	4,284,120
06/05/2018	0.077806	0.080214	0.070375	0.077291	150,241	4,312,700
06/04/2018	0.090730	0.091274	0.077472	0.077883	140,654	5,029,020
06/03/2018	0.084373	0.090917	0.081551	0.090724	172,130	4,676,680
06/02/2018	0.096247	0.097611	0.078827	0.084584	188,049	5,334,830
06/01/2018	0.100905	0.120311	0.095808	0.096089	293,054	5,593,020
05/31/2018	0.099099	0.110927	0.093667	0.100799	570,841	5,492,910
05/30/2018	0.092698	0.113742	0.092698	0.099127	289,997	5,138,110
05/29/2018	0.111013	0.113128	0.081390	0.092370	681,133	6,153,320
05/28/2018	0.118049	0.119846	0.109862	0.111104	539,471	6,543,290
05/27/2018	0.124030	0.124054	0.116293	0.118095	571,184	6,874,800
05/26/2018	0.127197	0.130600	0.123675	0.123974	514,118	7,050,340
05/25/2018	0.135293	0.139765	0.125165	0.127452	538,719	7,499,110
05/24/2018	0.136257	0.145328	0.132806	0.135890	535,381	7,552,540
05/23/2018	0.150564	0.151155	0.135677	0.136371	582,343	8,345,540
05/22/2018	0.162543	0.163102	0.149460	0.150765	248,562	9,009,550
05/21/2018	0.174374	0.175269	0.156780	0.162405	155,890	9,665,310
05/20/2018	0.184535	0.188469	0.173627	0.173786	213,882	10,228,500
05/19/2018	0.189231	0.194027	0.177535	0.179869	294,072	10,488,800
05/18/2018	0.191112	0.191727	0.185608	0.190139	248,958	10,593,100
05/17/2018	0.193635	0.199305	0.189299	0.191023	267,398	9,585,530
05/16/2018	0.202895	0.203955	0.187848	0.193538	259,344	10,043,900
05/15/2018	0.206930	0.210775	0.200518	0.203557	255,850	10,243,700
05/14/2018	0.216494	0.236243	0.201686	0.207285	294,644	10,717,200
05/13/2018	0.210484	0.224091	0.205341	0.216343	378,596	10,419,600
05/12/2018	0.215096	0.221255	0.205179	0.210688	339,055	10,647,900
05/11/2018	0.230393	0.249861	0.213162	0.215679	385,932	11,405,200
05/10/2018	0.230394	0.244655	0.228691	0.229826	376,407	11,405,200
05/09/2018	0.229079	0.269568	0.215293	0.229440	481,455	11,340,100
05/08/2018	0.234609	0.247459	0.225419	0.229361	326,778	11,613,900
05/07/2018	0.257362	0.259806	0.225854	0.230686	371,000	12,740,200
05/06/2018	0.277640	0.282465	0.254682	0.258635	394,206	13,744,100
05/05/2018	0.254433	0.279929	0.252226	0.279006	449,298	12,595,200
05/04/2018	0.270348	0.274919	0.248819	0.252229	479,389	13,383,100
05/03/2018	0.273724	0.291167	0.254692	0.269740	507,273	13,550,200
05/02/2018	0.281345	0.283996	0.265921	0.273542	510,037	13,927,400
05/01/2018	0.325692	0.325692	0.274908	0.282345	532,975	16,122,800
04/30/2018	0.395208	0.404145	0.305878	0.323117	778,368	19,564,000
04/29/2018	0.267058	0.400388	0.265737	0.396301	848,960	13,220,200
04/28/2018	0.215229	0.273730	0.209094	0.266804	200,680	10,654,500
04/27/2018	0.221820	0.249691	0.212092	0.216983	153,893	10,980,800
04/26/2018	0.224778	0.239835	0.208811	0.217454	67,891	11,127,200
04/25/2018	0.259877	0.308795	0.222988	0.224082	45,921	12,864,700
04/24/2018	0.308128	0.332214	0.251764	0.260472	58,573	-
04/23/2018	0.304883	0.308110	0.304883	0.308110	102,017	-
