Date	Open	High	Low	Close	Volume	Market Cap
07/15/2018	0.000009	0.000014	0.000009	0.000013	51	65,775
07/14/2018	0.000009	0.000009	0.000009	0.000009	1,886	66,227
07/13/2018	0.000009	0.000010	0.000006	0.000009	998	67,393
07/12/2018	0.000009	0.000009	0.000005	0.000009	3,477	67,164
07/11/2018	0.000010	0.000011	0.000007	0.000009	6,562	73,526
07/10/2018	0.000007	0.000010	0.000005	0.000010	895	50,821
07/09/2018	0.000010	0.000011	0.000006	0.000007	3,103	73,248
07/08/2018	0.000010	0.000010	0.000005	0.000010	20,207	73,197
07/07/2018	0.000014	0.000014	0.000006	0.000010	7,717	106,012
07/06/2018	0.000009	0.000014	0.000009	0.000014	7,320	70,591
07/05/2018	0.000023	0.000024	0.000005	0.000009	22,883	175,889
07/04/2018	0.000028	0.000032	0.000019	0.000023	13,626	208,733
07/03/2018	0.000048	0.000048	0.000023	0.000028	22,189	358,664
07/02/2018	0.000041	0.000048	0.000036	0.000048	9,290	307,152
07/01/2018	0.000036	0.000045	0.000031	0.000041	17,749	274,234
06/30/2018	0.000045	0.000050	0.000031	0.000036	13,250	337,507
06/29/2018	0.000030	0.000053	0.000012	0.000045	37,307	227,021
06/28/2018	0.000034	0.000048	0.000015	0.000030	10,927	260,856
06/27/2018	0.000060	0.000074	0.000030	0.000034	69,806	428,471
06/26/2018	0.000060	0.000064	0.000046	0.000060	38,456	424,873
06/25/2018	0.000055	0.000070	0.000054	0.000060	19,351	388,968
06/24/2018	0.000044	0.000067	0.000043	0.000055	26,466	314,071
06/23/2018	0.000042	0.000057	0.000038	0.000044	15,557	301,097
06/22/2018	0.000072	0.000077	0.000038	0.000042	19,575	508,938
06/21/2018	0.000054	0.000132	0.000048	0.000072	44,056	382,437
06/20/2018	0.000066	0.000111	0.000047	0.000054	14,657	466,525
06/19/2018	0.000067	0.000079	0.000063	0.000065	10,196	473,434
06/18/2018	0.000065	0.000085	0.000065	0.000067	8,856	464,746
06/17/2018	0.000075	0.000080	0.000065	0.000065	6,339	532,777
06/16/2018	0.000117	0.000120	0.000062	0.000075	5,429	833,711
06/15/2018	0.000090	0.000151	0.000068	0.000118	10,267	637,666
06/14/2018	0.000082	0.000110	0.000074	0.000090	19,680	586,076
06/13/2018	0.000090	0.000095	0.000057	0.000082	15,928	636,498
06/12/2018	0.000090	0.000094	0.000068	0.000089	19,753	641,889
06/11/2018	0.000076	0.000097	0.000075	0.000090	4,328	539,981
06/10/2018	0.000112	0.000121	0.000068	0.000076	11,982	795,757
06/09/2018	0.000138	0.000140	0.000077	0.000112	15,174	983,782
06/08/2018	0.000144	0.000151	0.000110	0.000138	9,172	1,021,390
06/07/2018	0.000148	0.000161	0.000131	0.000143	18,935	1,055,260
06/06/2018	0.000161	0.000184	0.000133	0.000148	32,854	1,144,970
06/05/2018	0.000145	0.000184	0.000118	0.000161	30,893	1,030,220
06/04/2018	0.000186	0.000234	0.000080	0.000145	52,999	1,319,350
06/03/2018	0.000059	0.000278	0.000059	0.000174	119,867	421,866
06/02/2018	0.000149	0.000151	0.000035	0.000059	22,627	1,056,880
06/01/2018	0.000219	0.000222	0.000147	0.000149	455,753	1,559,130
05/31/2018	0.000152	0.000287	0.000147	0.000220	734,210	1,078,810
05/30/2018	0.000159	0.000370	0.000084	0.000152	805,455	1,126,850
05/29/2018	0.001369	0.001872	0.000098	0.000159	219,933	9,735,860
05/28/2018	0.002100	0.002386	0.000959	0.001372	503,057	14,932,700
05/27/2018	0.002858	0.003252	0.002050	0.002061	54,509	20,317,600
05/26/2018	0.002668	0.006046	0.002299	0.002852	87,875	18,969,000
05/25/2018	0.003479	0.004289	0.002555	0.002660	97,256	24,733,200
05/24/2018	0.004076	0.004628	0.003020	0.003478	115,799	28,975,800
05/23/2018	0.003864	0.006012	0.003634	0.004085	121,106	27,472,200
05/22/2018	0.005325	0.007283	0.003525	0.003880	223,701	-
05/21/2018	0.006689	0.007184	0.005142	0.005172	136,037	-
05/20/2018	0.007488	0.008449	0.006550	0.006689	92,293	-
05/19/2018	0.008424	0.008640	0.006811	0.007465	88,275	-
05/18/2018	0.007922	0.023405	0.005746	0.008666	116,476	-
05/17/2018	0.008597	0.008915	0.006878	0.007923	35,561	-
05/16/2018	0.009003	0.009274	0.007136	0.008582	44,950	-
05/15/2018	0.009406	0.009979	0.007596	0.009002	111,213	-
05/14/2018	0.006894	0.010720	0.005362	0.009277	197,288	-
05/13/2018	0.006220	0.007351	0.005889	0.006789	106,231	-
05/12/2018	0.004715	0.006745	0.003822	0.006275	91,916	-
05/11/2018	0.004707	0.004836	0.004174	0.004725	60,307	-
