Date	Open	High	Low	Close	Volume	Market Cap
07/15/2018	0.046624	0.049109	0.046442	0.048120	179,716	2,085,490
07/14/2018	0.046501	0.046996	0.045423	0.046668	161,245	2,079,980
07/13/2018	0.047408	0.048217	0.044868	0.046412	189,272	2,120,560
07/12/2018	0.042858	0.047572	0.041164	0.047269	164,775	1,917,030
07/11/2018	0.042459	0.043852	0.041637	0.042858	180,000	1,899,210
07/10/2018	0.045769	0.045769	0.042356	0.042458	136,564	2,047,260
07/09/2018	0.049164	0.049351	0.043454	0.045804	334,337	2,199,100
07/08/2018	0.049623	0.050176	0.046111	0.049171	554	2,219,640
07/07/2018	0.048850	0.049674	0.047215	0.049582	14,921	2,185,050
07/06/2018	0.041688	0.048944	0.041074	0.048869	163,824	1,864,700
07/05/2018	0.044870	0.047142	0.039097	0.041707	167,418	2,007,030
07/04/2018	0.046192	0.046354	0.039062	0.044713	154,282	2,066,180
07/03/2018	0.050492	0.051064	0.046086	0.046171	181,802	2,258,520
07/02/2018	0.043818	0.050965	0.043147	0.050452	176,231	1,960,000
07/01/2018	0.043120	0.049104	0.041220	0.043786	172,003	1,928,750
06/30/2018	0.040020	0.043939	0.038497	0.043077	149,554	1,790,080
06/29/2018	0.042580	0.045389	0.037714	0.039994	115,168	1,904,610
06/28/2018	0.050350	0.051842	0.034190	0.042565	127,671	2,252,170
06/27/2018	0.048163	0.051307	0.048163	0.050257	137,807	2,154,320
05/04/2018	0.070476	0.077371	0.070428	0.077091	1,799	-
