Date	Open	High	Low	Close	Volume	Market Cap
07/15/2018	0.372270	0.434468	0.367841	0.387068	388,818	1,306,490
07/14/2018	0.381484	0.408166	0.352779	0.371789	401,615	1,338,830
07/13/2018	0.382338	0.386166	0.354780	0.381595	385,315	1,341,830
07/12/2018	0.453531	0.453531	0.327979	0.381830	335,980	1,591,680
07/11/2018	0.590010	0.592786	0.407083	0.453669	271,886	2,070,660
07/10/2018	0.684393	0.685173	0.589543	0.589648	327,633	2,401,900
07/09/2018	0.703874	0.741875	0.684623	0.684998	309,400	-
07/08/2018	0.763949	0.766331	0.702147	0.703604	329,552	-
07/07/2018	0.762357	0.768971	0.745332	0.764377	357,561	-
07/06/2018	0.775812	0.775812	0.727034	0.762775	357,028	-
07/05/2018	0.789913	0.790023	0.716568	0.775929	347,549	-
