Date	Open	High	Low	Close	Volume	Market Cap
07/15/2018	0.008564	0.008752	0.008467	0.008695	731,502	-
07/14/2018	0.008656	0.008789	0.008415	0.008566	996,650	-
07/13/2018	0.008461	0.008903	0.008287	0.008680	1,301,090	-
07/12/2018	0.008715	0.008715	0.008301	0.008452	925,680	-
07/11/2018	0.008361	0.008877	0.008361	0.008664	1,198,850	-
07/10/2018	0.009511	0.009627	0.008373	0.008527	500,678	-
07/09/2018	0.010429	0.010527	0.009497	0.009518	746,932	-
07/08/2018	0.010416	0.010700	0.010344	0.010395	1,044,970	-
07/07/2018	0.010069	0.010521	0.009852	0.010440	1,014,270	-
07/06/2018	0.010079	0.010106	0.009745	0.010100	976,710	-
07/05/2018	0.009943	0.010205	0.009522	0.010095	901,055	-
07/04/2018	0.009889	0.010110	0.009453	0.009922	793,713	-
07/03/2018	0.009870	0.010128	0.009748	0.009909	992,462	-
07/02/2018	0.009459	0.010164	0.009376	0.009936	898,106	-
07/01/2018	0.009483	0.009686	0.009365	0.009526	748,018	-
06/30/2018	0.009292	0.009804	0.009292	0.009481	562,224	-
06/29/2018	0.008824	0.009458	0.008758	0.009279	703,867	-
06/28/2018	0.009059	0.009362	0.008768	0.008818	657,368	-
06/27/2018	0.009124	0.009287	0.008963	0.009056	520,070	-
06/26/2018	0.009539	0.009731	0.009040	0.009108	510,592	-
06/25/2018	0.009526	0.009846	0.009395	0.009553	430,016	-
06/24/2018	0.009901	0.009957	0.008951	0.009545	377,522	-
06/23/2018	0.009900	0.010222	0.009813	0.009977	455,042	-
06/22/2018	0.011347	0.011455	0.009682	0.009898	459,753	-
06/21/2018	0.012167	0.012167	0.011313	0.011360	601,819	-
06/20/2018	0.012615	0.012681	0.011899	0.012117	642,106	-
06/19/2018	0.012874	0.013109	0.012467	0.012524	680,659	-
06/18/2018	0.012049	0.012987	0.011953	0.012880	511,104	-
06/17/2018	0.012573	0.012727	0.012069	0.012162	539,132	-
06/16/2018	0.012214	0.012660	0.012214	0.012540	694,862	-
06/15/2018	0.013066	0.013082	0.012186	0.012258	654,127	-
06/14/2018	0.012091	0.013029	0.011952	0.013029	647,260	-
06/13/2018	0.013721	0.013819	0.011917	0.012096	649,107	-
06/12/2018	0.014798	0.014926	0.013602	0.013685	1,191,920	-
06/11/2018	0.014276	0.014881	0.014093	0.014805	927,212	-
06/10/2018	0.016212	0.016212	0.014103	0.014255	872,942	-
06/09/2018	0.016416	0.016670	0.016191	0.016191	1,284,050	-
06/08/2018	0.016301	0.016472	0.016236	0.016423	1,009,440	-
06/07/2018	0.016207	0.016559	0.016207	0.016288	1,251,530	-
06/06/2018	0.015830	0.016580	0.015796	0.016200	1,009,930	-
06/05/2018	0.016142	0.016154	0.014922	0.015835	1,141,550	-
06/04/2018	0.016479	0.016621	0.015849	0.016135	1,026,030	-
06/03/2018	0.016183	0.016880	0.016157	0.016472	1,281,570	-
06/02/2018	0.015631	0.016705	0.015211	0.016182	1,212,830	-
06/01/2018	0.015476	0.016330	0.015468	0.015637	752,440	-
05/31/2018	0.015142	0.015677	0.013720	0.015465	985,964	-
05/30/2018	0.016250	0.016430	0.014585	0.015145	880,098	-
05/29/2018	0.014193	0.016428	0.013988	0.016246	1,029,810	-
05/28/2018	0.015220	0.015529	0.014154	0.014199	838,923	-
05/27/2018	0.015026	0.015828	0.014819	0.015216	1,132,140	-
05/26/2018	0.015652	0.016159	0.014944	0.015018	726,990	-
05/25/2018	0.016060	0.016613	0.015502	0.015673	991,891	-
05/24/2018	0.015462	0.016547	0.015132	0.016030	965,496	-
05/23/2018	0.017434	0.017826	0.015371	0.015501	691,092	-
05/22/2018	0.018356	0.019011	0.017354	0.017452	948,087	-
05/21/2018	0.020204	0.020227	0.018212	0.018361	922,435	-
05/20/2018	0.019283	0.020193	0.019016	0.019895	904,129	-
05/19/2018	0.019122	0.019358	0.018033	0.019108	970,214	-
05/18/2018	0.017643	0.019176	0.017631	0.019124	776,252	-
05/17/2018	0.018428	0.019704	0.017527	0.017628	722,433	-
05/16/2018	0.019698	0.019713	0.018190	0.018417	558,791	-
05/15/2018	0.020504	0.020759	0.018218	0.019765	697,649	-
05/14/2018	0.019735	0.020538	0.018808	0.020538	859,034	-
05/13/2018	0.018820	0.019835	0.018558	0.019738	531,363	-
05/12/2018	0.019087	0.019325	0.017643	0.018827	623,029	-
05/11/2018	0.018242	0.019247	0.018242	0.019141	609,893	-
