Date	Open	High	Low	Close	Volume	Market Cap
07/15/2018	0.001261	0.001280	0.000628	0.001271	46	82,970
07/14/2018	0.001631	0.001970	0.001253	0.001261	144	107,326
07/13/2018	0.001326	0.001899	0.000745	0.001636	524	87,276
07/12/2018	0.001325	0.001938	0.001293	0.001325	248	87,210
07/11/2018	0.001949	0.001974	0.001267	0.001326	304	128,225
07/10/2018	0.002256	0.002362	0.001537	0.001949	954	148,467
07/09/2018	0.001776	0.002367	0.001527	0.002258	567	116,888
07/08/2018	0.001796	0.002120	0.001573	0.001777	473	118,192
07/07/2018	0.001322	0.001974	0.001304	0.001798	97	87,009
07/06/2018	0.001307	0.001978	0.001292	0.001325	1,239	86,009
07/05/2018	0.001976	0.001985	0.001294	0.001307	223	130,036
07/04/2018	0.001300	0.002007	0.001287	0.001972	312	85,547
07/03/2018	0.001985	0.002012	0.001295	0.001301	589	130,597
07/02/2018	0.001992	0.002006	0.001282	0.001994	595	131,091
07/01/2018	0.001860	0.002001	0.001350	0.001992	136	122,385
06/30/2018	0.001847	0.001925	0.001282	0.001859	237	121,547
06/29/2018	0.001799	0.001876	0.001178	0.001845	418	118,361
06/28/2018	0.001557	0.002106	0.001341	0.001798	346	102,429
06/27/2018	0.001822	0.001880	0.001210	0.001556	155	119,921
06/26/2018	0.001883	0.001887	0.001236	0.001823	745	123,903
06/25/2018	0.001231	0.001896	0.000615	0.001883	727	80,978
06/24/2018	0.001264	0.001783	0.000580	0.001233	11,685	83,178
06/23/2018	0.001225	0.001871	0.001223	0.001264	130	80,633
06/22/2018	0.002014	0.002018	0.001204	0.001225	3,533	132,551
06/21/2018	0.001386	0.002051	0.001345	0.002017	8,319	91,202
06/20/2018	0.001352	0.002071	0.001319	0.001386	1,037	88,993
06/19/2018	0.002020	0.002040	0.001346	0.001352	3,761	132,921
06/18/2018	0.001943	0.002021	0.001286	0.002021	1,743	127,864
06/17/2018	0.001318	0.001973	0.001317	0.001950	341	86,696
06/16/2018	0.001927	0.001972	0.001274	0.001314	3,201	126,776
06/15/2018	0.001992	0.001994	0.001307	0.001934	321	131,056
06/14/2018	0.001277	0.002004	0.001272	0.001995	966	84,003
06/13/2018	0.001975	0.001987	0.001258	0.001277	664	129,953
06/12/2018	0.001388	0.002083	0.001307	0.001970	1,830	91,337
06/11/2018	0.002034	0.002728	0.001339	0.001389	14,687	133,870
06/10/2018	0.003002	0.003002	0.002009	0.002032	10,358	197,522
06/09/2018	0.002289	0.003806	0.001531	0.002998	70,795	150,605
06/08/2018	0.001548	0.004553	0.001531	0.002290	352,139	101,848
06/07/2018	0.001551	0.002317	0.001543	0.001547	26,268	102,074
06/06/2018	0.001554	0.002999	0.000798	0.001550	116,369	102,276
06/05/2018	0.000789	0.002278	0.000789	0.002218	12,542	51,889
06/04/2018	0.003095	0.003861	0.000773	0.001526	145,435	203,632
06/03/2018	0.004594	0.004605	0.003067	0.003093	8,176	302,318
06/02/2018	0.004519	0.005361	0.003765	0.004595	5,114	297,354
06/01/2018	0.004510	0.007535	0.003717	0.004521	109,114	296,765
05/31/2018	0.005132	0.007329	0.003808	0.004507	124,292	337,705
05/30/2018	0.002239	0.010787	0.002192	0.004161	7,901	147,357
05/29/2018	0.002029	0.002888	0.002018	0.002238	51	133,518
05/28/2018	0.002204	0.002777	0.002027	0.002030	14	145,004
05/27/2018	0.002023	0.002637	0.001966	0.002203	629	133,124
05/26/2018	0.002222	0.002266	0.002012	0.002022	260	146,231
05/25/2018	0.001927	0.002231	0.001843	0.002225	479	126,825
05/24/2018	0.002293	0.003023	0.001905	0.001924	623	150,880
05/23/2018	0.002401	0.003208	0.002264	0.002299	332	158,007
05/22/2018	0.003250	0.003362	0.002390	0.002404	367	213,835
05/21/2018	0.003846	0.003849	0.002491	0.003250	513	253,104
05/20/2018	0.002537	0.003541	0.002520	0.003505	85	166,916
05/19/2018	0.002472	0.003171	0.002455	0.002954	126	162,669
05/18/2018	0.002510	0.003308	0.002432	0.002472	1,781	165,149
05/17/2018	0.002521	0.002823	0.002467	0.002508	701	165,903
05/16/2018	0.002588	0.003252	0.002480	0.002520	110	170,297
05/15/2018	0.002691	0.003305	0.002557	0.002589	194	177,102
05/14/2018	0.002658	0.003519	0.002531	0.002696	152	174,885
05/13/2018	0.003387	0.003410	0.002639	0.002658	113	222,879
05/12/2018	0.003350	0.003422	0.002492	0.003388	333	220,415
05/11/2018	0.003615	0.003615	0.002557	0.003360	183	237,888
05/10/2018	0.003425	0.003752	0.002730	0.003611	130	225,351
05/09/2018	0.003679	0.003679	0.002723	0.003426	806	242,082
05/08/2018	0.003742	0.004703	0.002731	0.003685	2,051	246,200
05/07/2018	0.003754	0.004715	0.002820	0.003734	2,125	247,027
05/06/2018	0.003099	0.003855	0.002953	0.003751	174	203,929
05/05/2018	0.002917	0.004036	0.002913	0.003097	631	191,951
05/04/2018	0.003787	0.004834	0.002908	0.002918	1,165	249,215
05/03/2018	0.003570	0.004389	0.002824	0.003789	2,924	234,913
05/02/2018	0.004536	0.004579	0.002724	0.003570	2,523	298,457
05/01/2018	0.003529	0.004542	0.002660	0.004542	474	232,246
04/30/2018	0.002820	0.004590	0.002794	0.003526	3,166	185,593
04/29/2018	0.003738	0.003810	0.002775	0.002821	638	245,977
04/28/2018	0.002802	0.004695	0.002240	0.003740	2,583	184,380
04/27/2018	0.003723	0.004623	0.002222	0.002812	903	244,983
04/26/2018	0.004406	0.004449	0.003472	0.003718	446	289,958
04/25/2018	0.003956	0.004728	0.003545	0.004370	4,014	260,338
04/24/2018	0.003654	0.005510	0.003652	0.003983	890	240,415
04/23/2018	0.003185	0.005334	0.002587	0.003650	9,839	209,560
04/22/2018	0.002685	0.003537	0.002524	0.003191	767	176,683
04/21/2018	0.003516	0.003569	0.002641	0.002685	118	231,343
04/20/2018	0.003265	0.003522	0.002558	0.003515	702	214,867
04/19/2018	0.003971	0.003971	0.002483	0.003263	1,797	261,271
04/18/2018	0.003190	0.004015	0.003122	0.003968	1,414	209,907
04/17/2018	0.003154	0.004860	0.002432	0.003187	7,606	207,535
04/16/2018	0.002672	0.003243	0.002405	0.003152	73	175,842
04/15/2018	0.003200	0.003931	0.002476	0.002673	1,644	210,600
04/14/2018	0.003147	0.004026	0.002357	0.003197	1,495	207,066
04/13/2018	0.003256	0.003459	0.002422	0.003147	544	214,250
04/12/2018	0.002777	0.003267	0.002050	0.003252	97	182,759
04/11/2018	0.002742	0.003529	0.002075	0.002784	189	180,420
04/10/2018	0.002611	0.002813	0.002561	0.002739	1,108	171,831
04/09/2018	0.003072	0.003335	0.002589	0.002609	291	202,117
04/08/2018	0.002840	0.003505	0.002772	0.003067	117	186,870
04/07/2018	0.002763	0.003218	0.002760	0.002837	184	181,828
04/06/2018	0.002715	0.003412	0.002634	0.002760	148	178,645
04/05/2018	0.002724	0.002766	0.002637	0.002729	85	179,250
04/04/2018	0.002971	0.003468	0.002698	0.002723	221	195,472
04/03/2018	0.003521	0.003741	0.002922	0.002973	2,293	231,689
04/02/2018	0.002927	0.004214	0.002766	0.003518	715	192,594
04/01/2018	0.003305	0.003744	0.002903	0.002913	4,188	217,505
03/31/2018	0.003358	0.003963	0.003300	0.003305	803	220,954
03/30/2018	0.003538	0.004157	0.003304	0.003357	2,837	232,799
03/29/2018	0.004078	0.004393	0.003340	0.003547	3,300	268,322
03/28/2018	0.003867	0.004845	0.003846	0.004072	133	254,490
03/27/2018	0.004025	0.004594	0.003707	0.003868	1,202	264,853
03/26/2018	0.004229	0.004253	0.003882	0.004031	173	278,312
03/25/2018	0.004493	0.005159	0.004214	0.004233	637	295,657
03/24/2018	0.005304	0.005455	0.004323	0.004556	724	349,015
03/23/2018	0.005057	0.005547	0.004479	0.005247	4,632	332,772
03/22/2018	0.005555	0.006407	0.004438	0.005094	5,945	365,503
03/21/2018	0.003105	0.008057	0.003100	0.005565	18,536	204,294
03/20/2018	0.003863	0.003863	0.002880	0.003099	866	254,222
03/19/2018	0.003318	0.004165	0.003135	0.003821	740	218,341
03/18/2018	0.003946	0.004439	0.003064	0.003332	323	259,656
03/17/2018	0.004964	0.004979	0.003874	0.003956	774	326,671
03/16/2018	0.003857	0.005100	0.003173	0.004956	1,299	253,828
03/15/2018	0.004923	0.004954	0.003808	0.003860	564	323,957
03/14/2018	0.004563	0.005528	0.003998	0.004925	783	300,278
03/13/2018	0.004363	0.005260	0.003872	0.004563	475	287,088
03/12/2018	0.003738	0.004398	0.003590	0.004387	777	245,981
03/11/2018	0.004366	0.005140	0.003195	0.003750	789	287,298
03/10/2018	0.005980	0.006017	0.004360	0.004381	531	393,474
03/09/2018	0.004204	0.006002	0.002717	0.005978	385	276,650
03/08/2018	0.004955	0.005056	0.003628	0.004231	1,884	326,081
03/07/2018	0.006518	0.006613	0.003968	0.004962	1,349	428,888
03/06/2018	0.006912	0.006912	0.005656	0.006525	1,184	454,836
03/05/2018	0.007971	0.008058	0.006198	0.006929	395	524,497
03/04/2018	0.007793	0.007977	0.006658	0.007977	305	512,772
03/03/2018	0.007709	0.007921	0.006734	0.007806	4,534	507,245
03/02/2018	0.007583	0.007774	0.006803	0.007718	526	498,966
03/01/2018	0.007502	0.008655	0.006250	0.007605	1,496	493,664
02/28/2018	0.007453	0.008500	0.007071	0.008160	858	490,429
02/27/2018	0.007213	0.007512	0.006185	0.007462	2,658	474,618
02/26/2018	0.006346	0.007279	0.005857	0.007192	452	417,595
02/25/2018	0.005910	0.006760	0.005853	0.006338	1,014	388,893
02/24/2018	0.006379	0.007791	0.005727	0.005919	1,018	419,771
02/23/2018	0.007488	0.007488	0.005877	0.006387	662	492,750
02/22/2018	0.007424	0.008078	0.006971	0.007495	1,653	488,488
02/21/2018	0.008209	0.008724	0.007236	0.007431	594	540,171
02/20/2018	0.008997	0.010314	0.008131	0.008219	3,113	592,047
02/19/2018	0.009328	0.010027	0.008435	0.008989	656	613,838
02/18/2018	0.008963	0.010155	0.008388	0.009372	433	589,756
02/17/2018	0.008890	0.010264	0.008725	0.008935	1,203	584,956
02/16/2018	0.008184	0.009170	0.007939	0.008891	1,514	538,531
02/15/2018	0.008304	0.009921	0.007627	0.008218	983	546,436
02/14/2018	0.007658	0.009021	0.006929	0.008996	1,422	503,885
02/13/2018	0.008708	0.008748	0.006778	0.006833	994	572,994
02/12/2018	0.007301	0.008792	0.006999	0.008692	2,278	480,444
02/11/2018	0.008265	0.008386	0.006880	0.007255	1,499	543,876
02/10/2018	0.008279	0.009588	0.007366	0.008276	1,622	544,772
02/09/2018	0.007614	0.008947	0.006759	0.008271	2,902	500,998
02/08/2018	0.007517	0.009276	0.007169	0.007590	884	494,612
02/07/2018	0.006190	0.009020	0.006022	0.007547	1,904	407,292
02/06/2018	0.006833	0.007604	0.004374	0.006252	10,392	449,608
02/05/2018	0.009756	0.009936	0.006737	0.006824	3,644	641,992
02/04/2018	0.011019	0.012043	0.008868	0.009852	1,271	725,045
02/03/2018	0.008879	0.011769	0.007725	0.011013	7,295	584,248
02/02/2018	0.010898	0.010898	0.007960	0.008849	9,409	717,098
02/01/2018	0.011291	0.012308	0.009531	0.010920	3,595	742,967
01/31/2018	0.012172	0.012793	0.010993	0.011265	5,635	800,943
01/30/2018	0.014773	0.014773	0.011093	0.012153	22,067	972,125
01/29/2018	0.014509	0.015873	0.013333	0.014768	11,440	954,708
01/28/2018	0.014866	0.016686	0.014033	0.014523	20,058	978,200
01/27/2018	0.016625	0.018750	0.012632	0.014790	29,517	1,093,960
01/26/2018	0.018905	0.021731	0.015152	0.016636	37,996	1,244,000
01/25/2018	0.013995	0.021534	0.013636	0.018956	37,779	920,923
01/24/2018	0.018445	0.019462	0.013778	0.016928	32,205	1,213,730
01/23/2018	0.021536	0.021843	0.016585	0.018456	72,504	1,417,130
01/22/2018	0.028305	0.028677	0.019787	0.020605	249,691	1,862,540
01/21/2018	0.016629	0.033616	0.014434	0.027924	805,012	1,094,220
01/20/2018	0.011191	0.020463	0.010506	0.017867	33,335	736,407
01/19/2018	0.010156	0.011746	0.009268	0.011072	9,215	668,292
01/18/2018	0.010034	0.012315	0.009268	0.010263	11,311	660,252
01/17/2018	0.009469	0.010558	0.007151	0.009995	9,944	623,062
01/16/2018	0.013759	0.013759	0.006993	0.009517	12,684	905,386
01/15/2018	0.016218	0.016708	0.012854	0.013741	21,933	1,067,180
01/14/2018	0.018670	0.019677	0.015380	0.016336	22,036	1,228,520
01/13/2018	0.015499	0.019881	0.012854	0.018658	88,020	1,019,850
01/12/2018	0.015526	0.016626	0.013081	0.015517	83,211	1,021,670
01/11/2018	0.019898	0.020303	0.012343	0.015424	96,125	1,309,340
01/10/2018	0.025898	0.029584	0.016601	0.019919	115,496	1,704,160
01/09/2018	0.035477	0.035477	0.021188	0.025864	69,618	2,334,440
01/08/2018	0.020063	0.042136	0.019202	0.035578	127,002	1,320,170
01/07/2018	0.017917	0.020143	0.012865	0.020086	33,721	1,178,990
01/06/2018	0.018153	0.020180	0.014271	0.017930	17,047	1,194,540
01/05/2018	0.016372	0.019675	0.014942	0.018140	21,165	1,077,280
01/04/2018	0.022592	0.022632	0.012958	0.016368	51,540	1,486,620
01/03/2018	0.011079	0.024408	0.010186	0.020524	97,004	729,017
01/02/2018	0.009210	0.011831	0.008762	0.011117	14,570	606,050
01/01/2018	0.009440	0.010135	0.008488	0.009210	7,857	621,192
12/31/2017	0.008866	0.010094	0.008264	0.009405	8,812	583,395
12/30/2017	0.009139	0.010839	0.007348	0.008962	11,270	601,361
12/29/2017	0.009972	0.010947	0.008733	0.009161	9,392	656,165
12/28/2017	0.010541	0.012605	0.008132	0.009870	9,649	693,601
12/27/2017	0.010600	0.010659	0.008323	0.010536	10,847	697,482
12/26/2017	0.008080	0.011016	0.007972	0.010746	238,915	531,702
12/25/2017	0.007839	0.009662	0.007715	0.008089	258,330	515,817
12/24/2017	0.008364	0.009426	0.006790	0.007756	6,372	550,360
12/23/2017	0.008748	0.009965	0.008097	0.008272	5,435	575,608
12/22/2017	0.010530	0.010634	0.007326	0.008666	4,818	692,934
12/21/2017	0.009396	0.011706	0.009088	0.010494	411,591	618,283
12/20/2017	0.012861	0.012861	0.008121	0.009372	443,008	846,306
12/19/2017	0.014929	0.014940	0.012277	0.012874	392,888	982,355
12/18/2017	0.012243	0.016085	0.011001	0.014916	373,992	805,633
12/17/2017	0.011108	0.014939	0.009475	0.012206	601,071	730,922
12/16/2017	0.010041	0.012207	0.009808	0.011301	419,691	660,718
12/15/2017	0.009953	0.011350	0.009628	0.010027	291,094	654,906
12/14/2017	0.009824	0.010461	0.009246	0.009938	339,137	646,467
12/13/2017	0.011222	0.011388	0.009562	0.010020	281,689	738,461
12/12/2017	0.009668	0.011363	0.009111	0.011213	234,002	636,151
12/11/2017	0.011885	0.012830	0.009190	0.009637	6,912	782,053
12/10/2017	0.012772	0.012772	0.009879	0.011971	279,072	840,423
12/09/2017	0.008620	0.012726	0.007739	0.012720	294,050	567,224
12/08/2017	0.008678	0.008996	0.006857	0.008629	422,731	571,015
12/07/2017	0.007970	0.009365	0.007569	0.008657	351,518	524,432
12/06/2017	0.008061	0.008683	0.006540	0.007984	315,763	530,443
12/05/2017	0.008750	0.008780	0.007840	0.008079	13,627	575,770
12/04/2017	0.008435	0.008872	0.007997	0.008733	214,542	555,064
12/03/2017	0.008961	0.010029	0.007512	0.008407	382,976	589,687
12/02/2017	0.009478	0.009680	0.007803	0.008953	237,241	623,671
12/01/2017	0.009159	0.011661	0.008094	0.009699	325,304	602,705
11/30/2017	0.006981	0.013600	0.006767	0.009205	351,256	459,388
11/29/2017	0.003731	0.010310	0.003722	0.006876	389,836	245,524
11/28/2017	0.004683	0.004696	0.003453	0.003735	8,171	308,149
11/27/2017	0.005418	0.005618	0.004323	0.004671	359,542	356,519
11/26/2017	0.005510	0.005602	0.004915	0.005417	11,685	362,584
11/25/2017	0.006074	0.006074	0.005011	0.005512	218,898	399,713
11/24/2017	0.004822	0.006177	0.004822	0.006087	373,040	317,314
11/23/2017	0.005265	0.006087	0.004816	0.004829	18,583	346,445
11/22/2017	0.005277	0.006834	0.004975	0.005267	234,910	347,253
11/21/2017	0.005683	0.005767	0.004872	0.005264	337,347	373,967
11/20/2017	0.006596	0.006680	0.005110	0.005682	276,678	434,049
11/19/2017	0.006853	0.007151	0.006174	0.006599	236,973	450,940
11/18/2017	0.006688	0.008490	0.006099	0.006866	2,488,090	440,072
11/17/2017	0.007453	0.009482	0.006404	0.006714	727,665	490,395
11/16/2017	0.006354	0.007968	0.006095	0.007700	1,119,360	418,131
11/15/2017	0.006607	0.007201	0.006219	0.006321	321,915	434,733
11/14/2017	0.006923	0.008217	0.005719	0.006602	685,005	455,537
11/13/2017	0.006341	0.007492	0.006341	0.006908	631,507	417,248
11/12/2017	0.006961	0.007700	0.005886	0.006332	736,398	458,057
11/11/2017	0.007889	0.008206	0.006677	0.007146	1,006,080	519,084
11/10/2017	0.009269	0.012625	0.006641	0.007917	1,028,240	609,928
11/09/2017	0.007989	0.010658	0.006963	0.009242	889,833	525,686
11/08/2017	0.008748	0.009503	0.007025	0.007923	411,761	575,618
11/07/2017	0.008079	0.009974	0.007328	0.008775	246,537	531,592
11/06/2017	0.006628	0.010400	0.005035	0.008092	296,138	436,160
11/05/2017	0.005090	0.005886	0.004799	0.005886	50,588	334,940
11/04/2017	0.005113	0.006277	0.004643	0.005100	270,329	336,438
11/03/2017	0.006417	0.007800	0.004213	0.005125	7,612	422,285
11/02/2017	0.007405	0.008884	0.005881	0.006426	348,047	487,281
11/01/2017	0.007215	0.009278	0.007045	0.007397	712,648	474,757
10/31/2017	0.007317	0.010036	0.006942	0.007157	229,948	481,460
10/30/2017	0.006778	0.008609	0.006730	0.007305	948,265	446,022
10/29/2017	0.007903	0.009673	0.006929	0.007431	211,099	520,049
10/28/2017	0.008060	0.008750	0.006698	0.007914	259,611	530,361
10/27/2017	0.007328	0.009148	0.006911	0.008038	187,657	482,231
10/26/2017	0.009014	0.009201	0.007084	0.007783	700,620	593,146
10/25/2017	0.008944	0.009259	0.006877	0.009015	39,153	588,509
10/24/2017	0.008298	0.009883	0.007968	0.008940	875,975	546,055
10/23/2017	0.010574	0.010735	0.007785	0.008317	354,248	695,769
10/22/2017	0.010655	0.011097	0.009389	0.010591	1,586,150	701,099
10/21/2017	0.011728	0.012283	0.009797	0.011040	1,121,690	771,704
10/20/2017	0.012389	0.012594	0.010125	0.011752	1,040,310	815,236
10/19/2017	0.011099	0.012994	0.011015	0.012386	825,176	730,355
10/18/2017	0.011595	0.015186	0.010474	0.011093	90,261	763,003
10/17/2017	0.009945	0.023715	0.007443	0.011595	1,878,190	654,420
10/16/2017	0.011515	0.012545	0.007468	0.009944	592,264	757,713
10/15/2017	0.013792	0.019466	0.009907	0.011513	555,652	907,556
10/14/2017	0.009602	0.034473	0.009005	0.013768	2,849,890	631,830
10/13/2017	0.009780	0.011907	0.008123	0.009599	614,123	643,564
10/12/2017	0.009619	0.009750	0.007940	0.009750	198,662	632,958
10/11/2017	0.009415	0.010620	0.008125	0.009611	495,917	619,550
10/10/2017	0.011454	0.011643	0.008659	0.009417	161,697	753,715
10/09/2017	0.013027	0.013799	0.010604	0.011455	313,393	857,214
10/08/2017	0.015955	0.016004	0.011832	0.013023	5,617	1,049,870
10/07/2017	0.013553	0.016035	0.011215	0.015997	110,977	891,848
10/06/2017	0.012536	0.014008	0.007813	0.013539	138,693	824,893
10/05/2017	0.015612	0.015622	0.010793	0.012536	105,787	1,027,270
10/04/2017	0.017377	0.017388	0.010963	0.015597	158,511	1,143,460
10/03/2017	0.012985	0.016132	0.010753	0.016114	172,339	854,462
10/02/2017	0.015831	0.016276	0.012667	0.012985	2,961	1,041,700
10/01/2017	0.016944	0.017020	0.012738	0.015838	215,021	1,114,920
09/30/2017	0.018599	0.019362	0.016013	0.016934	230,798	1,223,890
09/29/2017	0.016866	0.018892	0.016268	0.018597	3,519	1,109,830
09/28/2017	0.018896	0.020208	0.015473	0.016879	534,295	1,243,390
09/27/2017	0.018891	0.020917	0.016622	0.018895	139,870	1,243,070
09/26/2017	0.016308	0.021716	0.016307	0.018855	14,088	1,073,080
09/25/2017	0.015059	0.017787	0.015053	0.016309	466,892	990,901
09/24/2017	0.015817	0.019663	0.015074	0.015074	121,856	1,040,800
09/23/2017	0.017879	0.022192	0.015678	0.015818	11,470	1,176,510
09/22/2017	0.015733	0.017937	0.012464	0.017930	488,239	1,035,290
09/21/2017	0.024231	0.025281	0.015659	0.015751	14,451	1,594,430
09/20/2017	0.025543	0.027209	0.024062	0.024350	489,747	1,680,800
09/19/2017	0.027182	0.030243	0.022956	0.025577	491,097	1,788,650
09/18/2017	0.022389	0.027315	0.022389	0.027117	553,704	1,473,270
09/17/2017	0.025437	0.029081	0.022064	0.022434	18,333	1,673,790
09/16/2017	0.031016	0.034030	0.019879	0.025397	346,536	2,040,940
09/15/2017	0.041903	0.049258	0.027612	0.030650	363,188	2,757,300
09/14/2017	0.112436	0.285126	0.038674	0.042207	184,542	7,398,570
09/13/2017	0.169351	0.187594	0.103728	0.112430	169,031	11,143,700
09/12/2017	0.167963	0.214708	0.149042	0.169296	191,751	11,052,400
09/11/2017	0.183239	0.209071	0.136418	0.168017	436,005	12,057,600
09/10/2017	0.191111	0.222512	0.122891	0.182662	387,066	12,575,600
09/09/2017	0.235248	0.240015	0.187131	0.190909	235,161	15,479,900
09/08/2017	0.268705	0.268759	0.207235	0.234828	384,574	16,014,500
09/07/2017	0.258037	0.300125	0.226427	0.245839	432,872	15,201,900
09/06/2017	0.291457	0.296471	0.206999	0.257930	440,746	17,021,100
09/05/2017	0.214151	0.354437	0.170868	0.293675	384,928	12,374,800
09/04/2017	0.507919	0.540878	0.167356	0.214916	179,013	28,440,800
09/03/2017	0.382566	0.573938	0.373398	0.507674	371,146	21,056,200
09/02/2017	0.316970	0.496031	0.316970	0.381666	580,241	-
