Date	Open	High	Low	Close	Volume	Market Cap
07/15/2018	0.525497	0.595368	0.523449	0.589577	35	487,334
07/14/2018	0.505717	0.528985	0.500498	0.525992	53	468,990
07/13/2018	0.577188	0.804146	0.493019	0.504773	21,487	535,271
07/12/2018	0.523794	0.539828	0.490421	0.490421	2	485,754
07/11/2018	0.582483	0.582483	0.507371	0.523803	63	540,181
07/10/2018	0.630164	0.633108	0.582147	0.582462	10	584,400
07/09/2018	0.634826	0.637006	0.622341	0.624276	41	588,723
07/08/2018	0.547800	0.640626	0.543804	0.634928	42	508,017
07/07/2018	0.632550	0.632550	0.523021	0.547343	480	586,612
07/06/2018	0.594405	0.595818	0.591107	0.593219	262	551,238
07/05/2018	0.587048	0.643877	0.582011	0.594681	4,125	544,415
07/04/2018	0.680875	0.683261	0.576315	0.584998	96	631,428
07/03/2018	0.702129	0.713693	0.679311	0.680560	111	651,138
07/02/2018	0.658196	0.708702	0.616355	0.701566	231	610,396
07/01/2018	0.607057	0.669551	0.590789	0.657755	488	562,971
06/30/2018	0.447822	0.642511	0.447822	0.606489	586	415,300
06/29/2018	0.641652	0.645936	0.235129	0.447495	2,559	595,053
06/28/2018	0.672770	0.675018	0.637328	0.641422	0	623,911
06/27/2018	0.661756	0.720189	0.657272	0.671525	73,608	613,698
06/26/2018	0.667633	0.691528	0.647890	0.664007	5,550	619,148
06/25/2018	0.653680	0.757520	0.640748	0.667633	1,140	606,208
06/24/2018	0.823698	0.826467	0.614975	0.656359	12,253	763,879
06/23/2018	0.703432	0.834908	0.695243	0.823929	1,869	652,347
06/22/2018	0.770253	0.772045	0.686834	0.702971	1	714,315
06/21/2018	0.761849	0.898500	0.741911	0.770456	30,862	706,521
06/20/2018	0.757012	0.880752	0.747596	0.762263	23,243	702,035
06/19/2018	0.740319	0.803362	0.737279	0.756522	160	686,555
06/18/2018	0.706924	0.740843	0.698115	0.740715	175	655,585
06/16/2018	0.685956	0.737542	0.682996	0.731292	1,498	636,140
06/15/2018	0.738272	0.852738	0.623665	0.687907	77,783	684,656
06/14/2018	0.730910	0.908400	0.634317	0.739186	59,027	677,829
06/13/2018	0.866293	0.875505	0.665436	0.729186	2,070	803,380
06/12/2018	0.791752	1.02	0.711458	0.862864	5,584	734,253
06/11/2018	0.767254	0.980026	0.710956	0.791438	3,631	711,534
06/10/2018	0.859176	0.859176	0.736219	0.765918	250	796,780
06/09/2018	0.929443	0.941634	0.857520	0.857520	193	861,944
06/08/2018	0.953482	0.959385	0.862365	0.929252	109	884,237
06/07/2018	0.872028	0.980598	0.863674	0.951857	13,883	808,699
06/06/2018	0.966947	1.02	0.869060	0.872280	9,550	896,724
06/05/2018	0.904675	1.22	0.904675	0.968885	25,131	838,975
06/04/2018	1.11	1.11	0.896661	0.902951	626	1,025,940
06/03/2018	1.00	1.19	0.922077	1.11	1,620	928,004
06/02/2018	1.02	1.13	0.594423	1.00	97,820	942,170
06/01/2018	1.17	1.18	1.00	1.02	465	1,085,400
05/31/2018	0.985788	1.23	0.982042	1.17	987	914,197
05/30/2018	1.10	1.15	0.919061	1.07	722	1,019,950
05/29/2018	0.982436	1.11	0.965627	1.10	312	911,089
05/28/2018	1.10	1.25	0.953239	0.985279	42,809	1,016,060
05/27/2018	1.09	1.39	1.03	1.10	46,571	1,010,960
05/26/2018	1.07	1.16	1.01	1.09	722	995,038
05/25/2018	1.07	1.78	1.05	1.12	18,222	993,645
05/24/2018	0.955937	1.42	0.829438	1.07	7,629	886,514
05/23/2018	1.28	1.35	0.942559	0.960252	9,141	1,187,930
05/22/2018	1.37	1.50	1.27	1.28	21,034	1,270,630
05/21/2018	1.37	1.40	1.32	1.37	698	1,268,780
05/20/2018	1.60	1.60	1.21	1.37	49,152	1,481,050
05/19/2018	1.31	1.75	1.30	1.60	3,795	1,215,980
05/18/2018	1.33	1.34	1.17	1.31	1,281	1,237,270
05/17/2018	1.36	1.85	1.32	1.34	3,391	1,261,700
05/16/2018	1.43	1.49	1.31	1.36	246	1,322,480
05/15/2018	1.92	1.99	1.36	1.43	165,771	1,777,220
05/14/2018	1.59	1.95	1.50	1.92	23	1,475,740
05/13/2018	1.68	1.90	1.57	1.59	5,609	1,554,890
05/12/2018	1.69	1.72	1.60	1.68	4,869	1,568,720
05/11/2018	1.82	2.29	1.67	1.69	54,290	1,691,090
05/10/2018	2.20	2.25	1.82	1.82	18	2,042,450
05/09/2018	2.06	2.25	1.94	2.20	80	1,911,480
05/08/2018	2.03	2.43	1.77	2.06	15,410	1,872,020
05/07/2018	2.07	2.39	1.59	1.97	74,747	1,913,010
05/06/2018	2.10	2.14	1.79	2.07	249	1,932,380
05/05/2018	2.35	2.45	1.94	2.10	1,531	2,168,480
05/04/2018	2.18	2.80	1.69	2.35	6,750	2,007,690
05/03/2018	2.00	2.61	1.75	2.18	34,386	1,841,390
05/02/2018	1.99	2.03	1.44	2.00	37,561	1,837,100
05/01/2018	2.08	2.08	1.93	2.00	364	1,916,110
04/30/2018	2.26	2.38	2.06	2.07	6,317	2,046,730
04/29/2018	2.20	2.27	2.17	2.26	271	1,985,630
04/28/2018	2.37	2.51	2.17	2.20	132	2,142,020
04/27/2018	2.42	2.49	1.92	2.39	4,815	2,187,780
04/26/2018	2.37	2.45	1.97	2.41	7,126	2,139,520
04/25/2018	2.44	2.44	1.94	1.98	1	2,203,860
04/24/2018	2.29	2.65	2.16	2.44	6,797	2,073,220
04/23/2018	2.64	2.71	2.26	2.29	9,041	2,388,570
04/22/2018	1.92	2.03	1.88	2.01	30	1,733,570
04/21/2018	2.05	2.10	1.90	1.92	40	1,853,890
04/20/2018	1.80	2.05	1.78	2.05	46	1,630,740
04/19/2018	1.87	1.89	1.69	1.81	131	1,690,270
04/18/2018	1.55	1.90	1.33	1.87	54	1,402,760
04/17/2018	1.79	1.82	1.55	1.55	122	1,618,320
04/16/2018	1.71	1.79	1.60	1.79	220	1,544,710
04/15/2018	1.75	1.85	1.69	1.71	4	1,583,350
04/14/2018	1.58	1.78	1.56	1.75	29,031	1,425,490
04/13/2018	1.63	1.73	1.55	1.58	88	1,478,450
04/12/2018	1.54	1.72	1.52	1.63	20,316	1,393,530
04/11/2018	1.33	1.55	1.33	1.55	1,277	1,199,020
04/10/2018	1.32	1.56	1.31	1.32	90,109	1,191,190
04/09/2018	1.31	1.37	1.24	1.31	171	1,182,210
04/08/2018	1.23	1.29	1.23	1.27	92	1,114,630
04/07/2018	1.47	1.52	1.21	1.23	90	1,331,250
04/06/2018	1.51	1.52	1.45	1.47	1,474	1,366,190
04/05/2018	1.22	1.24	1.18	1.20	6,047	1,100,290
04/04/2018	1.46	1.48	1.20	1.22	14,107	1,322,800
04/03/2018	1.43	1.49	1.40	1.46	48	1,289,570
04/02/2018	1.28	1.47	1.24	1.42	171	1,158,190
04/01/2018	1.33	1.39	1.23	1.28	722	1,198,380
03/31/2018	1.35	1.43	1.31	1.32	612	1,224,570
03/30/2018	1.38	1.52	1.24	1.36	488	1,249,130
03/29/2018	1.25	1.95	1.25	1.39	5,389	1,131,160
03/28/2018	1.34	1.35	1.21	1.25	94	1,213,430
03/27/2018	1.61	1.62	1.14	1.34	1,124	1,456,230
03/26/2018	1.78	1.80	1.49	1.61	162	1,614,040
03/25/2018	1.66	1.83	1.65	1.79	9	1,496,870
03/24/2018	1.73	1.86	1.67	1.68	8,058	1,562,430
03/23/2018	1.66	1.81	1.56	1.71	4,771	1,504,100
03/22/2018	1.93	2.02	1.66	1.66	1,905	1,747,380
03/21/2018	2.19	2.30	1.85	1.93	107,349	1,981,510
03/20/2018	2.17	2.20	1.99	2.18	468	1,966,760
03/19/2018	1.87	2.17	1.81	2.16	2,683	1,694,010
03/18/2018	2.12	2.12	1.48	1.88	182,876	1,918,660
03/17/2018	2.34	2.35	1.91	2.12	392	2,113,510
03/16/2018	2.27	2.42	2.19	2.34	567	2,054,370
03/15/2018	2.63	2.66	1.97	2.27	4,269	2,382,130
03/14/2018	2.43	3.00	2.43	2.63	235	2,197,500
03/13/2018	2.79	3.29	2.43	2.43	8	2,523,540
03/12/2018	2.70	2.97	2.70	2.79	420	2,438,980
03/11/2018	2.10	2.74	2.06	2.70	22,323	1,901,310
03/10/2018	2.89	2.96	2.09	2.11	2,272	2,610,680
03/09/2018	2.82	3.00	2.61	2.89	75	2,550,510
03/08/2018	3.00	3.09	2.79	2.83	436	2,711,040
03/07/2018	3.27	3.30	2.90	3.00	680	2,957,930
03/06/2018	3.41	3.42	3.23	3.27	1,861	2,898,490
03/05/2018	2.76	3.47	2.76	3.41	6,281	2,348,480
03/04/2018	3.03	3.03	2.75	2.76	1,290	2,577,350
03/03/2018	3.08	3.87	2.63	3.03	394,036	2,615,940
03/02/2018	3.13	3.24	3.08	3.08	1,808	2,659,820
03/01/2018	3.00	3.22	2.99	3.13	276	2,550,970
02/28/2018	3.09	3.12	3.00	3.00	144	2,626,570
02/27/2018	3.23	3.32	3.09	3.09	645	2,743,300
02/26/2018	3.37	3.46	3.20	3.22	18	2,860,570
02/25/2018	3.26	3.39	3.22	3.36	4,816	2,767,620
02/24/2018	3.17	3.36	3.15	3.26	7	2,691,740
02/23/2018	2.68	3.48	2.49	3.17	2,159	2,281,530
02/22/2018	3.27	3.45	2.67	2.69	5,319	2,783,500
02/21/2018	3.37	3.62	3.21	3.28	1,867	2,862,920
02/20/2018	3.85	3.88	3.36	3.37	874	3,274,380
02/19/2018	3.81	4.08	3.39	3.85	10,435	3,236,240
02/18/2018	4.24	4.26	3.47	3.82	422,985	3,600,260
02/17/2018	3.67	4.24	3.55	4.23	653	3,119,070
02/16/2018	3.92	4.11	3.66	3.67	1,511	3,330,690
02/15/2018	3.80	4.14	3.74	3.92	8,414	3,225,920
02/14/2018	3.11	3.80	3.11	3.79	91	2,640,470
02/13/2018	3.43	3.44	3.05	3.11	1,857	2,914,600
02/12/2018	3.05	3.75	3.05	3.40	135	2,593,020
02/11/2018	3.58	3.58	3.04	3.04	744	3,042,770
02/10/2018	3.73	4.14	3.47	3.59	2,039	3,174,070
02/09/2018	3.16	3.99	3.05	3.74	9,367	2,690,050
02/08/2018	3.21	3.93	3.05	3.16	4,464	2,731,340
02/07/2018	3.78	4.15	3.21	3.22	9,297	3,216,450
02/06/2018	3.62	3.78	2.68	3.74	7,002	3,073,900
02/05/2018	4.13	4.27	3.20	3.60	2,339	3,511,460
02/04/2018	4.00	4.41	3.45	4.17	4	3,402,450
02/03/2018	4.00	4.16	3.67	4.00	628	3,402,710
02/02/2018	4.75	4.99	3.21	3.98	7,599	4,033,530
02/01/2018	4.21	5.75	4.21	4.76	72,541	3,579,800
01/31/2018	4.81	4.91	4.00	4.20	3,278	4,087,850
01/30/2018	5.85	5.85	4.29	4.79	6,841	4,973,230
01/29/2018	4.68	5.86	4.45	5.85	10,130	3,979,930
01/28/2018	4.89	5.97	4.66	4.69	7,849	4,155,310
01/27/2018	4.82	4.95	4.57	4.85	5,645	4,101,230
01/26/2018	4.81	4.94	4.52	4.82	710	4,092,050
01/25/2018	5.00	5.19	4.61	4.83	2,136	4,246,750
01/24/2018	4.59	5.24	4.43	4.96	20,553	3,901,890
01/23/2018	4.97	5.00	4.18	4.59	1,027	4,221,240
01/22/2018	4.72	4.98	4.21	4.98	2,524	4,009,780
01/21/2018	4.90	5.33	3.29	4.70	22,675	4,167,470
01/20/2018	4.50	5.17	4.32	4.89	4,250	3,822,390
01/19/2018	4.62	5.32	4.41	4.47	9,704	3,927,730
01/18/2018	4.06	4.95	3.86	4.66	4,429	3,454,070
01/17/2018	4.34	4.58	3.07	4.02	3,391	3,687,160
01/16/2018	4.36	5.53	3.44	4.35	10,884	3,702,800
01/15/2018	5.44	5.57	4.35	4.35	4,911	4,627,510
01/14/2018	5.32	5.82	5.04	5.44	1,987	4,519,940
01/13/2018	4.55	6.13	4.55	5.31	8,653	3,868,170
01/12/2018	5.44	6.43	4.42	4.55	27,320	4,627,900
01/11/2018	6.01	6.71	5.28	5.38	10,073	5,111,530
01/10/2018	6.34	6.96	5.86	6.03	9,148	5,390,260
01/09/2018	5.80	6.39	4.46	6.34	8,340	4,925,980
01/08/2018	5.68	6.24	4.80	5.81	6,959	4,829,070
01/07/2018	5.13	5.66	4.61	5.63	7,090	4,356,340
01/06/2018	4.91	5.22	4.87	5.13	1,023	4,171,820
01/05/2018	4.68	5.16	4.60	4.88	5,158	3,976,710
01/04/2018	4.69	4.87	4.46	4.70	16,690	3,988,580
01/03/2018	4.34	4.73	3.92	4.68	11,199	3,692,120
01/02/2018	3.45	4.50	3.45	4.32	15,853	2,928,850
01/01/2018	4.00	4.12	3.44	3.44	12,555	3,402,740
12/31/2017	3.69	4.01	3.66	4.01	3,555	3,139,270
12/30/2017	3.62	3.87	3.38	3.73	5,707	3,077,880
12/29/2017	3.86	3.96	3.36	3.62	17,864	3,280,890
12/28/2017	3.36	3.88	3.15	3.84	20,742	2,856,440
12/27/2017	3.28	3.46	3.19	3.37	8,415	2,787,520
12/26/2017	3.27	3.41	3.22	3.27	204	2,775,540
12/25/2017	2.60	3.38	2.60	3.26	11,011	2,209,150
12/24/2017	2.70	2.80	2.41	2.59	896	2,296,250
12/23/2017	2.65	3.00	2.63	2.67	3,872	2,248,350
12/22/2017	3.09	3.10	2.04	2.63	2,979	2,623,800
12/21/2017	3.43	3.70	3.00	3.08	8,959	2,912,990
12/20/2017	4.14	4.14	3.31	3.42	9,589	3,517,780
12/19/2017	3.54	6.74	1.06	4.14	10,839	3,008,410
12/18/2017	3.11	3.63	3.03	3.55	10,106	2,644,780
12/17/2017	3.22	3.54	3.10	3.12	3,830	2,738,700
12/16/2017	2.87	3.49	2.42	3.21	7,600	2,441,920
12/15/2017	3.63	3.70	2.40	2.87	20,528	3,082,150
12/14/2017	3.22	4.21	3.05	3.62	15,028	2,739,040
12/13/2017	3.29	4.04	2.91	3.22	14,055	2,796,860
12/12/2017	2.67	3.55	2.60	3.29	26,091	2,267,840
12/11/2017	2.62	3.27	2.44	2.69	15,022	2,223,150
12/10/2017	2.96	2.96	2.29	2.61	6,637	2,519,690
12/09/2017	2.06	3.28	2.06	2.95	25,754	1,750,200
12/08/2017	1.58	2.10	1.52	2.06	17,399	1,343,340
12/07/2017	1.69	1.95	1.55	1.58	526	1,439,730
12/06/2017	1.85	2.11	1.67	1.70	9,238	1,574,670
12/05/2017	1.80	2.04	1.79	1.86	1,564	1,528,830
12/04/2017	1.81	2.15	1.79	1.80	6,306	1,535,000
12/03/2017	2.01	2.21	1.78	1.80	611	1,705,090
12/02/2017	2.12	2.54	1.77	2.01	11,653	1,805,860
12/01/2017	2.21	2.45	1.92	2.12	9,215	1,881,420
11/30/2017	1.78	2.29	1.61	2.22	6,312	1,513,580
11/29/2017	1.67	3.00	1.67	1.76	9,212	1,419,700
11/28/2017	2.14	2.42	1.67	1.67	12,117	1,819,830
11/27/2017	2.51	2.52	1.50	2.14	13,367	2,131,980
11/26/2017	2.13	2.96	1.89	2.57	4,515	1,807,460
11/25/2017	2.22	2.97	2.08	2.13	17,944	1,885,790
11/24/2017	1.94	2.47	1.86	2.22	19,804	1,650,370
11/23/2017	2.42	2.48	1.82	1.95	6,018	2,057,010
11/22/2017	1.98	2.50	1.98	2.41	12,618	1,685,990
11/21/2017	2.09	2.48	1.95	1.98	19,099	1,773,070
11/20/2017	2.87	2.99	2.09	2.09	12,521	2,442,680
11/19/2017	2.23	3.47	2.22	2.88	17,061	1,892,540
11/18/2017	2.40	2.40	2.02	2.23	4,805	2,042,820
11/17/2017	2.22	2.58	2.19	2.41	13,684	1,891,050
11/16/2017	1.83	2.45	1.83	2.23	25,752	1,558,250
11/15/2017	1.43	1.88	1.41	1.83	22,472	1,216,310
11/14/2017	1.28	1.60	1.28	1.43	2,198	1,087,200
11/13/2017	1.71	1.79	1.26	1.28	894	1,457,100
11/12/2017	1.57	1.78	1.48	1.71	1,480	1,332,010
11/11/2017	1.52	1.65	1.48	1.57	5,487	1,288,860
11/10/2017	1.52	1.65	1.29	1.52	8,730	1,295,970
11/09/2017	1.64	1.79	1.42	1.52	23,911	1,394,880
11/08/2017	2.12	2.12	1.28	1.65	813	1,800,800
11/07/2017	1.42	2.19	1.42	2.12	2,748	1,207,920
11/06/2017	1.39	1.43	1.30	1.42	1,249	1,183,900
11/05/2017	1.54	1.64	1.37	1.39	1,598	1,309,250
11/04/2017	1.83	1.84	1.53	1.54	1,307	1,554,210
11/03/2017	1.53	1.83	1.53	1.81	3,176	1,303,290
11/02/2017	1.93	1.95	1.61	1.62	5,951	1,639,980
11/01/2017	1.81	1.95	1.81	1.93	1,314	1,542,490
10/31/2017	1.70	1.84	1.70	1.82	1,146	1,447,810
10/30/2017	1.61	1.77	1.61	1.70	1,947	1,364,970
10/29/2017	1.62	1.73	1.60	1.61	1,890	1,379,510
10/28/2017	1.76	1.76	1.60	1.62	1,044	1,496,560
10/27/2017	1.63	1.76	1.63	1.69	1,846	1,388,760
10/26/2017	1.73	1.76	1.59	1.63	2,417	1,466,910
10/25/2017	1.62	1.93	1.55	1.73	1,888	1,380,510
10/24/2017	1.67	1.78	1.45	1.62	6,756	1,419,210
10/23/2017	1.93	1.93	1.57	1.67	2,364	1,637,400
10/22/2017	1.33	1.93	1.33	1.93	1,486	1,130,200
10/21/2017	1.61	1.82	1.32	1.33	1,172	1,371,850
10/20/2017	2.43	2.43	1.57	1.62	1,630	2,061,250
10/19/2017	2.01	3.07	1.99	2.43	2,575	1,711,100
10/18/2017	1.58	2.02	1.53	2.02	4,097	1,344,390
10/17/2017	1.68	2.08	1.58	1.58	1,090	1,429,530
10/16/2017	1.51	1.97	1.51	1.68	511	1,286,970
10/15/2017	2.08	2.21	1.44	1.51	3,255	1,768,770
10/14/2017	2.09	2.69	1.65	2.08	5,294	1,775,820
10/13/2017	1.58	2.11	1.56	2.09	16	1,340,740
10/12/2017	1.80	1.83	1.58	1.58	167	1,528,350
10/11/2017	1.65	1.90	1.44	1.80	1,658	1,404,620
10/10/2017	2.08	2.79	1.64	1.65	3,497	1,765,420
10/09/2017	2.28	2.28	1.56	2.07	4,820	1,936,900
10/08/2017	1.57	2.51	1.57	2.28	4,465	1,338,590
10/07/2017	1.53	1.93	1.48	1.58	2,211	1,297,060
10/06/2017	1.13	1.53	1.12	1.53	514	961,775
10/05/2017	2.16	2.18	1.13	1.13	735	1,839,360
10/04/2017	1.94	2.17	1.85	2.16	606	1,648,760
10/03/2017	1.19	2.10	1.19	1.94	5,074	1,009,610
10/02/2017	2.18	2.18	1.19	1.19	1,296	1,854,160
10/01/2017	1.43	2.21	1.42	2.18	2,540	1,219,160
09/30/2017	1.56	1.98	1.37	1.43	4,962	1,324,240
09/29/2017	1.64	1.64	1.27	1.56	519	1,390,450
09/28/2017	1.94	1.95	1.43	1.64	1,798	1,652,690
09/27/2017	1.49	1.96	1.49	1.95	1,316	1,268,460
09/26/2017	1.59	1.59	1.17	1.49	4,344	1,350,990
09/25/2017	1.74	1.91	1.08	1.59	3,416	1,481,500
09/24/2017	2.49	2.50	1.74	1.74	995	2,120,330
09/23/2017	1.75	2.49	1.55	2.49	419	1,484,260
09/22/2017	1.54	1.95	1.54	1.75	1,116	1,310,080
09/21/2017	1.85	1.91	1.42	1.54	3,204	1,576,280
09/20/2017	2.16	2.17	1.86	1.86	0	1,835,840
09/19/2017	1.65	2.45	1.50	2.16	4,635	1,399,210
09/18/2017	1.81	2.21	1.56	1.64	1,417	1,535,290
09/17/2017	2.11	2.24	1.80	1.81	2,044	1,794,560
09/16/2017	2.29	2.33	1.97	2.11	6,168	1,947,120
09/15/2017	2.05	2.35	1.79	2.27	3,806	1,742,460
09/14/2017	1.66	28.51	1.41	1.41	908	1,411,050
09/13/2017	1.92	1.99	1.54	1.66	82	1,632,270
09/12/2017	2.84	2.87	1.90	1.91	1,646	2,412,080
09/11/2017	2.09	2.95	2.09	2.84	5,018	1,777,090
09/10/2017	2.53	2.63	1.79	2.08	1,350	2,153,310
09/09/2017	2.89	2.90	2.50	2.53	601	2,453,670
09/08/2017	2.69	2.93	2.17	2.89	5,681	2,288,120
09/07/2017	1.84	2.75	1.53	2.70	9,197	1,560,490
09/06/2017	2.04	2.90	1.17	1.84	6,171	1,731,570
09/05/2017	2.45	2.74	1.80	2.03	8,252	2,081,090
09/04/2017	2.98	2.98	1.21	2.46	4,382	2,534,580
09/03/2017	2.46	2.98	2.43	2.98	3,456	2,092,620
09/02/2017	2.52	2.73	2.02	2.45	1,636	2,144,630
09/01/2017	3.30	3.47	2.12	2.52	3,999	2,804,320
08/31/2017	2.85	3.49	2.53	3.32	4,955	2,421,860
08/30/2017	3.38	3.52	2.60	2.93	8,953	2,872,370
08/29/2017	3.27	3.87	3.09	3.38	15,579	2,780,150
08/28/2017	3.08	6.01	2.91	3.27	74,031	2,619,140
08/27/2017	3.11	3.28	2.82	3.08	8,140	2,643,820
08/26/2017	2.31	4.81	2.30	3.11	7,857	1,960,490
08/25/2017	2.65	2.79	2.28	2.30	1,923	2,252,280
08/24/2017	2.90	3.78	2.44	2.65	7,612	2,461,520
08/23/2017	2.70	3.13	2.51	2.90	922	2,291,880
08/22/2017	1.95	3.21	1.78	2.71	5,643	1,661,680
08/21/2017	2.77	3.19	1.79	1.96	8,583	2,352,340
08/20/2017	2.71	3.10	1.71	2.77	10,550	2,299,970
08/19/2017	3.12	3.32	2.54	2.72	5,987	2,650,930
08/18/2017	2.59	4.09	1.99	3.09	11,772	2,198,530
08/17/2017	1.56	3.12	1.54	2.59	5,659	1,328,970
08/16/2017	4.82	4.85	1.51	1.56	4,450	4,098,090
08/15/2017	1.51	7.31	1.39	4.81	12,217	1,284,860
08/14/2017	1.39	1.55	1.09	1.51	4,011	-
08/13/2017	1.56	1.56	1.34	1.39	1,977	-
08/12/2017	1.54	1.60	1.50	1.57	2,527	-
08/11/2017	1.53	1.64	1.49	1.55	3,292	-
08/10/2017	1.50	1.56	1.44	1.53	1,329	-
08/09/2017	1.52	1.62	1.39	1.50	3,490	-
08/08/2017	1.34	1.54	1.27	1.52	5,054	-
08/07/2017	1.19	2.91	1.19	1.34	9,330	-
08/06/2017	1.30	1.34	1.12	1.19	1,896	-
08/05/2017	1.10	5.04	1.07	1.29	2,669	-
08/04/2017	1.11	1.11	1.10	1.10	27,307	-
