Date	Open	High	Low	Close	Volume	Market Cap
07/15/2018	0.052204	0.056448	0.049173	0.049279	191	1,640,040
07/14/2018	0.056454	0.056796	0.043515	0.052253	1,632	1,773,590
07/13/2018	0.063313	0.064993	0.043735	0.056347	718	1,989,070
07/12/2018	0.055908	0.074292	0.043554	0.062881	11,059	1,756,430
07/11/2018	0.050793	0.057947	0.044334	0.055485	4,381	1,595,730
07/10/2018	0.047185	0.056687	0.046926	0.050792	7,119	1,482,360
07/09/2018	0.039786	0.072526	0.039116	0.047221	2,207	1,249,890
07/08/2018	0.068102	0.068860	0.039366	0.039791	4,317	2,139,460
07/07/2018	0.071440	0.071440	0.059451	0.064832	1,042	2,244,340
07/06/2018	0.078884	0.079681	0.053291	0.071468	7,741	2,478,190
07/05/2018	0.079278	0.080537	0.057385	0.078949	24,054	2,490,560
07/04/2018	0.078274	0.082450	0.055825	0.077966	22,741	2,459,040
07/03/2018	0.080121	0.088710	0.076419	0.078267	4,961	2,516,920
07/02/2018	0.077627	0.081118	0.072237	0.080057	4,512	2,438,570
07/01/2018	0.078871	0.079358	0.074946	0.077579	10,564	2,477,650
06/30/2018	0.076559	0.081791	0.076559	0.078792	30,735	2,405,020
06/29/2018	0.077565	0.078119	0.071287	0.076509	36,501	2,436,620
06/28/2018	0.082523	0.082844	0.076994	0.077580	37,132	2,587,750
06/27/2018	0.082730	0.083722	0.078423	0.082382	40,024	2,594,220
06/26/2018	0.089530	0.090861	0.082797	0.083024	34,369	2,807,470
06/25/2018	0.089992	0.090742	0.086639	0.089464	40,767	2,821,830
06/24/2018	0.092702	0.093068	0.084137	0.090781	44,872	2,906,810
06/23/2018	0.091973	0.094530	0.088087	0.092820	46,064	2,883,970
06/22/2018	0.094435	0.104318	0.089460	0.091925	44,748	2,961,110
06/21/2018	0.093944	0.097729	0.092089	0.094460	370	2,945,710
06/20/2018	0.091575	0.104457	0.088338	0.093995	528	2,871,420
06/19/2018	0.085573	0.112909	0.085200	0.091515	1,542	2,683,240
06/18/2018	0.082143	0.086107	0.081119	0.085625	1,546	2,575,650
06/17/2018	0.081745	0.083295	0.081454	0.082157	467	2,563,190
06/16/2018	0.095143	0.110135	0.079660	0.081754	1,340	2,983,290
06/15/2018	0.103835	0.104276	0.078912	0.095404	2,604	3,255,820
06/14/2018	0.072007	0.103980	0.057723	0.103855	3,011	2,257,840
06/13/2018	0.104830	0.105834	0.070456	0.071836	4,552	3,287,050
06/12/2018	0.131821	0.132204	0.103075	0.104416	4,104	4,133,270
06/11/2018	0.156315	0.159130	0.121932	0.131768	3,148	4,901,260
06/10/2018	0.166450	0.175312	0.144694	0.156042	10,422	5,219,050
06/09/2018	0.175286	0.177018	0.162564	0.166124	12,307	5,496,100
06/08/2018	0.187195	0.192970	0.168016	0.175239	66,386	5,869,500
06/07/2018	0.154567	0.196842	0.154567	0.186875	24,403	4,846,470
06/06/2018	0.143572	0.166158	0.141646	0.154614	4,166	4,501,700
06/05/2018	0.150999	0.185039	0.139645	0.143861	3,735	4,734,600
06/04/2018	0.155660	0.164427	0.137097	0.151011	12,957	4,880,730
06/03/2018	0.157307	0.183266	0.152964	0.155894	3,358	4,932,390
06/02/2018	0.152312	0.192404	0.148148	0.157510	5,655	4,775,750
06/01/2018	0.173345	0.190035	0.142523	0.152345	9,627	5,435,260
05/31/2018	0.199353	0.206245	0.170435	0.172972	10,193	6,250,730
05/30/2018	0.187845	0.206338	0.156020	0.199545	22,144	5,889,890
05/29/2018	0.186016	0.194552	0.146163	0.187730	9,198	5,832,560
05/28/2018	0.194256	0.194640	0.158033	0.186555	15,966	6,090,900
05/27/2018	0.187926	0.202294	0.181356	0.194267	27,472	5,892,420
05/26/2018	0.204703	0.208981	0.187285	0.187564	9,341	6,418,500
05/25/2018	0.203905	0.218591	0.177362	0.204674	27,662	6,393,450
05/24/2018	0.218920	0.223699	0.198328	0.203687	34,646	6,864,250
05/23/2018	0.247482	0.249604	0.204335	0.219909	93,377	7,759,820
05/22/2018	0.243995	0.263214	0.223007	0.247975	110,730	7,650,470
05/21/2018	0.249193	0.249239	0.215345	0.244510	55,032	7,813,480
