Date	Open	High	Low	Close	Volume	Market Cap
07/15/2018	4.24	4.51	4.24	4.38	895	4,896,870
07/14/2018	4.54	4.57	4.15	4.24	3,983	5,235,030
07/13/2018	4.37	4.59	4.37	4.55	504	5,043,180
07/12/2018	4.32	4.56	4.20	4.37	2,493	4,990,030
07/11/2018	4.56	4.62	4.17	4.32	25,289	5,471,640
07/10/2018	5.20	5.21	4.32	4.56	2,953	6,239,620
07/09/2018	5.24	5.27	5.18	5.20	412	6,294,430
07/08/2018	5.28	5.35	5.24	5.25	10,820	6,336,020
07/07/2018	5.15	5.30	5.09	5.28	21,172	6,180,480
07/06/2018	5.15	5.33	5.08	5.16	807	6,181,800
07/05/2018	5.35	5.39	5.05	5.15	496	6,417,500
07/04/2018	5.30	5.43	5.04	5.34	664	6,364,060
07/03/2018	4.92	5.80	4.92	5.30	5,403	5,903,190
07/02/2018	4.77	4.98	4.45	4.94	869	5,720,110
07/01/2018	4.77	5.01	4.55	4.77	356	5,726,020
06/30/2018	4.59	5.28	4.58	4.77	1,380	5,503,470
06/29/2018	4.95	4.97	4.31	4.58	797	5,938,210
06/28/2018	5.10	5.12	4.85	4.94	981	6,125,510
06/27/2018	5.00	5.34	4.92	5.10	12,871	5,996,960
06/26/2018	4.08	5.22	4.05	5.00	4,099	4,892,730
06/25/2018	3.95	5.01	3.89	4.08	15,984	4,736,660
06/24/2018	3.92	3.98	3.71	3.95	67	4,707,520
06/23/2018	3.85	3.97	3.84	3.92	4,208	4,619,920
06/22/2018	4.46	4.51	3.78	3.85	4,270	5,350,560
06/21/2018	4.51	4.54	4.44	4.46	372	5,417,680
06/20/2018	4.49	4.58	4.37	4.51	1,183	5,391,320
06/19/2018	4.29	4.61	4.27	4.49	15,728	5,145,530
06/18/2018	4.33	4.51	4.09	4.29	1,858	5,196,260
06/17/2018	4.53	4.58	4.33	4.34	873	5,439,530
06/16/2018	4.54	4.70	4.27	4.52	3,391	5,453,520
06/15/2018	4.82	4.83	4.54	4.56	3,532	5,786,920
06/14/2018	4.65	4.92	4.62	4.83	15,069	5,578,790
06/13/2018	5.02	5.03	4.56	4.65	3,621	6,028,810
06/12/2018	5.26	5.30	4.79	5.01	733	6,309,430
06/11/2018	5.22	5.29	5.11	5.26	1,149	6,270,340
06/10/2018	6.05	6.05	5.09	5.22	16,385	7,266,390
06/09/2018	6.15	6.28	6.05	6.05	565	7,383,240
06/08/2018	6.20	6.27	6.10	6.15	971	7,436,870
06/07/2018	6.32	6.37	6.17	6.19	2,089	7,581,030
06/06/2018	6.51	6.61	6.06	6.31	7,863	7,818,630
06/05/2018	6.41	6.60	6.31	6.52	1,254	7,693,660
06/04/2018	6.68	6.70	6.39	6.41	1,795	8,017,300
06/03/2018	6.52	6.70	6.49	6.68	58	7,829,590
06/02/2018	6.55	6.79	6.25	6.52	12,174	7,864,700
06/01/2018	6.15	6.57	6.08	6.56	5,331	7,387,240
05/31/2018	6.34	6.56	6.08	6.15	2,148	7,607,490
05/30/2018	6.54	6.74	6.24	6.28	4,424	7,847,180
05/29/2018	6.23	6.71	6.21	6.53	25,725	7,476,170
05/28/2018	6.43	6.51	6.21	6.23	2,250	7,714,550
05/27/2018	6.42	6.60	6.33	6.43	1,490	7,703,810
05/26/2018	6.53	6.79	6.38	6.42	1,457	7,843,260
05/25/2018	6.83	6.91	6.46	6.54	1,409	8,201,180
05/24/2018	6.65	7.01	6.45	6.82	889	7,987,610
05/23/2018	7.06	7.20	6.59	6.67	2,082	8,469,350
05/22/2018	7.40	7.55	7.06	7.06	2,343	8,879,150
05/21/2018	7.50	7.66	7.28	7.40	7,837	9,006,940
05/20/2018	7.22	7.55	7.21	7.49	482	8,664,660
05/19/2018	7.32	7.50	7.17	7.21	518	8,788,190
05/18/2018	7.20	7.46	7.00	7.32	1,646	8,638,570
05/17/2018	7.59	7.90	7.04	7.19	8,495	9,115,910
05/16/2018	7.98	7.98	7.42	7.70	3,468	9,575,850
05/15/2018	7.95	8.29	7.94	7.98	2,319	9,545,520
05/14/2018	8.51	8.64	7.71	7.97	10,799	10,215,000
05/13/2018	8.47	8.68	7.93	8.51	10,561	10,163,500
05/12/2018	7.92	8.58	7.86	8.47	3,466	9,505,240
05/11/2018	8.66	8.66	7.89	7.94	1,730	10,394,900
05/10/2018	8.92	9.38	8.64	8.65	2,949	10,712,300
05/09/2018	9.10	9.16	8.62	8.93	759	10,920,600
05/08/2018	9.26	9.43	8.69	9.11	6,886	11,119,800
05/07/2018	9.62	9.65	9.16	9.24	9,671	11,550,600
05/06/2018	9.83	10.03	9.45	9.62	10,865	11,797,300
05/05/2018	9.71	10.05	9.69	9.82	106,252	11,651,900
05/04/2018	10.01	10.01	9.60	9.71	2,570	12,015,600
05/03/2018	9.46	10.06	9.23	10.01	68,131	11,359,400
05/02/2018	9.26	9.50	9.00	9.46	6,722	11,117,300
05/01/2018	9.27	9.28	8.87	9.28	2,726	11,125,500
04/30/2018	9.41	9.58	9.18	9.26	3,056	11,296,100
04/29/2018	9.55	10.06	9.25	9.41	29,329	11,467,000
04/28/2018	8.92	9.61	8.89	9.56	2,416	10,701,200
04/27/2018	9.50	9.85	8.95	8.95	9,201	11,407,200
04/26/2018	8.96	9.53	8.72	9.49	7,876	10,759,400
04/25/2018	9.83	9.93	8.80	8.89	23,361	11,800,600
04/24/2018	9.23	9.90	9.06	9.90	13,503	11,082,000
04/23/2018	8.96	9.49	8.91	9.22	22,802	10,750,800
04/22/2018	9.28	9.44	8.85	9.36	17,538	11,136,900
04/21/2018	9.47	9.48	8.93	9.42	42,671	11,364,700
04/20/2018	10.09	10.17	9.05	9.47	45,868	12,105,600
04/19/2018	8.24	10.31	8.22	10.08	116,175	9,895,120
04/18/2018	8.34	8.65	8.03	8.24	28,860	10,008,100
04/17/2018	7.89	9.40	7.67	8.28	110,404	9,472,370
04/16/2018	7.91	8.39	7.66	7.89	7,063	9,494,300
04/15/2018	8.02	8.17	7.69	7.91	12,759	9,623,590
04/14/2018	7.73	8.19	7.71	8.01	5,736	9,282,030
04/13/2018	7.76	8.23	7.63	7.73	1,637	9,317,610
04/12/2018	6.93	7.91	6.77	7.75	743	8,320,170
04/11/2018	6.70	6.95	6.70	6.95	3,181	8,038,130
04/10/2018	6.79	6.83	6.55	6.69	961	8,153,580
04/09/2018	6.85	7.17	6.49	6.79	4,917	8,222,230
04/08/2018	6.97	7.21	6.83	6.98	1,368	8,369,940
04/07/2018	6.29	6.98	6.28	6.97	6,340	7,548,810
04/06/2018	6.56	6.68	6.20	6.28	3,123	7,872,610
04/05/2018	6.57	6.67	6.36	6.59	2,504	7,890,520
04/04/2018	7.26	7.26	6.51	6.57	2,122	8,708,460
04/03/2018	6.90	7.53	6.68	7.26	8,625	8,286,340
04/02/2018	5.96	6.96	5.92	6.90	111,048	7,154,170
04/01/2018	6.31	6.37	5.66	5.93	1,024	7,576,410
03/31/2018	5.97	6.45	5.95	6.31	4,033	7,161,580
03/30/2018	6.18	6.28	5.76	5.97	386	7,420,220
03/29/2018	7.11	7.15	6.02	6.20	710	8,532,310
03/28/2018	6.59	7.84	6.56	7.10	12,157	7,915,230
03/27/2018	7.00	7.02	6.59	6.60	1,199	8,402,040
03/26/2018	7.52	7.56	6.70	7.01	1,864	9,029,570
03/25/2018	7.41	7.78	7.40	7.53	1,018	8,894,280
03/24/2018	8.02	8.09	7.42	7.51	43,791	9,628,130
03/23/2018	9.13	9.28	7.62	7.91	12,405	10,954,500
03/22/2018	9.18	9.33	8.59	8.74	5,016	11,022,900
03/21/2018	8.37	9.26	8.36	9.20	16,854	10,046,200
03/20/2018	7.84	8.44	7.55	8.35	7,322	9,415,660
03/19/2018	7.83	8.26	7.42	7.87	7,584	9,392,980
03/18/2018	7.41	8.15	6.65	7.86	6,844	8,897,170
03/17/2018	7.88	7.93	7.05	7.43	16,728	9,455,550
03/16/2018	7.43	8.08	7.25	7.86	4,304	8,923,520
03/15/2018	7.67	7.85	7.19	7.44	8,842	9,200,730
03/14/2018	9.15	9.36	7.47	7.82	3,363	10,985,600
03/13/2018	8.68	9.87	8.67	9.15	6,676	10,418,600
03/12/2018	9.24	9.66	8.71	8.89	1,218	11,091,000
03/11/2018	9.13	9.57	8.22	9.27	10,662	10,956,700
03/10/2018	9.09	10.08	8.81	9.16	35,649	10,908,000
03/09/2018	9.61	9.72	8.09	9.08	49,952	11,534,100
03/08/2018	11.12	11.44	9.43	9.67	61,528	13,341,600
03/07/2018	12.54	13.15	10.97	11.13	33,378	15,053,000
03/06/2018	14.51	14.61	12.46	12.56	27,419	17,415,800
03/05/2018	15.85	15.85	13.33	14.10	67,415	19,026,900
03/04/2018	13.78	19.19	12.60	15.85	187,472	16,535,100
03/03/2018	14.33	14.79	13.54	13.80	6,559	17,194,900
03/02/2018	13.83	14.60	13.74	14.34	24,173	16,597,800
03/01/2018	14.60	14.68	13.00	13.86	44,585	17,527,200
02/28/2018	14.39	15.54	13.92	14.58	10,707	17,271,700
02/27/2018	13.68	15.33	13.50	14.41	7,151	16,424,100
02/26/2018	12.59	13.81	12.23	13.64	6,373	15,109,500
02/25/2018	12.74	12.95	12.24	12.57	5,556	15,287,000
02/24/2018	13.33	14.06	12.34	12.76	25,184	15,994,000
02/23/2018	12.80	13.92	12.48	13.34	5,750	15,361,700
02/22/2018	14.08	14.58	12.67	12.81	9,018	16,896,500
02/21/2018	14.72	15.13	13.38	14.09	37,257	17,666,900
02/20/2018	15.08	16.62	14.58	14.74	48,692	18,101,200
02/19/2018	14.03	15.70	13.99	15.07	20,111	16,844,400
02/18/2018	15.06	15.53	14.07	14.10	4,612	18,077,100
02/17/2018	14.40	15.43	14.06	15.01	136,981	17,280,500
02/16/2018	16.40	16.83	14.26	14.26	24,660	19,680,400
02/15/2018	13.18	16.86	13.09	16.47	40,829	15,820,300
02/14/2018	11.71	13.34	11.71	13.17	6,176	14,057,700
02/13/2018	12.06	13.00	11.60	11.75	14,120	14,470,800
02/12/2018	11.88	13.07	11.62	12.48	2,659	14,258,300
02/11/2018	13.12	13.12	11.01	11.80	15,932	15,742,800
02/10/2018	14.62	15.65	12.29	13.13	16,595	17,553,100
02/09/2018	13.31	15.09	12.66	14.61	20,057	15,977,100
02/08/2018	11.05	13.87	11.05	13.27	13,888	13,268,700
02/07/2018	11.18	13.83	10.65	11.10	27,640	13,416,800
02/06/2018	9.37	11.29	8.05	11.29	20,053	11,251,700
02/05/2018	11.50	11.93	8.72	9.36	48,921	13,804,000
02/04/2018	14.75	15.29	11.61	11.61	25,683	17,703,100
02/03/2018	14.17	15.57	13.23	14.74	28,061	17,011,500
02/02/2018	16.07	16.07	12.68	14.12	27,372	19,291,400
02/01/2018	18.64	19.37	15.32	16.11	47,897	22,373,900
01/31/2018	20.06	20.61	17.74	18.60	65,777	24,079,500
01/30/2018	25.86	25.91	20.10	20.34	65,034	31,035,500
01/29/2018	24.71	25.76	23.71	25.50	36,565	29,659,600
01/28/2018	26.05	26.87	24.73	24.73	93,646	31,270,700
01/27/2018	25.06	30.61	25.06	25.92	421,057	30,083,700
01/26/2018	22.32	26.66	21.08	25.08	708,529	26,788,100
01/25/2018	15.99	22.63	15.83	22.49	533,947	19,198,500
01/24/2018	16.61	17.33	15.62	16.06	68,732	19,940,300
01/23/2018	17.17	18.03	15.48	16.62	8,877	20,614,300
01/22/2018	18.57	19.29	15.69	17.22	25,811	22,292,500
01/21/2018	21.13	21.13	17.93	18.32	12,315	25,363,700
01/20/2018	19.53	22.63	19.15	21.08	18,329	23,443,900
01/19/2018	19.83	20.30	18.62	19.32	15,616	23,796,800
01/18/2018	18.29	21.42	17.33	20.04	36,696	21,947,200
01/17/2018	17.13	18.92	14.18	18.21	71,500	20,564,900
01/16/2018	24.07	24.38	15.44	17.22	72,547	28,887,600
01/15/2018	25.82	27.11	24.03	24.04	41,214	30,995,400
01/14/2018	28.71	28.73	25.38	27.09	43,542	34,461,400
01/13/2018	27.43	30.82	26.83	28.69	101,121	32,925,300
01/12/2018	26.67	27.59	25.60	27.46	72,647	32,014,900
01/11/2018	28.37	31.79	25.48	26.50	181,543	34,049,500
01/10/2018	29.78	29.78	24.66	28.40	344,223	35,739,900
01/09/2018	30.57	35.35	29.35	29.54	426,482	36,688,800
01/08/2018	34.56	35.96	28.49	30.65	297,286	41,484,500
01/07/2018	25.63	46.38	24.45	35.25	1,634,430	30,763,600
01/06/2018	23.78	25.89	22.91	25.65	63,748	28,538,000
01/05/2018	23.19	24.36	22.33	23.76	96,251	27,835,900
01/04/2018	23.27	24.95	22.29	23.19	141,701	27,931,100
01/03/2018	22.81	26.61	19.90	23.60	216,236	27,366,800
01/02/2018	19.85	22.39	17.45	22.23	17,186	23,820,800
01/01/2018	20.56	20.57	18.98	19.85	266,952	24,667,300
12/31/2017	18.69	20.94	18.51	20.48	275,354	22,432,000
12/30/2017	21.31	21.32	17.90	18.90	254,117	25,574,600
12/29/2017	21.27	22.24	20.77	21.37	287,313	25,524,500
12/28/2017	22.81	22.91	20.03	21.05	283,101	27,372,200
12/27/2017	23.29	24.35	21.64	22.86	307,404	27,938,400
12/26/2017	20.48	23.73	20.40	23.27	312,881	24,573,400
12/25/2017	20.71	21.31	19.51	20.50	275,679	24,850,600
12/24/2017	21.48	21.48	18.48	20.50	275,644	25,766,800
12/23/2017	20.27	23.02	19.99	21.24	285,624	24,324,600
12/22/2017	23.10	23.33	16.83	20.09	270,079	27,716,500
12/21/2017	23.51	25.56	22.27	23.02	309,583	28,199,000
12/20/2017	25.95	28.90	21.24	23.44	377,761	31,126,500
12/19/2017	26.56	27.29	23.14	26.38	302,011	31,853,200
12/18/2017	22.50	26.54	20.82	26.54	147,282	26,979,400
12/17/2017	21.46	23.86	21.18	22.43	60,874	25,732,400
12/16/2017	22.55	24.30	20.56	21.45	76,846	27,037,100
12/15/2017	19.82	25.12	18.65	22.51	169,927	23,767,400
12/14/2017	16.32	21.99	16.02	19.05	192,971	19,573,600
12/13/2017	16.83	18.44	15.38	16.34	95,220	20,186,600
12/12/2017	16.76	17.98	15.36	16.78	37,911	20,092,300
12/11/2017	14.20	17.10	14.14	16.71	134,758	17,021,500
12/10/2017	14.90	15.79	13.30	14.30	33,630	17,863,400
12/09/2017	14.74	15.90	13.44	14.84	32,103	17,665,100
12/08/2017	16.75	17.28	12.45	14.75	132,841	20,079,100
12/07/2017	12.70	17.11	12.53	15.59	188,549	15,218,500
12/06/2017	11.59	13.10	11.15	12.72	449,650	13,895,700
12/05/2017	12.14	12.62	11.43	11.62	56,443	14,545,500
12/04/2017	10.23	12.93	10.12	12.11	195,300	12,259,600
12/03/2017	9.69	11.05	9.69	10.20	22,824	11,611,100
12/02/2017	9.56	10.31	9.48	9.68	13,811	11,453,800
12/01/2017	8.69	9.94	8.27	9.57	280,791	10,410,500
11/30/2017	8.52	9.27	7.75	8.73	12,063	10,211,500
11/29/2017	8.64	9.80	7.98	8.42	51,930	10,355,400
11/28/2017	8.79	9.11	8.48	8.65	63,648	10,536,600
11/27/2017	8.07	8.93	7.96	8.77	63,990	9,667,990
11/26/2017	7.81	8.19	7.71	7.95	40,139	9,352,960
11/25/2017	7.48	8.59	7.39	7.81	135,510	8,960,790
11/24/2017	7.41	8.91	7.28	7.50	296,949	8,878,660
11/23/2017	7.52	7.71	7.26	7.42	20,503	9,004,250
11/22/2017	6.98	7.71	6.90	7.52	86,140	8,358,960
11/21/2017	7.13	7.26	6.64	6.96	25,844	8,538,880
11/20/2017	7.23	8.31	6.84	7.01	254,543	8,656,040
11/19/2017	7.05	7.30	6.76	7.23	38,649	8,438,060
11/18/2017	7.24	8.76	6.76	7.03	207,608	8,669,550
11/17/2017	6.89	8.10	6.85	7.27	59,857	8,251,310
11/16/2017	7.20	7.42	6.56	6.90	23,824	8,618,480
11/15/2017	6.48	7.29	6.48	7.16	10,249	7,759,420
11/14/2017	6.86	7.04	6.17	6.47	16,937	8,211,100
11/13/2017	5.73	7.00	5.56	6.84	28,590	6,863,230
11/12/2017	6.17	6.17	5.17	5.72	24,739	7,386,860
11/11/2017	6.54	6.94	5.83	6.17	17,883	7,834,820
11/10/2017	7.50	7.64	6.57	6.57	48,180	8,977,740
11/09/2017	7.37	8.04	7.03	7.51	82,404	8,822,060
11/08/2017	7.23	7.54	6.76	7.38	50,318	8,657,900
11/07/2017	6.76	7.40	6.76	7.26	13,551	8,096,030
11/06/2017	7.15	7.15	6.64	6.77	10,285	8,561,210
11/05/2017	7.03	7.76	6.82	7.14	23,926	8,413,240
11/04/2017	6.39	7.84	6.15	6.90	82,360	7,647,090
11/03/2017	6.79	7.73	6.18	6.41	139,498	8,119,290
11/02/2017	7.54	7.79	5.96	6.79	62,752	9,016,760
11/01/2017	7.51	9.14	7.23	7.53	95,525	8,981,740
10/31/2017	7.66	7.83	7.36	7.51	7,123	9,167,690
10/30/2017	7.64	7.77	7.12	7.69	16,691	9,137,430
10/29/2017	7.45	8.17	7.19	7.68	76,038	8,907,010
10/28/2017	6.97	7.48	6.78	7.46	8,017	8,333,020
10/27/2017	6.95	7.36	6.61	6.95	10,584	8,308,280
10/26/2017	7.09	7.69	6.79	6.94	23,970	8,483,720
10/25/2017	7.55	7.61	6.88	6.88	7,993	9,034,010
10/24/2017	7.11	8.05	6.87	7.29	14,944	8,503,710
10/23/2017	7.17	7.72	6.80	7.13	5,074	8,578,440
10/22/2017	7.10	7.34	6.63	7.18	17,879	8,486,800
10/21/2017	7.77	7.93	6.93	7.09	16,956	9,293,970
10/20/2017	8.23	8.35	7.44	7.79	19,248	9,838,700
10/19/2017	8.29	8.38	7.36	8.22	19,503	9,918,840
10/18/2017	8.06	8.37	7.26	8.30	21,184	9,643,440
10/17/2017	8.42	8.50	7.59	8.06	112,999	10,070,100
10/16/2017	9.94	11.28	8.11	8.42	104,457	11,881,400
10/15/2017	9.90	10.67	9.54	9.94	19,322	11,839,000
10/14/2017	9.05	9.90	8.85	9.89	18,389	10,819,000
10/13/2017	9.26	10.48	8.84	9.05	53,225	11,073,000
10/12/2017	9.16	13.40	8.62	9.24	193,836	10,951,400
10/11/2017	9.67	9.97	8.85	9.16	96,808	11,554,400
10/10/2017	7.90	12.56	7.90	9.67	260,565	9,436,980
10/09/2017	8.62	8.62	7.62	7.90	127,321	10,300,900
10/08/2017	9.29	9.43	8.10	8.20	37,189	11,096,400
10/07/2017	10.22	10.22	8.75	9.31	31,199	12,204,500
10/06/2017	10.62	10.74	9.59	10.21	9,185	12,687,900
10/05/2017	10.20	10.72	9.70	10.62	26,409	12,190,300
10/04/2017	11.05	11.47	9.92	10.20	80,668	13,202,000
10/03/2017	14.09	14.17	10.32	11.03	128,170	16,828,700
10/02/2017	13.48	14.94	13.15	14.09	93,890	16,100,000
10/01/2017	14.41	14.53	13.19	13.49	20,956	17,204,700
09/30/2017	14.22	15.25	13.92	14.40	27,596	16,980,800
09/29/2017	12.29	14.69	11.45	14.22	129,013	14,677,400
09/28/2017	11.26	13.72	10.91	12.33	941,312	13,443,400
09/27/2017	11.29	12.34	10.97	11.32	20,400	13,476,000
09/26/2017	11.41	11.67	11.17	11.32	13,370	13,616,200
09/25/2017	10.60	11.55	10.55	11.41	10,555	12,657,900
09/24/2017	11.11	11.11	10.27	10.62	12,684	13,264,800
09/23/2017	10.59	11.31	10.39	11.11	8,930	12,634,200
09/22/2017	10.37	10.63	9.90	10.62	119,750	12,380,200
09/21/2017	11.47	11.62	10.15	10.39	24,184	13,682,700
09/20/2017	11.03	13.43	10.83	11.70	145,130	13,167,700
09/19/2017	11.06	11.71	10.50	11.05	28,802	13,193,800
09/18/2017	9.66	11.35	9.49	11.03	15,574	11,528,800
09/17/2017	8.84	10.24	8.24	9.68	44,647	10,544,700
09/16/2017	9.03	10.09	8.36	8.84	19,087	10,770,600
09/15/2017	8.25	9.31	7.17	9.05	11,394	9,838,560
09/14/2017	8.51	9.09	7.28	7.89	19,219	10,149,600
09/13/2017	8.94	9.19	8.06	8.51	14,315	10,658,300
09/12/2017	9.16	9.80	8.79	8.93	12,289	10,920,500
09/11/2017	9.63	9.67	8.84	9.15	12,380	11,486,200
09/10/2017	10.39	10.42	9.36	9.65	40,322	12,394,000
09/09/2017	10.31	11.33	9.72	10.42	11,152	12,297,600
09/08/2017	10.40	12.83	9.56	10.29	58,541	12,404,900
09/07/2017	11.07	11.07	9.62	10.40	17,320	13,196,500
09/06/2017	8.79	11.19	8.79	11.09	80,580	10,484,000
09/05/2017	8.55	9.40	7.75	8.78	44,923	10,187,300
09/04/2017	9.47	9.47	7.90	8.50	23,275	11,283,300
09/03/2017	9.66	9.99	8.91	9.46	5,645	11,518,200
09/02/2017	9.85	10.06	8.77	9.86	14,738	11,736,500
09/01/2017	9.32	9.84	8.94	9.84	14,840	11,101,100
08/31/2017	8.81	9.46	8.58	9.32	10,133	10,500,100
08/30/2017	8.33	9.27	8.27	8.83	36,914	9,921,980
08/29/2017	8.64	9.15	7.84	8.33	136,766	10,294,900
08/28/2017	9.02	9.12	8.46	8.63	57,277	10,748,700
08/27/2017	8.69	9.10	8.69	9.01	5,848	10,351,000
08/26/2017	9.55	9.87	8.61	8.69	39,495	11,379,800
08/25/2017	9.56	9.81	8.96	9.55	7,651	11,391,400
08/24/2017	9.86	10.12	9.01	9.58	14,468	11,745,100
08/23/2017	8.22	10.08	8.17	9.86	67,589	9,792,570
08/22/2017	8.02	8.34	7.02	8.24	8,957	9,548,190
08/21/2017	7.74	8.63	7.37	8.00	52,846	9,221,430
08/20/2017	7.53	8.52	7.40	7.74	23,202	8,963,730
08/19/2017	7.00	7.68	6.99	7.56	20,595	8,329,170
08/18/2017	7.89	8.18	6.78	7.00	22,052	9,389,750
08/17/2017	7.78	8.27	7.12	7.91	30,367	9,261,330
08/16/2017	6.91	9.16	6.40	7.79	64,789	8,225,220
08/15/2017	6.97	7.94	6.43	6.68	86,299	8,291,250
08/14/2017	6.30	7.62	6.30	6.95	21,281	7,500,100
08/13/2017	6.73	7.30	6.07	6.30	46,971	8,007,940
08/12/2017	6.13	7.36	6.07	6.74	12,887	7,298,200
08/11/2017	6.07	6.22	5.64	6.14	15,564	7,221,410
08/10/2017	6.05	6.18	5.30	6.07	32,854	7,199,160
08/09/2017	6.26	6.41	5.89	6.05	7,898	7,447,950
08/08/2017	6.19	6.41	5.46	6.09	32,877	7,364,460
08/07/2017	6.16	6.67	5.55	6.18	55,027	7,333,700
08/06/2017	6.92	7.27	5.83	6.18	46,227	8,236,850
08/05/2017	6.37	7.27	6.00	6.92	146,835	7,576,370
08/04/2017	5.85	6.48	5.80	5.86	7,047	6,961,560
08/03/2017	5.76	6.41	5.50	5.85	8,557	6,850,420
08/02/2017	6.48	6.48	5.66	5.75	3,909	7,703,150
08/01/2017	5.52	6.94	4.91	6.48	44,852	6,561,230
07/31/2017	5.81	5.88	5.24	5.51	21,804	6,907,990
07/30/2017	5.21	5.92	5.14	5.80	9,594	6,197,200
07/29/2017	5.43	5.45	4.83	5.21	5,763	6,462,360
07/28/2017	5.33	5.73	4.80	5.46	45,596	6,337,260
07/27/2017	5.33	5.56	5.09	5.31	7,619	6,335,410
07/26/2017	5.35	5.44	4.97	5.31	7,712	6,358,610
07/25/2017	6.45	6.50	4.94	5.35	25,211	7,662,120
07/24/2017	6.59	6.65	6.08	6.45	952	7,832,050
07/23/2017	6.49	6.85	5.84	6.60	5,083	7,715,120
07/22/2017	6.17	6.68	5.94	6.49	9,048	7,337,300
07/21/2017	6.70	6.72	5.42	6.18	16,972	7,958,150
07/20/2017	4.96	6.81	4.96	6.65	20,086	5,892,510
07/19/2017	5.43	5.81	4.54	4.97	24,019	6,445,240
07/18/2017	5.05	6.12	4.66	5.42	22,293	5,995,170
07/17/2017	4.40	5.04	4.03	5.03	6,500	5,230,230
07/16/2017	5.04	5.24	3.82	4.41	65,656	5,987,490
07/15/2017	5.92	5.93	4.96	5.06	12,520	7,035,900
07/14/2017	6.89	6.93	5.66	5.93	16,244	8,181,290
07/13/2017	6.50	6.93	5.84	6.90	15,042	7,715,850
07/12/2017	6.27	6.49	5.32	6.49	35,940	7,445,470
07/11/2017	6.42	7.18	5.57	6.30	91,726	7,624,310
07/10/2017	7.62	7.65	5.66	6.43	104,940	9,047,370
07/09/2017	8.17	8.19	6.90	7.60	18,270	9,700,570
07/08/2017	7.33	8.22	7.24	8.16	31,030	8,700,320
07/07/2017	7.90	7.91	6.39	7.32	69,589	9,383,510
07/06/2017	7.82	8.11	7.28	7.90	15,405	9,280,320
07/05/2017	8.10	8.10	7.13	7.81	17,976	9,618,420
07/04/2017	7.45	8.61	7.39	8.11	32,196	8,841,280
07/03/2017	7.24	9.20	7.23	8.05	74,972	8,593,790
07/02/2017	7.29	7.52	6.51	7.27	17,877	8,648,760
07/01/2017	8.41	8.46	6.97	7.29	58,611	9,983,980
06/30/2017	8.43	8.86	7.83	8.42	27,722	10,007,000
06/29/2017	9.04	9.07	7.91	8.42	34,291	10,720,000
06/28/2017	7.77	9.02	6.96	8.61	64,931	9,219,980
06/27/2017	7.57	7.60	6.05	7.24	38,377	8,984,680
06/26/2017	8.39	9.17	5.27	7.57	119,427	9,956,310
06/25/2017	7.82	9.66	6.95	8.40	212,850	9,280,940
06/24/2017	6.71	7.89	6.38	7.71	87,257	7,961,870
06/23/2017	5.71	7.08	5.00	6.71	86,617	6,770,480
06/22/2017	6.24	6.25	5.60	6.24	14,303	7,405,290
06/21/2017	5.73	6.25	5.09	6.24	27,139	6,790,330
06/20/2017	5.81	6.12	5.33	5.73	24,418	6,888,720
06/19/2017	6.05	6.18	5.20	5.81	13,798	7,166,090
06/18/2017	6.29	6.33	6.05	6.05	4,640	7,452,040
06/17/2017	6.41	6.41	5.70	6.29	12,708	7,601,180
06/16/2017	5.90	6.72	5.57	6.41	6,620	6,987,560
06/15/2017	6.27	6.46	5.25	5.90	19,393	7,429,840
06/14/2017	7.58	7.80	5.84	6.27	25,718	8,986,390
06/13/2017	7.04	7.45	6.70	7.45	43,422	8,348,350
06/12/2017	6.67	7.62	6.30	6.71	41,874	7,910,340
06/11/2017	7.29	7.51	6.41	6.68	25,888	8,634,890
06/10/2017	6.43	8.25	5.84	7.29	112,051	7,620,170
06/09/2017	5.36	6.86	5.20	6.42	108,825	6,346,460
06/08/2017	5.43	5.62	5.01	5.36	15,068	6,438,410
06/07/2017	5.63	5.80	5.17	5.41	19,594	6,664,500
06/06/2017	5.50	6.60	4.88	5.63	44,407	6,513,380
06/05/2017	5.05	5.58	4.94	5.48	32,410	5,985,050
06/04/2017	5.02	6.12	4.25	5.05	67,695	5,949,020
06/03/2017	4.62	5.21	4.52	5.04	10,976	5,468,790
06/02/2017	4.28	5.19	3.77	4.62	44,630	5,066,830
06/01/2017	3.98	4.50	3.83	4.28	11,717	4,711,570
05/31/2017	3.35	4.11	3.34	3.98	16,355	3,970,140
05/30/2017	3.51	4.04	3.22	3.34	26,032	4,154,360
05/29/2017	3.48	4.03	2.94	3.51	43,876	4,118,280
05/28/2017	3.31	4.11	3.30	3.64	16,349	3,914,810
05/27/2017	3.96	4.14	3.08	3.29	6,820	4,686,180
05/26/2017	3.83	4.45	3.58	3.95	12,170	4,534,620
05/25/2017	4.41	4.75	3.58	3.86	33,514	5,213,620
05/24/2017	4.50	4.58	3.46	4.41	98,344	5,326,260
05/23/2017	4.32	4.57	3.77	4.13	41,190	5,112,200
05/22/2017	4.37	5.06	3.98	4.33	18,403	5,171,900
05/21/2017	4.23	4.37	3.90	4.36	14,152	5,008,090
05/20/2017	3.92	4.24	3.87	4.23	18,122	4,643,620
05/19/2017	3.96	4.19	3.64	3.93	17,983	4,681,910
05/18/2017	3.62	4.38	3.62	3.96	18,634	4,286,930
05/17/2017	3.46	3.89	3.33	3.63	13,455	4,091,850
05/16/2017	3.29	3.80	3.07	3.46	27,220	3,893,710
05/15/2017	3.41	3.42	3.04	3.04	9,844	4,390,020
05/14/2017	3.12	3.57	3.11	3.41	9,490	4,015,350
05/13/2017	2.89	3.73	2.87	3.11	22,924	3,722,330
05/12/2017	3.07	3.63	2.71	2.90	25,429	3,942,270
05/11/2017	3.07	3.08	2.26	3.06	19,237	3,952,110
05/10/2017	3.13	3.14	2.56	3.07	10,645	4,027,370
05/09/2017	3.45	3.83	2.64	3.13	32,415	4,433,210
05/08/2017	3.28	3.84	2.93	3.45	15,452	4,215,560
05/07/2017	3.46	3.62	3.03	3.28	34,063	4,442,450
05/06/2017	2.92	3.78	2.92	3.46	52,280	3,750,280
05/05/2017	2.83	3.18	2.75	2.92	31,181	3,641,850
05/04/2017	2.30	3.06	2.14	2.83	14,946	2,949,070
05/03/2017	2.18	2.54	1.92	2.29	31,556	2,798,920
05/02/2017	2.07	2.45	1.96	2.18	11,683	2,665,110
05/01/2017	1.77	2.50	1.76	2.08	38,419	2,272,800
04/30/2017	1.68	1.82	1.65	1.75	6,659	2,157,450
04/29/2017	1.62	1.72	1.46	1.68	8,232	2,081,960
04/28/2017	1.58	1.62	1.35	1.62	10,245	2,026,980
04/27/2017	1.45	1.63	1.45	1.58	5,547	1,868,510
04/26/2017	1.44	1.65	1.36	1.45	9,949	1,853,250
04/25/2017	1.46	1.53	1.25	1.44	13,112	1,878,800
04/24/2017	1.33	1.52	1.23	1.46	10,900	1,703,580
04/23/2017	1.39	1.51	1.16	1.32	28,232	1,781,070
04/22/2017	1.68	1.68	1.22	1.39	29,813	2,150,640
04/21/2017	1.82	1.83	1.58	1.67	27,248	2,330,810
04/20/2017	1.70	2.06	1.33	1.82	81,136	2,176,560
04/19/2017	1.49	1.77	1.23	1.69	77,732	1,913,780
04/18/2017	0.915144	1.47	0.851203	1.47	36,369	1,174,660
04/17/2017	0.908606	0.955514	0.864917	0.915251	9,735	1,166,200
04/16/2017	0.878367	1.18	0.878367	0.928608	37,535	1,127,280
04/15/2017	0.615050	1.06	0.583760	0.974341	29,903	789,266
04/14/2017	0.482188	0.629123	0.481936	0.615177	12,512	618,704
04/13/2017	0.509184	0.560040	0.462972	0.481755	4,074	653,313
04/12/2017	0.533622	0.558847	0.493592	0.508909	1,664	684,658
04/11/2017	0.566727	0.568751	0.464083	0.533711	1,191	727,111
04/10/2017	0.590088	0.590968	0.462344	0.566570	1,075	757,032
04/09/2017	0.542340	0.591529	0.452262	0.590371	2,685	695,731
04/08/2017	0.416490	0.586168	0.415471	0.542054	1,996	534,250
04/07/2017	0.418724	0.444667	0.413631	0.418000	1,262	537,084
04/06/2017	0.418801	0.442086	0.413018	0.420052	2,138	537,053
04/05/2017	0.439729	0.463210	0.409304	0.418418	111	563,849
04/04/2017	0.481130	0.514432	0.438193	0.439384	1,770	616,887
04/03/2017	0.430151	0.557615	0.430151	0.480412	814	551,497
04/02/2017	0.456223	0.458476	0.419350	0.429846	180	584,897
04/01/2017	0.508687	0.509371	0.417987	0.456176	1,452	652,123
03/31/2017	0.492377	0.517719	0.435288	0.508725	2,474	631,180
03/30/2017	0.398145	0.548576	0.390125	0.492276	4,819	510,339
03/29/2017	0.449176	0.483863	0.397289	0.397289	2,949	575,690
03/28/2017	0.457672	0.521482	0.386773	0.449636	2,700	586,507
03/27/2017	0.394567	0.513985	0.334591	0.458194	4,512	505,594
03/26/2017	0.380207	0.448895	0.288918	0.392403	9,457	487,185
03/25/2017	0.507942	0.510528	0.314635	0.379724	5,185	650,827
03/24/2017	0.415224	0.613844	0.395828	0.508473	15,798	532,013
03/23/2017	0.337507	0.419604	0.337507	0.415280	9,940	432,420
03/22/2017	0.392530	0.392530	0.307278	0.337215	3,547	502,888
03/21/2017	0.369376	0.395933	0.342494	0.392492	2,650	473,210
03/20/2017	0.347589	0.401212	0.347589	0.368980	1,363	445,269
03/19/2017	0.351340	0.404212	0.322151	0.347422	159	450,048
03/18/2017	0.350757	0.355930	0.299351	0.350292	964	449,267
03/17/2017	0.362722	0.365366	0.317393	0.350929	1,568	464,550
03/16/2017	0.436214	0.438532	0.328436	0.365073	2,495	558,640
03/15/2017	0.385963	0.462159	0.385835	0.435614	3,210	494,259
03/14/2017	0.390743	0.477999	0.381650	0.385913	2,113	500,352
03/13/2017	0.335990	0.444750	0.334928	0.390666	4,133	430,213
03/12/2017	0.370282	0.370584	0.335379	0.335880	705	474,097
03/11/2017	0.337854	0.374821	0.303545	0.370034	3,712	432,548
03/10/2017	0.382201	0.482613	0.253671	0.337975	8,169	489,289
03/09/2017	0.429288	0.430896	0.343538	0.381921	1,879	549,523
03/08/2017	0.403617	0.483118	0.385548	0.429157	2,898	516,644
03/07/2017	0.508227	0.509042	0.402898	0.403719	587	650,486
03/06/2017	0.431612	0.509824	0.431612	0.508076	487	552,383
03/05/2017	0.427111	0.431550	0.421584	0.431492	2	546,607
03/04/2017	0.462110	0.492482	0.406204	0.427404	214	591,356
03/03/2017	0.471468	0.471598	0.393149	0.461228	3,532	603,290
03/02/2017	0.505805	0.512084	0.426446	0.471581	3,686	647,187
03/01/2017	0.445973	0.504905	0.445863	0.504905	1,874	570,593
02/28/2017	0.525409	0.530984	0.445859	0.445946	1,197	672,188
02/27/2017	0.440561	0.525969	0.440409	0.525075	1,188	563,592
02/26/2017	0.471176	0.480741	0.429234	0.441098	2,126	602,720
02/25/2017	0.520774	0.522749	0.449836	0.470999	2,923	666,123
02/24/2017	0.416371	0.599148	0.398212	0.522229	7,849	532,543
02/23/2017	0.491051	0.493526	0.411279	0.414244	3,617	628,017
02/22/2017	0.510690	0.510690	0.488928	0.491126	1	653,083
02/21/2017	0.507251	0.521063	0.506004	0.510919	701	648,647
02/20/2017	0.494143	0.507819	0.447580	0.507580	268	631,812
02/19/2017	0.478787	0.494407	0.465466	0.493756	719	612,147
02/18/2017	0.494535	0.495521	0.445056	0.478633	882	632,263
02/17/2017	0.483662	0.495543	0.445162	0.493121	978	618,325
02/16/2017	0.502837	0.503132	0.406196	0.484284	4,005	642,769
02/15/2017	0.452724	0.513529	0.414886	0.502753	2,757	591,740
02/14/2017	0.446211	0.453248	0.389797	0.451977	2,337	583,189
02/13/2017	0.410871	0.450841	0.388896	0.445720	287	536,969
02/12/2017	0.397344	0.413856	0.376119	0.410993	682	519,263
02/11/2017	0.420964	0.426048	0.416759	0.419679	1,174	550,111
02/10/2017	0.463507	0.465030	0.386479	0.427255	2,530	605,660
02/09/2017	0.545786	0.547683	0.422201	0.462925	1,382	713,146
02/08/2017	0.571634	0.578792	0.468867	0.544951	17,116	746,864
02/07/2017	0.573533	0.584872	0.524597	0.571112	4,048	749,294
02/06/2017	0.558421	0.574411	0.534545	0.572436	4,274	729,505
02/05/2017	0.602946	0.603009	0.555280	0.557846	110	787,586
02/04/2017	0.516799	0.603415	0.487096	0.602588	9,073	675,003
02/03/2017	0.503485	0.516088	0.469278	0.516088	9,268	657,555
02/02/2017	0.499110	0.550454	0.404951	0.503654	1,878	651,790
02/01/2017	0.493877	0.499156	0.470200	0.499156	217	644,927
01/31/2017	0.460182	0.494699	0.414639	0.493954	1,718	600,873
01/30/2017	0.421359	0.460762	0.404804	0.460355	664	550,156
01/29/2017	0.458353	0.470720	0.379490	0.421369	92	598,413
01/28/2017	0.356008	0.458349	0.349127	0.458349	1,501	464,746
01/27/2017	0.295646	0.364036	0.295646	0.356013	907	385,925
01/26/2017	0.334148	0.365394	0.295362	0.295636	448	436,159
01/25/2017	0.334668	0.352259	0.333481	0.334057	97	436,812
01/24/2017	0.356561	0.359140	0.332106	0.334518	7	480,617
01/23/2017	0.333002	0.357996	0.330145	0.356790	1,113	448,833
01/22/2017	0.364107	0.370322	0.331183	0.332620	139	490,721
01/21/2017	0.399781	0.402069	0.322190	0.364116	745	538,762
01/20/2017	0.318631	0.408149	0.303150	0.399788	7,023	429,372
01/19/2017	0.316709	0.321669	0.283767	0.318763	43	426,756
01/18/2017	0.353705	0.357430	0.310861	0.315405	221	476,572
01/17/2017	0.337137	0.357109	0.277411	0.353476	813	454,217
01/16/2017	0.289067	0.338352	0.247923	0.337052	358	389,416
01/15/2017	0.339395	0.341425	0.287454	0.289078	86	457,166
01/14/2017	0.370793	0.375788	0.336926	0.339523	14	499,413
01/13/2017	0.314932	0.373050	0.296846	0.370278	287	424,154
01/12/2017	0.316384	0.326956	0.307434	0.315126	316	426,078
01/11/2017	0.351626	0.431681	0.287540	0.316843	272	473,508
01/10/2017	0.380804	0.385884	0.349330	0.351591	1,580	512,756
01/09/2017	0.346256	0.428874	0.342765	0.381004	8,312	466,188
01/08/2017	0.287131	0.346587	0.285908	0.345771	1,631	386,566
01/07/2017	0.246959	0.287127	0.225111	0.287127	453	332,459
01/06/2017	0.276997	0.286135	0.238020	0.246608	1	372,868
01/05/2017	0.265588	0.304639	0.208835	0.276243	2,446	357,482
01/04/2017	0.278528	0.294506	0.256413	0.265314	849	374,862
01/03/2017	0.284813	0.284869	0.233377	0.278592	26	383,295
01/02/2017	0.291381	0.301032	0.256298	0.284824	139	392,111
01/01/2017	0.269848	0.291221	0.250467	0.291221	1,034	363,108
12/31/2016	0.283623	0.283938	0.269501	0.269808	24	381,620
12/30/2016	0.340724	0.340724	0.281516	0.283584	213	458,420
12/29/2016	0.292786	0.341042	0.271217	0.340756	1,656	393,895
12/28/2016	0.290225	0.298553	0.285366	0.292744	11	390,417
12/27/2016	0.287948	0.292267	0.286884	0.290056	290	387,322
12/26/2016	0.284314	0.289708	0.284314	0.287767	16	382,392
12/25/2016	0.290823	0.291091	0.279046	0.284443	202	391,097
12/24/2016	0.282256	0.298164	0.280001	0.290724	46	379,552
12/23/2016	0.302589	0.327094	0.272704	0.282098	3,007	415,769
12/22/2016	0.340695	0.355077	0.300729	0.302701	7,967	468,086
12/21/2016	0.331258	0.340825	0.313820	0.339790	414	455,050
12/20/2016	0.321049	0.336212	0.320556	0.331389	491	441,003
12/19/2016	0.345058	0.360855	0.316844	0.321095	658	473,963
12/18/2016	0.345189	0.346895	0.343965	0.344935	39	474,127
12/17/2016	0.345578	0.345667	0.345013	0.345181	30	474,657
12/16/2016	0.335512	0.338284	0.335512	0.338163	338	460,763
12/15/2016	0.341109	0.341109	0.335388	0.335599	1,349	468,391
12/14/2016	0.304081	0.341319	0.302795	0.340987	117	417,481
12/13/2016	0.340485	0.341024	0.303845	0.304481	489	467,433
12/12/2016	0.335980	0.341301	0.335980	0.340524	542	461,228
12/11/2016	0.293135	0.336139	0.293135	0.335876	222	402,395
12/10/2016	0.282248	0.305253	0.280789	0.280827	2,052	387,434
12/09/2016	0.352376	0.354075	0.281887	0.282181	1,062	483,644
12/08/2016	0.325611	0.360932	0.325587	0.352446	1,058	446,884
12/07/2016	0.341524	0.341654	0.320346	0.325619	443	468,698
12/06/2016	0.369138	0.371188	0.294117	0.341524	13,620	506,683
12/05/2016	0.362157	0.370053	0.321979	0.369125	2,748	497,060
12/04/2016	0.382130	0.382464	0.328005	0.361992	331	524,436
12/03/2016	0.428180	0.428348	0.326418	0.382109	3,105	587,580
12/02/2016	0.418930	0.429213	0.392743	0.428051	639	579,972
12/01/2016	0.405537	0.424754	0.381769	0.418368	1,595	561,389
11/30/2016	0.406804	0.411077	0.371883	0.405537	565	563,098
11/29/2016	0.360490	0.414127	0.360409	0.406859	1,927	498,957
11/28/2016	0.394340	0.414076	0.353057	0.360471	630	545,772
11/27/2016	0.412954	0.414996	0.393945	0.394311	2	571,494
11/26/2016	0.416577	0.416894	0.409721	0.413084	121	576,463
11/25/2016	0.408292	0.416559	0.353834	0.416559	314	564,946
11/24/2016	0.424046	0.424623	0.398305	0.408380	344	586,685
11/23/2016	0.401602	0.449307	0.394881	0.424038	224	555,602
11/22/2016	0.463198	0.464417	0.389557	0.401610	331	640,771
11/21/2016	0.460415	0.467151	0.423015	0.463408	308	636,854
11/20/2016	0.408195	0.460507	0.396334	0.460398	377	564,427
11/19/2016	0.431214	0.461864	0.407535	0.408121	43	596,086
11/18/2016	0.466741	0.468964	0.422082	0.431325	1,403	645,179
11/17/2016	0.452286	0.467339	0.413744	0.466977	316	625,176
11/16/2016	0.431437	0.454378	0.364829	0.452316	1,824	596,332
11/15/2016	0.368550	0.434628	0.319627	0.431711	1,701	523,303
11/14/2016	0.368552	0.370450	0.322803	0.368324	659	523,294
11/13/2016	0.331425	0.369572	0.326312	0.368582	328	470,565
11/12/2016	0.369518	0.369898	0.331230	0.331432	33	524,624
11/11/2016	0.357681	0.369521	0.328789	0.369521	308	507,794
11/10/2016	0.364313	0.364313	0.355520	0.357644	57	517,188
11/09/2016	0.366473	0.382064	0.362729	0.364252	254	520,226
11/08/2016	0.371485	0.373684	0.365563	0.366590	418	527,300
11/07/2016	0.376495	0.376495	0.306345	0.371354	370	534,372
11/06/2016	0.365841	0.377114	0.365841	0.376616	273	519,220
11/05/2016	0.366385	0.366730	0.331419	0.365859	2,638	519,968
11/04/2016	0.360996	0.370391	0.352849	0.366451	526	512,296
11/03/2016	0.392639	0.395260	0.355469	0.360823	687	557,172
11/02/2016	0.403984	0.404219	0.345659	0.391766	1,294	573,244
11/01/2016	0.395306	0.415315	0.351255	0.403874	974	560,900
10/31/2016	0.379007	0.410735	0.345855	0.395332	1,007	537,737
10/30/2016	0.343714	0.434567	0.335053	0.379004	2,095	487,639
10/29/2016	0.331681	0.346564	0.331681	0.343812	3	470,543
10/28/2016	0.355190	0.355190	0.329157	0.331624	1,360	503,863
10/27/2016	0.339186	0.357520	0.328246	0.354998	902	481,138
10/26/2016	0.328794	0.372205	0.328794	0.339277	2,082	466,373
10/25/2016	0.374409	0.376866	0.327933	0.328621	627	531,036
10/24/2016	0.348248	0.374669	0.333475	0.374514	668	503,753
10/23/2016	0.368558	0.376501	0.347955	0.348158	234	533,095
10/22/2016	0.382791	0.384110	0.334883	0.368288	312	553,640
10/21/2016	0.383662	0.392504	0.329147	0.382832	989	554,856
10/20/2016	0.384075	0.390913	0.362230	0.383740	943	555,412
10/19/2016	0.347146	0.388714	0.347146	0.384091	293	501,967
10/18/2016	0.378306	0.378814	0.334053	0.347129	11	546,973
10/17/2016	0.397676	0.398108	0.303909	0.378309	2,028	574,922
10/16/2016	0.392889	0.398053	0.392889	0.397536	278	567,967
10/15/2016	0.395901	0.396914	0.392116	0.392783	3,664	572,260
10/14/2016	0.394782	0.396987	0.371736	0.395860	1,366	570,567
10/13/2016	0.381575	0.395932	0.378631	0.394717	703	551,460
10/12/2016	0.397080	0.397580	0.381439	0.381593	1,978	573,838
10/11/2016	0.400186	0.405936	0.370181	0.397353	948	578,291
10/10/2016	0.406625	0.409635	0.364880	0.400051	950	587,553
10/09/2016	0.389617	0.406883	0.388155	0.406529	347	562,937
10/08/2016	0.403597	0.403963	0.375862	0.389592	800	583,095
10/07/2016	0.404146	0.404146	0.373693	0.403518	1,518	583,848
10/06/2016	0.367507	0.404608	0.367075	0.404153	752	530,879
10/05/2016	0.385661	0.386241	0.367522	0.367522	2,057	557,054
10/04/2016	0.428475	0.428475	0.336025	0.385636	10,156	633,466
10/03/2016	0.396457	0.428447	0.365693	0.428431	5,791	586,099
10/02/2016	0.399083	0.399097	0.395929	0.396484	73	589,942
10/01/2016	0.395688	0.399898	0.395688	0.399071	425	584,885
09/30/2016	0.393071	0.395645	0.379314	0.395645	551	580,973
09/29/2016	0.355616	0.393666	0.355616	0.393010	872	525,579
09/28/2016	0.393390	0.393665	0.353281	0.355657	2,702	581,362
09/27/2016	0.376987	0.394675	0.357957	0.393372	1,673	557,076
09/26/2016	0.349519	0.377049	0.330268	0.377049	1,986	516,420
09/25/2016	0.337892	0.354295	0.337791	0.349538	1,399	499,230
09/24/2016	0.331569	0.350362	0.331544	0.337860	11	489,878
09/23/2016	0.322538	0.354276	0.277600	0.331580	3,263	476,515
09/22/2016	0.279424	0.322573	0.279424	0.322511	1,680	412,791
09/21/2016	0.326268	0.326268	0.279320	0.279390	795	481,956
09/20/2016	0.351938	0.352110	0.243517	0.326689	8,357	519,739
09/19/2016	0.295344	0.352084	0.295342	0.351932	654	436,123
09/18/2016	0.305634	0.358463	0.293725	0.295360	2,160	451,283
09/17/2016	0.307796	0.308246	0.284015	0.305711	1,081	454,450
09/16/2016	0.300256	0.308872	0.300256	0.307792	1,294	443,290
09/15/2016	0.317263	0.317263	0.284303	0.300307	289	468,371
09/14/2016	0.323982	0.325424	0.272135	0.317299	4,250	478,255
09/13/2016	0.319328	0.324824	0.318636	0.323897	907	471,368
09/12/2016	0.318382	0.319261	0.317967	0.319224	1	469,962
09/11/2016	0.331576	0.334399	0.319912	0.320177	6	489,386
09/10/2016	0.322436	0.332419	0.322195	0.331603	8	475,862
09/09/2016	0.344468	0.344750	0.321851	0.322468	3	508,342
09/08/2016	0.367884	0.375438	0.312564	0.344532	2,083	542,860
09/07/2016	0.338652	0.367953	0.317884	0.367953	349	499,666
09/06/2016	0.363299	0.363561	0.304073	0.338629	517	555,462
09/05/2016	0.364511	0.364763	0.354029	0.363267	1,244	557,291
09/04/2016	0.351916	0.365734	0.294110	0.364419	801	537,966
09/03/2016	0.320712	0.352674	0.287462	0.351743	800	490,158
09/02/2016	0.325955	0.326038	0.287457	0.320714	2,132	498,164
09/01/2016	0.307170	0.326436	0.276718	0.325942	1,567	469,445
08/31/2016	0.308843	0.329311	0.255288	0.307093	926	471,995
08/30/2016	0.304857	0.317775	0.258355	0.308772	745	465,881
08/29/2016	0.242076	0.315832	0.234922	0.304844	1,079	369,920
08/28/2016	0.255445	0.256684	0.229595	0.242070	5,055	390,324
08/27/2016	0.272430	0.272516	0.234490	0.255542	6,390	416,264
08/26/2016	0.303654	0.303838	0.262744	0.272398	1,583	463,948
08/25/2016	0.342302	0.342460	0.303070	0.303689	2,952	522,972
08/24/2016	0.303341	0.342741	0.269241	0.342264	719	463,421
08/23/2016	0.308045	0.309609	0.302716	0.303422	335	470,570
08/22/2016	0.259362	0.308365	0.259244	0.308090	85	396,146
08/21/2016	0.305280	0.305973	0.258876	0.259411	12	466,240
08/20/2016	0.259419	0.305869	0.259419	0.305290	1,581	396,187
08/19/2016	0.263015	0.328641	0.262952	0.293942	2,666	401,656
08/18/2016	0.286608	0.287042	0.248516	0.262954	855	437,662
08/17/2016	0.346365	0.346698	0.236263	0.286680	1,532	528,872
08/16/2016	0.312027	0.348944	0.299322	0.346312	420	491,674
08/15/2016	0.259520	0.314928	0.246509	0.311957	909	408,904
08/14/2016	0.246819	0.259798	0.232405	0.259481	256	388,882
08/13/2016	0.285783	0.288966	0.262027	0.262482	972	450,221
08/12/2016	0.305282	0.305400	0.227973	0.285820	4,479	480,890
08/11/2016	0.213009	0.409675	0.213009	0.305406	23,082	335,466
08/10/2016	0.214242	0.230040	0.194137	0.212916	893	337,368
08/09/2016	0.220055	0.220069	0.191406	0.211883	196	346,510
08/08/2016	0.225222	0.225338	0.191439	0.220025	550	354,642
08/07/2016	0.191116	0.225251	0.190803	0.225200	175	300,931
08/06/2016	0.194353	0.214444	0.185163	0.191111	577	305,996
08/05/2016	0.251001	0.251001	0.186649	0.194418	434	395,160
08/04/2016	0.259130	0.264490	0.185439	0.250994	2,193	407,913
08/03/2016	0.218986	0.262148	0.135690	0.259163	6,046	344,664
08/02/2016	0.148000	0.254327	0.107680	0.217577	7,930	232,923
08/01/2016	0.134306	0.134616	0.132024	0.132622	22	211,362
07/31/2016	0.137566	0.153009	0.132756	0.134383	177	216,480
07/30/2016	0.149571	0.183295	0.137518	0.137569	2,867	235,356
07/29/2016	0.160091	0.161309	0.147344	0.149558	212	251,887
07/28/2016	0.166061	0.166460	0.160025	0.160110	4	261,261
07/27/2016	0.179488	0.203805	0.145901	0.166052	1,698	282,366
07/26/2016	0.163524	0.180498	0.161605	0.179582	115	257,241
07/25/2016	0.181311	0.207856	0.163465	0.163487	361	285,212
07/24/2016	0.207510	0.209901	0.181191	0.181290	2	326,411
07/23/2016	0.162668	0.207706	0.162144	0.207527	7	255,862
07/22/2016	0.217266	0.217779	0.161693	0.162643	68	341,714
07/21/2016	0.189554	0.217409	0.188053	0.217300	1,318	298,110
07/20/2016	0.191625	0.191643	0.188918	0.189591	948	309,696
07/19/2016	0.171642	0.191639	0.165609	0.191639	507	277,319
07/18/2016	0.193496	0.194100	0.170499	0.171716	143	312,601
07/17/2016	0.176260	0.193320	0.169297	0.193320	240	284,736
07/16/2016	0.208050	0.209055	0.168130	0.176645	1,775	336,065
07/15/2016	0.216284	0.218780	0.195371	0.208236	1,500	349,341
07/14/2016	0.215071	0.216957	0.190393	0.216188	730	347,363
07/13/2016	0.221508	0.221804	0.197483	0.215467	1,234	357,739
07/12/2016	0.218902	0.225077	0.216664	0.221507	9	353,508
07/11/2016	0.218743	0.221668	0.175749	0.218909	342	353,217
07/10/2016	0.220018	0.220469	0.194339	0.218867	342	355,230
07/09/2016	0.199957	0.223997	0.197113	0.220001	684	322,805
07/08/2016	0.220219	0.222474	0.199834	0.200012	142	355,488
07/07/2016	0.196026	0.219911	0.175656	0.219911	3,433	316,357
07/06/2016	0.178467	0.259121	0.178412	0.195933	10,113	288,000
07/05/2016	0.211922	0.221383	0.178202	0.178445	4,260	341,946
07/04/2016	0.174546	0.219512	0.154344	0.211825	4,189	281,599
07/03/2016	0.141810	0.176233	0.141810	0.174196	2,353	228,763
07/02/2016	0.148799	0.173912	0.138555	0.141727	11,249	240,025
07/01/2016	0.121275	0.216085	0.112005	0.148726	31,952	202,017
06/30/2016	0.103662	0.121401	0.103130	0.121401	5,506	172,670
06/29/2016	0.106956	0.106956	0.101419	0.103638	896	178,148
06/28/2016	0.101502	0.107884	0.094135	0.106974	7	169,046
06/27/2016	0.099475	0.100613	0.097290	0.100551	296	165,660
06/26/2016	0.103945	0.104079	0.096414	0.097810	16	173,093
06/25/2016	0.096708	0.128112	0.094016	0.103979	3,833	161,034
06/24/2016	0.100479	0.109779	0.094527	0.096947	1,079	167,304
06/23/2016	0.084970	0.101341	0.079546	0.100461	809	141,476
06/22/2016	0.097011	0.107329	0.083740	0.083845	763	161,519
06/21/2016	0.108350	0.108350	0.092997	0.096902	43	180,390
06/20/2016	0.122190	0.122213	0.107689	0.108364	81	203,423
06/19/2016	0.120838	0.124449	0.119293	0.122126	692	201,164
06/18/2016	0.106427	0.124315	0.104299	0.120878	909	177,166
06/17/2016	0.119973	0.121491	0.105033	0.106491	3,628	199,703
06/16/2016	0.115976	0.139160	0.112407	0.119948	20,591	193,033
06/15/2016	0.120199	0.120221	0.105579	0.115907	796	200,046
06/14/2016	0.124513	0.128087	0.108442	0.120245	652	207,219
06/13/2016	0.123712	0.130021	0.120270	0.124498	1,294	205,870
06/12/2016	0.109657	0.130073	0.108460	0.123620	16,175	182,470
06/11/2016	0.105475	0.107032	0.105475	0.106369	532	175,504
06/10/2016	0.105152	0.106403	0.104535	0.105493	940	174,956
06/09/2016	0.101014	0.106961	0.100426	0.105155	344	168,057
06/08/2016	0.101498	0.101641	0.085981	0.101041	651	168,848
06/07/2016	0.095990	0.101576	0.095979	0.101487	1	159,682
06/05/2016	0.107673	0.109568	0.107673	0.107870	0	179,090
06/04/2016	0.106838	0.108483	0.085497	0.107758	4	177,690
06/03/2016	0.100972	0.107860	0.100780	0.106820	79	167,922
06/02/2016	0.100780	0.101424	0.100059	0.100980	174	167,591
06/01/2016	0.079734	0.101277	0.078872	0.100956	723	136,060
05/31/2016	0.096640	0.097328	0.078125	0.079742	1,578	164,878
05/30/2016	0.103126	0.104338	0.084737	0.096791	752	175,931
05/29/2016	0.097368	0.108576	0.074176	0.102998	7,271	166,095
05/28/2016	0.088921	0.097673	0.074517	0.097475	1,458	151,681
05/27/2016	0.081605	0.089224	0.079588	0.088971	1,143	139,191
05/26/2016	0.060534	0.085640	0.060532	0.081603	3,872	103,244
05/25/2016	0.057978	0.066226	0.057978	0.060526	921	98,879
05/24/2016	0.066614	0.067570	0.057985	0.057985	117	113,602
05/23/2016	0.056049	0.066643	0.055985	0.066633	274	95,577
05/22/2016	0.057320	0.057404	0.056055	0.056064	140	97,743
05/21/2016	0.063121	0.063278	0.062983	0.063222	10	107,625
05/20/2016	0.059490	0.063088	0.057731	0.063088	467	101,427
05/19/2016	0.058191	0.064826	0.058158	0.059614	1,003	99,208
05/18/2016	0.058093	0.062360	0.058031	0.058200	2,501	99,035
05/17/2016	0.058369	0.058463	0.058061	0.058097	2,922	101,395
05/16/2016	0.068658	0.068753	0.057977	0.058387	1,085	119,261
05/15/2016	0.079738	0.079755	0.058520	0.068671	320	138,495
05/14/2016	0.081747	0.081953	0.058872	0.079737	4,158	141,968
05/13/2016	0.076132	0.081996	0.068556	0.081749	16	132,213
05/12/2016	0.080740	0.081891	0.074941	0.076127	2,225	140,206
05/11/2016	0.073920	0.086209	0.073915	0.080729	1,157	128,356
05/10/2016	0.069049	0.077115	0.068106	0.073879	1,740	119,893
05/09/2016	0.066916	0.069294	0.062274	0.069045	1,059	116,184
05/08/2016	0.067556	0.067686	0.060767	0.066923	487	117,290
05/07/2016	0.065774	0.068246	0.057667	0.067540	1,971	114,188
05/06/2016	0.058232	0.077612	0.049564	0.056547	3,913	101,040
05/05/2016	0.058074	0.058301	0.057965	0.058234	1	100,759
05/04/2016	0.058526	0.058536	0.057918	0.058074	10	107,392
05/03/2016	0.053880	0.058629	0.053632	0.058528	1,054	98,863
05/02/2016	0.051875	0.058720	0.043812	0.053872	278	95,178
05/01/2016	0.049006	0.051945	0.048945	0.051853	0	89,910
04/30/2016	0.053597	0.053655	0.048920	0.048977	2	98,330
04/29/2016	0.036603	0.053626	0.036500	0.053612	811	67,132
04/28/2016	0.041396	0.041429	0.036419	0.036607	73	75,918
04/27/2016	0.048939	0.049043	0.041344	0.041344	3	89,749
04/26/2016	0.038363	0.051005	0.037256	0.048948	2,848	70,351
04/25/2016	0.041261	0.041329	0.038435	0.038435	1	75,663
04/24/2016	0.042777	0.043222	0.040428	0.041271	0	78,437
04/23/2016	0.042185	0.042771	0.039666	0.042764	259	77,342
04/22/2016	0.037347	0.042570	0.037347	0.042178	0	68,468
04/21/2016	0.041829	0.042613	0.037332	0.037337	6	76,680
04/20/2016	0.037301	0.037400	0.037207	0.037381	1	68,378
04/19/2016	0.040785	0.041620	0.035575	0.037305	5	74,761
04/18/2016	0.042405	0.042464	0.040641	0.040778	91	77,729
04/16/2016	0.041046	0.041101	0.040977	0.041086	28	75,233
04/15/2016	0.040302	0.041067	0.040302	0.041050	28	73,865
04/14/2016	0.040207	0.040325	0.040182	0.040290	5	73,686
04/12/2016	0.035091	0.035490	0.035091	0.035375	0	64,305
04/11/2016	0.042152	0.042270	0.035045	0.035083	0	84,840
04/10/2016	0.045049	0.045318	0.034866	0.042152	248	90,670
04/09/2016	0.045179	0.045237	0.041107	0.045041	1	90,932
04/08/2016	0.041535	0.045718	0.041511	0.045169	0	83,597
04/07/2016	0.041592	0.046456	0.041316	0.041525	246	83,712
04/06/2016	0.041686	0.041701	0.041525	0.041576	0	83,901
04/05/2016	0.041352	0.041628	0.041271	0.041620	0	83,229
04/04/2016	0.041295	0.041850	0.041295	0.041356	12	83,114
04/03/2016	0.050004	0.050062	0.041185	0.041291	35	100,643
04/02/2016	0.049817	0.050308	0.049817	0.049999	2	100,266
04/01/2016	0.043777	0.054321	0.040923	0.049800	1,880	88,111
03/31/2016	0.040544	0.047705	0.040544	0.043783	6	81,603
03/30/2016	0.047970	0.048026	0.040148	0.040549	102	96,546
03/29/2016	0.044544	0.052006	0.041189	0.047964	1,673	89,649
03/28/2016	0.044793	0.044793	0.037855	0.044531	78	90,146
03/27/2016	0.042208	0.045024	0.042185	0.044799	432	84,938
03/26/2016	0.045464	0.045464	0.036967	0.042207	531	91,484
03/25/2016	0.023343	0.050165	0.023335	0.045469	6,083	46,970
03/24/2016	0.024292	0.024330	0.023267	0.023343	1	48,877
03/23/2016	0.022439	0.024350	0.022428	0.024291	190	45,147
03/22/2016	0.028874	0.029185	0.022368	0.022435	282	58,092
03/21/2016	0.028934	0.028934	0.022708	0.028873	0	58,212
03/20/2016	0.022762	0.028963	0.022735	0.028952	4	45,793
03/19/2016	0.021282	0.021371	0.021179	0.021184	354	42,811
03/18/2016	0.027340	0.030295	0.021119	0.021301	436	54,997
03/17/2016	0.029191	0.029455	0.027309	0.027342	70	58,716
03/16/2016	0.029140	0.031284	0.029114	0.031268	44	58,611
03/15/2016	0.029850	0.029972	0.029746	0.029884	0	60,038
03/14/2016	0.029192	0.029846	0.029192	0.029846	0	58,712
03/13/2016	0.029020	0.029371	0.029020	0.029194	1	58,365
03/12/2016	0.029729	0.029783	0.028940	0.029032	3	59,789
03/11/2016	0.029925	0.030134	0.029615	0.029721	15	60,180
03/10/2016	0.029248	0.029932	0.029134	0.029924	0	58,814
03/09/2016	0.029810	0.033091	0.029103	0.029243	464	59,942
03/08/2016	0.023210	0.033061	0.023204	0.029816	701	46,668
03/07/2016	0.025135	0.028854	0.020356	0.023219	378	50,534
03/06/2016	0.024663	0.025331	0.024368	0.025129	1	49,585
03/05/2016	0.030415	0.030791	0.024261	0.024680	0	61,148
03/04/2016	0.025333	0.025545	0.025202	0.025202	9	50,928
03/03/2016	0.026970	0.031827	0.022906	0.025325	763	54,217
03/02/2016	0.025120	0.032178	0.023933	0.026970	2,184	50,494
03/01/2016	0.025001	0.025118	0.024967	0.025118	2	50,254
02/28/2016	0.025951	0.025957	0.025429	0.025587	1	52,160
02/27/2016	0.025138	0.026012	0.025091	0.025956	177	50,523
02/26/2016	0.021524	0.025072	0.021376	0.025072	30	43,257
02/25/2016	0.018715	0.021550	0.018715	0.021526	18	37,610
02/24/2016	0.017409	0.023412	0.017409	0.018721	1,634	34,985
02/23/2016	0.021450	0.021553	0.020632	0.020637	162	43,103
02/22/2016	0.024386	0.024386	0.021337	0.021419	301	49,002
02/21/2016	0.024451	0.024478	0.024348	0.024375	135	49,133
02/20/2016	0.022520	0.023655	0.022520	0.023526	372	45,250
02/19/2016	0.023040	0.024279	0.022461	0.022521	418	46,292
02/18/2016	0.028476	0.028543	0.022577	0.023036	1,018	57,213
02/17/2016	0.021165	0.031369	0.021165	0.028476	2,951	42,521
02/16/2016	0.020413	0.023243	0.020413	0.021167	210	41,010
02/15/2016	0.024454	0.024623	0.020289	0.020423	140	49,125
02/14/2016	0.020220	0.024429	0.019846	0.024429	413	40,618
02/13/2016	0.019601	0.024138	0.019601	0.020166	81	39,374
02/12/2016	0.019362	0.021858	0.019360	0.019597	440	38,893
02/11/2016	0.020994	0.023697	0.015671	0.019359	265	42,170
02/10/2016	0.020700	0.023831	0.020687	0.020994	10	41,577
02/09/2016	0.018672	0.023323	0.018645	0.020700	255	37,502
02/08/2016	0.016933	0.018945	0.016933	0.018670	166	34,005
02/07/2016	0.015445	0.017124	0.015408	0.016931	8	31,016
02/06/2016	0.015690	0.015693	0.015115	0.015443	2	31,508
02/05/2016	0.017243	0.017245	0.015423	0.015675	212	34,625
02/04/2016	0.014765	0.017445	0.014765	0.017243	1,929	29,645
02/03/2016	0.014870	0.014882	0.014657	0.014766	1	29,853
02/02/2016	0.014165	0.014871	0.014160	0.014862	7	28,438
02/01/2016	0.014338	0.014520	0.014087	0.014161	4	28,784
01/31/2016	0.014779	0.014782	0.014301	0.014334	28	29,670
01/30/2016	0.014644	0.014700	0.014529	0.014576	5	29,398
01/29/2016	0.014691	0.014849	0.014117	0.014644	5	29,491
01/28/2016	0.012442	0.014810	0.011979	0.014692	50	24,976
01/27/2016	0.012888	0.015577	0.012376	0.012446	38	25,871
01/26/2016	0.011960	0.013064	0.011916	0.012887	6	24,006
01/25/2016	0.014910	0.014910	0.011866	0.011952	257	29,926
01/24/2016	0.014420	0.014989	0.014376	0.014910	4	28,943
01/23/2016	0.014152	0.014598	0.014133	0.014395	3	28,404
01/22/2016	0.015180	0.015185	0.013885	0.014152	3	30,466
01/21/2016	0.015747	0.015747	0.015034	0.015131	23	31,603
01/19/2016	0.012304	0.012304	0.012304	0.012304	0	24,690
01/18/2016	0.012153	0.012338	0.011974	0.012301	0	24,387
01/17/2016	0.016148	0.016310	0.012168	0.012168	1	32,403
01/16/2016	0.011317	0.011773	0.011002	0.011547	168	22,708
01/15/2016	0.012722	0.012722	0.011336	0.011336	165	25,526
01/14/2016	0.015584	0.015617	0.015536	0.015541	6	31,259
01/13/2016	0.015707	0.015707	0.015301	0.015587	6	31,504
01/12/2016	0.016095	0.016116	0.015707	0.015707	12	32,283
01/09/2016	0.013624	0.013662	0.013431	0.013513	37	27,324
01/08/2016	0.013786	0.016329	0.013553	0.013620	40	27,647
01/07/2016	0.012948	0.013823	0.012920	0.013801	10	25,965
01/06/2016	0.017097	0.017116	0.012954	0.012954	5	34,286
12/31/2015	0.014365	0.014365	0.014124	0.014312	2	28,800
12/30/2015	0.013008	0.014587	0.012942	0.014382	2	26,078
12/29/2015	0.016887	0.017269	0.009067	0.012979	609	33,854
12/28/2015	0.014904	0.016894	0.013647	0.016887	532	29,879
12/27/2015	0.014717	0.014946	0.014627	0.014883	20	29,502
12/26/2015	0.016070	0.016131	0.014307	0.014725	1	32,214
12/25/2015	0.013646	0.016074	0.011580	0.016066	1	27,353
12/24/2015	0.015587	0.015668	0.013577	0.013653	300	31,244
12/23/2015	0.014962	0.015080	0.014959	0.015062	9	29,990
12/22/2015	0.015163	0.015163	0.014921	0.014981	9	30,393
12/19/2015	0.016509	0.016578	0.016498	0.016527	4	33,084
12/18/2015	0.016225	0.016537	0.016206	0.016509	4	32,513
12/17/2015	0.016200	0.016298	0.016002	0.016194	2	32,464
12/16/2015	0.017971	0.017971	0.015282	0.016200	4	36,011
12/15/2015	0.017767	0.018048	0.016689	0.017975	91	35,603
12/14/2015	0.017331	0.017886	0.017218	0.017767	5	34,728
12/13/2015	0.017396	0.017520	0.015210	0.017376	86	34,856
12/12/2015	0.019510	0.020198	0.014204	0.017396	1,080	39,092
12/11/2015	0.017190	0.019517	0.013784	0.019456	3,103	34,442
12/10/2015	0.020669	0.020766	0.020372	0.020675	2	41,413
12/09/2015	0.024240	0.024522	0.016742	0.020654	2,454	48,567
12/08/2015	0.019781	0.024240	0.019022	0.024240	494	39,632
12/07/2015	0.024952	0.025300	0.019594	0.019788	424	49,993
12/06/2015	0.020133	0.025612	0.019741	0.025135	24	40,338
12/02/2015	0.018490	0.018490	0.017826	0.018319	8	37,043
12/01/2015	0.028352	0.028473	0.018252	0.018485	30	56,797
11/30/2015	0.018951	0.028497	0.018925	0.028352	4	37,963
11/29/2015	0.019023	0.021395	0.018527	0.018950	58	38,108
11/28/2015	0.021428	0.021572	0.018766	0.018999	17	42,925
11/27/2015	0.021112	0.021815	0.020872	0.021483	31	42,289
11/26/2015	0.019873	0.021938	0.019863	0.021161	91	39,806
11/24/2015	0.016960	0.016960	0.016701	0.016819	164	33,970
11/23/2015	0.016243	0.017014	0.016158	0.016960	165	32,534
11/22/2015	0.020712	0.020732	0.016079	0.016227	75	41,485
11/21/2015	0.020455	0.020833	0.020301	0.020770	10	40,969
11/20/2015	0.020166	0.020573	0.020162	0.020464	10	40,390
11/18/2015	0.021247	0.021339	0.020996	0.021286	54	42,553
11/17/2015	0.021409	0.026845	0.021037	0.021278	232	42,874
11/13/2015	0.022913	0.022913	0.022718	0.022718	57	45,879
11/12/2015	0.021406	0.023288	0.021211	0.022890	57	42,861
11/11/2015	0.023002	0.023031	0.020375	0.021236	53	46,056
11/10/2015	0.025667	0.025743	0.022277	0.022787	57	51,388
11/09/2015	0.025776	0.025776	0.025667	0.025667	1	51,605
11/07/2015	0.028766	0.030020	0.028625	0.029783	0	57,583
11/06/2015	0.024191	0.029392	0.023012	0.028735	129	48,423
11/05/2015	0.025913	0.028420	0.023786	0.025279	33	51,869
11/04/2015	0.037339	0.038333	0.024664	0.025965	54	74,738
11/03/2015	0.033406	0.038489	0.033082	0.037316	160	66,864
11/02/2015	0.026108	0.033428	0.025889	0.033355	517	52,256
11/01/2015	0.023625	0.026231	0.023391	0.026067	50	47,286
10/31/2015	0.026379	0.026733	0.023194	0.023553	3	52,796
10/30/2015	0.023511	0.026566	0.023395	0.026379	489	47,055
10/29/2015	0.023858	0.024919	0.023639	0.024439	9	47,748
10/28/2015	0.022181	0.023877	0.021358	0.023877	25	44,389
10/27/2015	0.023109	0.023954	0.022134	0.022177	352	46,245
10/26/2015	0.023265	0.023380	0.022897	0.023108	187	46,553
10/25/2015	0.023947	0.024007	0.023202	0.023218	12	47,918
10/24/2015	0.025170	0.025485	0.025170	0.025294	0	50,361
10/23/2015	0.043841	0.043954	0.024990	0.025171	0	87,715
10/22/2015	0.024707	0.043839	0.024704	0.043818	10	49,432
10/21/2015	0.022097	0.024768	0.021637	0.024712	66	44,208
10/20/2015	0.021558	0.022152	0.021531	0.021891	534	43,128
10/19/2015	0.021944	0.022012	0.021465	0.021549	693	43,900
10/18/2015	0.022436	0.042119	0.021766	0.021948	23	44,883
10/17/2015	0.021424	0.022473	0.021394	0.022473	214	42,855
10/16/2015	0.021955	0.026176	0.021202	0.021424	307	43,916
10/15/2015	0.021764	0.022097	0.021759	0.021961	10	43,532
10/14/2015	0.021534	0.021952	0.021500	0.021762	3	43,070
10/12/2015	0.021246	0.021280	0.021085	0.021152	9	42,493
10/11/2015	0.021065	0.021263	0.020997	0.021253	11	42,129
10/10/2015	0.020725	0.021167	0.020669	0.021060	44	41,449
10/09/2015	0.022228	0.022448	0.020730	0.020743	101	44,453
10/08/2015	0.023609	0.024589	0.022228	0.022228	47	47,215
10/07/2015	0.029259	0.029333	0.023572	0.023601	3	58,513
10/06/2015	0.021764	0.029363	0.021753	0.029259	218	43,514
10/05/2015	0.021419	0.023954	0.021411	0.021751	1,636	42,824
10/04/2015	0.021347	0.021368	0.021297	0.021327	149	42,680
10/03/2015	0.021596	0.023449	0.021329	0.021353	157	43,177
10/02/2015	0.023907	0.023937	0.021557	0.021596	100	47,797
10/01/2015	0.020771	0.024026	0.020764	0.023936	148	41,527
09/30/2015	0.020953	0.021039	0.020738	0.020778	411	41,892
09/29/2015	0.031009	0.031094	0.030595	0.030834	0	61,997
09/28/2015	0.026753	0.031035	0.026720	0.031009	0	53,486
09/27/2015	0.025753	0.026829	0.023358	0.026752	169	51,485
09/26/2015	0.030545	0.030579	0.030522	0.030536	111	61,064
09/25/2015	0.030465	0.030829	0.030356	0.030554	111	60,901
09/24/2015	0.029937	0.030632	0.024527	0.030466	2,170	59,843
09/23/2015	0.024937	0.030124	0.024937	0.029939	33	49,847
09/22/2015	0.030840	0.030908	0.024877	0.024933	35	61,648
09/21/2015	0.027743	0.031143	0.027678	0.030814	88	55,454
09/20/2015	0.031467	0.031467	0.025965	0.027736	1,221	62,896
09/19/2015	0.023530	0.031487	0.019964	0.031466	7,480	47,031
09/18/2015	0.019081	0.023594	0.019081	0.023536	101	38,137
09/17/2015	0.021844	0.021958	0.019074	0.019081	38	43,657
09/16/2015	0.022945	0.023016	0.020466	0.021841	2	45,858
09/15/2015	0.018952	0.025583	0.018905	0.022953	6	37,876
09/14/2015	0.028768	0.028895	0.018950	0.018953	27	57,490
09/13/2015	0.023052	0.028834	0.018656	0.028805	162	46,066
09/12/2015	0.024594	0.024596	0.021182	0.023048	30	49,146
09/11/2015	0.026495	0.027284	0.022120	0.024601	285	52,943
09/10/2015	0.027837	0.030554	0.023291	0.026508	194	55,623
09/09/2015	0.031113	0.031217	0.023192	0.027830	20	62,167
09/08/2015	0.021562	0.031847	0.020153	0.031115	2,272	43,081
09/07/2015	0.020657	0.022853	0.020110	0.021562	11	41,272
09/06/2015	0.020590	0.022348	0.020286	0.020657	375	41,136
09/05/2015	0.017380	0.021225	0.017380	0.020592	2,702	34,721
09/04/2015	0.016567	0.017433	0.015526	0.017388	1,090	33,095
09/03/2015	0.015818	0.017100	0.015289	0.016567	103	31,599
09/02/2015	0.014975	0.015908	0.014886	0.015818	2	29,914
09/01/2015	0.014900	0.017246	0.014794	0.014981	682	29,762
08/31/2015	0.014586	0.016702	0.014233	0.014900	241	29,134
08/30/2015	0.014375	0.014573	0.014154	0.014568	3	28,711
08/29/2015	0.014449	0.015886	0.014222	0.014375	25	28,858
08/28/2015	0.013735	0.014614	0.013504	0.014439	30	27,432
08/27/2015	0.015366	0.016363	0.012506	0.013727	815	30,688
08/26/2015	0.015252	0.016677	0.010874	0.015351	546	30,460
08/25/2015	0.013493	0.015231	0.012818	0.014258	0	26,944
08/24/2015	0.016682	0.016821	0.013517	0.013520	48	33,312
08/23/2015	0.014380	0.016794	0.014319	0.016686	287	28,715
08/22/2015	0.016940	0.016975	0.013896	0.014381	119	33,826
08/21/2015	0.015952	0.017006	0.012207	0.016933	790	31,852
08/20/2015	0.017017	0.017233	0.013730	0.015952	826	33,975
08/19/2015	0.021439	0.022554	0.016949	0.017001	315	42,800
08/18/2015	0.026845	0.027048	0.017401	0.020053	837	53,591
08/17/2015	0.025846	0.027966	0.019580	0.026848	1,497	51,593
08/16/2015	0.028282	0.029820	0.023252	0.025848	1,302	56,452
08/15/2015	0.031088	0.031179	0.028220	0.028247	1,509	62,052
08/14/2015	0.029865	0.031305	0.029565	0.031106	3	59,610
08/13/2015	0.033346	0.033347	0.029719	0.029860	241	66,555
08/12/2015	0.030562	0.033780	0.030226	0.033370	1,160	60,994
08/11/2015	0.029871	0.033821	0.029871	0.030562	26	59,614
08/10/2015	0.031219	0.034263	0.029846	0.029885	1,028	62,302
08/09/2015	0.030305	0.033650	0.030230	0.031219	81	60,476
08/08/2015	0.039242	0.039472	0.030258	0.030291	159	78,308
08/07/2015	0.034845	0.040081	0.033837	0.039220	901	69,532
08/06/2015	0.034049	0.036568	0.033694	0.034836	367	67,939
08/05/2015	0.037027	0.037164	0.034047	0.034049	463	73,880
08/04/2015	0.033580	0.037136	0.033580	0.037075	771	67,000
08/03/2015	0.035091	0.035468	0.032528	0.033580	876	70,011
08/02/2015	0.031567	0.035119	0.031239	0.035067	80	62,980
08/01/2015	0.035008	0.035038	0.031562	0.031743	129	69,841
07/31/2015	0.040642	0.040661	0.031893	0.035003	351	81,078
07/30/2015	0.037578	0.043459	0.037464	0.040646	1,092	74,960
07/29/2015	0.038283	0.039418	0.034731	0.037641	270	76,365
07/28/2015	0.035301	0.039511	0.035301	0.038273	126	70,413
07/27/2015	0.039540	0.039540	0.034595	0.035299	275	78,866
07/25/2015	0.034798	0.035094	0.034545	0.034771	530	69,401
07/24/2015	0.038641	0.040036	0.033225	0.034811	745	77,064
07/23/2015	0.036529	0.039432	0.035891	0.038647	55	72,850
07/22/2015	0.037210	0.038314	0.033117	0.036513	719	74,206
07/21/2015	0.036216	0.045449	0.036183	0.037234	1,277	72,220
07/20/2015	0.036337	0.038594	0.035964	0.036228	274	72,460
07/19/2015	0.039528	0.039528	0.036314	0.036352	117	78,819
07/18/2015	0.036109	0.039551	0.035991	0.039547	26	71,997
07/17/2015	0.039477	0.041231	0.036063	0.036127	417	78,703
07/16/2015	0.038619	0.040328	0.033979	0.039477	1,705	76,991
07/15/2015	0.037607	0.039290	0.037607	0.038590	386	74,974
07/14/2015	0.040301	0.043957	0.037567	0.037567	1,466	80,343
07/13/2015	0.043578	0.043595	0.039190	0.040303	132	86,873
07/12/2015	0.041778	0.047143	0.037373	0.043584	303	83,282
07/11/2015	0.041877	0.045526	0.036876	0.041775	253	83,478
07/10/2015	0.037676	0.042968	0.035177	0.041879	1,345	75,098
07/09/2015	0.035517	0.037782	0.030145	0.037686	867	70,793
07/08/2015	0.029379	0.036555	0.029379	0.035511	2,683	58,556
07/07/2015	0.035973	0.036059	0.028006	0.029403	1,603	71,697
07/06/2015	0.037646	0.040620	0.030169	0.035848	2,098	75,029
07/05/2015	0.034756	0.038268	0.033437	0.037757	139	69,268
07/04/2015	0.037584	0.037650	0.030506	0.034767	3,537	74,901
07/03/2015	0.038316	0.038556	0.034168	0.037561	487	76,358
07/02/2015	0.038087	0.040252	0.034730	0.038309	1,073	75,899
07/01/2015	0.036864	0.038384	0.033602	0.038097	68	73,454
06/30/2015	0.041126	0.041126	0.032849	0.036825	970	81,944
06/29/2015	0.038343	0.041148	0.036624	0.041130	399	76,395
06/28/2015	0.036391	0.039588	0.035878	0.038387	590	72,504
06/27/2015	0.044484	0.044763	0.035579	0.036396	436	88,627
06/26/2015	0.036320	0.044505	0.034016	0.044493	346	72,357
06/25/2015	0.033651	0.036417	0.029186	0.036349	3,505	67,039
06/24/2015	0.041272	0.043694	0.033672	0.033672	6,958	82,220
06/23/2015	0.044756	0.046596	0.037600	0.041274	2,844	89,157
06/22/2015	0.043746	0.047183	0.043339	0.044768	1,704	87,142
06/21/2015	0.048878	0.051017	0.043135	0.043742	3,095	97,362
06/20/2015	0.039964	0.048931	0.036149	0.048900	3,312	79,603
06/19/2015	0.048845	0.048879	0.036920	0.039977	3,412	97,289
06/18/2015	0.035479	0.056511	0.033267	0.048838	8,822	70,664
06/17/2015	0.035730	0.036927	0.029693	0.035458	1,937	71,160
06/16/2015	0.033147	0.035740	0.031264	0.035740	1,182	66,014
06/15/2015	0.030114	0.033198	0.025867	0.033155	1,383	59,972
06/14/2015	0.030218	0.034187	0.030107	0.030129	1,254	60,176
06/13/2015	0.023249	0.032500	0.023178	0.030212	1,095	46,299
06/12/2015	0.023889	0.024325	0.022524	0.023256	271	47,572
06/11/2015	0.024037	0.025965	0.022353	0.023889	975	47,863
06/10/2015	0.022899	0.024061	0.022836	0.024031	153	45,598
06/09/2015	0.023567	0.023983	0.022714	0.022905	371	46,925
06/08/2015	0.023445	0.023685	0.022356	0.023562	80	46,680
06/07/2015	0.022560	0.023514	0.022525	0.023445	25	44,917
06/06/2015	0.021587	0.023499	0.021540	0.022562	336	42,979
06/05/2015	0.023014	0.025514	0.021491	0.021582	951	45,819
06/04/2015	0.023331	0.024151	0.022571	0.023870	191	46,449
06/03/2015	0.022853	0.024926	0.022595	0.023342	731	45,497
06/02/2015	0.022289	0.024527	0.021664	0.022860	1,168	44,372
06/01/2015	0.025786	0.025926	0.021832	0.022293	1,466	51,331
05/31/2015	0.026815	0.027799	0.025709	0.025781	712	53,378
05/30/2015	0.029373	0.030621	0.026705	0.026839	961	58,469
05/29/2015	0.029202	0.031388	0.027668	0.029374	902	58,126
05/28/2015	0.033135	0.033141	0.027308	0.029206	1,183	65,954
05/27/2015	0.033189	0.033242	0.026064	0.033139	2,435	66,059
05/26/2015	0.030824	0.033225	0.026472	0.033196	1,988	61,350
05/25/2015	0.032511	0.032511	0.026679	0.030820	1,373	64,706
05/24/2015	0.032262	0.036450	0.028929	0.032514	1,906	64,209
05/23/2015	0.028589	0.034355	0.027618	0.032248	2,361	56,899
05/22/2015	0.023570	0.038516	0.023506	0.028597	5,960	46,910
