Date	Open	High	Low	Close	Volume	Market Cap
07/15/2018	0.090997	0.096967	0.089273	0.094899	1,430,320	69,289,400
07/14/2018	0.090280	0.093229	0.089141	0.090957	1,135,250	68,743,300
07/13/2018	0.087136	0.094499	0.086023	0.089865	2,745,240	66,349,100
07/12/2018	0.093986	0.094238	0.083156	0.086508	2,130,730	71,565,300
07/11/2018	0.095928	0.098003	0.085916	0.094284	3,486,720	73,043,700
07/10/2018	0.109495	0.109639	0.094328	0.095888	3,890,140	83,374,300
07/09/2018	0.112258	0.112516	0.108995	0.109600	2,953,690	85,478,200
07/08/2018	0.114631	0.123364	0.112024	0.112026	3,926,390	87,285,100
07/07/2018	0.109620	0.114432	0.108723	0.114225	3,353,060	83,469,500
07/06/2018	0.110972	0.113553	0.107319	0.109887	4,084,100	84,499,000
07/05/2018	0.114058	0.115646	0.107794	0.111036	6,232,900	86,848,800
07/04/2018	0.108778	0.118179	0.106702	0.114028	5,846,370	82,828,400
07/03/2018	0.118320	0.122676	0.106847	0.109364	5,727,460	90,094,100
07/02/2018	0.123238	0.124319	0.113702	0.117926	7,899,620	93,838,900
07/01/2018	0.107707	0.130954	0.104281	0.124390	7,386,500	82,012,900
06/30/2018	0.105474	0.109996	0.105422	0.107828	2,453,570	80,312,600
06/29/2018	0.101853	0.108244	0.100632	0.105988	3,244,140	77,555,400
06/28/2018	0.101234	0.111566	0.100507	0.101491	4,188,760	77,083,800
06/27/2018	0.100919	0.101759	0.097229	0.101105	2,427,080	76,844,400
06/26/2018	0.103888	0.109266	0.099714	0.101046	2,447,110	79,105,100
06/25/2018	0.103698	0.109747	0.096507	0.103536	4,035,870	78,960,300
06/24/2018	0.118219	0.119290	0.088314	0.103812	12,535,100	90,017,200
06/23/2018	0.180358	0.183384	0.114494	0.118136	26,882,900	137,332,000
06/22/2018	0.126131	0.207327	0.124614	0.180828	59,823,900	88,446,600
06/21/2018	0.126701	0.129249	0.124273	0.126354	2,232,490	78,589,600
06/20/2018	0.126556	0.130737	0.122984	0.127312	3,008,780	78,318,500
06/19/2018	0.131049	0.132184	0.124142	0.126608	3,462,660	81,097,900
06/18/2018	0.135041	0.135166	0.125718	0.131070	3,291,870	83,567,200
06/17/2018	0.131354	0.140296	0.130498	0.135544	5,198,120	81,279,500
06/16/2018	0.120957	0.135043	0.120925	0.131014	4,780,630	74,829,500
06/15/2018	0.103421	0.134646	0.101831	0.120887	8,350,270	62,422,200
06/14/2018	0.097753	0.104784	0.096527	0.103213	2,065,710	59,000,200
06/13/2018	0.099079	0.100365	0.093346	0.097568	2,384,090	59,800,900
06/12/2018	0.101338	0.106077	0.096380	0.098410	1,980,270	61,164,100
06/11/2018	0.096537	0.104367	0.090770	0.100930	2,084,250	58,266,500
06/10/2018	0.124459	0.124459	0.088561	0.095681	3,059,320	75,114,500
06/09/2018	0.128189	0.129324	0.124237	0.124237	2,447,720	77,364,000
06/08/2018	0.131876	0.132736	0.124867	0.128221	1,703,540	79,587,000
06/07/2018	0.132373	0.133788	0.130313	0.131894	1,118,150	79,884,600
06/06/2018	0.131743	0.135197	0.128396	0.132260	1,438,940	79,503,300
06/05/2018	0.130449	0.132975	0.125201	0.131233	2,465,760	78,721,200
06/04/2018	0.141683	0.141835	0.129460	0.130411	2,472,250	85,500,600
06/03/2018	0.146666	0.147100	0.140789	0.141136	2,033,950	88,517,100
06/02/2018	0.135955	0.148270	0.134257	0.147168	4,919,820	82,048,900
06/01/2018	0.135866	0.137597	0.132500	0.136056	1,879,650	81,995,200
05/31/2018	0.134976	0.140387	0.134286	0.136062	2,299,750	81,457,200
05/30/2018	0.136336	0.140018	0.132366	0.135232	2,558,600	82,278,000
05/29/2018	0.130591	0.138447	0.127996	0.136259	2,460,920	78,809,600
05/28/2018	0.141333	0.143528	0.127281	0.130746	3,560,220	85,288,200
05/27/2018	0.136244	0.149496	0.131756	0.142416	4,053,030	82,207,100
05/26/2018	0.137332	0.139398	0.135004	0.135441	2,197,510	82,861,600
05/25/2018	0.140267	0.140508	0.133619	0.137359	2,651,520	84,632,100
05/24/2018	0.128636	0.143896	0.124891	0.142116	5,403,360	77,605,700
05/23/2018	0.165975	0.165975	0.122527	0.129642	7,003,620	100,119,000
05/22/2018	0.168074	0.179943	0.164301	0.165850	6,736,080	101,380,000
05/21/2018	0.178878	0.179909	0.161946	0.168509	6,395,230	107,893,000
05/20/2018	0.168617	0.176579	0.167299	0.176579	5,276,070	101,701,000
05/19/2018	0.170233	0.173458	0.166769	0.168592	5,325,340	102,667,000
05/18/2018	0.169173	0.172609	0.165118	0.169625	3,916,130	102,018,000
05/17/2018	0.177321	0.182947	0.167155	0.168052	4,634,950	106,918,000
05/16/2018	0.189095	0.193058	0.167476	0.176825	8,230,400	114,018,000
05/15/2018	0.190866	0.217241	0.186674	0.189269	19,187,100	115,076,000
05/14/2018	0.172728	0.195663	0.164124	0.189098	12,885,900	104,139,000
05/13/2018	0.169195	0.172753	0.165081	0.172441	5,861,030	101,999,000
05/12/2018	0.173031	0.183053	0.150649	0.168319	14,708,100	104,312,000
05/11/2018	0.163526	0.188733	0.149897	0.172557	15,166,000	98,581,700
05/10/2018	0.173107	0.174190	0.163573	0.163596	5,131,380	103,320,000
05/09/2018	0.173757	0.176568	0.164481	0.173628	5,789,980	103,708,000
05/08/2018	0.169582	0.183656	0.166632	0.174830	7,363,350	101,458,000
05/07/2018	0.175770	0.176919	0.160281	0.169084	8,836,280	105,159,000
05/06/2018	0.179641	0.195645	0.171494	0.175085	10,895,500	107,473,000
05/05/2018	0.188089	0.212031	0.178897	0.179256	22,383,400	112,528,000
05/04/2018	0.194339	0.194439	0.180352	0.188123	10,075,200	116,265,000
05/03/2018	0.199381	0.202857	0.191245	0.194644	11,587,200	119,281,000
05/02/2018	0.203375	0.218862	0.195050	0.199611	12,383,200	121,670,000
05/01/2018	0.222068	0.224133	0.196493	0.205513	19,127,100	132,854,000
04/30/2018	0.186816	0.274756	0.171165	0.225008	78,134,300	111,753,000
04/29/2018	0.211579	0.218182	0.177736	0.184066	27,876,300	126,565,000
04/28/2018	0.228475	0.235471	0.204993	0.212379	25,772,200	136,662,000
04/27/2018	0.260883	0.274730	0.229222	0.229554	30,273,200	156,043,000
04/26/2018	0.212222	0.265239	0.206918	0.259834	48,832,600	126,926,000
04/25/2018	0.255795	0.255795	0.202434	0.209570	37,664,500	152,982,000
04/24/2018	0.191186	0.283225	0.180077	0.258530	133,489,000	114,273,000
04/23/2018	0.307513	0.330896	0.168042	0.194572	174,061,000	181,026,000
04/22/2018	0.333678	0.466752	0.278339	0.308506	211,296,000	195,900,000
04/21/2018	0.146567	0.367738	0.124987	0.334113	187,563,000	85,965,500
04/20/2018	0.138160	0.160539	0.114979	0.147661	44,218,800	81,574,400
04/19/2018	0.054929	0.141146	0.054857	0.141146	47,250,800	30,935,200
04/18/2018	0.050634	0.055519	0.050634	0.054857	1,739,530	28,603,200
04/17/2018	0.050613	0.053895	0.049588	0.050759	1,553,180	28,611,300
04/16/2018	0.053273	0.054372	0.048930	0.050661	1,709,900	30,121,000
04/15/2018	0.050008	0.054955	0.049926	0.053241	3,148,450	28,280,000
04/14/2018	0.051100	0.054119	0.048422	0.049965	2,902,320	28,898,100
04/13/2018	0.053094	0.057251	0.051311	0.053173	2,980,850	30,023,700
04/12/2018	0.042809	0.053563	0.041981	0.051938	4,714,600	24,205,600
04/11/2018	0.042467	0.043756	0.041927	0.043008	2,443,830	24,099,200
04/10/2018	0.041250	0.043805	0.040401	0.042768	2,937,430	23,408,300
04/09/2018	0.042786	0.044134	0.040218	0.041189	2,728,150	24,278,800
04/08/2018	0.044542	0.045045	0.041574	0.042815	2,182,290	25,272,900
04/07/2018	0.043335	0.045324	0.043012	0.044522	2,136,880	24,587,800
04/06/2018	0.044557	0.044695	0.042503	0.043356	2,956,260	25,276,000
04/05/2018	0.044252	0.045269	0.042720	0.044680	2,094,730	25,100,500
04/04/2018	0.048131	0.048434	0.042575	0.044248	4,276,930	27,196,100
04/03/2018	0.044762	0.049079	0.043987	0.048139	3,868,440	25,281,800
04/02/2018	0.043252	0.045783	0.042091	0.044764	3,066,840	24,357,900
04/01/2018	0.045912	0.047249	0.039861	0.043120	3,278,980	25,855,800
03/31/2018	0.045799	0.048977	0.040103	0.045923	4,959,190	25,659,000
03/30/2018	0.046111	0.048709	0.040632	0.045469	4,113,340	25,833,600
03/29/2018	0.051996	0.052689	0.043088	0.046161	6,259,230	29,130,800
03/28/2018	0.050211	0.054616	0.049894	0.051964	6,965,120	28,130,800
03/27/2018	0.053039	0.056793	0.048468	0.050353	8,495,470	29,714,700
03/26/2018	0.058402	0.061342	0.050187	0.053082	12,176,200	32,483,000
03/25/2018	0.055920	0.061937	0.053174	0.058442	10,067,600	30,822,700
03/24/2018	0.052696	0.059767	0.052137	0.056314	9,300,180	29,043,400
03/23/2018	0.053369	0.054079	0.049040	0.052323	7,277,360	29,414,600
03/22/2018	0.050598	0.054223	0.049187	0.053393	4,262,530	27,884,900
03/21/2018	0.052656	0.058715	0.050073	0.050633	3,938,920	29,019,300
03/20/2018	0.045994	0.053699	0.045652	0.052602	3,750,690	25,347,300
03/19/2018	0.044512	0.050150	0.043569	0.045626	2,024,840	24,530,800
03/18/2018	0.049876	0.050180	0.039350	0.044415	1,145,320	27,484,600
03/17/2018	0.052269	0.054262	0.046941	0.049916	1,102,320	28,803,400
03/16/2018	0.053906	0.060937	0.052223	0.052421	2,038,410	29,706,000
03/15/2018	0.056471	0.058103	0.051509	0.053988	949,570	31,109,100
03/14/2018	0.063125	0.063572	0.055231	0.056649	693,082	34,552,800
03/13/2018	0.061322	0.065072	0.060175	0.063116	728,175	33,570,700
03/12/2018	0.066606	0.069179	0.059849	0.061356	2,350,520	19,981,900
03/11/2018	0.063193	0.068981	0.061852	0.066837	572,165	18,957,900
03/10/2018	0.063990	0.066928	0.062160	0.062945	586,857	19,197,100
03/09/2018	0.064158	0.064745	0.056811	0.063952	788,832	19,247,200
03/08/2018	0.067206	0.070490	0.060295	0.064449	2,272,590	20,161,800
03/07/2018	0.077378	0.079840	0.066601	0.067140	2,741,250	23,213,300
03/06/2018	0.084267	0.084267	0.076690	0.077436	4,028,830	25,280,300
03/05/2018	0.085266	0.087749	0.082667	0.083737	1,108,930	25,579,700
03/04/2018	0.085033	0.093586	0.082039	0.085585	2,210,820	25,509,900
03/03/2018	0.085734	0.103825	0.083832	0.084845	3,361,320	25,720,200
03/02/2018	0.085401	0.094958	0.083113	0.085753	4,395,380	25,620,300
03/01/2018	0.089447	0.091817	0.081754	0.085484	6,408,340	26,834,000
02/28/2018	0.117308	0.119243	0.083920	0.089532	13,022,500	35,192,500
02/27/2018	0.082035	0.123085	0.079970	0.120015	4,814,910	24,610,500
02/26/2018	0.080152	0.083711	0.075232	0.081977	1,067,440	24,045,600
02/25/2018	0.087920	0.088223	0.077149	0.079680	974,078	26,376,100
02/24/2018	0.092192	0.095083	0.086122	0.088093	1,402,030	27,657,600
02/23/2018	0.090142	0.094734	0.086808	0.091526	1,250,870	27,042,500
02/22/2018	0.091674	0.102762	0.086364	0.089740	1,657,220	27,502,100
02/21/2018	0.109818	0.109818	0.088312	0.092045	1,645,580	32,945,300
02/20/2018	0.122755	0.124323	0.109161	0.109800	1,551,700	36,826,500
02/19/2018	0.119718	0.126162	0.117906	0.122825	1,234,680	35,915,400
02/18/2018	0.136131	0.136533	0.117713	0.119500	2,821,940	40,839,200
02/17/2018	0.135038	0.139675	0.128669	0.136209	1,758,770	40,511,500
02/16/2018	0.133927	0.136962	0.121144	0.134916	3,149,190	40,178,100
02/15/2018	0.145241	0.153122	0.123490	0.133306	4,192,220	43,572,200
02/14/2018	0.094005	0.147953	0.094005	0.147953	3,576,130	28,201,400
02/13/2018	0.078220	0.107276	0.076975	0.093610	3,638,630	23,465,900
02/12/2018	0.071569	0.079886	0.071569	0.077899	1,170,560	21,470,800
02/11/2018	0.075126	0.076345	0.070526	0.071769	635,118	22,537,900
02/10/2018	0.077606	0.081007	0.072777	0.075456	1,122,260	23,281,800
02/09/2018	0.073068	0.078848	0.066538	0.077547	1,151,690	21,920,400
02/08/2018	0.063487	0.076213	0.063487	0.072897	1,003,460	19,046,100
02/07/2018	0.074413	0.080428	0.062933	0.062933	1,306,020	22,323,900
02/06/2018	0.064175	0.074506	0.049737	0.074506	1,393,800	19,252,600
02/05/2018	0.090444	0.091581	0.061896	0.064559	1,171,280	27,133,200
02/04/2018	0.106079	0.106079	0.086405	0.090468	1,506,320	31,823,600
02/03/2018	0.101988	0.112604	0.095480	0.105363	1,389,290	30,596,500
02/02/2018	0.107849	0.108202	0.086864	0.101882	1,894,160	32,354,800
02/01/2018	0.123152	0.126985	0.100047	0.107384	1,772,350	36,945,700
01/31/2018	0.121206	0.125696	0.113441	0.123790	921,539	36,361,900
01/30/2018	0.135760	0.141077	0.111925	0.121811	1,682,560	40,728,000
01/29/2018	0.141226	0.141634	0.128383	0.135944	1,990,230	42,367,700
01/28/2018	0.148399	0.149873	0.137796	0.141122	4,054,430	44,519,700
01/27/2018	0.157497	0.159031	0.146813	0.148389	4,149,090	47,249,100
01/26/2018	0.141489	0.167335	0.136119	0.159437	8,304,650	42,446,800
01/25/2018	0.140780	0.156941	0.138909	0.142634	6,175,630	42,233,900
01/24/2018	0.118052	0.142273	0.113632	0.140278	4,979,530	35,415,600
01/23/2018	0.124218	0.129840	0.110124	0.118152	4,479,290	37,265,400
01/22/2018	0.153072	0.160491	0.117026	0.124280	7,174,100	45,921,600
01/21/2018	0.188353	0.188353	0.141908	0.152227	4,558,630	56,506,000
01/20/2018	0.160889	0.190686	0.158146	0.186714	5,401,640	48,266,600
01/19/2018	0.145175	0.165094	0.131156	0.159611	8,536,950	43,552,600
01/18/2018	0.154359	0.170893	0.130747	0.146427	13,471,200	46,307,800
01/17/2018	0.147500	0.153351	0.102332	0.151965	9,908,750	-
01/16/2018	0.226623	0.226623	0.133000	0.150080	8,683,630	-
01/15/2018	0.262679	0.266314	0.226904	0.226904	7,753,080	-
01/14/2018	0.282927	0.283296	0.246004	0.263285	23,982,400	-
01/13/2018	0.226169	0.300020	0.226169	0.283527	25,737,900	-
01/12/2018	0.244591	0.251015	0.213779	0.230042	9,616,110	-
01/11/2018	0.296383	0.296405	0.238392	0.241447	22,391,900	-
01/10/2018	0.277469	0.311882	0.236408	0.295987	28,296,400	-
01/09/2018	0.290091	0.311568	0.251331	0.276957	18,621,000	-
01/08/2018	0.305464	0.354157	0.203718	0.285490	22,054,400	-
01/07/2018	0.254421	0.301312	0.226268	0.301312	16,197,200	-
01/06/2018	0.182095	0.255568	0.180229	0.254124	14,013,400	-
01/05/2018	0.180074	0.205830	0.178582	0.181359	10,155,800	-
01/04/2018	0.199987	0.211742	0.163015	0.179150	8,614,470	-
01/03/2018	0.143260	0.198125	0.133182	0.198078	12,047,800	-
