Date	Open	High	Low	Close	Volume	Market Cap
07/15/2018	0.005279	0.006083	0.005223	0.005896	475,955	6,057,780
07/14/2018	0.006046	0.006183	0.005193	0.005300	640,195	6,937,630
07/13/2018	0.006180	0.006629	0.005849	0.006042	505,310	7,091,980
07/12/2018	0.006707	0.006978	0.006047	0.006149	230,708	7,696,280
07/11/2018	0.006797	0.008365	0.005819	0.008365	358,565	7,799,800
07/10/2018	0.007756	0.008738	0.006644	0.007118	335,469	8,900,260
07/09/2018	0.008376	0.009224	0.007679	0.007679	313,542	9,611,460
07/08/2018	0.008591	0.009518	0.008344	0.008344	469,454	9,857,850
07/07/2018	0.008264	0.009329	0.008203	0.008551	458,786	9,483,370
07/06/2018	0.008808	0.009025	0.008094	0.008294	463,411	10,097,400
07/05/2018	0.008225	0.009347	0.008154	0.008837	448,207	9,428,390
07/04/2018	0.008298	0.008891	0.007841	0.008205	405,998	9,512,270
07/03/2018	0.008643	0.009139	0.008350	0.008350	506,770	9,907,980
07/02/2018	0.008297	0.009590	0.008288	0.008631	439,127	9,510,820
07/01/2018	0.008968	0.009272	0.007896	0.008322	384,179	10,280,400
06/30/2018	0.008242	0.009199	0.007941	0.008960	331,878	9,448,420
06/29/2018	0.007978	0.009180	0.007706	0.008029	426,165	9,145,310
06/28/2018	0.009140	0.009264	0.007851	0.007989	622,587	10,477,300
06/27/2018	0.009310	0.009327	0.007743	0.009133	375,154	10,672,700
06/26/2018	0.009224	0.009932	0.007800	0.009264	265,836	10,571,900
06/25/2018	0.009051	0.010851	0.008425	0.009247	523,395	10,374,500
06/24/2018	0.008464	0.009493	0.007595	0.009047	638,355	9,701,320
06/23/2018	0.008777	0.010619	0.008319	0.008498	641,666	10,059,900
06/22/2018	0.009613	0.010584	0.006907	0.008754	837,219	11,017,800
06/21/2018	0.009479	0.009987	0.009251	0.009600	212,248	10,864,700
06/20/2018	0.010736	0.011105	0.009419	0.009472	305,903	12,305,900
06/19/2018	0.011455	0.011740	0.010644	0.010745	180,450	13,129,300
06/18/2018	0.010889	0.011523	0.010475	0.011443	127,365	12,480,500
06/17/2018	0.010936	0.011072	0.010818	0.010890	130,057	12,535,300
06/16/2018	0.010671	0.011243	0.010629	0.010972	718,426	12,231,300
06/15/2018	0.011343	0.011379	0.010603	0.010698	1,359,770	13,001,900
06/14/2018	0.010976	0.011849	0.010710	0.011265	1,340,150	12,580,700
06/13/2018	0.011803	0.011945	0.010521	0.010952	914,252	13,528,600
06/12/2018	0.012062	0.012096	0.011159	0.011845	260,875	13,825,600
06/11/2018	0.012248	0.012472	0.011617	0.012061	1,187,010	-
06/10/2018	0.013512	0.013749	0.011899	0.012298	1,301,470	-
06/09/2018	0.014257	0.014741	0.013623	0.013761	821,305	-
06/08/2018	0.013650	0.014828	0.012866	0.014293	618,645	-
06/07/2018	0.013481	0.014097	0.013428	0.013653	754,101	-
06/06/2018	0.013872	0.013966	0.013066	0.013485	828,286	-
06/05/2018	0.013439	0.014195	0.012905	0.013881	1,107,120	-
06/04/2018	0.014948	0.016651	0.013073	0.013411	943,213	-
06/03/2018	0.014684	0.015209	0.014172	0.014953	558,304	-
06/02/2018	0.013989	0.015367	0.013876	0.014698	560,612	-
06/01/2018	0.012990	0.014385	0.012750	0.014037	1,157,610	-
05/31/2018	0.013270	0.013566	0.012584	0.013050	759,220	-
05/30/2018	0.013475	0.013936	0.012273	0.013352	724,903	-
05/29/2018	0.012290	0.015130	0.012185	0.013500	759,639	-
05/28/2018	0.013152	0.014239	0.011504	0.012371	691,375	-
05/27/2018	0.013250	0.013484	0.012463	0.013182	531,396	-
05/26/2018	0.015068	0.015564	0.012987	0.013231	552,910	-
05/25/2018	0.013730	0.030626	0.012313	0.014611	921,293	-
05/24/2018	0.013489	0.014849	0.012250	0.013652	1,217,070	-
05/23/2018	0.016909	0.019952	0.013369	0.013457	688,475	-
05/22/2018	0.017597	0.019148	0.016865	0.016865	676,835	-
05/21/2018	0.019012	0.019148	0.017169	0.017420	699,375	-
05/20/2018	0.016653	0.019163	0.016376	0.019034	865,402	-
05/19/2018	0.019609	0.019629	0.015982	0.016669	512,575	-
05/18/2018	0.016531	0.019635	0.016174	0.019465	553,846	-
05/17/2018	0.017062	0.018025	0.016403	0.016585	337,277	-
05/16/2018	0.017396	0.017552	0.016359	0.016990	519,393	-
05/15/2018	0.016982	0.020445	0.015867	0.017372	643,789	-
05/14/2018	0.017595	0.018066	0.016122	0.016990	341,534	-
05/13/2018	0.016707	0.018912	0.016399	0.017685	464,518	-
05/12/2018	0.016192	0.017869	0.014734	0.016810	391,315	-
05/11/2018	0.019380	0.019588	0.015210	0.016287	580,354	-
05/10/2018	0.020379	0.020809	0.019194	0.019289	487,953	-
05/09/2018	0.020792	0.021075	0.019591	0.020378	533,634	-
05/08/2018	0.021091	0.021822	0.019950	0.020796	516,786	-
05/07/2018	0.020953	0.022370	0.019559	0.020809	951,770	-
05/06/2018	0.023198	0.023710	0.020022	0.020954	983,314	-
05/05/2018	0.024087	0.025255	0.022956	0.023198	903,196	-
05/04/2018	0.025211	0.025418	0.023411	0.023943	1,278,040	-
05/03/2018	0.024172	0.026296	0.023766	0.025509	1,543,680	-
05/02/2018	0.025021	0.025513	0.021936	0.024313	1,416,990	-
05/01/2018	0.023751	0.025574	0.021584	0.024981	1,076,800	-
04/30/2018	0.025865	0.026664	0.023277	0.023359	1,455,050	-
04/29/2018	0.025636	0.027915	0.021895	0.025797	3,006,760	-
04/28/2018	0.025122	0.027620	0.024986	0.025723	1,569,450	-
04/27/2018	0.027416	0.029483	0.025120	0.025521	2,128,950	-
04/26/2018	0.020801	0.031083	0.020565	0.027139	4,810,280	-
04/25/2018	0.026465	0.026465	0.019319	0.020793	1,804,700	-
04/24/2018	0.024092	0.027880	0.023643	0.026163	2,081,030	-
04/23/2018	0.029219	0.029348	0.020307	0.023818	2,393,070	-
04/22/2018	0.034663	0.038899	0.026978	0.029232	8,389,600	-
04/21/2018	0.017103	0.038353	0.017103	0.034244	7,607,880	-
04/20/2018	0.017699	0.017965	0.014525	0.017041	1,579,520	-
04/19/2018	0.011026	0.016447	0.010858	0.016420	1,524,620	-
04/18/2018	0.010587	0.011284	0.010267	0.011105	136,868	-
04/17/2018	0.010611	0.010976	0.010244	0.010591	200,620	-
04/16/2018	0.011161	0.012562	0.010238	0.010613	189,998	-
04/15/2018	0.010075	0.012592	0.009796	0.011163	662,706	-
04/14/2018	0.011257	0.012272	0.009970	0.010074	493,348	-
04/13/2018	0.011810	0.012221	0.010700	0.010823	480,528	-
04/12/2018	0.010763	0.012052	0.009842	0.011747	464,775	-
04/11/2018	0.010501	0.010798	0.009823	0.010000	426,754	-
04/10/2018	0.010667	0.011596	0.010021	0.010451	343,395	-
04/09/2018	0.010452	0.012217	0.010168	0.011052	1,510,280	-
04/08/2018	0.009571	0.011246	0.008511	0.010444	420,174	-
04/07/2018	0.009567	0.010795	0.008369	0.009509	157,897	-
04/06/2018	0.009575	0.014502	0.009431	0.009540	137,777	-
04/05/2018	0.010329	0.016834	0.009530	0.013785	299,622	-
04/04/2018	0.010845	0.011126	0.009836	0.010331	39,138	-
04/03/2018	0.010088	0.011535	0.009952	0.010842	102,694	-
04/02/2018	0.009970	0.010521	0.009790	0.010083	41,113	-
04/01/2018	0.010835	0.010865	0.009520	0.009965	54,500	-
03/31/2018	0.011006	0.011494	0.010433	0.010833	67,789	-
03/30/2018	0.010791	0.011701	0.010280	0.011013	297,479	-
03/29/2018	0.012594	0.012683	0.010516	0.010812	366,316	-
03/28/2018	0.012701	0.013043	0.011759	0.012589	217,028	-
03/27/2018	0.013825	0.013990	0.012072	0.012696	147,750	-
03/26/2018	0.014469	0.015341	0.012571	0.013596	114,573	-
03/25/2018	0.015060	0.015682	0.013831	0.014481	158,552	-
03/24/2018	0.013895	0.018925	0.013164	0.015245	372,326	-
03/23/2018	0.013248	0.013932	0.012146	0.013652	85,886	-
03/22/2018	0.013829	0.014846	0.011409	0.013322	152,120	-
03/21/2018	0.012551	0.015711	0.012551	0.013829	419,072	-
03/20/2018	0.011335	0.012883	0.010575	0.012459	164,820	-
03/19/2018	0.011037	0.012076	0.010603	0.011379	131,244	-
03/18/2018	0.012614	0.012924	0.009452	0.011104	123,206	-
03/17/2018	0.014878	0.014905	0.012414	0.012618	136,690	-
03/16/2018	0.014650	0.015316	0.014105	0.014875	97,082	-
03/15/2018	0.015771	0.017066	0.013867	0.014406	217,897	-
03/14/2018	0.017912	0.019132	0.015407	0.015602	184,425	-
03/13/2018	0.018238	0.019200	0.017583	0.017909	124,685	-
03/12/2018	0.018601	0.019696	0.017658	0.018235	217,767	-
03/11/2018	0.017556	0.019305	0.016400	0.018450	201,047	-
03/10/2018	0.019328	0.020018	0.017259	0.017577	281,246	-
03/09/2018	0.017595	0.019253	0.015168	0.019253	378,297	-
03/08/2018	0.019050	0.020956	0.016914	0.017591	626,949	-
03/07/2018	0.024843	0.025377	0.018785	0.019449	800,979	-
03/06/2018	0.029123	0.029396	0.024088	0.024839	776,921	-
03/05/2018	0.030244	0.032685	0.029259	0.029670	486,615	-
03/04/2018	0.030646	0.030788	0.028398	0.030002	580,454	-
03/03/2018	0.032333	0.032985	0.029433	0.030217	596,194	-
03/02/2018	0.034513	0.037440	0.031666	0.032330	662,515	-
03/01/2018	0.035413	0.036618	0.030170	0.034674	1,031,970	-
02/28/2018	0.038873	0.040974	0.034835	0.035404	916,351	-
02/27/2018	0.041549	0.041585	0.037238	0.039113	1,769,690	-
02/26/2018	0.042464	0.044299	0.038993	0.041209	1,153,640	-
02/25/2018	0.047453	0.047641	0.040354	0.042417	1,253,350	-
02/24/2018	0.049620	0.054364	0.046944	0.047318	1,245,750	-
02/23/2018	0.049690	0.051930	0.048699	0.050329	1,152,600	-
02/22/2018	0.048903	0.061528	0.046488	0.049299	2,734,540	-
02/21/2018	0.054599	0.056070	0.046025	0.048929	2,446,690	-
02/20/2018	0.057771	0.057771	0.054856	0.055780	3,535,560	-
