Date	Open	High	Low	Close	Volume	Market Cap
07/15/2018	0.424634	0.445063	0.413212	0.414685	61,971	4,835,840
07/14/2018	0.439520	0.441699	0.422390	0.424808	63,783	5,005,370
07/13/2018	0.438256	0.447337	0.435812	0.439545	63,868	4,990,970
07/12/2018	0.446637	0.446637	0.429094	0.437103	61,781	5,086,420
07/11/2018	0.449421	0.458302	0.428603	0.447199	73,830	5,118,120
07/10/2018	0.489029	0.491926	0.446345	0.449117	68,433	5,569,190
07/09/2018	0.499105	0.500421	0.486606	0.489001	61,638	5,683,940
07/08/2018	0.497833	0.509763	0.492917	0.498938	70,827	5,669,450
07/07/2018	0.490315	0.498604	0.478228	0.497814	57,301	5,583,830
07/06/2018	0.483184	0.491115	0.474231	0.490833	53,733	5,502,620
07/05/2018	0.500126	0.505526	0.471277	0.482972	56,624	5,695,560
07/04/2018	0.476192	0.507585	0.470201	0.498834	71,687	5,423,000
07/03/2018	0.470650	0.483963	0.461933	0.476126	57,092	5,359,880
07/02/2018	0.481829	0.482602	0.461078	0.471262	70,765	5,487,190
07/01/2018	0.524212	0.526970	0.477841	0.481621	72,897	5,969,860
06/30/2018	0.487821	0.526104	0.487821	0.523800	72,976	5,555,430
06/29/2018	0.462809	0.492100	0.455224	0.487373	48,731	5,270,590
06/28/2018	0.489107	0.489908	0.459898	0.462586	73,281	5,570,080
06/27/2018	0.474270	0.714174	0.456497	0.488451	74,568	5,401,110
06/26/2018	0.528019	0.730890	0.474666	0.475242	61,155	6,013,220
06/25/2018	0.513960	0.537019	0.511538	0.527214	64,560	5,853,110
06/24/2018	0.546296	0.554692	0.503960	0.515213	70,841	6,221,360
06/23/2018	0.550135	0.569920	0.524487	0.541263	113,982	6,265,070
06/22/2018	0.618288	0.618373	0.537149	0.549815	71,350	7,041,220
06/21/2018	0.651728	0.672303	0.608198	0.618576	75,240	7,422,050
06/20/2018	0.615812	0.653998	0.583224	0.651628	76,908	7,013,030
06/19/2018	0.553488	0.611100	0.544759	0.604144	83,578	6,303,260
06/18/2018	0.534520	0.573060	0.528951	0.553811	63,593	6,087,250
06/17/2018	0.560795	0.591579	0.528743	0.535229	76,591	6,386,470
06/16/2018	0.530517	0.562215	0.519177	0.560461	55,126	6,041,670
06/15/2018	0.551238	0.552898	0.521649	0.531805	64,521	6,277,640
06/14/2018	0.515572	0.565295	0.510724	0.551006	79,296	5,871,460
06/13/2018	0.538863	0.543274	0.497437	0.514801	124,598	6,136,710
06/12/2018	0.571716	0.587914	0.530976	0.536830	124,497	6,510,850
06/11/2018	0.619796	0.638793	0.560092	0.571610	109,799	7,058,390
06/10/2018	0.755226	0.760930	0.606497	0.619144	116,182	8,600,710
06/09/2018	0.817222	0.845258	0.744036	0.753756	140,632	9,306,740
06/08/2018	0.789036	0.831560	0.783207	0.817469	102,994	8,985,750
06/07/2018	0.707888	0.826228	0.677541	0.787927	82,942	8,061,610
06/06/2018	0.649783	0.710841	0.644682	0.707884	143,719	7,399,900
06/05/2018	0.667878	0.684945	0.635435	0.650865	106,282	7,605,970
06/04/2018	0.908089	0.918623	0.659262	0.667657	132,592	10,341,500
06/03/2018	0.709658	0.927913	0.705390	0.909158	114,769	8,081,760
06/02/2018	0.612333	0.714078	0.596315	0.710572	100,006	6,973,410
06/01/2018	0.616179	0.651943	0.581062	0.612465	68,666	7,017,200
05/31/2018	0.565595	0.623787	0.546539	0.614853	64,799	6,441,140
05/30/2018	0.589698	0.621441	0.548571	0.566140	10,552	6,123,650
05/29/2018	0.509310	0.663805	0.509310	0.589336	81,832	5,288,870
05/28/2018	0.538769	0.539962	0.475889	0.509697	57,792	5,594,790
05/27/2018	0.629026	0.629026	0.491214	0.539677	63,954	6,532,050
05/26/2018	0.589524	0.666754	0.583989	0.627815	65,310	6,121,850
05/25/2018	0.528184	0.644475	0.518337	0.589438	62,822	5,484,870
05/24/2018	0.512330	0.538637	0.488723	0.527611	57,829	5,320,230
05/23/2018	0.558599	0.565920	0.501547	0.514644	57,372	5,800,720
05/22/2018	0.615354	0.617599	0.555903	0.559711	62,415	6,390,080
05/21/2018	0.644182	0.701802	0.605491	0.616653	71,372	6,689,440
05/20/2018	0.673926	0.703186	0.641717	0.643349	74,855	6,998,320
05/19/2018	0.624572	0.701077	0.615658	0.675650	75,862	6,485,800
05/18/2018	0.606713	0.683898	0.596735	0.624564	66,727	6,300,350
05/17/2018	0.701164	0.712354	0.580434	0.607315	63,543	7,281,160
05/16/2018	0.702626	0.718292	0.567565	0.700333	81,541	7,296,350
05/15/2018	0.660220	0.719577	0.609756	0.702292	4,338	6,855,980
05/14/2018	0.609026	0.668934	0.563647	0.661139	67,073	6,324,360
05/13/2018	0.601798	0.657148	0.584936	0.609278	63,101	6,249,310
05/12/2018	0.659992	0.680596	0.497983	0.603006	63,777	6,853,610
05/11/2018	0.709903	0.733205	0.653534	0.661172	61,720	7,371,920
05/10/2018	0.741562	0.785346	0.708595	0.709388	74,448	7,700,670
05/09/2018	0.721244	0.935581	0.694148	0.740860	42,579	7,489,680
05/08/2018	0.789777	0.809908	0.680662	0.722141	66,845	8,201,350
05/07/2018	0.846962	0.850850	0.750568	0.784659	25,479	8,795,180
05/06/2018	0.909138	0.928370	0.810405	0.846487	8,620	9,440,840
05/05/2018	0.878817	0.946890	0.878817	0.909297	14,175	9,125,980
05/04/2018	0.852628	0.896661	0.832995	0.886783	4,391	8,854,020
05/03/2018	0.785253	0.857849	0.784446	0.855230	7,580	8,154,370
05/02/2018	0.759349	0.788526	0.718152	0.785326	23,445	7,885,380
05/01/2018	0.713528	0.777569	0.664511	0.761496	30,448	7,409,550
04/30/2018	0.781187	0.783935	0.708015	0.711192	90,557	8,112,150
04/29/2018	0.779910	0.781397	0.683110	0.781094	86,494	8,098,890
04/28/2018	0.740676	0.801419	0.730183	0.735113	14,483	7,691,470
04/27/2018	0.723270	0.754033	0.701422	0.745333	6,825	7,510,720
04/26/2018	0.743538	0.802132	0.660349	0.722101	8,826	7,721,190
04/25/2018	0.900352	0.900352	0.698740	0.736322	12,431	9,349,610
04/24/2018	0.720960	0.899545	0.720960	0.824977	16,742	7,486,740
04/23/2018	0.709481	0.737613	0.649730	0.720935	17,919	7,367,530
04/22/2018	0.691059	0.735761	0.597970	0.712121	8,245	7,176,230
04/21/2018	0.703563	0.704504	0.592261	0.691059	3,208	7,306,070
04/20/2018	0.652659	0.723017	0.607083	0.703877	11,540	6,777,470
04/19/2018	0.755638	0.843531	0.638991	0.653422	9,381	7,846,850
04/18/2018	0.615034	0.779540	0.613482	0.755156	4,494	6,386,750
04/17/2018	0.559072	0.663991	0.552559	0.614755	25,938	5,805,620
04/16/2018	0.583193	0.587680	0.522864	0.559498	13,516	6,056,100
04/15/2018	0.547489	0.582465	0.522846	0.582465	5,352	5,685,340
04/14/2018	0.537517	0.578454	0.492150	0.547754	15,848	5,581,780
04/13/2018	0.526482	0.596767	0.487127	0.537927	23,888	5,467,200
04/12/2018	0.422883	0.537417	0.422883	0.525644	16,758	4,391,380
04/11/2018	0.457449	0.468291	0.423387	0.428371	5,577	4,750,340
04/10/2018	0.411187	0.490589	0.409904	0.456726	6,926	4,269,930
04/09/2018	0.396376	0.466820	0.352798	0.409542	9,624	4,116,120
04/08/2018	0.385048	0.481998	0.326154	0.395443	19,957	3,998,490
04/07/2018	0.391627	0.443670	0.378154	0.385222	27,804	4,066,810
04/06/2018	0.485855	0.512627	0.088590	0.391730	63,815	5,045,310
04/05/2018	0.492942	0.543717	0.416144	0.487596	9,839	5,118,910
04/04/2018	0.504899	0.586329	0.489305	0.493517	5,347	5,243,070
04/03/2018	0.556468	0.558875	0.445324	0.504013	7,825	5,778,590
04/02/2018	0.490018	0.558863	0.414893	0.555855	4,069	5,088,540
04/01/2018	0.592100	0.599138	0.487651	0.490006	3,712	6,148,600
03/31/2018	0.552061	0.594359	0.492552	0.591912	1,877	5,732,820
03/30/2018	0.562400	0.606144	0.443987	0.552339	8,306	5,840,180
03/29/2018	0.596244	0.634892	0.461138	0.564041	13,989	6,191,630
03/28/2018	0.599906	0.682181	0.595265	0.595265	2,633	6,229,660
03/27/2018	0.635092	0.639766	0.576579	0.600123	12,864	6,595,050
03/26/2018	0.699208	0.703754	0.595986	0.635482	8,590	7,260,850
03/25/2018	0.675991	0.716333	0.612158	0.700759	16,016	7,019,760
03/24/2018	0.617413	0.687712	0.571790	0.684188	15,902	6,411,460
03/23/2018	0.652618	0.653631	0.505819	0.611770	28,360	6,777,040
03/22/2018	0.677802	0.697953	0.518509	0.652732	9,035	7,038,560
03/21/2018	0.682272	0.722202	0.572519	0.676081	11,877	7,084,980
03/20/2018	0.676827	0.693511	0.593267	0.678156	13,040	7,028,440
03/19/2018	0.659497	0.681625	0.597672	0.671885	4,977	6,848,470
03/18/2018	0.680512	0.680512	0.489233	0.662149	2,510	7,066,700
03/17/2018	0.741433	0.751353	0.617601	0.681126	15,938	7,699,330
03/16/2018	0.666591	0.766273	0.599292	0.740993	14,374	6,922,150
03/15/2018	0.715190	0.719872	0.583720	0.667358	14,780	7,426,810
03/14/2018	0.860101	0.869065	0.657160	0.714707	19,609	8,931,630
03/13/2018	0.899513	0.920526	0.816977	0.859774	20,962	9,340,900
03/12/2018	0.963100	0.971830	0.828251	0.899627	28,851	10,001,200
03/11/2018	0.811832	0.976939	0.778282	0.963499	9,163	8,430,390
03/10/2018	0.811101	0.917648	0.782274	0.814259	1,329	8,422,790
03/09/2018	0.704264	0.860522	0.602250	0.811513	10,661	7,313,350
03/08/2018	0.715452	0.915981	0.666923	0.705431	12,548	7,429,540
03/07/2018	1.13	1.14	0.715377	0.716579	16,134	11,754,600
03/06/2018	1.31	1.31	0.859416	1.13	44,200	13,553,300
03/05/2018	1.31	1.52	1.25	1.32	6,247	13,556,500
03/04/2018	1.56	1.58	1.30	1.31	21,120	16,182,600
03/03/2018	1.64	1.67	1.38	1.56	12,598	17,078,100
03/02/2018	1.53	1.65	1.20	1.65	52,538	15,924,800
03/01/2018	1.19	1.68	1.13	1.53	134,769	12,396,100
02/28/2018	1.39	1.40	0.975139	1.19	6,781	14,446,200
02/27/2018	1.34	1.40	1.19	1.39	5,302	13,920,900
02/26/2018	0.911809	1.41	0.868964	1.34	1,750	9,468,580
02/25/2018	0.910615	1.10	0.902473	0.912249	4,179	9,456,190
02/24/2018	1.28	1.32	0.882584	0.911807	25,342	13,302,000
02/23/2018	1.05	1.74	1.04	1.28	17,606	10,949,200
02/22/2018	1.07	1.33	0.643485	1.06	47,924	11,154,400
02/21/2018	1.09	1.09	0.881559	1.09	19,018	11,319,900
02/20/2018	1.15	1.16	0.858307	1.09	29,825	11,943,500
02/19/2018	0.924600	1.16	0.825264	1.15	5,204	9,601,410
02/18/2018	0.973702	1.16	0.844001	0.927713	7,547	10,111,300
02/17/2018	1.17	1.22	0.961645	0.973305	26,296	12,184,300
02/16/2018	1.04	1.35	0.166942	1.17	5,055	10,775,900
02/15/2018	1.22	1.42	1.02	1.04	8,289	12,626,800
02/14/2018	1.07	1.40	0.981720	1.22	1,782	11,101,000
02/13/2018	1.34	1.49	0.936466	1.07	12,941	13,944,500
02/12/2018	1.42	1.49	1.30	1.34	1,375	14,781,500
02/11/2018	1.45	1.51	0.989226	1.42	2,960	15,027,000
02/10/2018	2.01	2.07	1.02	1.02	5,470	20,888,700
02/09/2018	1.43	2.02	1.36	2.01	10,189	14,846,100
02/08/2018	1.89	2.13	1.36	1.43	23,149	19,655,900
02/07/2018	0.961745	1.90	0.874087	1.90	62,624	9,987,140
02/06/2018	0.917211	1.03	0.603515	0.800465	37,396	9,524,680
02/05/2018	1.24	1.26	0.845090	0.913955	31,335	12,850,000
02/04/2018	1.41	1.41	1.07	1.25	9,583	14,653,400
02/03/2018	1.26	1.52	1.15	1.41	13,249	13,102,300
02/02/2018	1.39	1.52	1.03	1.26	10,134	14,414,700
02/01/2018	1.56	1.78	1.35	1.39	17,075	16,241,700
01/31/2018	2.14	2.34	1.45	1.56	22,867	22,265,900
01/30/2018	1.86	3.03	1.77	2.14	24,266	19,322,200
01/29/2018	2.98	3.06	2.06	2.08	29,177	34,063,200
01/28/2018	2.67	3.69	2.43	2.98	25,579	30,534,700
01/27/2018	3.25	3.33	2.32	2.65	32,556	37,214,300
01/26/2018	2.41	3.29	2.41	3.25	17,241	27,607,700
01/25/2018	2.40	3.60	2.38	2.42	6,584	27,445,700
01/24/2018	2.97	3.26	2.34	2.38	21,960	-
01/23/2018	2.79	3.42	2.79	2.97	11,283	-
01/22/2018	2.78	3.34	2.20	2.79	13,855	-
01/21/2018	3.78	3.78	2.16	2.76	21,604	-
01/20/2018	3.74	4.04	3.48	3.77	41,254	-
01/19/2018	3.76	3.89	2.27	3.71	49,891	-
01/18/2018	3.45	4.39	3.14	3.79	22,009	-
01/17/2018	3.37	3.63	2.02	3.41	80,852	-
01/16/2018	4.43	4.44	2.71	3.39	105,967	-
01/15/2018	5.62	5.68	4.24	4.43	15,417	-
01/14/2018	5.85	6.51	4.97	5.62	73,742	-
01/13/2018	6.47	7.14	5.84	5.86	109,122	-
01/12/2018	4.51	6.48	4.43	6.47	130,144	-
01/11/2018	4.48	5.06	4.15	4.45	92,849	-
