Date	Open	High	Low	Close	Volume	Market Cap
07/15/2018	0.199027	0.201696	0.181050	0.191066	1,226	2,787,420
07/14/2018	0.208025	0.209395	0.177902	0.199176	2,933	2,913,440
07/13/2018	0.200002	0.208178	0.199994	0.208029	884	2,801,080
07/12/2018	0.215068	0.215068	0.162783	0.199659	13,272	3,012,080
07/11/2018	0.213185	0.219345	0.208742	0.215071	1,015	2,985,710
07/10/2018	0.232363	0.236819	0.201511	0.213177	1,762	3,254,300
07/09/2018	0.238938	0.245507	0.224297	0.232531	1,878	3,346,390
07/08/2018	0.232588	0.244001	0.218133	0.238859	1,441	3,253,960
07/07/2018	0.237654	0.240564	0.215434	0.224387	444	3,324,840
07/06/2018	0.250762	0.270575	0.237868	0.237974	2,190	3,508,220
07/05/2018	0.229917	0.271179	0.228352	0.250832	6,188	3,216,600
07/04/2018	0.219815	0.251118	0.217205	0.229414	444	3,075,270
07/03/2018	0.226314	0.228615	0.214491	0.219857	1,966	3,166,190
07/02/2018	0.205604	0.227352	0.204656	0.227352	1,039	2,876,450
07/01/2018	0.207993	0.228497	0.203941	0.205468	2,942	2,909,870
06/30/2018	0.194567	0.219838	0.194567	0.207849	7,478	2,722,040
06/29/2018	0.194930	0.196335	0.183696	0.194359	1,845	2,727,120
06/28/2018	0.216362	0.217052	0.193698	0.194843	2,486	3,026,920
06/27/2018	0.200137	0.218271	0.198837	0.216087	3,988	2,799,890
06/26/2018	0.209838	0.210384	0.200631	0.200631	1,476	2,935,600
06/25/2018	0.225447	0.236467	0.209838	0.209838	4,296	3,122,910
06/24/2018	0.240603	0.244033	0.203071	0.226120	6,164	3,332,860
06/23/2018	0.242007	0.255553	0.240514	0.240650	5,849	3,352,300
06/22/2018	0.287415	0.287650	0.230149	0.241935	11,352	3,981,310
06/21/2018	0.339036	0.341466	0.257125	0.287624	26,505	4,696,370
06/20/2018	0.350576	0.350627	0.334775	0.339024	10,374	4,856,210
06/19/2018	0.359364	0.360458	0.345985	0.350355	3,406	4,977,940
06/18/2018	0.356248	0.366760	0.345110	0.359568	2,274	4,934,750
06/17/2018	0.322351	0.357952	0.322325	0.357134	3,667	4,465,210
06/16/2018	0.334918	0.339390	0.320871	0.322383	5,565	4,639,280
06/15/2018	0.342459	0.354942	0.333249	0.336003	3,755	4,743,580
06/14/2018	0.341524	0.368971	0.331141	0.342831	3,221	4,730,630
06/13/2018	0.366219	0.374666	0.314867	0.341165	2,694	5,072,570
06/12/2018	0.392637	0.399498	0.344501	0.364959	8,389	5,423,760
06/11/2018	0.350004	0.405414	0.347160	0.392686	3,803	4,834,850
06/10/2018	0.366384	0.392533	0.330326	0.349580	15,077	5,061,110
06/09/2018	0.434534	0.446946	0.351618	0.381277	19,548	6,002,480
06/08/2018	0.415516	0.487394	0.384280	0.434548	15,837	5,738,120
06/07/2018	0.425774	0.431418	0.413672	0.414923	9,018	5,879,770
06/06/2018	0.425153	0.427299	0.405949	0.425624	4,743	5,869,700
06/05/2018	0.411569	0.428807	0.404444	0.425699	8,667	5,682,160
06/04/2018	0.422722	0.427046	0.400708	0.404345	17,828	5,836,050
06/03/2018	0.404462	0.422251	0.401821	0.422235	4,032	5,583,960
06/02/2018	0.428005	0.430353	0.400666	0.404915	13,621	5,908,990
06/01/2018	0.425024	0.435214	0.419654	0.428116	10,140	5,863,590
05/31/2018	0.429908	0.448723	0.423554	0.424324	11,730	5,926,670
05/30/2018	0.428794	0.475193	0.416869	0.430230	9,833	5,904,220
05/29/2018	0.402598	0.442936	0.393536	0.428482	12,741	5,543,310
05/28/2018	0.462979	0.466267	0.400499	0.403342	6,976	6,374,420
05/27/2018	0.447610	0.468297	0.430031	0.463001	34,576	6,162,800
05/26/2018	0.464925	0.475770	0.443264	0.446934	3,854	6,401,100
05/25/2018	0.460183	0.481990	0.453239	0.466032	6,308	6,335,820
05/24/2018	0.472262	0.493168	0.449217	0.461835	21,233	6,469,380
05/23/2018	0.497900	0.516901	0.452062	0.473591	15,686	6,653,150
05/22/2018	0.555891	0.564792	0.492841	0.498613	32,660	7,428,050
05/21/2018	0.563718	0.592828	0.539989	0.556321	57,028	7,532,640
05/20/2018	0.557344	0.586267	0.550017	0.562999	28,445	7,447,460
05/19/2018	0.541278	0.586306	0.539232	0.556898	17,401	7,229,940
05/18/2018	0.549823	0.563146	0.539897	0.541353	33,269	7,306,060
05/17/2018	0.561265	0.591502	0.546261	0.549965	6,970	7,390,290
05/16/2018	0.602687	0.622288	0.558493	0.560839	14,449	7,557,790
05/15/2018	0.584613	0.639072	0.578712	0.602739	18,065	7,143,240
05/14/2018	0.587816	0.617977	0.556265	0.585927	7,622	6,718,820
05/13/2018	0.571570	0.624059	0.548645	0.594154	11,114	6,533,130
05/12/2018	0.614193	0.619417	0.546746	0.592097	20,700	7,020,230
05/11/2018	0.643141	0.666259	0.574672	0.615713	8,014	7,351,110
05/10/2018	0.650749	0.674556	0.614478	0.642517	52,039	7,360,010
05/09/2018	0.656787	0.682052	0.626126	0.650856	13,468	7,428,180
05/08/2018	0.663083	0.673510	0.640731	0.657710	22,591	7,499,380
05/07/2018	0.689015	0.690565	0.638366	0.660432	14,606	7,792,320
05/06/2018	0.717721	0.725844	0.664204	0.688567	30,081	8,116,970
05/05/2018	0.729006	0.736627	0.707740	0.717483	44,031	8,244,150
05/04/2018	0.722952	0.748720	0.708576	0.728829	44,863	8,175,580
05/03/2018	0.684215	0.735258	0.681058	0.724323	48,734	7,736,900
05/02/2018	0.632781	0.686605	0.632781	0.684223	34,828	7,154,240
05/01/2018	0.654778	0.654778	0.587504	0.634283	39,876	7,402,530
04/30/2018	0.702104	0.703196	0.614506	0.658652	123,738	7,933,910
04/29/2018	0.710259	0.747364	0.668454	0.700280	35,953	8,026,000
04/28/2018	0.655123	0.720865	0.654705	0.720090	53,818	7,402,700
04/27/2018	0.723366	0.723366	0.602486	0.660203	74,667	8,165,040
04/26/2018	0.621773	0.724292	0.567667	0.722230	261,022	7,017,740
04/25/2018	0.846173	0.850532	0.614683	0.616271	383,038	9,550,030
04/24/2018	0.762195	0.908461	0.762195	0.849220	158,028	8,562,910
04/23/2018	0.696086	0.842849	0.695695	0.762546	172,366	7,609,010
04/22/2018	0.531393	0.768990	0.513159	0.689148	261,363	5,808,730
04/21/2018	0.491299	0.531481	0.476552	0.531388	88,206	5,370,460
04/20/2018	0.391958	0.493924	0.391958	0.490716	64,614	4,284,540
04/19/2018	0.357142	0.400066	0.355855	0.392052	19,449	3,903,970
04/18/2018	0.368187	0.400735	0.326844	0.356903	45,120	4,024,700
04/17/2018	0.362534	0.368028	0.341324	0.367932	12,921	3,962,900
04/16/2018	0.374594	0.375333	0.349265	0.362480	3,376	-
04/15/2018	0.356175	0.385142	0.356175	0.374535	6,430	-
04/14/2018	0.355405	0.394036	0.352937	0.356074	9,598	-
04/13/2018	0.361854	0.388270	0.344996	0.355398	77,904	-
04/12/2018	0.300978	0.393435	0.298782	0.360269	117,189	-
04/11/2018	0.292309	0.302563	0.283152	0.301750	61,894	-
04/10/2018	0.315504	0.315734	0.276863	0.279950	152,006	-
04/09/2018	0.322816	0.342618	0.302221	0.316749	37,120	-
04/08/2018	0.326319	0.340573	0.319210	0.322127	5,982	-
04/07/2018	0.310851	0.334254	0.305330	0.325669	12,595	-
04/06/2018	0.331421	0.334683	0.303236	0.310701	8,938	-
04/05/2018	0.339770	0.342056	0.314997	0.332921	12,640	-
04/04/2018	0.387084	0.400212	0.321846	0.339858	16,763	-
04/03/2018	0.389675	0.392848	0.371021	0.386855	47,818	-
04/02/2018	0.389773	0.402753	0.365903	0.390262	203,104	-
04/01/2018	0.412490	0.418458	0.366421	0.388198	344,469	-
03/31/2018	0.414636	0.438807	0.407186	0.412635	578,426	-
03/30/2018	0.427964	0.443075	0.400191	0.417185	670,754	-
03/29/2018	0.469375	0.472698	0.408980	0.427913	312,247	-
03/28/2018	0.386143	0.559960	0.383740	0.468290	491,814	-
03/27/2018	0.446379	0.449144	0.385241	0.387136	570,514	-
03/26/2018	0.410030	0.451032	0.400811	0.448099	608,302	-
03/25/2018	0.398072	0.420697	0.386954	0.412977	243,459	-
03/24/2018	0.428544	0.429875	0.400258	0.401989	252,425	-
03/23/2018	0.394576	0.424799	0.373839	0.423790	509,451	-
03/22/2018	0.401899	0.414541	0.373526	0.394354	502,506	-
03/21/2018	0.404636	0.413821	0.386433	0.402766	323,438	-
03/20/2018	0.393171	0.408229	0.356709	0.401222	494,825	-
03/19/2018	0.376337	0.396391	0.350811	0.389437	591,169	-
03/18/2018	0.436581	0.439837	0.339318	0.375793	658,609	-
03/17/2018	0.503009	0.503009	0.432758	0.437566	707,496	-
03/16/2018	0.502457	0.533082	0.483076	0.498885	803,699	-
03/15/2018	0.570788	0.574640	0.488228	0.500170	865,507	-
03/14/2018	0.684947	0.697415	0.556033	0.570482	873,442	-
03/13/2018	0.741636	0.781954	0.676657	0.684120	1,217,840	-
03/12/2018	0.917171	0.926071	0.706377	0.739385	528,194	-
03/11/2018	0.701586	1.02	0.612217	0.897235	959,874	-
03/10/2018	0.728402	0.992143	0.580784	0.704527	285,048	-
03/09/2018	0.744052	0.751328	0.413484	0.728772	8,081	-
03/08/2018	0.809023	0.819385	0.354787	0.745421	13,413	-
03/07/2018	0.858165	0.864669	0.650519	0.810298	16,602	-
03/06/2018	0.994291	0.994291	0.737782	0.857323	11,666	-
03/05/2018	1.01	1.01	0.775202	0.994492	32,583	-
03/04/2018	1.04	1.05	0.948652	1.01	34,012	-
03/03/2018	1.04	1.05	0.998941	1.04	8,621	-
03/02/2018	0.999706	1.06	0.935447	1.04	17,013	-
03/01/2018	0.983282	1.07	0.923376	0.999993	24,542	-
02/28/2018	1.09	1.09	0.940415	0.982969	30,330	-
02/27/2018	1.09	1.11	0.939882	1.09	30,986	-
02/26/2018	0.981605	1.14	0.975861	1.09	11,145	-
02/25/2018	0.970565	1.10	0.958682	0.980964	10,021	-
02/24/2018	1.10	1.30	0.969385	0.972845	40,612	-
02/23/2018	1.09	1.16	0.968855	1.10	35,780	-
02/22/2018	1.08	1.10	0.886488	1.09	81,301	-
02/21/2018	1.12	1.19	0.976596	1.08	102,200	-
02/20/2018	1.10	1.25	1.10	1.17	106,346	-
02/19/2018	0.958250	1.27	0.886353	1.10	101,095	-
02/18/2018	1.51	1.61	0.785769	0.889134	318,123	-
02/17/2018	0.965387	1.69	0.868895	1.56	468,801	-
