Date	Open	High	Low	Close	Volume	Market Cap
07/15/2018	0.040671	0.043017	0.035335	0.041045	647,186	-
07/14/2018	0.044681	0.046657	0.040747	0.040925	887,019	-
07/13/2018	0.045333	0.048121	0.044291	0.044902	1,097,940	-
07/12/2018	0.051485	0.051485	0.044040	0.044742	1,116,390	-
07/11/2018	0.051514	0.054391	0.049966	0.051501	1,602,780	-
07/10/2018	0.059330	0.061061	0.050635	0.051290	1,295,600	-
07/09/2018	0.076386	0.085610	0.059399	0.059399	2,889,200	-
07/08/2018	0.062821	0.077895	0.059446	0.076378	1,158,570	-
07/07/2018	0.057677	0.062870	0.057592	0.062768	1,749,300	-
07/06/2018	0.056736	0.060154	0.056056	0.057701	2,188,620	-
07/05/2018	0.056728	0.060849	0.055018	0.056614	1,787,540	-
07/04/2018	0.057838	0.060574	0.056643	0.056647	1,684,130	-
07/03/2018	0.060845	0.061474	0.057194	0.057859	1,886,610	-
07/02/2018	0.057631	0.062883	0.055814	0.061006	2,165,370	-
07/01/2018	0.059459	0.061351	0.057620	0.057620	587,487	-
06/30/2018	0.056356	0.060269	0.056356	0.059490	1,786,010	-
06/29/2018	0.053687	0.057796	0.052884	0.056374	1,697,310	-
06/28/2018	0.050660	0.059647	0.049923	0.053306	2,131,300	-
06/27/2018	0.060634	0.061348	0.048538	0.050627	1,916,600	-
06/26/2018	0.056939	0.072338	0.053030	0.060504	2,559,540	-
06/25/2018	0.057241	0.059582	0.054115	0.056810	1,899,930	-
06/24/2018	0.056767	0.058821	0.050742	0.058259	981,144	-
06/23/2018	0.061525	0.064291	0.056654	0.056654	2,436,700	-
06/22/2018	0.069493	0.069901	0.060849	0.061196	2,129,410	-
06/21/2018	0.071857	0.076358	0.068807	0.069491	1,384,700	-
06/20/2018	0.073811	0.089229	0.070337	0.071627	1,073,490	-
06/19/2018	0.078294	0.079769	0.073152	0.073815	1,458,740	-
06/18/2018	0.066641	0.079882	0.063027	0.078334	1,781,580	-
06/17/2018	0.069101	0.070429	0.062501	0.066750	1,095,830	-
06/16/2018	0.068747	0.071872	0.067903	0.069009	910,320	-
06/15/2018	0.070905	0.073220	0.068232	0.068958	1,083,990	-
06/14/2018	0.066012	0.072476	0.064360	0.070967	1,240,120	-
06/13/2018	0.067023	0.070503	0.064214	0.065951	1,116,480	-
06/12/2018	0.081206	0.081910	0.066232	0.066819	1,020,740	-
06/11/2018	0.089996	0.097253	0.076475	0.081190	1,388,040	-
06/10/2018	0.105557	0.105644	0.087598	0.089777	368,279	-
06/09/2018	0.111788	0.114217	0.105529	0.105529	197,045	-
06/08/2018	0.109778	0.114275	0.108192	0.111775	569,410	-
06/07/2018	0.112677	0.130655	0.109336	0.109655	592,629	-
06/06/2018	0.121885	0.131965	0.111266	0.112701	592,043	-
06/05/2018	0.126829	0.134085	0.118194	0.122060	706,283	-
06/04/2018	0.132554	0.142806	0.124248	0.126832	644,002	-
06/03/2018	0.142222	0.142828	0.130025	0.131798	200,683	-
06/02/2018	0.139337	0.144458	0.135986	0.142285	325,452	-
06/01/2018	0.135376	0.140986	0.122552	0.139362	780,370	-
05/31/2018	0.126606	0.137909	0.125135	0.135268	214,986	-
05/30/2018	0.139658	0.146212	0.125122	0.126740	316,877	-
05/29/2018	0.107241	0.141291	0.105419	0.139342	618,961	-
05/28/2018	0.116629	0.118688	0.101381	0.107302	165,679	-
05/27/2018	0.118530	0.120787	0.113342	0.116594	272,125	-
05/26/2018	0.121434	0.127178	0.114206	0.118492	327,601	-
05/25/2018	0.129978	0.130036	0.119870	0.121467	97,573	-
05/24/2018	0.115235	0.136081	0.113077	0.129874	427,494	-
05/23/2018	0.142461	0.148592	0.114294	0.115388	382,543	-
05/22/2018	0.176692	0.195560	0.133369	0.142537	621,917	-
05/21/2018	0.215008	0.219294	0.174307	0.177178	781,964	-
05/20/2018	0.218714	0.232476	0.212127	0.214955	526,024	-
05/19/2018	0.214733	0.246384	0.198545	0.219957	1,463,580	-
05/18/2018	0.190257	0.232184	0.190257	0.215458	1,221,360	-
05/17/2018	0.198948	0.242041	0.180413	0.185908	3,163,980	-
05/16/2018	0.157245	0.238792	0.138363	0.198863	2,028,880	-
05/15/2018	0.167407	0.167432	0.156327	0.157273	1,052,310	-
