Date	Open	High	Low	Close	Volume	Market Cap
07/15/2018	0.005326	0.005355	0.004460	0.004649	60	-
07/14/2018	0.005301	0.005369	0.005270	0.005327	9	-
07/13/2018	0.004141	0.005316	0.004137	0.005316	1	-
07/12/2018	0.005873	0.005873	0.004028	0.004137	39	-
07/11/2018	0.004442	0.005913	0.004442	0.005875	11	-
07/10/2018	0.004997	0.005007	0.004440	0.004442	9	-
07/09/2018	0.004777	0.005069	0.004761	0.005000	5	-
07/08/2018	0.006959	0.007004	0.004504	0.004778	9	-
07/07/2018	0.006628	0.006990	0.006383	0.006967	80	-
07/06/2018	0.004257	0.006887	0.004168	0.006639	89	-
07/05/2018	0.004270	0.004332	0.004203	0.004258	20	-
07/04/2018	0.004290	0.004297	0.004248	0.004273	5	-
07/03/2018	0.004274	0.004385	0.004274	0.004292	5	-
07/02/2018	0.004434	0.004437	0.004026	0.004294	39	-
07/01/2018	0.004475	0.004501	0.004398	0.004433	1	-
06/30/2018	0.005014	0.005341	0.004429	0.004474	15	-
06/29/2018	0.005193	0.005221	0.004756	0.005009	51	-
06/28/2018	0.004234	0.005976	0.003980	0.005190	248	-
06/27/2018	0.004621	0.004648	0.004152	0.004232	4	-
06/26/2018	0.004997	0.005017	0.004470	0.004623	0	-
06/25/2018	0.004290	0.005051	0.004290	0.004997	3	-
06/24/2018	0.004157	0.004171	0.003966	0.003996	0	-
06/23/2018	0.004599	0.004674	0.004080	0.004158	4	-
06/22/2018	0.004929	0.004938	0.004465	0.004599	10	-
06/21/2018	0.004857	0.005122	0.004847	0.004935	24	-
06/20/2018	0.005171	0.005175	0.004757	0.004856	87	-
06/19/2018	0.005144	0.005197	0.004976	0.005168	68	-
06/18/2018	0.004865	0.005168	0.004806	0.005147	17	-
06/17/2018	0.004946	0.005043	0.004865	0.004881	27	-
06/16/2018	0.004680	0.004993	0.004666	0.004935	4	-
06/15/2018	0.006582	0.006606	0.003626	0.004694	102	-
06/14/2018	0.004710	0.006781	0.004692	0.006585	285	-
06/13/2018	0.004845	0.006239	0.004544	0.004708	6	-
06/12/2018	0.005584	0.005584	0.004784	0.004829	16	-
06/11/2018	0.005716	0.006331	0.005064	0.005585	12	-
06/10/2018	0.006148	0.007461	0.005604	0.005707	47	-
06/09/2018	0.006082	0.007408	0.006082	0.006138	45	-
06/08/2018	0.006424	0.006530	0.005897	0.006083	110	-
06/07/2018	0.005639	0.007642	0.005639	0.006417	170	-
06/06/2018	0.007205	0.007638	0.005536	0.005635	1	-
06/05/2018	0.007193	0.007840	0.007177	0.007208	11	-
06/04/2018	0.006461	0.007505	0.005841	0.007190	147	-
06/03/2018	0.007228	0.007368	0.006307	0.006462	39	-
06/02/2018	0.006502	0.007520	0.006454	0.007226	15	-
06/01/2018	0.006534	0.007262	0.006407	0.006504	75	-
05/31/2018	0.007053	0.007226	0.005772	0.006525	97	-
05/30/2018	0.007016	0.007096	0.006742	0.007056	42	-
05/29/2018	0.006729	0.007284	0.006562	0.007011	50	-
05/28/2018	0.006856	0.007196	0.006602	0.006732	268	-
05/27/2018	0.006893	0.007158	0.006648	0.006855	149	-
05/26/2018	0.007541	0.007631	0.006795	0.006890	74	-
05/25/2018	0.007825	0.007937	0.007454	0.007551	21	-
05/24/2018	0.007252	0.007885	0.007053	0.007812	75	-
05/23/2018	0.008254	0.008414	0.007210	0.007270	78	-
05/22/2018	0.009467	0.009470	0.008216	0.008263	57	-
05/21/2018	0.007920	0.009502	0.007860	0.009469	139	-
05/20/2018	0.008146	0.008396	0.007884	0.007910	84	-
05/19/2018	0.008063	0.008244	0.007774	0.008139	172	-
05/18/2018	0.008083	0.011487	0.007792	0.008064	584	-
05/17/2018	0.006994	0.011785	0.006983	0.008078	1,029	-
05/16/2018	0.008415	0.008422	0.004766	0.006989	656	-
05/15/2018	0.007882	0.008832	0.007869	0.008420	21	-
05/14/2018	0.008254	0.009061	0.007848	0.007895	15	-
05/13/2018	0.008167	0.008694	0.007928	0.008255	86	-
05/12/2018	0.007524	0.008548	0.007382	0.008169	122	-
05/11/2018	0.008660	0.008663	0.007536	0.007545	81	-
05/10/2018	0.008887	0.009128	0.008641	0.008649	100	-
05/09/2018	0.011659	0.011663	0.008752	0.008889	387	-
05/08/2018	0.008251	0.011715	0.007962	0.011676	106	-
05/07/2018	0.010556	0.010561	0.008095	0.008234	56	-
05/06/2018	0.010462	0.011585	0.009134	0.010548	114	-
05/05/2018	0.010719	0.016219	0.007831	0.010455	246	-
05/04/2018	0.008920	0.011096	0.008035	0.010722	108	-
05/03/2018	0.011650	0.011705	0.008419	0.008932	168	-
05/02/2018	0.008217	0.011710	0.008164	0.011650	221	-
05/01/2018	0.011060	0.012553	0.008128	0.008232	642	-
04/30/2018	0.011595	0.013803	0.011044	0.011044	471	-
04/29/2018	0.011637	0.011947	0.011482	0.011598	130	-
04/28/2018	0.011164	0.012584	0.010907	0.011641	159	-
04/27/2018	0.012808	0.013015	0.011208	0.011208	194	-
04/26/2018	0.012220	0.014811	0.011926	0.012790	155	-
04/25/2018	0.011860	0.018191	0.011330	0.012115	587	-
04/24/2018	0.012930	0.013890	0.011581	0.011939	284	-
04/23/2018	0.012322	0.015638	0.010771	0.012926	260	-
04/22/2018	0.013095	0.015138	0.012285	0.012348	255	-
04/21/2018	0.011718	0.016830	0.011622	0.013095	475	-
04/20/2018	0.011421	0.012837	0.010926	0.011714	552	-
04/19/2018	0.012787	0.015302	0.011245	0.011416	158	-
04/18/2018	0.010313	0.022793	0.009384	0.012778	1,602	-
04/17/2018	0.010268	0.015415	0.008235	0.010304	287	-
04/16/2018	0.011208	0.022423	0.007025	0.010264	1,624	-
04/15/2018	0.009251	0.011278	0.006471	0.011212	675	-
04/14/2018	0.010379	0.012631	0.009221	0.009242	267	-
04/13/2018	0.009830	0.022354	0.007910	0.010379	5,719	-
04/12/2018	0.010446	0.012929	0.008913	0.009817	624	-
04/11/2018	0.011007	0.012173	0.010337	0.010474	519	-
04/10/2018	0.013619	0.013643	0.010344	0.010996	634	-
04/09/2018	0.011253	0.014298	0.011253	0.013590	50	-
04/08/2018	0.011537	0.013916	0.011122	0.011235	342	-
04/07/2018	0.013036	0.013540	0.010172	0.011527	256	-
04/06/2018	0.011436	0.014577	0.011062	0.013024	31	-
04/05/2018	0.013267	0.013976	0.010009	0.011492	324	-
04/04/2018	0.014305	0.015787	0.010114	0.013262	711	-
04/03/2018	0.010964	0.014336	0.009306	0.014315	510	-
04/02/2018	0.010537	0.016177	0.010476	0.010956	552	-
04/01/2018	0.016946	0.017969	0.010200	0.010495	2,075	-
03/31/2018	0.017596	0.019200	0.016895	0.016946	210	-
03/30/2018	0.020013	0.021187	0.017046	0.017597	936	-
03/29/2018	0.022673	0.023016	0.019625	0.020066	298	-
03/28/2018	0.027072	0.027172	0.022067	0.022640	219	-
03/27/2018	0.023933	0.027765	0.019422	0.027077	653	-
03/26/2018	0.024364	0.027697	0.023030	0.023966	548	-
03/25/2018	0.025863	0.026457	0.024264	0.024386	704	-
03/24/2018	0.026309	0.032873	0.025213	0.026223	571	-
03/23/2018	0.026257	0.027871	0.024962	0.025931	240	-
03/22/2018	0.027390	0.028018	0.025516	0.026259	823	-
03/21/2018	0.034462	0.035860	0.026767	0.027396	511	-
03/20/2018	0.035335	0.035335	0.032432	0.034391	318	-
03/19/2018	0.032172	0.035738	0.029462	0.034965	1,129	-
03/18/2018	0.030712	0.032700	0.028708	0.032308	190	-
03/17/2018	0.032414	0.040121	0.030131	0.030785	504	-
03/16/2018	0.031422	0.038997	0.030233	0.032362	584	-
03/15/2018	0.031541	0.038528	0.029469	0.031440	459	-
03/14/2018	0.046136	0.046405	0.030389	0.031552	750	-
03/13/2018	0.034086	0.046462	0.025829	0.046129	3,473	-
03/12/2018	0.035373	0.045622	0.033487	0.034714	1,221	-
03/11/2018	0.030678	0.041255	0.029608	0.035400	1,919	-
03/10/2018	0.043719	0.046539	0.027027	0.030258	2,241	-
03/09/2018	0.046379	0.046893	0.041072	0.043709	1,142	-
03/08/2018	0.051876	0.056074	0.046485	0.046606	1,707	-
03/07/2018	0.063360	0.064109	0.050292	0.051951	1,825	-
03/06/2018	0.068333	0.068333	0.060869	0.063426	2,276	-
03/05/2018	0.070550	0.083978	0.062177	0.068516	5,614	-
03/04/2018	0.058392	0.124911	0.054805	0.070602	23,545	-
03/03/2018	0.054514	0.063772	0.054514	0.058730	2,638	-
03/02/2018	0.056784	0.068235	0.054320	0.054579	1,660	-
03/01/2018	0.051863	0.105462	0.042867	0.056923	17,674	-
02/28/2018	0.063543	0.063543	0.044403	0.051821	4,863	-
02/27/2018	0.062700	0.064663	0.058242	0.063685	2,652	-
02/26/2018	0.062805	0.079095	0.054962	0.062520	5,580	-
02/25/2018	0.065317	0.067821	0.061886	0.062743	4,115	-
02/24/2018	0.059529	0.073985	0.056015	0.065434	4,506	-
02/23/2018	0.064616	0.064616	0.055798	0.059600	5,028	-
02/22/2018	0.069672	0.072355	0.064387	0.064676	2,675	-
02/21/2018	0.075054	0.079580	0.067527	0.069745	4,305	-
02/20/2018	0.070120	0.095783	0.066684	0.075147	9,485	-
02/19/2018	0.065379	0.072993	0.064161	0.072079	4,076	-
02/18/2018	0.078972	0.080378	0.065665	0.065665	3,070	-
02/17/2018	0.088378	0.093184	0.068347	0.078733	6,627	-
02/16/2018	0.067890	0.120504	0.063981	0.088650	15,140	-
02/15/2018	0.063528	0.096153	0.061708	0.068167	2,810	-
02/14/2018	0.058597	0.067144	0.058380	0.063494	1,604	-
02/13/2018	0.066780	0.066780	0.058449	0.058726	2,959	-
02/12/2018	0.052167	0.178647	0.043013	0.066570	16,447	-
02/11/2018	0.070120	0.070120	0.051858	0.051858	3,624	-
02/10/2018	0.065507	0.072247	0.056980	0.070430	6,634	-
02/09/2018	0.057184	0.076662	0.052172	0.065468	3,976	-
02/08/2018	0.072269	0.081709	0.047062	0.057023	6,156	-
02/07/2018	0.093779	0.094483	0.069156	0.072538	18,667	-
02/06/2018	0.083749	0.095322	0.068503	0.094557	6,112	-
02/05/2018	0.092367	0.097668	0.075349	0.083594	7,263	-
02/04/2018	0.105253	0.108032	0.088037	0.093272	5,488	-
02/03/2018	0.116082	0.126475	0.096261	0.105212	8,516	-
02/02/2018	0.139420	0.147005	0.093381	0.115675	16,277	-
02/01/2018	0.283816	0.288927	0.119867	0.139854	52,178	-
01/31/2018	0.151069	0.286201	0.108785	0.179241	71,723	-
01/30/2018	0.190198	0.194359	0.149339	0.150782	24,240	-
01/29/2018	0.195511	0.211602	0.154240	0.190137	27,341	-
01/28/2018	0.233736	0.251350	0.144736	0.195695	34,177	-
01/27/2018	0.217098	0.267690	0.214208	0.232523	41,548	-
01/26/2018	0.243627	0.259998	0.184454	0.217218	37,826	-
01/25/2018	0.286883	0.321784	0.238877	0.244303	54,561	-
01/24/2018	0.285193	0.329661	0.269832	0.282682	55,084	-
01/23/2018	0.249158	0.350326	0.218958	0.285325	65,163	-
01/22/2018	0.311455	0.382228	0.239691	0.249791	26,844	-
01/21/2018	0.368133	0.392961	0.273899	0.308017	42,727	-
01/20/2018	0.381431	0.445086	0.378536	0.384891	12,648	-
01/19/2018	0.312846	0.450518	0.311511	0.377641	106,200	-
01/18/2018	0.316576	0.373597	0.281704	0.316038	89,210	-
01/17/2018	0.334123	0.398836	0.256072	0.315005	119,246	-
01/16/2018	0.432532	0.692186	0.296022	0.335738	173,697	-
01/15/2018	0.482188	0.531173	0.431623	0.431940	105,429	-
01/14/2018	0.536507	0.676066	0.480173	0.484602	210,242	-
01/13/2018	0.742486	0.918726	0.535383	0.536126	266,957	-
01/12/2018	0.419030	0.748508	0.412057	0.743207	162,569	-
01/11/2018	0.469766	0.488560	0.407310	0.434046	98,507	-
01/10/2018	0.484558	0.513495	0.433473	0.470325	78,899	-
01/09/2018	0.577155	0.589731	0.471466	0.484036	87,363	-
01/08/2018	0.667289	0.667289	0.520628	0.577808	128,287	-
01/07/2018	0.634104	0.702521	0.517323	0.636019	177,700	-
01/06/2018	0.603155	0.799607	0.543858	0.634530	207,722	-
01/05/2018	0.736759	0.779976	0.474243	0.602365	272,430	-
01/04/2018	0.827999	0.876633	0.697037	0.737324	306,135	-
01/03/2018	1.12	1.12	0.784366	0.849732	615,481	-
01/02/2018	1.59	1.68	0.958498	1.11	554,209	-
01/01/2018	1.69	1.90	1.46	1.58	406,306	-
12/31/2017	1.56	1.76	1.43	1.75	322,620	-
12/30/2017	1.93	1.96	1.45	1.57	398,269	-
12/29/2017	1.83	1.97	1.70	1.94	468,910	-
12/28/2017	2.09	2.10	1.67	1.77	479,595	-
12/27/2017	1.82	2.09	1.76	2.09	438,415	-
12/26/2017	1.54	1.85	1.52	1.84	332,469	-
12/25/2017	1.72	1.78	1.52	1.55	324,139	-
12/24/2017	1.78	1.81	1.54	1.71	231,232	-
12/23/2017	1.61	1.88	1.59	1.76	267,848	-
12/22/2017	1.89	1.90	1.29	1.60	330,602	-
12/21/2017	2.15	2.15	1.73	1.89	577,988	-
12/20/2017	2.36	2.36	2.05	2.13	598,330	-
12/19/2017	2.32	2.65	2.22	2.36	913,280	-
12/18/2017	2.38	2.46	2.13	2.30	672,132	-
12/17/2017	2.69	2.71	2.37	2.37	763,907	-
12/16/2017	3.32	3.41	2.21	2.72	1,699,240	-
12/15/2017	1.93	3.67	1.92	3.18	2,349,270	-
12/14/2017	2.46	2.79	1.67	1.99	1,885,700	-
12/13/2017	3.49	3.67	2.22	2.46	1,547,670	-
12/12/2017	3.89	4.15	3.02	3.49	2,067,730	-
12/11/2017	5.04	5.21	3.75	3.82	2,099,820	-
12/10/2017	5.10	5.33	4.64	5.03	1,395,530	-
12/09/2017	5.22	5.30	4.69	5.14	931,533	-
12/08/2017	4.29	5.41	4.04	5.22	2,424,750	-
12/07/2017	5.48	5.87	3.69	4.19	3,659,290	-
12/06/2017	6.25	6.58	5.43	5.51	3,274,600	-
12/05/2017	5.05	6.80	5.05	6.27	5,284,130	-
12/04/2017	4.24	5.10	4.20	5.04	2,277,980	-
12/03/2017	4.33	4.55	3.97	4.23	1,045,640	-
12/02/2017	4.54	4.67	4.10	4.25	926,198	-
12/01/2017	3.71	4.87	3.67	4.50	2,501,080	-
11/30/2017	3.51	3.84	3.24	3.73	775,275	-
11/29/2017	4.02	4.16	2.58	3.49	1,704,210	-
11/28/2017	5.09	5.22	3.71	4.02	1,525,210	-
11/27/2017	6.61	7.04	4.40	5.24	2,309,110	-
11/26/2017	5.50	7.53	5.05	6.61	1,863,720	-
11/25/2017	5.07	5.60	4.30	5.50	836,313	-
11/24/2017	4.24	5.28	3.70	5.07	703,774	-
11/23/2017	5.32	5.44	3.94	4.26	887,847	-
11/22/2017	5.66	5.93	4.71	5.31	1,063,310	-
11/21/2017	5.86	7.08	5.26	5.65	1,542,920	-
11/20/2017	3.56	6.77	3.41	5.87	1,587,330	-
11/19/2017	3.47	4.22	3.30	3.56	607,770	-
11/18/2017	4.08	4.08	3.03	3.48	900,801	-
11/17/2017	3.99	4.62	3.74	4.16	1,445,690	-
