Date	Open	High	Low	Close	Volume	Market Cap
07/15/2018	0.020300	0.022252	0.017798	0.017798	626	232,785
07/14/2018	0.018711	0.022485	0.018189	0.020305	877	214,561
07/13/2018	0.019352	0.021908	0.018544	0.018763	550	221,919
07/12/2018	0.018508	0.021646	0.017814	0.019333	1,036	212,243
07/11/2018	0.018529	0.031963	0.013388	0.018513	24,835	212,480
07/10/2018	0.018655	0.020027	0.015536	0.018528	1,081	213,926
07/09/2018	0.023366	0.023420	0.015102	0.018668	6,155	267,948
07/08/2018	0.025579	0.027394	0.017668	0.023371	8,003	293,327
07/07/2018	0.028036	0.028526	0.024747	0.025608	1,600	321,497
07/06/2018	0.026795	0.028083	0.026014	0.028083	2,085	307,271
07/05/2018	0.029881	0.031833	0.022760	0.026800	3,439	342,657
07/04/2018	0.032501	0.042692	0.016156	0.029818	31,797	372,706
07/03/2018	0.033752	0.036666	0.032452	0.032514	1,708	387,051
07/02/2018	0.033723	0.038064	0.032099	0.033911	3,300	386,720
07/01/2018	0.035130	0.037006	0.032258	0.033720	2,742	402,852
06/30/2018	0.034127	0.036611	0.033499	0.035123	1,872	391,345
06/29/2018	0.033450	0.034808	0.030995	0.034081	3,152	383,587
06/28/2018	0.033123	0.039716	0.031028	0.033429	9,109	379,834
06/27/2018	0.032226	0.037767	0.029779	0.033111	5,777	369,547
06/26/2018	0.032490	0.034499	0.031978	0.032239	3,066	372,576
06/25/2018	0.033852	0.035741	0.032014	0.032490	4,074	388,192
06/24/2018	0.039467	0.039531	0.032938	0.033917	4,833	452,581
06/23/2018	0.034499	0.040089	0.034092	0.040089	11,499	395,608
06/22/2018	0.038945	0.039654	0.033888	0.034494	8,361	446,594
06/21/2018	0.049448	0.050254	0.038275	0.038988	14,809	567,039
06/20/2018	0.044588	0.051793	0.040841	0.049438	34,141	511,304
06/19/2018	0.037699	0.056019	0.035618	0.044560	1,094,580	432,307
06/18/2018	0.034475	0.037516	0.033561	0.035716	5,301	395,339
06/17/2018	0.040518	0.041704	0.034479	0.034593	5,572	464,631
06/16/2018	0.046891	0.051004	0.038429	0.040410	14,923	530,679
06/15/2018	0.043189	0.051921	0.040088	0.047062	24,856	488,784
06/14/2018	0.032313	0.043573	0.032252	0.043260	23,306	365,694
06/13/2018	0.038657	0.040706	0.027555	0.031107	11,741	437,492
06/12/2018	0.041624	0.042702	0.033417	0.034176	7,585	471,078
06/11/2018	0.038172	0.047960	0.034420	0.041647	18,271	432,010
06/10/2018	0.045790	0.048898	0.037313	0.038105	15,952	518,227
06/09/2018	0.048061	0.068757	0.045277	0.047981	119,879	543,923
06/08/2018	0.053021	0.094889	0.038970	0.045030	171,932	573,126
06/07/2018	0.051318	0.055017	0.049022	0.052981	4,025	554,097
06/06/2018	0.053512	0.057230	0.050306	0.051271	8,891	577,786
06/05/2018	0.052537	0.059326	0.048842	0.053527	14,013	565,164
06/04/2018	0.066314	0.069330	0.050208	0.052512	45,010	713,362
06/03/2018	0.090206	0.117041	0.057724	0.063205	326,161	970,378
06/02/2018	0.056375	0.181472	0.052338	0.088658	601,956	606,443
06/01/2018	0.051692	0.081147	0.044502	0.056399	108,852	556,073
05/31/2018	0.050261	0.055334	0.046787	0.051655	1,533	540,676
05/30/2018	0.048520	0.053469	0.047026	0.050270	69	521,947
05/29/2018	0.044847	0.051282	0.044824	0.048487	1,571	482,431
05/28/2018	0.046403	0.050733	0.043632	0.044861	901	499,175
05/27/2018	0.045477	0.053384	0.043927	0.046392	2,240	489,219
05/26/2018	0.049369	0.064899	0.045424	0.045457	11,132	531,079
05/25/2018	0.050695	0.055615	0.044605	0.049434	6,975	545,344
05/24/2018	0.060901	0.064580	0.050600	0.050600	7,289	655,140
05/23/2018	0.077333	0.077333	0.058910	0.061056	4,538	831,900
05/22/2018	0.079007	0.080257	0.074233	0.077413	816	849,913
05/21/2018	0.087296	0.092389	0.070598	0.079022	6,885	939,076
05/20/2018	0.068751	0.100081	0.068045	0.087187	3,062	739,581
05/19/2018	0.072511	0.078196	0.064941	0.068700	7,732	780,032
05/18/2018	0.061950	0.102987	0.061116	0.072522	25,682	666,425
05/17/2018	0.063891	0.079284	0.060777	0.061902	4,689	687,296
05/16/2018	0.073653	0.076880	0.061551	0.063852	1,135	792,315
05/15/2018	0.070181	0.085518	0.068206	0.073696	4,049	754,964
05/14/2018	0.062570	0.103492	0.059954	0.070302	4,730	673,090
05/13/2018	0.065771	0.071987	0.059031	0.062581	3,225	707,529
05/12/2018	0.071082	0.072318	0.061746	0.065834	1,325	764,659
05/11/2018	0.070496	0.094515	0.061886	0.071292	7,172	758,352
05/10/2018	0.074630	0.079992	0.067850	0.070412	4,336	802,824
05/09/2018	0.090496	0.090542	0.067978	0.074651	4,320	973,498
05/08/2018	0.092743	0.100900	0.074352	0.090634	10,912	997,673
05/07/2018	0.125905	0.129656	0.092455	0.092547	9,786	-
05/06/2018	0.102496	0.133417	0.089256	0.125815	9,321	-
05/05/2018	0.128284	0.133503	0.094172	0.102427	8,525	-
05/04/2018	0.124011	0.139437	0.116182	0.128345	15,880	-
05/03/2018	0.132784	0.143711	0.120973	0.124060	14,837	-
05/02/2018	0.148917	0.155521	0.127728	0.132779	20,081	-
05/01/2018	0.162692	0.180114	0.117947	0.149141	45,199	-
04/30/2018	0.175912	0.231861	0.139738	0.174523	95,039	-
04/29/2018	0.154200	0.398742	0.151251	0.175971	388,150	-
04/28/2018	0.158616	0.187082	0.137820	0.154260	39,679	-
04/27/2018	0.174968	0.174968	0.132171	0.159161	16,478	-
04/26/2018	0.114332	0.184552	0.114332	0.174726	41,840	-
04/25/2018	0.152292	0.154969	0.113234	0.113393	6,052	-
04/24/2018	0.144535	0.165892	0.136319	0.153334	11,966	-
04/23/2018	0.158490	0.178501	0.136622	0.144412	15,434	-
04/22/2018	0.217445	0.217445	0.135630	0.158810	37,158	-
04/21/2018	0.233004	0.245432	0.189725	0.217319	42,665	-
04/20/2018	0.194230	0.243680	0.189529	0.232073	198,085	-
