Date	Open	High	Low	Close	Volume	Market Cap
07/15/2018	0.099419	0.102718	0.098937	0.102397	393,818	7,456,420
07/14/2018	0.099939	0.101489	0.097981	0.099038	543,754	7,495,400
07/13/2018	0.098449	0.100602	0.098449	0.099640	500,914	7,383,680
07/12/2018	0.103900	0.103900	0.097082	0.098307	417,667	7,792,500
07/11/2018	0.103992	0.105827	0.099989	0.103898	465,967	7,799,400
07/10/2018	0.120046	0.120061	0.103786	0.103786	549,074	9,003,450
07/09/2018	0.123819	0.123939	0.119898	0.119898	556,848	9,286,420
07/08/2018	0.124210	0.127532	0.121567	0.123930	487,472	9,315,750
07/07/2018	0.121697	0.124370	0.118807	0.124221	474,314	9,127,280
07/06/2018	0.126779	0.126845	0.118706	0.121753	587,893	9,508,420
07/05/2018	0.126686	0.128305	0.124902	0.126790	583,199	9,501,450
07/04/2018	0.125342	0.129420	0.122920	0.126060	594,795	9,400,650
07/03/2018	0.120374	0.127755	0.120374	0.124577	633,710	9,028,050
07/02/2018	0.115008	0.120637	0.113661	0.120628	552,467	8,625,600
07/01/2018	0.116093	0.116727	0.113548	0.114998	430,153	8,706,980
06/30/2018	0.111258	0.116853	0.111258	0.116269	488,389	8,344,350
06/29/2018	0.110825	0.111997	0.106616	0.111143	459,539	8,311,880
06/28/2018	0.114321	0.115220	0.110100	0.110884	413,990	8,574,040
06/27/2018	0.116574	0.116574	0.112200	0.114200	461,689	8,743,070
06/26/2018	0.122990	0.123358	0.116719	0.117295	533,383	9,224,220
06/25/2018	0.122149	0.130219	0.120404	0.122959	621,854	9,161,200
06/24/2018	0.129649	0.134420	0.111140	0.122406	799,958	9,723,660
06/23/2018	0.122193	0.132327	0.120975	0.129668	815,822	9,164,440
06/22/2018	0.129989	0.130827	0.119940	0.122187	930,028	9,749,150
06/21/2018	0.132499	0.132956	0.128569	0.129932	500,563	9,937,390
06/20/2018	0.135834	0.165552	0.125875	0.133221	751,385	10,187,600
06/19/2018	0.138744	0.139204	0.135567	0.135663	548,045	10,405,800
06/18/2018	0.134364	0.138957	0.131487	0.138850	446,330	10,077,300
06/17/2018	0.142039	0.142976	0.134575	0.134795	576,450	10,652,900
06/16/2018	0.141581	0.143063	0.140350	0.141841	486,704	10,618,600
06/15/2018	0.146676	0.148175	0.141131	0.141922	353,674	11,000,700
06/14/2018	0.132605	0.147977	0.132164	0.146868	738,696	9,945,410
06/13/2018	0.152576	0.153688	0.129712	0.132550	783,844	11,443,200
06/12/2018	0.161617	0.169952	0.151124	0.152172	855,949	12,121,300
06/11/2018	0.165980	0.165980	0.157193	0.161646	785,553	12,448,500
06/10/2018	0.205896	0.205896	0.161919	0.165608	887,317	15,442,200
06/09/2018	0.212929	0.217848	0.205830	0.205830	715,948	15,969,700
06/08/2018	0.211941	0.214419	0.205476	0.212800	754,566	15,895,600
06/07/2018	0.210983	0.225317	0.210523	0.211795	1,081,900	15,823,700
06/06/2018	0.219192	0.221321	0.207112	0.210746	777,186	16,439,400
06/05/2018	0.220553	0.221067	0.207700	0.219266	914,773	16,541,500
06/04/2018	0.227279	0.228814	0.215275	0.219990	856,594	17,045,900
06/03/2018	0.223591	0.234103	0.222800	0.227504	823,234	16,769,300
06/02/2018	0.221821	0.225604	0.218164	0.223734	750,816	16,636,600
06/01/2018	0.216727	0.224316	0.215158	0.221871	983,134	16,254,500
05/31/2018	0.204494	0.220810	0.203264	0.217152	944,039	15,337,000
05/30/2018	0.206109	0.217554	0.202100	0.204631	800,281	15,458,200
05/29/2018	0.195139	0.209029	0.192535	0.205999	837,710	14,635,400
05/28/2018	0.212735	0.218703	0.193714	0.195570	856,347	15,955,100
05/27/2018	0.212382	0.212815	0.208921	0.212551	818,487	15,928,600
05/26/2018	0.214712	0.219262	0.210759	0.212172	838,923	16,103,400
05/25/2018	0.222478	0.232944	0.211195	0.215043	838,933	16,685,800
05/24/2018	0.206256	0.225776	0.203843	0.221919	1,035,600	15,469,200
05/23/2018	0.238244	0.238244	0.200986	0.206746	991,108	17,868,300
05/22/2018	0.258991	0.258991	0.237613	0.238365	899,195	19,424,300
05/21/2018	0.273629	0.277136	0.257868	0.259100	1,203,450	20,522,200
05/20/2018	0.257306	0.278781	0.255595	0.273447	1,757,040	19,298,000
05/19/2018	0.257169	0.262137	0.252607	0.257131	997,282	19,287,700
05/18/2018	0.255610	0.258255	0.243771	0.257070	1,061,440	19,170,700
05/17/2018	0.272559	0.274069	0.251620	0.255495	1,173,650	20,441,900
05/16/2018	0.277206	0.277775	0.252315	0.275311	1,544,790	20,790,500
05/15/2018	0.284967	0.302857	0.275986	0.277384	2,146,240	21,372,500
05/14/2018	0.291214	0.294385	0.267335	0.285221	1,780,100	21,841,000
05/13/2018	0.267315	0.293853	0.258419	0.293247	2,527,430	20,048,600
05/12/2018	0.274796	0.277552	0.241639	0.268572	1,695,250	20,609,700
05/11/2018	0.327538	0.327538	0.247087	0.275482	2,560,570	24,565,400
05/10/2018	0.357229	0.400638	0.318119	0.322687	3,930,240	26,792,100
05/09/2018	0.366634	0.366880	0.334488	0.358646	1,483,640	27,497,600
05/08/2018	0.382708	0.386507	0.354071	0.366870	1,469,460	28,703,100
05/07/2018	0.397991	0.400921	0.364741	0.381693	1,415,760	29,849,300
05/06/2018	0.436445	0.438529	0.390608	0.398303	1,536,680	32,733,400
05/05/2018	0.451425	0.457644	0.427865	0.436462	1,733,480	33,856,900
05/04/2018	0.447595	0.458022	0.439360	0.451465	3,125,680	33,569,600
05/03/2018	0.451827	0.458095	0.439991	0.447654	4,611,740	33,887,000
05/02/2018	0.441308	0.463661	0.434901	0.451392	3,592,100	33,098,100
05/01/2018	0.430417	0.452175	0.402584	0.441996	4,772,960	32,281,300
04/30/2018	0.463033	0.465588	0.420367	0.429916	3,964,540	34,727,500
04/29/2018	0.481771	0.489224	0.448916	0.463632	4,515,630	36,132,900
04/28/2018	0.444847	0.483383	0.442290	0.483147	4,509,280	33,363,600
04/27/2018	0.458084	0.468270	0.445014	0.448697	5,574,590	34,356,300
04/26/2018	0.413140	0.468485	0.401898	0.457885	7,391,170	30,985,500
04/25/2018	0.503301	0.510466	0.394242	0.409969	6,338,930	37,747,600
04/24/2018	0.489898	0.503157	0.481787	0.503157	7,428,070	36,742,400
04/23/2018	0.454722	0.495483	0.448021	0.491653	9,455,290	34,104,200
04/22/2018	0.461056	0.467345	0.444631	0.456006	5,510,270	34,579,200
04/21/2018	0.439278	0.481599	0.432776	0.463516	12,536,300	32,945,900
04/20/2018	0.427288	0.482256	0.406292	0.439688	15,803,900	32,046,600
04/19/2018	0.420141	0.430553	0.400905	0.428336	11,209,900	31,510,600
04/18/2018	0.398454	0.426135	0.389106	0.423920	9,148,150	29,884,100
04/17/2018	0.417267	0.417267	0.385256	0.401560	9,725,980	31,295,100
04/16/2018	0.397356	0.425637	0.383160	0.408172	15,956,800	29,801,700
04/15/2018	0.354150	0.404668	0.341288	0.404668	12,771,500	26,561,200
04/14/2018	0.307615	0.503932	0.278726	0.358860	63,448,900	23,071,100
04/13/2018	0.281440	0.314102	0.235600	0.281014	20,274,400	21,108,000
04/12/2018	0.214006	0.257248	0.203773	0.257248	7,369,780	16,050,500
04/11/2018	0.202578	0.214618	0.192111	0.214618	6,149,710	15,193,400
04/10/2018	0.214231	0.214231	0.188113	0.202770	9,583,400	16,067,300
04/09/2018	0.165456	0.370745	0.165456	0.221542	63,594,100	12,409,200
04/08/2018	0.161570	0.172951	0.158738	0.164748	4,451,170	12,117,800
04/07/2018	0.149955	0.164716	0.149852	0.161595	3,126,720	11,246,600
04/06/2018	0.167642	0.168378	0.146157	0.149815	3,154,920	12,573,200
04/05/2018	0.184093	0.184338	0.163909	0.168347	2,988,900	13,807,000
04/04/2018	0.192442	0.250434	0.180911	0.184212	4,099,540	14,433,100
04/03/2018	0.153848	0.251154	0.153119	0.195276	11,547,500	11,538,600
04/02/2018	0.152242	0.156480	0.151577	0.153710	2,300,150	11,418,100
04/01/2018	0.156284	0.157816	0.146075	0.151771	2,106,100	11,721,300
03/31/2018	0.156019	0.163004	0.154926	0.156269	2,620,680	11,701,400
03/30/2018	0.165529	0.165983	0.150226	0.156103	2,383,560	12,414,700
03/29/2018	0.202264	0.202294	0.163439	0.165683	2,444,280	15,169,800
03/28/2018	0.190765	0.212834	0.190765	0.201647	3,416,690	14,307,300
03/27/2018	0.192286	0.198724	0.184527	0.190618	2,124,150	14,421,400
03/26/2018	0.201775	0.209261	0.186455	0.191941	2,819,480	15,133,200
03/25/2018	0.201840	0.207774	0.195651	0.202118	2,619,970	15,138,000
03/24/2018	0.193989	0.203891	0.190339	0.203698	2,254,690	14,549,200
03/23/2018	0.202054	0.202561	0.185945	0.192978	2,774,490	15,154,100
03/22/2018	0.212074	0.225610	0.199136	0.202074	3,131,470	15,905,500
03/21/2018	0.206733	0.220953	0.200318	0.211876	3,196,210	15,505,000
03/20/2018	0.194383	0.212434	0.188987	0.206628	2,032,500	14,578,700
03/19/2018	0.182712	0.192897	0.176944	0.192454	3,311,300	13,703,400
03/18/2018	0.193742	0.193742	0.161817	0.182916	3,407,210	14,530,600
03/17/2018	0.207790	0.210859	0.193308	0.194114	3,822,250	15,584,300
03/16/2018	0.209842	0.214712	0.200766	0.207693	4,757,500	15,738,100
03/15/2018	0.228218	0.228928	0.199379	0.210047	3,912,550	17,116,400
03/14/2018	0.271283	0.272788	0.224692	0.228230	3,489,740	20,346,300
03/13/2018	0.269044	0.279435	0.265311	0.271459	3,967,840	20,178,300
03/12/2018	0.290661	0.303845	0.265020	0.269703	4,036,150	21,799,600
03/11/2018	0.278122	0.294834	0.265810	0.290982	4,299,660	20,859,200
03/10/2018	0.287447	0.303351	0.275936	0.277701	3,579,700	21,558,500
03/09/2018	0.298840	0.300239	0.256836	0.286632	2,699,460	22,413,000
03/08/2018	0.331254	0.331254	0.296223	0.299791	3,431,050	24,844,100
03/07/2018	0.345949	0.387621	0.310179	0.331707	8,432,220	25,946,100
03/06/2018	0.390764	0.390764	0.344953	0.346333	4,550,550	29,307,300
03/05/2018	0.418315	0.418315	0.382129	0.391627	5,149,050	31,373,600
03/04/2018	0.456736	0.456736	0.398824	0.421780	5,850,400	34,255,200
03/03/2018	0.407541	0.517606	0.405428	0.442261	21,736,200	30,565,600
03/02/2018	0.388156	0.477727	0.333400	0.411770	21,373,500	29,111,700
03/01/2018	0.324640	0.505684	0.307122	0.390306	22,818,300	24,348,000
02/28/2018	0.331183	0.354599	0.317583	0.322796	4,730,490	24,838,800
02/27/2018	0.302004	0.356484	0.299810	0.334103	5,214,190	22,650,300
02/26/2018	0.269909	0.309019	0.268996	0.300730	1,811,700	20,243,100
02/25/2018	0.282260	0.286080	0.261074	0.269728	3,534,760	21,169,500
02/24/2018	0.310003	0.318048	0.271461	0.280523	3,451,790	23,250,200
02/23/2018	0.284634	0.342994	0.272831	0.311009	4,695,350	21,347,600
02/22/2018	0.303854	0.320090	0.271984	0.284893	4,385,520	22,789,100
02/21/2018	0.327970	0.335970	0.301984	0.304211	4,132,370	24,597,800
02/20/2018	0.370044	0.393339	0.326174	0.328533	4,916,580	27,753,300
02/19/2018	0.342857	0.388432	0.339413	0.370366	5,384,290	25,714,200
02/18/2018	0.373429	0.376422	0.337948	0.343896	4,751,760	28,007,200
02/17/2018	0.361075	0.374945	0.357589	0.372657	4,515,330	27,080,600
02/16/2018	0.363611	0.368422	0.349618	0.360749	4,733,820	27,270,800
02/15/2018	0.370329	0.406708	0.342784	0.364464	6,751,330	27,774,700
02/14/2018	0.327729	0.357894	0.327729	0.357894	2,932,910	24,579,700
02/13/2018	0.347859	0.350125	0.326525	0.327948	3,686,400	26,089,500
02/12/2018	0.320710	0.349855	0.314086	0.345539	3,928,030	24,053,300
02/11/2018	0.368866	0.368866	0.310892	0.319255	4,024,630	27,665,000
02/10/2018	0.327558	0.418433	0.325983	0.369228	9,421,360	24,566,900
02/09/2018	0.299431	0.330762	0.287853	0.327880	4,005,030	22,457,300
02/08/2018	0.264074	0.306163	0.264074	0.298880	3,378,740	19,805,500
02/07/2018	0.270474	0.291552	0.243348	0.265024	4,284,530	20,285,500
02/06/2018	0.223087	0.272702	0.181433	0.271252	5,564,100	16,731,500
02/05/2018	0.295487	0.302532	0.213247	0.222657	3,056,650	22,161,600
02/04/2018	0.375345	0.378402	0.282827	0.297779	2,150,610	28,150,900
02/03/2018	0.338494	0.381878	0.309777	0.375416	1,986,160	25,387,000
02/02/2018	0.372739	0.372739	0.264350	0.337769	3,979,160	27,955,400
02/01/2018	0.488912	0.499313	0.350001	0.373807	4,128,150	36,668,400
01/31/2018	0.511826	0.511826	0.458807	0.488684	3,521,890	38,386,900
01/30/2018	0.603741	0.649175	0.509586	0.512413	7,205,930	45,280,600
01/29/2018	0.585275	0.623284	0.545674	0.605000	5,877,250	43,895,600
01/28/2018	0.593664	0.606718	0.521965	0.587507	2,679,160	44,524,800
01/27/2018	0.562070	0.598501	0.545718	0.585088	3,054,980	42,155,300
01/26/2018	0.561033	0.608685	0.494349	0.566172	7,281,100	42,077,500
01/25/2018	0.604930	0.614428	0.546467	0.565329	4,759,720	45,369,800
01/24/2018	0.588634	0.610790	0.551155	0.598186	5,347,210	44,147,600
01/23/2018	0.571583	0.621056	0.521188	0.587477	4,026,040	42,868,700
01/22/2018	0.644619	0.709166	0.535392	0.565773	4,886,920	48,346,500
01/21/2018	0.748218	0.774779	0.632007	0.637649	7,264,840	56,116,300
01/20/2018	0.715564	0.780383	0.696295	0.745255	5,944,640	53,667,300
01/19/2018	0.695308	0.774884	0.678725	0.711794	5,812,500	52,148,100
01/18/2018	0.686612	0.830030	0.655935	0.699651	8,360,640	51,495,900
01/17/2018	0.598394	0.715690	0.465749	0.683211	5,670,370	44,879,500
01/16/2018	1.01	1.01	0.508343	0.598836	7,166,330	75,693,900
01/15/2018	1.09	1.13	1.01	1.01	6,167,180	81,600,700
01/14/2018	1.24	1.24	1.07	1.09	6,004,670	93,197,700
01/13/2018	1.25	1.31	1.20	1.23	7,386,280	93,517,800
01/12/2018	1.03	1.32	0.987070	1.25	12,149,200	76,977,100
01/11/2018	1.24	1.24	0.909865	0.987987	5,903,940	92,905,900
01/10/2018	1.26	1.26	1.07	1.24	6,619,780	94,264,600
01/09/2018	1.35	1.38	1.22	1.26	7,532,970	101,278,000
01/08/2018	1.39	1.45	1.16	1.36	12,248,400	103,882,000
01/07/2018	1.30	1.49	1.23	1.38	14,396,300	97,495,200
01/06/2018	1.26	1.31	1.10	1.31	9,804,060	94,308,300
01/05/2018	1.39	1.42	1.20	1.26	13,999,200	103,890,000
01/04/2018	1.54	1.55	1.32	1.36	15,648,600	115,480,000
01/03/2018	1.24	1.57	1.11	1.54	27,331,200	93,283,700
01/02/2018	1.18	1.44	1.10	1.23	28,461,500	88,746,600
01/01/2018	0.874346	1.33	0.850748	1.20	24,287,900	65,575,900
12/31/2017	0.748501	0.927865	0.730921	0.877876	9,998,380	56,137,600
12/30/2017	0.844138	0.906354	0.699225	0.746737	11,025,000	63,310,400
12/29/2017	0.915141	0.996005	0.853222	0.853449	7,990,810	68,635,600
12/28/2017	0.919061	0.996975	0.738259	0.922449	13,990,700	68,929,600
12/27/2017	0.646018	1.10	0.620717	0.924817	38,582,400	48,451,300
12/26/2017	0.646924	0.706081	0.583268	0.641976	8,215,390	48,519,300
12/25/2017	0.599467	0.803222	0.573438	0.649225	17,264,100	44,960,000
12/24/2017	0.558693	0.683884	0.490640	0.597503	8,426,410	41,902,000
12/23/2017	0.498718	0.636101	0.489471	0.556908	3,544,760	37,403,800
12/22/2017	0.654465	0.666658	0.354288	0.496468	3,927,060	49,084,900
12/21/2017	0.628027	0.728141	0.612576	0.660553	5,778,640	47,102,100
12/20/2017	0.700664	0.700664	0.583487	0.633499	3,827,550	52,549,800
12/19/2017	0.778679	0.803144	0.675949	0.702533	7,043,730	58,401,000
12/18/2017	0.718143	0.808375	0.656843	0.778360	14,522,400	53,860,800
12/17/2017	0.632889	0.738797	0.548947	0.683275	9,281,040	47,466,700
12/16/2017	0.530656	0.691880	0.494026	0.629033	10,662,000	39,799,200
12/15/2017	0.499047	0.563662	0.434627	0.563662	4,286,930	37,428,500
12/14/2017	0.410563	0.586262	0.398713	0.495977	13,710,900	30,792,200
12/13/2017	0.405702	0.447678	0.385469	0.410300	3,660,160	30,427,600
12/12/2017	0.372926	0.484516	0.353680	0.407903	7,793,910	27,969,400
12/11/2017	0.326578	0.446499	0.315953	0.371950	5,312,550	24,493,300
12/10/2017	0.331669	0.400604	0.279576	0.328688	3,628,770	24,875,200
12/09/2017	0.304881	0.449756	0.304881	0.330694	5,692,920	22,866,100
12/08/2017	0.302766	0.357259	0.240069	0.305049	2,140,680	22,707,500
12/07/2017	0.447662	0.447662	0.291878	0.303122	4,687,680	33,574,600
12/06/2017	0.423714	0.455791	0.349580	0.381431	7,808,400	31,778,600
12/05/2017	0.448812	0.566725	0.407966	0.424646	15,249,600	33,660,900
12/04/2017	0.242923	0.619029	0.239084	0.462571	40,087,100	18,219,200
12/03/2017	0.248119	0.253172	0.228227	0.242301	1,142,080	18,609,000
12/02/2017	0.227539	0.251172	0.210136	0.247905	1,451,360	17,065,400
12/01/2017	0.172090	0.269450	0.163022	0.234856	2,644,490	12,906,700
11/30/2017	0.171588	0.197673	0.155202	0.172688	758,255	12,869,100
11/29/2017	0.205940	0.218281	0.169878	0.170899	619,874	15,445,500
11/28/2017	0.222529	0.222620	0.206116	0.206397	629,198	16,689,700
11/27/2017	0.210712	0.238188	0.208574	0.219235	978,003	15,803,400
11/26/2017	0.198246	0.212002	0.192591	0.212002	527,154	14,868,400
11/25/2017	0.194513	0.201714	0.187399	0.197206	491,294	14,588,400
11/24/2017	0.175568	0.227110	0.168121	0.194756	2,046,150	13,167,600
11/23/2017	0.183303	0.185488	0.174875	0.176801	483,018	13,747,700
11/22/2017	0.196690	0.217776	0.179880	0.183031	1,096,960	14,751,800
11/21/2017	0.187612	0.205747	0.175893	0.194969	564,789	14,070,900
11/20/2017	0.197098	0.204182	0.186040	0.189946	571,964	14,782,300
11/19/2017	0.223018	0.231511	0.180386	0.195517	820,756	16,726,400
11/18/2017	0.222751	0.225951	0.216246	0.223476	2,286,560	16,706,300
11/17/2017	0.220197	0.248710	0.204887	0.223572	2,338,030	16,514,800
11/16/2017	0.227290	0.236888	0.201924	0.222639	1,445,180	17,046,700
11/15/2017	0.186728	0.239484	0.183298	0.234360	1,275,130	14,004,600
11/14/2017	0.166633	0.188427	0.165492	0.186614	474,489	12,497,400
11/13/2017	0.150138	0.172500	0.150138	0.166421	174,060	11,260,300
11/12/2017	0.171148	0.171148	0.140979	0.149937	337,529	12,836,100
11/11/2017	0.158512	0.180820	0.158512	0.169120	406,540	11,888,400
11/10/2017	0.181087	0.184324	0.155470	0.158981	416,202	13,581,500
11/09/2017	0.174206	0.189014	0.169440	0.180571	600,614	13,065,400
11/08/2017	0.166053	0.192502	0.153267	0.174841	910,162	12,454,000
11/07/2017	0.137813	0.171868	0.136290	0.164602	986,909	10,335,900
11/06/2017	0.134045	0.149525	0.131106	0.138455	496,248	10,053,400
11/05/2017	0.135491	0.137068	0.133185	0.133926	264,611	10,161,800
11/04/2017	0.135593	0.139046	0.130017	0.135339	324,742	10,169,500
11/03/2017	0.141205	0.141545	0.130623	0.135841	403,022	10,590,400
11/02/2017	0.143928	0.144898	0.134127	0.140694	442,706	10,794,600
11/01/2017	0.142403	0.162494	0.135215	0.144508	559,173	10,680,300
10/31/2017	0.161307	0.162497	0.142257	0.142699	480,494	12,098,000
10/30/2017	0.154061	0.165891	0.145986	0.161637	468,048	11,554,500
10/29/2017	0.195397	0.196020	0.151270	0.152723	1,272,590	14,654,800
10/28/2017	0.153735	0.225751	0.152909	0.198099	4,586,290	11,530,100
10/27/2017	0.133602	0.162632	0.133311	0.153526	729,736	10,020,100
10/26/2017	0.147433	0.159509	0.131439	0.134528	560,844	11,057,500
10/25/2017	0.149301	0.150655	0.128905	0.146682	395,166	11,197,600
10/24/2017	0.121283	0.158643	0.119511	0.149010	802,625	9,096,220
10/23/2017	0.124382	0.125198	0.111717	0.121075	356,726	9,328,670
10/22/2017	0.139860	0.144844	0.123846	0.125021	451,436	10,489,500
10/21/2017	0.123080	0.146441	0.118283	0.139508	344,930	9,231,030
10/20/2017	0.131843	0.136908	0.120391	0.122432	411,359	9,888,210
10/19/2017	0.130061	0.133154	0.127841	0.131726	427,603	9,754,600
10/18/2017	0.129274	0.130262	0.120789	0.130262	335,395	9,695,540
10/17/2017	0.133021	0.134194	0.125691	0.129578	184,355	9,976,580
10/16/2017	0.142054	0.143134	0.129397	0.132517	359,464	10,654,100
10/15/2017	0.131068	0.175838	0.121949	0.141574	938,978	9,830,070
10/14/2017	0.141521	0.144080	0.129560	0.130281	296,822	10,614,100
10/13/2017	0.157200	0.157200	0.136054	0.141452	437,018	11,790,000
10/12/2017	0.169779	0.180543	0.155520	0.157097	418,799	12,733,500
10/11/2017	0.160665	0.170466	0.159769	0.169680	264,111	12,049,800
10/10/2017	0.163038	0.167210	0.159206	0.160482	224,433	12,227,900
10/09/2017	0.183905	0.183905	0.161596	0.161596	327,871	13,792,900
10/08/2017	0.184893	0.201737	0.180580	0.183838	419,123	13,866,900
10/07/2017	0.203542	0.205377	0.183814	0.185792	376,552	15,265,700
10/06/2017	0.178808	0.204707	0.167952	0.202484	598,768	13,410,600
10/05/2017	0.183792	0.190387	0.174615	0.179008	236,216	13,784,400
10/04/2017	0.179522	0.198990	0.178592	0.184198	370,723	13,464,200
10/03/2017	0.168806	0.181526	0.162658	0.178507	388,514	12,660,500
10/02/2017	0.187034	0.189869	0.167974	0.168424	262,044	14,027,500
10/01/2017	0.195110	0.197369	0.184811	0.187239	177,355	14,633,300
09/30/2017	0.194072	0.197312	0.189379	0.194960	194,653	14,555,400
09/29/2017	0.194350	0.195363	0.175828	0.193841	231,545	14,576,300
09/28/2017	0.204011	0.214793	0.193842	0.195331	388,906	15,300,900
09/27/2017	0.188145	0.214750	0.185889	0.204013	452,929	14,110,900
09/26/2017	0.178707	0.192645	0.175414	0.188586	244,764	13,403,000
09/25/2017	0.164153	0.180724	0.162622	0.178729	179,561	12,311,500
09/24/2017	0.169149	0.170234	0.161924	0.164193	122,860	12,686,200
09/23/2017	0.158522	0.171435	0.153996	0.169055	128,045	11,889,100
09/22/2017	0.157299	0.168885	0.151591	0.158473	143,772	11,797,400
09/21/2017	0.186829	0.187828	0.156807	0.157442	164,760	14,012,200
09/20/2017	0.171466	0.193520	0.166782	0.188150	246,006	12,860,000
09/19/2017	0.190704	0.192057	0.170744	0.171638	210,330	14,302,800
09/18/2017	0.166624	0.200431	0.166624	0.190202	363,723	12,496,800
09/17/2017	0.157688	0.170749	0.147830	0.166595	175,967	11,826,600
09/16/2017	0.161405	0.163772	0.149054	0.158000	283,355	12,105,400
09/15/2017	0.136023	0.167353	0.121728	0.161690	248,968	10,201,700
09/14/2017	0.170172	0.176272	0.135424	0.135424	252,162	12,762,900
09/13/2017	0.178540	0.178838	0.156481	0.169773	291,288	13,390,500
09/12/2017	0.188889	0.201409	0.177881	0.178804	297,424	14,166,700
09/11/2017	0.183942	0.196747	0.169410	0.188922	344,763	13,795,600
09/10/2017	0.194351	0.195276	0.172610	0.183549	200,959	14,576,300
09/09/2017	0.185205	0.195620	0.180231	0.194741	203,839	13,890,400
09/08/2017	0.215172	0.221744	0.184635	0.184635	328,143	16,137,900
09/07/2017	0.217950	0.232420	0.201012	0.215252	325,496	16,346,200
09/06/2017	0.207639	0.233774	0.204071	0.218399	308,346	15,573,000
09/05/2017	0.200500	0.210992	0.170010	0.205383	363,356	15,037,500
09/04/2017	0.245291	0.245291	0.178776	0.199798	491,653	18,396,800
09/03/2017	0.248664	0.257655	0.234474	0.243974	272,782	18,649,800
09/02/2017	0.293092	0.297638	0.240712	0.250202	396,465	21,981,900
09/01/2017	0.282059	0.294120	0.277112	0.292975	351,302	21,154,400
08/31/2017	0.245075	0.293996	0.241010	0.284971	565,880	18,380,600
08/30/2017	0.260743	0.265500	0.242478	0.245321	391,339	19,555,800
08/29/2017	0.263778	0.269523	0.252808	0.261130	409,872	19,783,300
08/28/2017	0.269884	0.276790	0.251679	0.263330	349,577	20,241,300
08/27/2017	0.276326	0.278097	0.262873	0.269800	308,167	20,724,400
08/26/2017	0.257554	0.280016	0.251347	0.272533	406,322	19,316,600
08/25/2017	0.252543	0.267253	0.244934	0.257346	222,248	18,940,700
08/24/2017	0.270416	0.272517	0.241483	0.250587	490,308	20,281,200
08/23/2017	0.261926	0.291425	0.248913	0.269951	593,173	19,644,500
08/22/2017	0.262432	0.287237	0.204682	0.254031	1,119,090	19,682,400
08/21/2017	0.241083	0.304123	0.210752	0.261965	797,828	18,081,200
08/20/2017	0.229177	0.252340	0.225769	0.241728	278,508	17,188,200
08/19/2017	0.218231	0.234212	0.217389	0.230104	257,931	16,367,300
08/18/2017	0.263318	0.302715	0.210802	0.218599	651,180	19,748,900
08/17/2017	0.203185	0.301545	0.200500	0.268196	899,595	15,238,900
08/16/2017	0.191978	0.206193	0.182287	0.202989	519,286	14,398,400
08/15/2017	0.196254	0.196254	0.176069	0.191722	388,957	14,719,000
08/14/2017	0.224644	0.233210	0.178039	0.195837	538,025	16,848,300
08/13/2017	0.239116	0.245803	0.213552	0.224393	900,000	17,933,700
08/12/2017	0.221735	0.251443	0.205351	0.236448	804,649	16,630,200
08/11/2017	0.137627	0.246189	0.134817	0.218324	1,327,100	10,322,000
08/10/2017	0.151016	0.155199	0.137140	0.137653	357,941	11,326,200
08/09/2017	0.148142	0.155835	0.142931	0.150764	255,319	11,110,600
08/08/2017	0.137056	0.149678	0.131303	0.148254	237,908	10,279,200
08/07/2017	0.141886	0.141886	0.129643	0.136892	216,589	10,641,400
08/06/2017	0.131341	0.144843	0.121193	0.142110	263,528	9,850,580
08/05/2017	0.123306	0.140029	0.122209	0.131077	182,489	9,247,930
08/04/2017	0.130380	0.136235	0.116831	0.122107	207,941	9,778,510
08/03/2017	0.119239	0.129943	0.118952	0.129943	124,725	8,942,910
08/02/2017	0.116644	0.126228	0.112598	0.119089	198,111	8,748,320
08/01/2017	0.109335	0.120574	0.102901	0.116799	168,036	8,200,160
07/31/2017	0.108995	0.110660	0.105459	0.109267	153,070	8,174,650
07/30/2017	0.116570	0.117258	0.104301	0.108610	140,351	8,742,740
07/29/2017	0.116225	0.117132	0.111069	0.116481	100,211	8,716,890
07/28/2017	0.130293	0.132278	0.115733	0.116462	137,125	9,772,010
07/27/2017	0.126947	0.131151	0.125385	0.130034	106,484	9,521,020
07/26/2017	0.129708	0.132224	0.123959	0.126508	98,483	9,728,060
07/25/2017	0.156521	0.158293	0.125581	0.129918	167,944	11,739,000
07/24/2017	0.148251	0.164360	0.138837	0.158290	263,360	11,118,800
07/23/2017	0.155788	0.160160	0.147783	0.148477	177,357	11,684,100
07/22/2017	0.153969	0.161617	0.149043	0.156005	175,490	11,547,700
07/21/2017	0.166594	0.166657	0.152068	0.153881	115,372	12,494,500
07/20/2017	0.132372	0.165979	0.132372	0.165979	152,790	9,927,910
07/19/2017	0.142084	0.146446	0.126064	0.132628	255,448	10,656,300
07/18/2017	0.128092	0.149812	0.125290	0.141379	170,350	9,606,890
07/17/2017	0.109077	0.128821	0.108320	0.127751	158,529	8,180,770
07/16/2017	0.119987	0.122311	0.096762	0.109390	131,492	8,999,060
07/15/2017	0.142779	0.144253	0.120427	0.120427	118,266	10,708,500
07/14/2017	0.154887	0.163750	0.142106	0.142991	226,955	11,616,500
07/13/2017	0.145954	0.154822	0.134885	0.154473	207,106	10,946,600
07/12/2017	0.145226	0.150782	0.131813	0.146978	266,376	10,892,000
07/11/2017	0.147046	0.154169	0.115225	0.145370	253,109	11,028,400
07/10/2017	0.183014	0.186437	0.141480	0.144451	218,895	13,726,000
07/09/2017	0.186512	0.191606	0.175876	0.182742	222,684	13,988,400
07/08/2017	0.175434	0.218649	0.167137	0.185288	373,567	13,157,500
07/07/2017	0.230399	0.236411	0.174758	0.175747	407,117	17,279,900
07/06/2017	0.224567	0.250394	0.155317	0.230254	1,390,830	16,842,500
07/05/2017	0.259512	0.268894	0.211492	0.224473	524,732	19,463,400
07/04/2017	0.219679	0.261400	0.219679	0.257558	260,198	16,475,900
07/03/2017	0.212695	0.243160	0.204040	0.226165	492,605	15,952,100
07/02/2017	0.237957	0.242369	0.157605	0.213826	598,602	17,846,800
07/01/2017	0.253059	0.256765	0.236417	0.237905	219,905	18,979,400
06/30/2017	0.281889	0.282527	0.249712	0.252515	257,974	21,141,700
06/29/2017	0.296573	0.305481	0.280465	0.281444	215,725	22,243,000
06/28/2017	0.304020	0.305597	0.274414	0.296947	295,648	22,801,500
06/27/2017	0.288902	0.302030	0.245131	0.302030	258,133	21,667,700
06/26/2017	0.337538	0.347273	0.252676	0.273369	479,619	25,315,400
06/25/2017	0.351086	0.361250	0.318677	0.337759	521,002	26,331,500
06/24/2017	0.357008	0.370382	0.341407	0.351766	309,887	26,775,600
06/23/2017	0.351014	0.377527	0.350985	0.357278	393,142	26,326,100
06/22/2017	0.309021	0.356419	0.303362	0.351315	427,389	23,176,600
06/21/2017	0.306945	0.346561	0.296596	0.309298	365,452	23,020,900
06/20/2017	0.316245	0.333276	0.297092	0.307196	322,443	23,718,400
06/19/2017	0.326348	0.330984	0.308481	0.315968	320,245	24,476,100
06/18/2017	0.346009	0.347802	0.315211	0.326592	269,055	25,950,700
06/17/2017	0.338192	0.395675	0.325034	0.346069	384,225	25,364,400
06/16/2017	0.317320	0.387928	0.297955	0.326293	963,985	23,799,000
06/15/2017	0.321748	0.363466	0.276918	0.317405	409,024	24,131,100
06/14/2017	0.366416	0.380084	0.267712	0.321620	380,552	27,481,200
06/13/2017	0.375557	0.385526	0.319173	0.377416	343,057	28,166,800
06/12/2017	0.437368	0.465012	0.311154	0.374728	693,188	32,802,600
06/11/2017	0.431936	0.480421	0.379165	0.432834	343,893	32,395,200
06/10/2017	0.493983	0.497507	0.402898	0.432357	647,738	37,048,700
06/09/2017	0.432672	0.495545	0.429448	0.495069	651,181	32,450,400
06/08/2017	0.392819	0.437451	0.367030	0.437451	347,088	29,461,400
06/07/2017	0.401357	0.429931	0.372809	0.391113	357,686	30,101,800
06/06/2017	0.389372	0.441655	0.355040	0.401393	509,771	29,202,900
06/05/2017	0.312497	0.418474	0.303546	0.388374	864,253	23,437,300
06/04/2017	0.314376	0.321636	0.292862	0.312207	290,262	23,578,200
06/03/2017	0.280837	0.335390	0.280837	0.311138	340,785	21,062,800
06/02/2017	0.264575	0.293810	0.263477	0.280894	345,165	19,843,100
06/01/2017	0.237336	0.274954	0.227812	0.268766	244,771	17,800,200
05/31/2017	0.226133	0.238897	0.216685	0.237125	293,022	16,960,000
05/30/2017	0.238353	0.243601	0.224033	0.226900	177,490	17,876,500
05/29/2017	0.221038	0.238050	0.209595	0.237466	225,507	16,577,800
05/28/2017	0.204085	0.250124	0.203911	0.220980	220,117	15,306,400
05/27/2017	0.237136	0.244978	0.165177	0.199573	322,724	17,785,200
05/26/2017	0.260041	0.288740	0.210606	0.236349	276,613	19,503,100
05/25/2017	0.313334	0.317615	0.254193	0.259885	326,423	23,500,000
05/24/2017	0.272995	0.312389	0.262734	0.312389	626,944	20,474,600
05/23/2017	0.234225	0.273750	0.232972	0.272664	337,818	17,566,900
05/22/2017	0.246239	0.257239	0.223788	0.234721	249,786	18,467,900
05/21/2017	0.234701	0.245753	0.215405	0.245576	279,197	17,602,600
05/20/2017	0.242124	0.247955	0.207978	0.234854	256,355	18,159,300
05/19/2017	0.243666	0.251036	0.199046	0.249508	412,692	18,275,000
05/18/2017	0.166845	0.364137	0.142227	0.243743	799,728	12,513,400
05/17/2017	0.153850	0.169529	0.145677	0.167056	166,943	11,538,800
05/16/2017	0.175130	0.179029	0.152482	0.156522	166,374	13,134,800
05/15/2017	0.138268	0.177664	0.134479	0.175165	395,933	10,370,100
05/14/2017	0.138048	0.145830	0.133694	0.138835	232,564	10,353,600
05/13/2017	0.135659	0.137542	0.122518	0.137542	151,306	10,174,400
05/12/2017	0.154562	0.158264	0.136785	0.136785	203,317	11,592,200
05/11/2017	0.154798	0.171038	0.146849	0.153712	204,707	11,609,800
05/10/2017	0.155053	0.159830	0.143717	0.154559	226,837	11,629,000
05/09/2017	0.161478	0.171463	0.146149	0.154899	222,614	12,110,800
05/08/2017	0.169796	0.175220	0.152154	0.161555	257,316	12,734,700
05/07/2017	0.180543	0.195331	0.158378	0.176436	242,997	10,832,600
05/06/2017	0.153904	0.191021	0.145535	0.180582	264,799	9,234,240
05/05/2017	0.146259	0.172290	0.140743	0.153785	265,751	8,775,540
05/04/2017	0.150108	0.178210	0.128320	0.146050	403,835	9,006,480
05/03/2017	0.159339	0.169078	0.147143	0.150056	271,584	9,560,340
05/02/2017	0.174294	0.185822	0.149957	0.159250	298,725	10,457,600
05/01/2017	0.161999	0.225233	0.143828	0.174363	804,042	9,719,940
04/30/2017	0.247560	0.248741	0.162189	0.170566	969,168	-
04/26/2017	0.189899	0.194103	0.189890	0.194081	290	-
04/25/2017	0.201336	0.201336	0.188665	0.189823	355	-
04/24/2017	0.615786	0.622954	0.615786	0.622954	0	-
04/23/2017	0.623468	0.623468	0.612890	0.614554	0	-
04/21/2017	0.725358	0.729205	0.720998	0.721204	1	-
04/20/2017	0.714537	0.732066	0.712962	0.725157	125	-
04/19/2017	0.712449	0.714071	0.710997	0.714071	370	-
04/18/2017	0.072462	0.073906	0.072462	0.073576	302	-
04/17/2017	0.071823	0.072530	0.071180	0.072470	298	-
04/16/2017	0.071177	0.072064	0.071177	0.071804	295	-
04/15/2017	0.233508	0.711540	0.071166	0.071172	292	-
04/14/2017	0.234066	0.238160	0.231958	0.233562	606	-
04/13/2017	0.240204	0.241178	0.231288	0.233856	606	-
04/12/2017	0.240962	0.241428	0.239352	0.240074	622	-
04/11/2017	0.240438	0.241614	0.240438	0.241002	610	-
