Date	Open	High	Low	Close	Volume	Market Cap
07/15/2018	1.13	1.24	1.09	1.21	10,346	6,019,290
07/14/2018	1.19	1.20	1.12	1.13	24,776	6,356,240
07/13/2018	1.26	1.28	1.02	1.19	63,533	6,719,060
07/12/2018	1.21	1.42	1.10	1.26	89,732	6,476,910
07/11/2018	1.27	1.30	1.16	1.21	22,014	6,807,450
07/10/2018	1.38	1.38	1.19	1.27	39,256	7,352,140
07/09/2018	1.44	1.47	1.30	1.38	49,315	7,695,610
07/08/2018	1.75	1.87	1.41	1.44	28,259	9,333,290
07/07/2018	1.39	1.75	1.38	1.75	29,215	7,409,260
07/06/2018	1.44	1.51	1.35	1.36	26,601	7,690,100
07/05/2018	1.48	1.55	1.42	1.44	24,374	7,913,490
07/04/2018	1.57	1.61	1.40	1.48	39,932	8,220,770
07/03/2018	1.48	1.64	1.46	1.57	32,076	7,765,520
07/02/2018	1.35	1.63	1.28	1.49	71,336	7,078,480
07/01/2018	1.46	1.50	1.33	1.35	31,894	7,630,830
06/30/2018	1.46	1.60	1.36	1.46	36,940	7,645,240
06/29/2018	1.41	1.52	1.32	1.51	41,295	7,376,020
06/28/2018	1.47	1.60	1.40	1.41	32,432	7,717,960
06/27/2018	1.46	1.58	1.43	1.47	27,243	7,633,380
06/26/2018	1.51	1.66	1.45	1.49	111,596	7,753,590
06/25/2018	1.33	1.57	1.32	1.49	46,036	6,807,340
06/24/2018	1.36	1.49	1.13	1.33	62,496	6,974,190
06/23/2018	1.26	1.36	1.23	1.36	26,362	6,458,520
06/22/2018	1.49	1.49	1.20	1.26	42,753	7,652,980
06/21/2018	1.60	1.64	1.45	1.49	20,069	8,195,890
06/20/2018	1.69	1.69	1.53	1.60	13,242	8,639,290
06/19/2018	1.54	1.70	1.53	1.69	18,359	7,653,600
06/18/2018	1.53	1.60	1.38	1.54	39,596	7,609,790
06/17/2018	1.47	1.56	1.47	1.53	9,551	7,331,160
06/16/2018	1.52	1.53	1.35	1.47	28,420	7,579,030
06/15/2018	1.56	1.59	1.48	1.53	22,619	7,754,840
06/14/2018	1.54	1.60	1.33	1.56	62,582	7,648,900
06/13/2018	1.60	1.74	1.36	1.54	85,126	7,945,630
06/12/2018	1.91	1.91	1.56	1.59	51,000	9,458,080
06/11/2018	1.53	1.92	1.48	1.92	78,529	7,572,270
06/10/2018	1.97	1.99	1.37	1.48	82,835	9,755,230
06/09/2018	2.20	2.23	1.96	1.96	76,631	10,896,100
06/08/2018	2.17	2.27	1.97	2.20	83,645	10,773,500
06/07/2018	2.37	2.40	2.01	2.17	261,636	11,739,800
06/06/2018	2.33	2.42	2.14	2.36	80,258	11,294,800
06/05/2018	2.20	2.36	2.06	2.33	79,225	10,693,000
06/04/2018	2.44	2.44	2.11	2.19	125,838	11,851,100
06/03/2018	2.56	2.60	2.40	2.41	78,133	12,446,000
06/02/2018	2.54	2.59	2.44	2.56	65,760	12,357,300
06/01/2018	2.70	2.70	2.24	2.55	202,474	13,099,400
05/31/2018	2.46	2.88	2.44	2.69	101,829	11,952,600
05/30/2018	2.47	2.59	2.34	2.46	89,892	11,999,100
05/29/2018	2.23	2.54	2.21	2.47	76,791	10,853,500
05/28/2018	2.45	2.53	2.13	2.23	128,279	11,897,100
05/27/2018	2.53	2.57	2.42	2.45	40,639	12,276,300
05/26/2018	2.51	2.66	2.48	2.53	40,853	12,193,900
05/25/2018	2.68	2.83	2.47	2.51	76,297	12,992,200
05/24/2018	2.47	2.81	2.38	2.67	90,201	11,999,700
05/23/2018	2.89	2.91	2.45	2.48	150,044	14,028,900
05/22/2018	3.27	3.28	2.82	2.89	171,224	15,857,700
05/21/2018	3.49	3.77	3.15	3.27	235,736	16,743,700
05/20/2018	3.53	3.72	3.46	3.48	182,333	16,936,100
05/19/2018	3.55	3.63	3.26	3.52	197,606	17,050,500
05/18/2018	2.99	3.63	2.85	3.55	320,398	14,335,600
05/17/2018	3.25	3.41	2.97	2.98	101,491	15,616,300
05/16/2018	3.39	3.39	3.07	3.25	138,968	16,266,700
05/15/2018	3.60	3.68	3.33	3.39	136,506	17,298,400
05/14/2018	3.31	3.70	3.22	3.56	348,203	15,883,300
05/13/2018	3.00	3.51	3.00	3.32	444,647	14,419,600
05/12/2018	2.78	3.07	2.72	3.01	137,790	13,371,400
05/11/2018	3.15	3.24	2.76	2.79	91,328	15,133,200
05/10/2018	3.28	3.43	3.10	3.15	131,386	15,727,300
05/09/2018	3.19	3.42	2.96	3.36	134,954	15,295,800
05/08/2018	3.17	3.44	3.12	3.19	233,324	15,220,300
05/07/2018	3.10	3.16	2.82	3.16	289,408	14,867,400
05/06/2018	3.23	3.35	2.71	2.97	537,830	15,496,500
05/05/2018	3.51	3.67	3.01	3.23	314,412	16,830,100
05/04/2018	3.48	3.76	3.36	3.51	286,052	16,696,900
05/03/2018	3.36	3.68	2.99	3.50	633,656	16,139,100
05/02/2018	3.50	3.82	3.35	3.37	321,838	16,805,500
05/01/2018	3.68	3.68	3.28	3.51	198,109	17,658,400
04/30/2018	3.79	3.97	3.52	3.67	231,325	18,182,900
04/29/2018	4.05	4.12	3.50	3.79	258,531	19,424,300
04/28/2018	3.64	4.16	3.58	4.05	209,261	16,789,100
04/27/2018	4.15	4.16	3.61	3.61	271,049	19,151,500
04/26/2018	3.71	4.27	3.41	4.14	521,909	17,148,400
04/25/2018	4.35	4.35	3.13	3.65	845,026	20,084,100
04/24/2018	3.85	4.85	3.83	4.34	809,485	17,120,900
04/23/2018	3.65	4.31	3.40	3.85	838,856	15,833,200
04/22/2018	3.24	3.72	3.05	3.70	410,218	14,049,700
04/21/2018	2.73	3.29	2.69	3.24	437,920	11,839,400
04/20/2018	2.61	2.75	2.47	2.75	169,506	11,323,700
04/19/2018	2.90	2.90	2.44	2.55	208,067	12,056,700
04/18/2018	2.52	2.92	2.51	2.90	101,096	10,460,100
04/17/2018	2.64	2.90	2.26	2.52	189,866	10,814,300
04/16/2018	2.47	2.72	2.23	2.63	145,584	10,146,700
04/15/2018	2.20	2.50	2.18	2.47	119,696	9,043,240
04/14/2018	2.14	2.29	2.07	2.20	64,156	8,800,610
04/13/2018	2.12	2.35	2.03	2.06	147,043	8,703,880
04/12/2018	1.81	2.16	1.70	2.15	98,659	7,378,200
04/11/2018	1.80	1.89	1.76	1.82	26,616	7,324,550
04/10/2018	1.75	1.88	1.69	1.80	83,227	7,123,300
04/09/2018	1.91	1.98	1.62	1.75	69,937	7,772,160
04/08/2018	1.86	1.91	1.77	1.90	40,130	7,592,810
04/07/2018	1.71	1.89	1.69	1.86	34,700	6,974,490
04/06/2018	1.69	1.77	1.63	1.70	42,459	6,889,730
04/05/2018	1.79	1.98	1.57	1.69	66,159	7,309,470
04/04/2018	2.10	2.19	1.71	1.79	72,876	8,572,680
04/03/2018	1.99	2.27	1.98	2.10	53,437	8,117,920
04/02/2018	1.81	2.03	1.81	1.99	44,444	7,375,190
04/01/2018	1.83	1.88	1.67	1.80	10,533	7,440,670
03/31/2018	1.88	2.03	1.82	1.83	26,808	7,641,420
03/30/2018	1.83	2.02	1.63	1.88	41,717	7,445,240
03/29/2018	2.15	2.22	1.72	1.83	58,465	8,762,610
03/28/2018	2.26	2.39	2.06	2.18	55,484	9,210,240
03/27/2018	2.38	2.39	2.15	2.26	27,533	9,697,790
03/26/2018	2.46	2.53	2.16	2.36	30,515	10,008,100
03/25/2018	2.63	2.79	2.45	2.46	42,024	10,696,900
03/24/2018	2.41	2.97	2.37	2.66	61,518	9,800,290
03/23/2018	2.49	2.62	2.28	2.36	51,208	10,160,400
03/22/2018	2.76	2.77	2.41	2.49	28,926	11,249,500
03/21/2018	2.64	3.04	2.59	2.76	31,030	10,764,100
03/20/2018	2.66	2.86	2.47	2.63	58,219	10,843,300
03/19/2018	2.64	2.71	2.39	2.64	30,967	10,770,100
03/18/2018	2.37	2.80	1.68	2.66	103,620	9,639,710
03/17/2018	2.56	2.59	2.16	2.37	50,861	10,407,100
03/16/2018	2.67	2.72	2.44	2.55	24,137	10,866,600
03/15/2018	2.59	2.97	2.40	2.67	47,108	10,544,100
03/14/2018	2.96	3.10	2.50	2.59	51,158	12,045,600
03/13/2018	2.96	3.20	2.88	2.96	32,484	12,072,600
03/12/2018	2.97	3.31	2.66	2.88	154,634	12,075,800
03/11/2018	2.91	3.34	2.56	2.97	100,829	11,868,700
03/10/2018	3.28	3.43	2.82	2.96	83,071	13,369,500
03/09/2018	3.07	3.31	2.49	3.28	60,480	12,504,200
03/08/2018	3.72	4.05	2.78	3.06	281,316	15,131,100
03/07/2018	4.18	4.24	3.53	3.72	146,415	17,021,400
03/06/2018	4.47	4.56	3.93	4.19	149,965	18,201,100
03/05/2018	4.98	5.05	4.48	4.48	340,765	19,996,100
03/04/2018	4.39	5.00	4.36	4.99	273,625	17,068,300
03/03/2018	4.61	4.78	4.29	4.70	206,834	17,909,500
03/02/2018	4.31	4.73	4.18	4.49	190,014	16,569,400
03/01/2018	4.65	4.70	3.98	4.23	243,565	17,864,600
02/28/2018	4.11	4.96	3.62	4.65	385,811	15,777,400
02/27/2018	3.59	4.42	3.24	4.20	145,886	13,776,200
02/26/2018	3.82	4.29	3.30	3.58	121,089	14,678,300
02/25/2018	3.89	4.19	3.61	3.82	102,305	14,959,100
02/24/2018	3.78	3.94	3.61	3.90	47,914	14,484,200
02/23/2018	3.44	4.04	3.25	3.79	62,077	13,177,900
02/22/2018	3.88	4.21	3.26	3.58	93,653	14,869,100
02/21/2018	4.23	4.49	3.74	3.89	69,392	16,190,000
02/20/2018	4.58	5.05	4.26	4.29	60,936	17,547,900
02/19/2018	4.63	5.20	4.53	4.66	163,154	17,741,000
02/18/2018	4.14	5.42	3.88	4.73	411,390	15,853,900
02/17/2018	3.79	4.95	3.76	4.14	204,691	14,515,500
02/16/2018	4.65	4.83	3.75	3.88	107,549	17,802,500
02/15/2018	4.60	5.11	4.24	4.67	88,581	17,619,100
02/14/2018	4.33	4.84	3.99	4.56	104,852	16,603,100
02/13/2018	5.18	5.38	4.32	4.35	26,471	19,860,200
02/12/2018	5.81	6.31	4.67	5.18	76,127	21,917,200
02/11/2018	5.60	6.81	5.11	5.77	214,077	21,078,100
02/10/2018	4.97	6.09	4.97	5.61	82,037	18,477,900
02/09/2018	3.95	5.64	3.75	4.97	157,881	14,662,000
02/08/2018	4.10	4.14	3.64	3.93	35,368	15,231,700
02/06/2018	3.11	3.27	2.66	3.17	19,524	11,554,300
02/05/2018	3.67	3.76	2.99	3.11	19,105	13,642,200
02/04/2018	3.61	4.37	3.30	3.71	21,203	13,416,700
02/03/2018	3.80	4.25	3.44	3.88	9,494	14,132,500
02/02/2018	3.76	3.91	2.57	3.79	74,836	13,966,700
02/01/2018	4.29	5.25	3.58	3.77	33,801	15,930,200
01/31/2018	4.53	4.90	4.15	4.32	23,750	16,819,600
01/30/2018	5.04	5.98	4.50	4.52	126,691	18,709,500
01/29/2018	6.50	7.29	4.67	5.04	340,729	23,588,500
01/28/2018	5.50	6.30	4.73	6.27	111,501	19,461,600
01/27/2018	3.90	5.81	3.63	5.46	151,814	13,797,900
01/26/2018	3.74	4.12	3.49	3.90	46,153	13,239,800
01/25/2018	4.19	4.29	3.72	3.75	25,230	14,831,000
01/24/2018	3.55	4.22	3.06	4.12	82,429	12,585,000
01/23/2018	3.90	4.43	2.75	3.60	101,852	13,729,800
01/22/2018	4.48	4.60	4.37	4.56	77,654	15,758,500
01/21/2018	5.01	5.18	4.33	4.42	75,292	17,627,000
01/20/2018	4.88	5.39	4.72	5.00	78,575	17,152,300
01/19/2018	5.02	5.37	4.63	4.83	26,185	17,669,100
01/18/2018	4.68	5.33	4.50	5.08	78,677	16,449,900
01/17/2018	4.00	5.04	3.17	4.72	62,833	12,386,500
01/16/2018	5.96	6.01	3.40	4.02	52,438	18,469,300
01/15/2018	6.08	6.38	5.46	5.95	59,827	18,852,100
01/14/2018	6.28	6.85	5.16	6.13	102,455	-
01/13/2018	7.79	8.32	6.10	6.54	137,667	-
01/12/2018	6.82	8.21	6.49	7.80	276,205	-
01/11/2018	3.00	7.79	3.00	6.77	320,959	-
