Date	Open	High	Low	Close	Volume	Market Cap
07/15/2018	0.012520	0.012693	0.012154	0.012450	481,803	5,669,680
07/14/2018	0.012864	0.013107	0.012045	0.012531	306,945	5,825,380
07/13/2018	0.012027	0.013520	0.011848	0.012853	689,587	5,446,420
07/12/2018	0.013457	0.013461	0.011566	0.012031	319,079	6,094,060
07/11/2018	0.012726	0.013245	0.012370	0.012972	312,147	5,762,930
07/10/2018	0.014011	0.014072	0.012810	0.012899	110,824	6,345,160
07/09/2018	0.015998	0.016113	0.013887	0.014025	189,634	7,244,900
07/08/2018	0.015269	0.015933	0.014756	0.015051	205,143	6,914,540
07/07/2018	0.014444	0.016851	0.014224	0.015255	215,061	6,540,980
07/06/2018	0.014701	0.014799	0.014005	0.014456	202,534	6,657,460
07/05/2018	0.015402	0.016014	0.014335	0.014706	182,741	6,975,090
07/04/2018	0.014631	0.017340	0.014147	0.015113	398,829	6,625,570
07/03/2018	0.015474	0.016025	0.014338	0.014631	646,509	7,007,700
07/02/2018	0.015338	0.016546	0.014084	0.015434	540,084	6,945,700
07/01/2018	0.014191	0.016494	0.013225	0.016494	214,040	6,426,720
06/30/2018	0.014046	0.014822	0.013569	0.014181	145,362	6,360,880
06/29/2018	0.013445	0.014288	0.012604	0.014251	354,598	6,088,800
06/28/2018	0.016436	0.016436	0.013149	0.013647	587,168	7,443,200
06/27/2018	0.014109	0.016488	0.013321	0.016488	820,813	6,389,530
06/26/2018	0.014018	0.014952	0.013413	0.013886	224,434	6,348,400
06/25/2018	0.013517	0.014604	0.011362	0.014018	23,161	6,121,080
06/24/2018	0.014985	0.015036	0.012657	0.013572	25,294	6,786,080
06/23/2018	0.014204	0.016458	0.013914	0.014989	9,818	6,432,250
06/22/2018	0.019838	0.019838	0.013801	0.014194	35,180	8,983,580
06/21/2018	0.019824	0.023468	0.018367	0.019843	73,686	8,977,410
06/20/2018	0.016320	0.023219	0.014234	0.019835	174,167	7,390,390
06/19/2018	0.018875	0.019519	0.012789	0.016309	113,095	7,637,190
06/18/2018	0.020010	0.020852	0.018275	0.018887	52,140	8,096,210
06/17/2018	0.020066	0.021796	0.019583	0.020013	34,452	8,118,750
06/16/2018	0.021848	0.023255	0.018098	0.020068	203,497	8,839,860
06/15/2018	0.023095	0.023936	0.021575	0.021907	121,901	9,344,560
06/14/2018	0.021984	0.023924	0.020452	0.023099	160,859	8,894,840
06/13/2018	0.021342	0.021914	0.019326	0.021542	70,019	8,635,100
06/12/2018	0.023027	0.023731	0.020700	0.021257	72,503	9,316,900
06/11/2018	0.024010	0.024557	0.022004	0.023017	63,052	9,714,720
06/10/2018	0.027643	0.027643	0.023126	0.024053	52,097	11,184,500
06/09/2018	0.027404	0.028064	0.027207	0.027588	39,188	11,088,000
06/08/2018	0.027775	0.028841	0.027162	0.027669	121,846	11,237,900
06/07/2018	0.026278	0.028996	0.026278	0.027727	1,118,520	10,632,500
06/06/2018	0.027480	0.028089	0.024870	0.026286	135,144	11,118,900
06/05/2018	0.025614	0.027536	0.024856	0.027536	290,245	10,363,900
06/04/2018	0.029211	0.029561	0.024744	0.025616	244,013	11,819,000
06/03/2018	0.027795	0.029736	0.027310	0.029255	252,376	11,246,200
06/02/2018	0.026657	0.028433	0.026012	0.027831	231,298	10,785,800
06/01/2018	0.024986	0.027303	0.024844	0.027048	167,037	10,109,900
05/31/2018	0.023690	0.026708	0.023112	0.024933	675,417	9,585,210
05/30/2018	0.026094	0.026567	0.022241	0.023713	159,926	10,558,000
05/29/2018	0.023792	0.026782	0.022524	0.026078	250,521	9,626,580
05/28/2018	0.023136	0.024203	0.021017	0.023861	459,041	9,361,190
05/27/2018	0.024047	0.024802	0.022806	0.022995	192,324	9,729,780
05/26/2018	0.024322	0.025840	0.023759	0.024001	117,873	9,841,180
05/25/2018	0.025583	0.026687	0.023412	0.023980	170,851	10,351,000
05/24/2018	0.025968	0.028266	0.024156	0.025932	741,000	10,507,100
05/23/2018	0.026257	0.028709	0.024342	0.026086	363,173	-
05/22/2018	0.028750	0.030712	0.026314	0.026314	345,561	-
05/21/2018	0.028151	0.031725	0.028085	0.028804	551,160	-
