Date	Open	High	Low	Close	Volume	Market Cap
07/15/2018	0.017418	0.017625	0.015485	0.015510	178	-
07/14/2018	0.017463	0.017592	0.016182	0.017423	225	-
07/13/2018	0.016293	0.017512	0.016276	0.017512	101	-
07/12/2018	0.016869	0.016869	0.015986	0.016277	41	-
07/11/2018	0.016682	0.016980	0.016682	0.016873	3	-
07/10/2018	0.017722	0.017757	0.016675	0.016682	35	-
07/09/2018	0.018780	0.018823	0.017191	0.017735	113	-
07/08/2018	0.019668	0.019707	0.018486	0.018784	99	-
07/07/2018	0.019864	0.019892	0.017924	0.019690	20	-
07/06/2018	0.020521	0.023177	0.017857	0.019898	134	-
07/05/2018	0.017785	0.020548	0.017470	0.020525	318	-
07/04/2018	0.018721	0.019191	0.017544	0.017748	77	-
07/03/2018	0.019333	0.019538	0.017431	0.018728	220	-
07/02/2018	0.021515	0.021529	0.018561	0.019424	328	-
07/01/2018	0.018012	0.026115	0.017859	0.021513	429	-
06/30/2018	0.019297	0.020109	0.017729	0.018008	42	-
06/29/2018	0.016490	0.019602	0.015526	0.019271	657	-
06/28/2018	0.020855	0.021811	0.015441	0.016480	1,547	-
06/27/2018	0.016295	0.022518	0.014915	0.020848	652	-
06/26/2018	0.018245	0.020588	0.014990	0.016302	1,579	-
06/25/2018	0.020297	0.021361	0.018200	0.018245	405	-
06/24/2018	0.024050	0.024089	0.020223	0.020336	434	-
06/23/2018	0.023360	0.026922	0.023320	0.024053	70	-
06/22/2018	0.027664	0.027712	0.022947	0.023357	58	-
06/21/2018	0.030449	0.030586	0.025850	0.027695	186	-
06/20/2018	0.033775	0.033808	0.024835	0.030443	862	-
06/19/2018	0.026786	0.033792	0.026647	0.033754	245	-
06/18/2018	0.021051	0.026801	0.021051	0.026801	388	-
06/17/2018	0.017364	0.026373	0.017331	0.021123	257	-
06/16/2018	0.027165	0.028360	0.014731	0.017318	571	-
06/15/2018	0.029233	0.032646	0.027115	0.027265	358	-
06/14/2018	0.030396	0.034473	0.027456	0.029281	167	-
06/13/2018	0.036931	0.037153	0.028910	0.030410	165	-
06/12/2018	0.038777	0.038777	0.034157	0.036835	43	-
06/11/2018	0.036587	0.038999	0.033461	0.038798	170	-
06/10/2018	0.043831	0.043831	0.036144	0.036535	49	-
06/09/2018	0.039890	0.044748	0.039878	0.043776	233	-
06/08/2018	0.036262	0.045942	0.036000	0.039907	442	-
06/07/2018	0.035987	0.036416	0.035987	0.036234	17	-
06/06/2018	0.038120	0.038442	0.035328	0.035954	242	-
06/05/2018	0.043513	0.043560	0.037034	0.038130	120	-
06/04/2018	0.040371	0.043731	0.039440	0.043493	234	-
06/03/2018	0.035884	0.036312	0.035724	0.036215	83	-
06/02/2018	0.040740	0.040775	0.035429	0.035874	115	-
06/01/2018	0.037383	0.040849	0.034836	0.040758	453	-
05/31/2018	0.037947	0.041226	0.026510	0.037356	1,042	-
05/30/2018	0.040682	0.041148	0.036745	0.037954	738	-
05/29/2018	0.039223	0.046685	0.037328	0.040655	457	-
05/28/2018	0.047378	0.047803	0.034559	0.039236	5,235	-
05/27/2018	0.046284	0.047484	0.045556	0.047367	1,539	-
05/26/2018	0.048616	0.051694	0.046015	0.046264	183	-
05/25/2018	0.050368	0.051268	0.048060	0.048680	262	-
05/24/2018	0.052562	0.053407	0.046059	0.050273	251	-
05/23/2018	0.060026	0.064547	0.047255	0.052694	743	-
05/22/2018	0.055070	0.060937	0.055051	0.060088	333	-
05/21/2018	0.055428	0.058597	0.054605	0.055080	106	-
05/20/2018	0.059285	0.063014	0.052742	0.055359	1,384	-
05/19/2018	0.061710	0.062671	0.057219	0.059240	1,645	-
05/18/2018	0.059777	0.061859	0.058841	0.061719	521	-
05/17/2018	0.064115	0.064928	0.059383	0.059725	419	-
05/16/2018	0.059403	0.067367	0.058125	0.064076	513	-
05/15/2018	0.065839	0.074336	0.059401	0.059437	1,641	-
05/14/2018	0.063265	0.073062	0.060840	0.065952	1,620	-
05/13/2018	0.066048	0.069345	0.061099	0.063277	2,912	-
05/12/2018	0.065145	0.085131	0.058370	0.066071	3,321	-
05/11/2018	0.071219	0.073156	0.059756	0.065337	2,144	-
05/10/2018	0.067805	0.074000	0.067660	0.071134	308	-
05/09/2018	0.070372	0.074860	0.067258	0.067824	723	-
05/08/2018	0.074935	0.075452	0.066145	0.070480	1,521	-
05/07/2018	0.067200	0.074846	0.065037	0.074776	1,925	-
05/06/2018	0.068407	0.069446	0.064034	0.067920	1,521	-
05/05/2018	0.070950	0.079430	0.068330	0.068361	1,435	-
05/04/2018	0.075447	0.075447	0.067996	0.070984	1,700	-
05/03/2018	0.077257	0.077413	0.068986	0.075476	1,977	-
05/02/2018	0.073121	0.079011	0.072074	0.077254	680	-
05/01/2018	0.079009	0.081312	0.071837	0.073231	1,109	-
04/30/2018	0.071734	0.092895	0.069810	0.078940	5,999	-
04/29/2018	0.074857	0.076725	0.071029	0.071758	1,306	-
04/28/2018	0.067759	0.076539	0.067585	0.074886	1,576	-
04/27/2018	0.078468	0.079355	0.067992	0.067992	4,091	-
04/26/2018	0.074538	0.082631	0.072718	0.078359	3,353	-
04/25/2018	0.082918	0.087384	0.073821	0.073925	2,845	-
04/24/2018	0.075773	0.088922	0.075739	0.084852	5,169	-
04/23/2018	0.070776	0.079964	0.070717	0.075708	4,082	-
04/22/2018	0.076872	0.076872	0.070555	0.070919	5,373	-
04/21/2018	0.075068	0.079387	0.073290	0.076872	2,947	-
04/20/2018	0.085334	0.086062	0.066670	0.075042	23,916	-
04/19/2018	0.101074	0.101355	0.079076	0.085278	6,311	-
04/18/2018	0.077382	0.103004	0.077302	0.100999	6,004	-
04/17/2018	0.065120	0.106540	0.064942	0.077310	11,860	-
04/16/2018	0.070601	0.073932	0.059933	0.064524	10,359	-
04/15/2018	0.088014	0.088956	0.066526	0.070631	5,745	-
04/14/2018	0.099202	0.101076	0.083964	0.084323	5,560	-
04/13/2018	0.102938	0.125466	0.093926	0.099202	32,558	-
04/12/2018	0.153654	0.178112	0.102808	0.102808	54,846	-
04/11/2018	0.084568	0.171725	0.078799	0.158761	85,582	-
04/10/2018	0.056855	0.109617	0.056796	0.084486	23,082	-
04/09/2018	0.052689	0.061641	0.050271	0.056809	6,373	-
04/08/2018	0.048330	0.055355	0.048330	0.052604	1,520	-
04/07/2018	0.041317	0.062943	0.041256	0.048286	4,510	-
04/06/2018	0.045266	0.049128	0.040906	0.041268	2,563	-
04/05/2018	0.049512	0.051234	0.041936	0.045498	5,506	-
04/04/2018	0.057625	0.062014	0.049041	0.049491	8,816	-
04/03/2018	0.106513	0.145956	0.054019	0.057665	73,002	-
04/02/2018	0.132135	0.231518	0.093365	0.106437	26,933	-
04/01/2018	0.361111	0.443197	0.104197	0.131488	91,441	-
03/31/2018	0.280255	0.496181	0.280255	0.361122	61,503	-
03/30/2018	0.047461	0.567604	0.044243	0.293885	252,221	-
03/29/2018	0.055589	0.055680	0.046196	0.047580	7	-
03/28/2018	0.052795	0.062456	0.052501	0.055524	49	-
03/27/2018	0.063310	0.064602	0.047017	0.052807	688	-
03/26/2018	0.065325	0.065683	0.060854	0.063406	22	-
03/25/2018	0.057566	0.066835	0.056499	0.065375	132	-
03/24/2018	0.054184	0.069518	0.053757	0.058369	54	-
03/23/2018	0.069263	0.069263	0.052177	0.053407	83	-
03/22/2018	0.077836	0.079371	0.064332	0.069264	21	-
03/21/2018	0.054316	0.078249	0.054152	0.077978	469	-
03/20/2018	0.056051	0.056190	0.050078	0.054218	179	-
03/19/2018	0.059625	0.063187	0.051775	0.055433	497	-
03/18/2018	0.057887	0.060498	0.053239	0.059878	208	-
03/17/2018	0.062012	0.062012	0.056865	0.058028	78	-
03/16/2018	0.061046	0.063534	0.053274	0.061909	198	-
03/15/2018	0.076900	0.076900	0.052275	0.061080	414	-
03/14/2018	0.062581	0.077177	0.054789	0.076935	879	-
03/13/2018	0.070165	0.074592	0.060729	0.062573	1,897	-
03/12/2018	0.075878	0.111289	0.070390	0.070570	50,369	-
03/11/2018	0.068184	0.077325	0.066110	0.076117	38	-
03/10/2018	0.084170	0.088499	0.067798	0.068420	576	-
03/09/2018	0.082061	0.084581	0.075747	0.084134	316	-
03/08/2018	0.087828	0.089623	0.080477	0.082584	8	-
03/07/2018	0.096685	0.098139	0.068797	0.087953	310	-
03/06/2018	0.092387	0.097509	0.085174	0.096810	116	-
03/05/2018	0.085197	0.106568	0.084618	0.092643	1,079	-
03/04/2018	0.090946	0.091020	0.084394	0.085260	522	-
03/03/2018	0.110084	0.113109	0.088896	0.091104	711	-
03/02/2018	0.104784	0.128779	0.099209	0.110218	1,180	-
03/01/2018	0.105728	0.129137	0.065415	0.117735	3,593	-
02/28/2018	0.101312	0.114414	0.062685	0.105572	2,434	-
02/27/2018	0.113531	0.124940	0.101210	0.101432	1,028	-
02/26/2018	0.099604	0.114664	0.097858	0.113204	24	-
02/25/2018	0.111601	0.123301	0.097152	0.099477	1,075	-
02/24/2018	0.114353	0.120098	0.107965	0.111771	995	-
02/23/2018	0.138911	0.148786	0.099766	0.114498	9,439	-
02/22/2018	0.139622	0.177136	0.127816	0.139041	2,260	-
02/21/2018	0.166004	0.166004	0.135989	0.139764	816	-
02/20/2018	0.157853	0.202535	0.149853	0.166211	2,806	-
02/19/2018	0.156854	0.168816	0.154060	0.157710	462	-
02/18/2018	0.196022	0.199370	0.153702	0.157578	129	-
02/17/2018	0.180935	0.196579	0.160800	0.195423	1,421	-
02/16/2018	0.164474	0.181241	0.144964	0.180976	1,582	-
02/15/2018	0.167896	0.175360	0.128586	0.165180	806	-
02/14/2018	0.132668	0.168228	0.132668	0.167805	271	-
02/13/2018	0.157575	0.158292	0.128954	0.133065	77	-
02/12/2018	0.126621	0.160153	0.126621	0.133487	466	-
02/11/2018	0.132863	0.152526	0.125819	0.125819	522	-
02/10/2018	0.130333	0.145528	0.126947	0.132976	630	-
02/09/2018	0.104178	0.147244	0.099065	0.130238	225	-
02/08/2018	0.140063	0.158683	0.103276	0.103859	654	-
02/07/2018	0.102982	0.141804	0.100202	0.140626	2,127	-
02/06/2018	0.087240	0.104983	0.074577	0.104023	1,823	-
02/05/2018	0.113252	0.115332	0.083784	0.087130	924	-
02/04/2018	0.142177	0.222604	0.101244	0.105902	13,547	-
02/03/2018	0.149514	0.199275	0.123348	0.142104	4,361	-
02/02/2018	0.154475	0.173225	0.117312	0.149005	435	-
02/01/2018	0.183068	0.246690	0.151653	0.154795	2,027	-
01/31/2018	0.182807	0.189784	0.150255	0.182643	5,222	-
01/30/2018	0.207531	0.242085	0.182000	0.182520	1,403	-
01/29/2018	0.246381	0.368097	0.205564	0.207127	8,749	-
01/28/2018	0.263280	0.395780	0.186501	0.246616	13,166	-
01/27/2018	0.277919	0.336670	0.230838	0.261940	3,618	-
01/26/2018	0.275995	0.283130	0.229749	0.278104	1,803	-
01/25/2018	0.277994	0.346888	0.256354	0.276731	4,012	-
01/24/2018	0.277390	0.337657	0.250414	0.279332	5,395	-
01/23/2018	0.278831	0.337758	0.260115	0.277548	1,889	-
01/22/2018	0.319219	0.377070	0.274745	0.279571	2,210	-
01/21/2018	0.391675	0.391675	0.276706	0.314915	4,603	-
01/20/2018	0.290370	0.459686	0.290219	0.390765	13,644	-
01/19/2018	0.405629	0.447926	0.177004	0.287248	26,716	-
01/18/2018	0.292849	0.325751	0.228940	0.285372	3,947	-
01/17/2018	0.399775	0.409984	0.211022	0.291723	3,743	-
01/16/2018	0.533623	0.653199	0.339659	0.401814	40,205	-
01/15/2018	0.390551	1.86	0.368341	0.474682	96,999	-
01/14/2018	0.494734	0.494734	0.389007	0.393404	10,781	-
01/13/2018	0.547367	1.27	0.378976	0.494411	52,050	-
01/12/2018	0.352899	0.550361	0.344355	0.547993	1,205	-
01/11/2018	0.456937	0.584447	0.350583	0.350583	6,131	-
01/10/2018	0.533063	0.534239	0.423769	0.457450	5,619	-
01/09/2018	0.426947	0.609359	0.422772	0.532365	7,623	-
01/08/2018	0.403867	0.672555	0.283856	0.428114	12,608	-
01/07/2018	0.206430	0.485033	0.165455	0.402802	16,841	-
01/06/2018	0.188522	0.191498	0.151679	0.191261	591	-
01/05/2018	0.179897	0.190989	0.135339	0.188372	1,846	-
01/04/2018	0.197436	0.200767	0.131923	0.179861	1,550	-
01/03/2018	0.192716	0.200695	0.154844	0.196360	681	-
01/02/2018	0.175248	0.197452	0.163713	0.193403	482	-
01/01/2018	0.182456	0.182456	0.104713	0.175262	1,336	-
12/31/2017	0.138842	0.182869	0.114095	0.180778	1,732	-
12/30/2017	0.135970	0.152473	0.125551	0.140358	332	-
12/29/2017	0.112847	0.137946	0.111535	0.136313	421	-
12/28/2017	0.120869	0.135207	0.107560	0.111691	1,890	-
12/27/2017	0.145225	0.150242	0.099826	0.121123	599	-
12/26/2017	0.130381	0.147843	0.114739	0.145120	101	-
12/25/2017	0.132417	0.136271	0.124705	0.130515	20	-
12/24/2017	0.116851	0.131056	0.097097	0.131056	41	-
12/23/2017	0.121211	0.134363	0.115049	0.115575	50	-
12/22/2017	0.138118	0.139478	0.084814	0.120077	51	-
12/21/2017	0.154448	0.175856	0.133747	0.137640	260	-
12/20/2017	0.169316	0.227223	0.141577	0.154045	1,781	-
12/19/2017	0.219844	0.247307	0.157539	0.169483	668	-
12/18/2017	0.249863	0.249863	0.180454	0.219658	1,860	-
12/17/2017	0.309290	0.309290	0.164513	0.249108	2,078	-
12/16/2017	0.192880	0.329300	0.154989	0.309250	4,939	-
12/15/2017	0.141161	0.194843	0.118749	0.192610	849	-
12/14/2017	0.106441	0.183334	0.082377	0.140949	1,849	-
12/13/2017	0.238797	0.238797	0.106030	0.106783	1,831	-
12/12/2017	0.067347	0.071035	0.065768	0.070034	63	-
12/11/2017	0.129905	0.133095	0.066491	0.067131	291	-
12/10/2017	0.049624	0.051879	0.043686	0.050829	8	-
12/09/2017	0.055622	0.056446	0.032912	0.049424	27	-
12/08/2017	0.059529	0.060417	0.042246	0.055678	185	-
12/07/2017	0.049999	0.059389	0.040952	0.059389	149	-
12/06/2017	0.042474	0.075470	0.042474	0.050085	247	-
12/05/2017	0.051521	0.051698	0.037797	0.042568	138	-
12/04/2017	0.042157	0.051420	0.035569	0.051420	103	-
12/03/2017	0.033123	0.065467	0.032937	0.042017	162	-
12/02/2017	0.064109	0.064768	0.031647	0.033091	69	-
12/01/2017	0.043970	0.080836	0.042298	0.064163	523	-
11/30/2017	0.042853	0.044598	0.023566	0.044188	129	-
11/29/2017	0.049541	0.065659	0.019590	0.042205	506	-
11/28/2017	0.048777	0.059458	0.048306	0.049888	137	-
11/27/2017	0.039227	0.063236	0.039227	0.048651	110	-
11/26/2017	0.051603	0.052464	0.039083	0.039220	99	-
11/25/2017	0.048439	0.051620	0.048165	0.051620	250	-
11/24/2017	0.046213	0.067886	0.045332	0.048537	48	-
11/23/2017	0.053464	0.059858	0.046276	0.046276	4	-
11/22/2017	0.052660	0.053743	0.045614	0.053481	5	-
11/21/2017	0.047306	0.054322	0.046407	0.052533	10	-
11/20/2017	0.050513	0.060660	0.046094	0.047297	3	-
11/19/2017	0.061828	0.064264	0.043166	0.050536	132	-
11/18/2017	0.053730	0.062420	0.031111	0.061943	187	-
11/17/2017	0.054599	0.055884	0.029049	0.053937	231	-
11/16/2017	0.061638	0.065302	0.054348	0.054689	249	-
11/15/2017	0.073058	0.079368	0.059957	0.061317	59	-
11/14/2017	0.055447	0.073057	0.054562	0.073008	0	-
11/13/2017	0.054364	0.077917	0.050297	0.055330	29	-
11/12/2017	0.058905	0.059592	0.051272	0.054285	33	-
11/11/2017	0.075479	0.078481	0.058017	0.073844	89	-
11/10/2017	0.041347	0.084943	0.041347	0.075749	438	-
11/09/2017	0.059067	0.059067	0.039269	0.041225	116	-
11/08/2017	0.053371	0.059133	0.040038	0.059128	164	-
11/07/2017	0.055045	0.056955	0.052410	0.053539	279	-
11/06/2017	0.059147	0.059397	0.039612	0.055134	286	-
11/05/2017	0.041015	0.060484	0.040609	0.059016	6	-
11/04/2017	0.066796	0.069161	0.041085	0.041093	29	-
11/03/2017	0.057029	0.068323	0.050699	0.066970	12	-
11/02/2017	0.056655	0.058493	0.054672	0.057104	305	-
11/01/2017	0.060573	0.061941	0.054569	0.056592	54	-
10/31/2017	0.056621	0.060617	0.056621	0.060617	328	-
10/30/2017	0.062185	0.066609	0.049854	0.056814	200	-
10/29/2017	0.057737	0.066221	0.057584	0.062548	125	-
10/28/2017	0.058902	0.076735	0.057535	0.057816	48	-
10/27/2017	0.098368	0.100198	0.050406	0.058742	285	-
10/26/2017	0.074547	0.099586	0.044566	0.098346	989	-
10/25/2017	0.083657	0.087033	0.070697	0.074556	447	-
10/24/2017	0.084288	0.088440	0.067890	0.083624	680	-
10/23/2017	0.091483	0.105328	0.083083	0.084474	1,429	-
10/22/2017	0.086718	0.106413	0.083379	0.091631	569	-
10/21/2017	0.104730	0.112337	0.081881	0.086691	1,231	-
10/20/2017	0.238508	0.321217	0.077930	0.104950	11,519	-
10/19/2017	0.100682	0.239990	0.088159	0.238441	2,471	-
10/18/2017	0.089556	0.101855	0.072723	0.100630	380	-
10/17/2017	0.087899	0.103493	0.057242	0.089550	787	-
10/16/2017	0.085378	0.093078	0.084282	0.087886	135	-
10/15/2017	0.098243	0.123219	0.081831	0.085367	60	-
10/14/2017	0.115602	0.132333	0.074617	0.098067	243	-
10/13/2017	0.111153	0.165379	0.110443	0.115571	43	-
10/12/2017	0.105357	0.153620	0.105086	0.110812	239	-
10/11/2017	0.152027	0.152454	0.097562	0.105268	301	-
10/10/2017	0.176562	0.179305	0.096713	0.152053	2,160	-
10/09/2017	0.154193	0.207020	0.116456	0.176575	803	-
10/08/2017	0.206717	0.242349	0.153367	0.154154	2,401	-
10/07/2017	0.159995	0.207759	0.159559	0.207271	872	-
10/06/2017	0.160711	0.215398	0.158375	0.159943	2,645	-
10/05/2017	0.210606	0.268671	0.141324	0.160711	3,117	-
10/04/2017	0.285618	0.421356	0.130930	0.210416	2,760	-
10/03/2017	0.395727	0.427834	0.265598	0.284957	2,893	-
10/02/2017	0.517186	0.521171	0.271618	0.413499	3,240	-
10/01/2017	0.432875	0.555156	0.420313	0.517414	4,986	-
09/30/2017	0.577156	0.692389	0.429617	0.432642	13,107	-
09/29/2017	0.488939	0.603447	0.488939	0.603279	54,803	-
