Date	Open	High	Low	Close	Volume	Market Cap
07/15/2018	0.265799	0.321965	0.264763	0.292320	892	3,592,650
07/14/2018	0.309985	0.311858	0.265798	0.266049	3,360	4,189,890
07/13/2018	0.207797	0.314843	0.135039	0.309396	4,586	2,808,670
07/12/2018	0.377129	0.377129	0.198221	0.207189	33,854	5,097,430
07/11/2018	0.332351	0.420616	0.331356	0.377129	22,209	4,492,200
07/10/2018	0.207617	0.374107	0.200656	0.332341	1,172	2,806,240
07/09/2018	0.340292	0.341589	0.207354	0.207775	1,134	4,599,530
07/08/2018	0.343683	0.343834	0.339878	0.340343	3,400	4,645,360
07/07/2018	0.342062	0.366028	0.339362	0.364348	3	4,623,450
07/06/2018	0.362123	0.370402	0.323046	0.342196	10,262	4,894,610
07/05/2018	0.364696	0.369836	0.361567	0.369143	116	4,929,380
07/04/2018	0.345425	0.375211	0.345253	0.363423	1,572	4,668,910
07/03/2018	0.350588	0.352014	0.347644	0.351995	123	4,738,690
07/02/2018	0.374945	0.375460	0.346939	0.350307	123	5,067,910
07/01/2018	0.372193	0.455939	0.367398	0.374665	1,687	5,030,720
06/30/2018	0.369756	0.390080	0.362013	0.371824	29	4,997,780
06/29/2018	0.441821	0.444771	0.347087	0.369517	4,023	5,971,840
06/28/2018	0.450503	0.459939	0.354400	0.441662	2,629	6,089,190
06/27/2018	0.446711	0.452629	0.429116	0.449670	2,445	6,037,930
06/26/2018	0.527925	0.530059	0.509137	0.511623	472	7,135,660
06/25/2018	0.610686	0.659053	0.523356	0.527925	2,746	8,254,280
06/24/2018	0.348503	0.619395	0.300444	0.613189	23,279	4,710,510
06/23/2018	0.365388	0.427921	0.348285	0.348602	1,637	4,938,730
06/22/2018	0.471834	0.471834	0.307720	0.365148	3,705	6,377,510
06/21/2018	0.376436	0.524105	0.376108	0.471958	1,777	5,088,070
06/20/2018	0.559049	0.559049	0.365134	0.376641	1,206	7,556,340
06/19/2018	0.481747	0.559610	0.440895	0.558687	4,441	6,511,490
06/18/2018	0.378852	0.483567	0.378468	0.482036	137	5,120,720
06/17/2018	0.440389	0.448739	0.377945	0.378916	1,036	5,952,480
06/16/2018	0.465306	0.466741	0.398332	0.440439	9,002	6,289,270
06/15/2018	0.524365	0.615386	0.462120	0.466579	782	7,087,540
06/14/2018	0.348113	0.529401	0.343493	0.524467	4,337	4,705,240
06/13/2018	0.277020	0.354468	0.269347	0.347287	371	3,744,310
06/12/2018	0.469993	0.650923	0.272365	0.275923	5,075	6,352,620
06/11/2018	0.528997	0.539624	0.447503	0.469802	4,324	7,150,150
06/10/2018	0.752381	0.752381	0.507704	0.528076	725	10,169,500
06/09/2018	0.653682	0.762592	0.653508	0.750907	6,595	8,835,440
06/08/2018	0.491676	0.655905	0.491314	0.653508	1,637	6,645,700
06/07/2018	0.611972	0.626857	0.487972	0.490838	657	8,271,670
06/06/2018	0.610854	0.709647	0.546501	0.612155	4,713	8,256,560
06/05/2018	0.532939	0.612915	0.519765	0.612086	2,079	7,203,430
06/04/2018	0.528980	0.535116	0.496174	0.532979	30	7,149,910
06/03/2018	0.573432	0.615420	0.527754	0.529775	3,780	7,750,750
06/02/2018	0.228179	0.589598	0.226783	0.574171	177	3,084,160
06/01/2018	0.577529	0.588969	0.224982	0.228228	277	7,806,120
05/31/2018	0.549269	0.585924	0.543840	0.576286	1,036	7,424,150
05/30/2018	0.567785	0.697437	0.536146	0.549798	3,733	7,674,420
05/29/2018	0.538860	0.574686	0.521034	0.567437	3,456	7,283,460
05/28/2018	0.653862	0.655403	0.534781	0.540422	481	8,837,870
05/27/2018	0.667606	0.684900	0.558098	0.653900	1,101	9,023,640
05/26/2018	0.707587	0.713489	0.612694	0.666321	126	9,564,040
05/25/2018	0.770329	0.773945	0.622403	0.707484	1,390	10,412,100
05/24/2018	0.579740	0.773751	0.555708	0.769494	2,242	7,836,000
05/23/2018	0.682730	0.732156	0.571618	0.631729	2,182	9,228,070
05/22/2018	0.718041	0.724793	0.660749	0.684089	3,438	9,705,340
05/21/2018	0.745472	0.745782	0.698348	0.719557	1,407	10,076,100
05/20/2018	0.685094	0.777541	0.614745	0.715954	1,619	9,260,020
05/19/2018	0.649942	0.799113	0.638657	0.684522	10,755	8,784,890
05/18/2018	0.736824	0.736949	0.533797	0.667211	6,974	9,959,220
05/17/2018	0.765110	0.777321	0.704101	0.737555	140	10,341,500
05/16/2018	0.600518	0.764638	0.517547	0.764204	2,134	8,116,850
05/15/2018	0.603463	0.874499	0.529081	0.536678	1,632	8,156,660
05/14/2018	0.724237	0.904745	0.524908	0.604303	620	9,789,090
05/13/2018	0.819824	0.858534	0.552905	0.724537	796	11,081,100
05/12/2018	0.608962	0.829302	0.582468	0.821469	1,589	8,230,990
05/11/2018	0.942879	0.952559	0.624381	0.860851	3,263	12,744,400
05/10/2018	1.12	1.13	0.652712	0.942195	2,116	15,112,500
05/09/2018	0.688354	1.13	0.655058	1.12	17,466	9,304,070
05/08/2018	0.648856	0.817504	0.515481	0.734166	21,877	8,770,200
05/07/2018	0.632840	0.709300	0.561661	0.644651	2,025	8,553,720
05/06/2018	0.652786	0.740790	0.606040	0.632485	14,299	8,823,320
05/05/2018	0.766548	0.782720	0.638148	0.652903	5,070	10,361,000
05/04/2018	0.730447	0.784917	0.596672	0.765704	30,218	9,873,020
05/03/2018	0.538838	0.737340	0.538285	0.732822	4,234	7,283,160
05/02/2018	0.624475	0.659439	0.527289	0.538889	2,354	8,440,660
05/01/2018	0.536810	0.627269	0.507158	0.626285	163	7,255,740
04/30/2018	0.617199	0.619444	0.479925	0.535053	6,734	8,342,320
04/29/2018	0.550543	0.667932	0.544814	0.617127	3,776	7,441,360
04/28/2018	0.660379	0.663585	0.531450	0.555058	4,601	8,925,960
04/27/2018	0.540529	0.558464	0.527537	0.553313	66	7,306,020
04/26/2018	0.617650	0.638630	0.513271	0.539592	64	8,348,410
04/25/2018	0.564453	0.647243	0.497460	0.611651	4,711	7,629,380
04/24/2018	0.735557	0.828750	0.560932	0.564649	20,021	9,942,100
04/23/2018	0.624497	0.735537	0.624217	0.735537	677	8,440,960
04/22/2018	0.674501	0.694704	0.622375	0.626821	1,909	9,116,840
04/21/2018	0.763142	0.764262	0.616707	0.674501	914	10,314,900
04/20/2018	0.652910	0.768437	0.597014	0.763640	4,481	8,825,010
04/19/2018	0.588285	0.653691	0.585965	0.653691	398	7,951,510
04/18/2018	0.566626	0.647424	0.565139	0.587963	1,522	7,658,750
04/17/2018	0.530252	0.572071	0.526757	0.566350	1,475	7,167,110
04/16/2018	0.672543	0.676334	0.522114	0.530333	11,729	9,090,370
04/15/2018	0.719245	0.740752	0.636906	0.671658	4,770	9,721,620
04/14/2018	0.677939	0.753270	0.598835	0.719706	3,781	9,163,300
04/13/2018	0.628142	0.712381	0.613307	0.677939	3,286	8,490,230
04/12/2018	0.542481	0.651564	0.523088	0.627058	3,809	7,332,410
04/11/2018	0.538385	0.589787	0.532943	0.545203	8,289	7,277,040
04/10/2018	0.584596	0.591126	0.493221	0.537124	3,072	7,901,650
04/09/2018	0.588611	0.629345	0.515733	0.581905	896	7,955,910
04/08/2018	0.565994	0.595417	0.504039	0.587226	1,977	7,650,220
04/07/2018	0.547182	0.579232	0.546566	0.566250	1,135	7,395,940
04/06/2018	0.548202	0.553249	0.526163	0.547338	619	7,409,720
04/05/2018	0.486774	0.551835	0.472504	0.550315	1,550	6,579,440
04/04/2018	0.642373	0.643692	0.483132	0.487354	4,557	8,682,580
04/03/2018	0.513804	0.642875	0.510101	0.641107	2,732	6,944,790
04/02/2018	0.542760	0.589120	0.505185	0.513324	463	7,336,170
04/01/2018	0.543453	0.571055	0.500638	0.541017	304	7,345,540
03/31/2018	0.556759	0.664824	0.515621	0.543280	9,432	7,525,390
03/30/2018	0.497249	0.558808	0.475482	0.557269	2,293	6,721,030
03/29/2018	0.579623	0.595099	0.495250	0.499512	3,212	7,834,430
03/28/2018	0.561062	0.581311	0.496151	0.496151	397	7,583,550
03/27/2018	0.526356	0.585777	0.465788	0.560873	4,649	7,114,450
03/26/2018	0.593812	0.755031	0.526679	0.526679	1,919	8,026,220
03/25/2018	0.582394	0.620604	0.524707	0.595130	1,887	7,871,870
03/24/2018	0.655553	0.657438	0.586975	0.589455	2,579	8,860,730
03/23/2018	0.690045	0.724996	0.577618	0.649562	178	9,326,940
03/22/2018	0.640667	0.694073	0.593534	0.690162	367	8,659,520
03/21/2018	0.717742	0.723675	0.620027	0.639102	10,701	9,701,300
03/20/2018	0.682511	0.742026	0.626435	0.713359	1,283	9,225,100
03/19/2018	0.684483	0.763179	0.599118	0.677103	3,064	9,251,760
03/18/2018	0.700012	0.712054	0.584505	0.687236	4,947	9,461,660
03/17/2018	0.778088	0.813216	0.693335	0.700643	223	10,517,000
03/16/2018	0.691064	0.805171	0.665351	0.777585	8,593	9,340,710
03/15/2018	0.794540	0.799783	0.524801	0.691868	3,503	10,739,300
03/14/2018	0.897136	0.919399	0.770656	0.793978	13,637	12,126,100
03/13/2018	0.882633	0.902380	0.856862	0.896791	1,910	11,930,000
03/12/2018	1.08	1.10	0.861690	0.883541	3,901	14,657,500
03/11/2018	1.07	1.15	0.853073	1.09	2,058	14,471,400
03/10/2018	1.03	1.19	0.934247	1.07	4,470	13,882,100
03/09/2018	0.989729	1.03	0.907241	1.03	219	13,377,600
03/08/2018	1.23	1.29	0.979413	0.991549	3,058	16,661,900
03/07/2018	1.21	1.26	1.00	1.23	11,944	16,418,800
03/06/2018	1.27	1.27	0.979993	1.21	11,796	17,210,700
03/05/2018	1.31	1.32	0.629314	1.27	44,403	17,767,600
03/04/2018	1.40	1.40	1.28	1.31	7,093	18,963,000
03/03/2018	1.45	1.50	1.35	1.40	18,894	19,614,200
03/02/2018	1.51	1.54	1.41	1.45	18,108	20,473,700
03/01/2018	1.68	1.69	1.43	1.52	27,234	22,732,100
02/28/2018	1.56	1.73	1.30	1.68	106,813	21,124,900
02/27/2018	1.53	1.74	1.39	1.56	67,064	20,627,200
02/26/2018	1.43	1.61	1.29	1.52	66,967	19,266,400
02/25/2018	1.07	1.44	0.895758	1.32	60,345	14,445,200
02/24/2018	1.12	1.14	1.05	1.07	13,808	15,131,900
02/23/2018	1.05	1.16	1.03	1.12	61,347	14,184,900
02/22/2018	1.21	1.25	1.05	1.05	3,728	16,368,000
02/21/2018	1.42	1.42	1.04	1.21	62,567	19,156,500
02/20/2018	1.12	1.45	1.10	1.42	3,351	15,095,500
02/09/2018	1.03	1.11	0.993333	1.10	1,298	13,924,900
02/08/2018	0.967651	1.09	0.872772	1.03	29,144	13,079,200
02/07/2018	0.767164	1.13	0.700243	0.970130	20,533	10,369,300
02/06/2018	0.667687	0.901960	0.535501	0.767968	21,642	9,024,740
02/05/2018	0.812329	0.830171	0.606107	0.665317	39,602	10,979,800
02/04/2018	0.815921	1.20	0.779967	0.820278	11,793	11,028,300
02/03/2018	0.825117	0.965907	0.720776	0.816168	29,613	11,152,600
02/02/2018	0.983837	1.04	0.681131	0.821142	22,104	13,298,000
02/01/2018	1.04	1.24	0.891630	0.980107	17,856	14,010,200
01/31/2018	1.20	1.28	0.905230	1.03	102,362	16,229,600
01/30/2018	1.29	1.29	0.897389	1.20	87,753	17,416,200
01/29/2018	1.18	1.37	1.10	1.29	34,640	15,896,900
01/28/2018	1.38	1.59	1.09	1.18	80,707	18,712,700
01/27/2018	0.888668	1.37	0.884409	1.37	93,832	12,011,600
01/26/2018	0.872330	0.985863	0.850888	0.888601	35,582	11,426,400
01/25/2018	0.905584	0.994107	0.850852	0.875375	34,630	11,862,000
01/24/2018	0.589965	0.964934	0.576252	0.898968	89,530	7,727,790
01/23/2018	0.891329	0.983888	0.586782	0.589789	38,224	11,675,300
01/22/2018	0.889136	1.05	0.754891	0.892954	9,346	11,646,500
01/21/2018	0.980511	1.14	0.860543	0.884955	53,152	12,843,400
01/20/2018	0.987081	1.11	0.896659	0.978391	22,789	12,929,500
01/19/2018	0.883842	0.986604	0.808323	0.980759	5,849	11,577,200
01/18/2018	0.693186	0.917914	0.672047	0.890449	15,970	9,079,850
01/17/2018	0.759875	0.802271	0.508540	0.685466	20,109	9,953,390
01/16/2018	1.14	1.14	0.626105	0.762682	31,939	14,951,800
01/15/2018	0.994443	1.19	0.815972	1.14	37,791	13,025,900
01/14/2018	0.867355	1.17	0.661040	0.994662	65,155	11,361,200
01/13/2018	1.11	1.13	0.687951	0.866541	39,082	14,529,400
01/12/2018	0.954252	1.12	0.726772	1.11	24,616	12,499,500
01/11/2018	1.18	1.25	0.934771	0.943392	11,637	15,505,300
01/10/2018	1.36	1.53	1.12	1.19	30,163	17,877,000
01/09/2018	1.14	1.47	1.14	1.36	53,356	14,922,600
01/08/2018	1.45	1.54	0.969179	1.14	63,785	19,000,800
01/07/2018	1.53	1.74	1.04	1.44	32,569	20,065,900
01/06/2018	0.551137	1.91	0.522178	1.53	97,217	7,218,640
01/05/2018	0.425687	0.562591	0.422059	0.548476	21,945	5,575,530
01/04/2018	0.453077	0.471622	0.417209	0.438850	10,209	5,934,270
01/03/2018	0.445000	0.530720	0.397534	0.452355	19,546	5,828,480
01/02/2018	0.483899	0.563218	0.428803	0.428803	14,590	6,337,970
01/01/2018	0.402808	0.516629	0.392499	0.482772	43,983	5,275,860
12/31/2017	0.361343	0.452634	0.318611	0.403319	45,387	4,732,770
12/30/2017	0.501408	0.501408	0.351310	0.364554	10,130	6,567,310
12/29/2017	0.537166	0.538064	0.332204	0.501582	33,404	7,035,660
12/28/2017	0.444247	0.565655	0.412328	0.533947	98,098	5,818,620
12/27/2017	0.173364	0.445444	0.172969	0.444984	60,627	2,270,670
12/26/2017	0.181596	0.225602	0.164461	0.225602	7,951	2,378,500
12/25/2017	0.175767	0.185430	0.156732	0.181529	6,331	2,302,150
12/24/2017	0.183863	0.183863	0.138058	0.149494	413	2,408,190
12/23/2017	0.201015	0.214631	0.156637	0.181714	3,963	2,632,830
12/22/2017	0.170983	0.212248	0.106741	0.199372	7,691	2,239,480
12/21/2017	0.172657	0.181634	0.165320	0.170337	4,346	2,261,410
12/20/2017	0.176932	0.189940	0.156743	0.172473	4,400	2,317,410
12/19/2017	0.181413	0.192001	0.169299	0.177122	6,178	2,376,100
12/18/2017	0.150830	0.184722	0.143746	0.181841	3,976	1,975,530
12/17/2017	0.129279	0.203214	0.129065	0.151028	9,160	1,693,260
12/16/2017	0.164305	0.171783	0.125771	0.128919	2,950	2,152,020
12/15/2017	0.156196	0.164349	0.137920	0.163998	2,268	2,045,810
12/14/2017	0.168271	0.177839	0.152165	0.156050	2,509	2,203,960
12/13/2017	0.194912	0.199274	0.154803	0.168358	4,323	2,552,900
12/12/2017	0.147076	0.196167	0.143280	0.194778	8,971	1,926,360
12/11/2017	0.145388	0.152549	0.130904	0.148025	5,749	1,904,250
12/10/2017	0.135331	0.155231	0.122990	0.145224	10,980	1,772,530
12/09/2017	0.156126	0.158298	0.128519	0.134899	3,792	2,044,900
12/08/2017	0.117046	0.158300	0.114356	0.156130	3,178	1,533,040
12/07/2017	0.118566	0.135580	0.113156	0.116876	1,362	2,639,430
12/06/2017	0.146890	0.152920	0.116578	0.118980	1,886	3,269,950
12/05/2017	0.151110	0.158064	0.127678	0.147148	2,157	3,363,890
12/04/2017	0.131460	0.161291	0.125801	0.151032	3,024	2,926,470
12/03/2017	0.129086	0.164471	0.127506	0.131726	11,545	2,873,620
12/02/2017	0.159823	0.163006	0.126375	0.129043	6,982	3,557,850
12/01/2017	0.122596	0.160530	0.117731	0.159827	4,570	2,729,150
11/30/2017	0.121565	0.174150	0.118318	0.122901	709	2,706,180
11/29/2017	0.194986	0.198835	0.119748	0.120028	12,007	4,340,640
11/28/2017	0.133009	0.195521	0.130468	0.194830	14,672	2,960,960
11/27/2017	0.131758	0.152804	0.130914	0.133192	4,419	2,933,100
11/26/2017	0.149197	0.150984	0.122388	0.131791	9,229	3,321,310
11/25/2017	0.155092	0.158729	0.118248	0.149192	9,368	3,452,530
11/24/2017	0.126375	0.157553	0.116113	0.155117	10,763	2,813,270
11/23/2017	0.147607	0.155387	0.127011	0.127011	1,690	3,285,920
11/22/2017	0.162344	0.163629	0.102067	0.147268	10,196	3,613,970
11/21/2017	0.165418	0.167181	0.105839	0.162136	5,547	3,682,410
11/20/2017	0.174101	0.191149	0.141071	0.165679	4,996	3,875,700
11/19/2017	0.182904	0.197967	0.164680	0.174288	3,250	4,071,660
11/18/2017	0.175711	0.206337	0.160236	0.183377	1,983	3,911,550
11/17/2017	0.194768	0.202663	0.165593	0.175976	13,813	4,335,770
11/16/2017	0.198621	0.215473	0.158042	0.194903	6,425	4,421,550
11/15/2017	0.251253	0.251253	0.158381	0.198776	12,595	5,593,200
11/14/2017	0.190663	0.251167	0.177540	0.251116	17,687	4,244,400
11/13/2017	0.154580	0.218775	0.154580	0.190672	21,058	3,441,140
11/12/2017	0.159507	0.165360	0.149946	0.154335	7,484	3,550,840
11/11/2017	0.122756	0.162698	0.122609	0.159489	3,894	2,732,700
11/10/2017	0.159656	0.161745	0.120037	0.123109	1,510	3,554,130
11/09/2017	0.110815	0.159580	0.110373	0.159580	4,917	2,466,880
11/08/2017	0.149056	0.167177	0.108892	0.111416	2,086	3,318,180
11/07/2017	0.165162	0.173727	0.144216	0.149161	3,127	3,676,710
11/06/2017	0.171696	0.210633	0.126118	0.164915	18,731	3,822,180
11/05/2017	0.119999	0.171937	0.119634	0.171534	2,802	2,671,330
11/04/2017	0.125264	0.166473	0.117054	0.119843	2,675	2,788,530
11/03/2017	0.113857	0.168020	0.108025	0.125243	3,013	2,534,600
11/02/2017	0.104531	0.138094	0.100177	0.113301	273	2,326,990
11/01/2017	0.146078	0.146593	0.104242	0.104242	1,752	3,251,890
10/31/2017	0.159546	0.162606	0.146348	0.146348	2,913	3,551,690
10/30/2017	0.144554	0.164674	0.130955	0.159458	4,745	3,217,960
10/29/2017	0.198793	0.198949	0.144222	0.144845	28,817	4,425,380
10/28/2017	0.181384	0.220423	0.160434	0.198877	15,564	4,037,840
10/27/2017	0.111550	0.218862	0.092503	0.181224	32,442	2,483,250
10/26/2017	0.062317	0.119425	0.061985	0.111606	7,084	1,387,260
10/25/2017	0.103923	0.104292	0.061991	0.062451	24,867	2,313,460
10/24/2017	0.105725	0.124618	0.062327	0.103831	11,878	2,353,570
10/23/2017	0.120751	0.575194	0.103864	0.105796	1,179	2,688,080
10/22/2017	0.119819	0.130403	0.116945	0.120822	2,488	2,667,310
10/21/2017	0.126134	0.139993	0.117945	0.119822	4,857	2,807,890
10/20/2017	0.126401	0.176876	0.125380	0.126297	3,744	2,813,840
10/19/2017	0.125764	0.176837	0.122110	0.126504	2,299	2,799,650
10/18/2017	0.161308	0.190240	0.120753	0.126057	5,183	3,590,920
10/17/2017	0.218942	0.266470	0.147359	0.161500	25,378	4,873,910
10/16/2017	0.172231	0.216055	0.030842	0.215011	14,912	3,834,080
10/15/2017	0.214994	0.497894	0.123793	0.171777	4,638	4,786,030
10/14/2017	0.110534	0.205990	0.088816	0.194488	10,176	2,460,630
10/13/2017	0.127762	0.182743	0.015562	0.110426	12,826	2,844,140
10/12/2017	0.127157	0.168729	0.125473	0.128011	4,807	2,830,680
10/11/2017	0.173387	0.174632	0.123758	0.127156	1,262	3,859,810
10/10/2017	0.198247	0.204843	0.149550	0.173394	2,992	4,413,230
10/09/2017	0.110484	0.384568	0.110384	0.197757	23,209	2,459,510
