Date	Open	High	Low	Close	Volume	Market Cap
07/15/2018	0.041159	0.045871	0.028253	0.029176	83,108	6,924,590
07/14/2018	0.039928	0.041628	0.033368	0.041198	122,968	6,717,390
07/13/2018	0.041716	0.042491	0.031981	0.039852	89,644	7,018,270
07/12/2018	0.046700	0.046700	0.027258	0.041594	94,757	7,856,820
07/11/2018	0.040613	0.048703	0.038268	0.046700	161,302	6,473,910
07/10/2018	0.049128	0.054505	0.034472	0.040612	273,550	7,457,940
07/09/2018	0.046000	0.055834	0.031376	0.049166	262,481	6,660,990
07/08/2018	0.041572	0.049764	0.035807	0.046007	515,550	5,657,260
07/07/2018	0.039925	0.041615	0.030502	0.041538	80,167	5,293,640
07/06/2018	0.030939	0.040002	0.030117	0.039940	249,164	4,102,200
07/05/2018	0.028464	0.036608	0.027960	0.030953	392,551	3,665,500
07/04/2018	0.028164	0.028924	0.024019	0.028365	140,243	3,626,760
07/03/2018	0.024837	0.029608	0.024080	0.028150	138,157	3,066,360
07/02/2018	0.023834	0.029295	0.020630	0.029034	119,842	2,680,190
07/01/2018	0.021987	0.023929	0.020148	0.023816	6,720	2,472,490
06/30/2018	0.021772	0.022968	0.021385	0.021965	263	2,448,310
06/29/2018	0.021100	0.022128	0.020435	0.021757	107	2,372,820
06/28/2018	0.024513	0.024570	0.020958	0.021093	8,147	2,743,610
06/27/2018	0.025171	0.025540	0.021780	0.024467	52,118	2,817,310
06/26/2018	0.030690	0.030818	0.023309	0.025257	353,367	3,435,070
06/25/2018	0.029582	0.030988	0.023419	0.030690	159,683	3,311,040
06/24/2018	0.026305	0.031936	0.023399	0.029704	412,218	2,944,180
06/23/2018	0.035660	0.036646	0.024687	0.026312	334,388	3,991,250
06/22/2018	0.026394	0.036712	0.024737	0.035636	251,718	2,954,220
06/21/2018	0.033577	0.035015	0.026343	0.026401	351,060	3,758,200
06/20/2018	0.029098	0.035414	0.024780	0.033596	120,922	3,256,790
06/19/2018	0.035461	0.035639	0.023405	0.029079	56,154	-
06/18/2018	0.030761	0.039749	0.024917	0.035483	70,661	-
06/17/2018	0.030944	0.050132	0.011474	0.030766	343,572	-
06/16/2018	0.080784	0.081212	0.030802	0.030948	48,677	-
06/15/2018	0.072455	0.094482	0.045852	0.081005	488,698	-
06/14/2018	0.073432	0.077552	0.059395	0.071878	210,054	-
06/13/2018	0.072786	0.081738	0.062997	0.073258	713,977	-
06/12/2018	0.073805	0.096340	0.051538	0.072251	1,972,650	-
06/11/2018	0.082908	0.088046	0.073219	0.073775	187,338	-
06/10/2018	0.100950	0.100950	0.047771	0.082764	947,475	-
06/09/2018	0.095658	0.109497	0.095633	0.100835	779,910	-
06/08/2018	0.106808	0.112338	0.089998	0.095633	801,970	-
06/07/2018	0.103666	0.108149	0.103548	0.106656	1,393,930	-
