Date	Open	High	Low	Close	Volume	Market Cap
07/15/2018	0.690065	0.759576	0.683885	0.746305	11	321,537
07/14/2018	0.741224	0.752591	0.658530	0.690718	14	345,374
07/13/2018	0.722551	0.763419	0.722551	0.741877	55	336,674
07/12/2018	0.735571	0.743356	0.703506	0.718090	53	342,740
07/11/2018	0.632593	0.734727	0.619459	0.734009	92	294,758
07/09/2018	0.691726	0.723459	0.677899	0.689625	8	322,311
07/08/2018	0.678098	0.704361	0.677474	0.688005	8	315,961
07/07/2018	0.674109	0.678699	0.673958	0.678308	8	314,102
07/06/2018	0.671837	0.671837	0.625707	0.652602	29	313,044
07/05/2018	0.663201	0.691198	0.644574	0.672372	30	309,020
07/04/2018	0.618117	0.688480	0.594032	0.660185	95	288,013
07/03/2018	0.565833	0.641147	0.518855	0.617773	827	263,651
07/02/2018	0.546147	0.617374	0.537350	0.565128	0	254,478
07/01/2018	0.535932	0.552160	0.528657	0.540521	26	249,718
06/30/2018	0.518996	0.544365	0.515528	0.540597	44	241,827
06/29/2018	0.491856	0.525952	0.485222	0.519483	20	229,181
06/28/2018	0.522558	0.530544	0.485926	0.491679	27	243,487
06/27/2018	0.516344	0.530321	0.504163	0.524399	0	240,591
06/26/2018	0.540774	0.543097	0.516515	0.518276	125	251,974
06/25/2018	0.526316	0.559884	0.519550	0.540774	92	245,238
06/24/2018	0.530272	0.535531	0.475280	0.525334	13	247,081
06/23/2018	0.543659	0.549487	0.518532	0.532951	19	253,319
06/22/2018	0.606896	0.606896	0.525057	0.543900	170	282,784
06/21/2018	0.612200	0.618482	0.599851	0.602497	30	285,256
06/20/2018	0.611962	0.614738	0.591788	0.612781	4	285,144
06/19/2018	0.631029	0.633189	0.606273	0.612556	8	294,029
06/16/2018	0.610072	0.631339	0.609218	0.618425	10	284,264
06/15/2018	0.645172	0.645576	0.607275	0.609770	10	300,619
06/14/2018	0.647284	0.672498	0.558684	0.642023	174	301,603
06/13/2018	0.620481	0.647033	0.598038	0.644349	20	289,114
06/12/2018	0.706524	0.707400	0.605906	0.613673	6	329,206
06/11/2018	0.689298	0.718855	0.620566	0.710868	26	321,179
06/10/2018	0.872011	0.872011	0.664915	0.689722	41	406,315
06/09/2018	0.641166	0.885861	0.639964	0.880245	103	298,752
06/08/2018	1.06	1.08	0.638662	0.642731	621	495,773
06/07/2018	1.07	1.10	1.05	1.06	0	497,365
06/06/2018	1.11	1.12	1.04	1.07	16	517,979
06/05/2018	0.977662	1.12	0.929563	1.11	279	455,543
06/04/2018	1.11	1.12	0.961964	0.976039	81	517,360
06/03/2018	1.06	1.17	1.06	1.11	14	492,479
06/02/2018	1.00	1.08	0.997340	1.06	91	467,753
06/01/2018	0.957468	1.01	0.952173	1.00	68	446,134
05/31/2018	0.947638	0.984160	0.933807	0.956214	37	441,553
05/30/2018	0.952334	0.994239	0.928900	0.946644	38	443,741
05/29/2018	0.800616	0.988802	0.798803	0.953058	152	373,048
05/28/2018	0.831906	0.845843	0.798901	0.799990	8	387,628
05/26/2018	0.945133	0.984479	0.937184	0.967661	3	440,386
05/25/2018	1.01	1.01	0.931671	0.940946	3	468,820
05/24/2018	0.949297	1.01	0.891925	1.01	3	442,326
05/23/2018	0.955837	0.977512	0.850819	0.946065	900	445,374
05/22/2018	1.22	1.24	0.955681	0.955681	431	568,008
05/21/2018	1.18	1.22	1.10	1.22	11	550,324
05/20/2018	1.37	1.37	1.18	1.18	1,715	636,432
05/19/2018	1.34	1.41	1.31	1.36	208	625,155
05/18/2018	1.46	1.46	1.28	1.34	204	681,816
05/17/2018	1.36	1.56	1.33	1.46	32	635,920
05/16/2018	1.34	1.37	1.28	1.36	73	622,470
05/15/2018	1.32	1.42	1.30	1.34	71	615,960
05/14/2018	1.36	1.41	1.28	1.32	0	634,473
05/13/2018	1.47	1.52	1.27	1.36	36	683,574
05/12/2018	1.44	1.51	1.32	1.45	3,925	672,577
05/11/2018	1.35	1.56	1.25	1.45	133	628,600
05/10/2018	1.60	1.60	1.35	1.35	231	743,563
05/09/2018	1.94	1.99	1.57	1.59	609	904,252
05/08/2018	1.68	1.96	1.64	1.94	193	783,651
05/07/2018	1.92	1.92	1.61	1.68	757	892,360
05/06/2018	2.79	2.80	1.78	1.91	225	1,298,470
05/05/2018	2.00	3.39	1.99	2.79	224	930,681
05/04/2018	1.70	2.01	1.69	2.00	16,047	793,239
05/03/2018	1.89	1.94	1.70	1.70	405	882,821
05/02/2018	1.98	2.05	1.89	1.90	1,175	921,259
05/01/2018	1.87	2.10	1.68	1.97	569	869,204
04/30/2018	2.04	2.35	1.77	1.86	3,150	951,353
04/29/2018	2.04	2.33	1.87	2.03	532	951,722
04/28/2018	1.94	2.06	1.94	2.04	1,074	904,539
04/27/2018	2.19	2.21	1.95	1.95	1,041	1,018,260
04/26/2018	1.78	2.19	1.74	2.19	1,366	829,330
04/25/2018	1.95	1.96	1.77	1.77	7,226	908,816
04/24/2018	1.51	2.02	1.51	1.96	13,830	705,308
04/23/2018	1.98	2.06	1.42	1.51	16	922,644
04/22/2018	1.65	1.97	1.61	1.97	0	768,733
04/21/2018	1.64	1.95	1.49	1.65	46	762,705
04/20/2018	1.68	1.70	1.51	1.63	1,522	783,175
04/19/2018	1.67	1.68	1.56	1.68	476	779,074
04/18/2018	1.58	1.68	1.58	1.67	234	736,517
04/17/2018	2.06	2.16	1.58	1.58	791	960,404
04/16/2018	2.22	2.22	1.91	2.06	14	1,033,790
04/15/2018	2.00	2.38	2.00	2.21	861	932,805
04/14/2018	1.95	2.09	1.89	2.01	26	909,183
04/13/2018	2.10	2.35	1.94	1.96	320	978,595
04/12/2018	1.93	2.12	1.55	2.10	143	899,234
04/11/2018	1.71	1.94	1.63	1.93	183	798,194
04/10/2018	1.72	1.79	1.70	1.71	175	800,760
04/09/2018	1.79	1.83	1.70	1.71	2	833,513
04/08/2018	1.49	1.80	1.40	1.79	2	694,252
04/07/2018	1.59	1.65	1.48	1.49	123	739,939
04/06/2018	1.61	1.65	1.14	1.59	926	749,147
04/05/2018	2.49	2.64	1.58	1.61	348	1,161,540
04/04/2018	2.43	2.55	2.11	2.49	317	1,130,270
04/03/2018	1.70	2.49	1.68	2.42	649	792,296
04/02/2018	2.28	2.61	1.63	1.70	262	1,061,850
04/01/2018	2.34	2.44	2.26	2.28	2	1,089,030
03/31/2018	2.27	2.38	2.26	2.34	0	1,056,810
03/30/2018	2.28	2.38	2.17	2.27	13	1,060,130
03/29/2018	2.20	2.32	2.03	2.28	96	1,023,190
03/28/2018	2.25	2.66	2.17	2.20	12	1,046,450
03/27/2018	2.36	2.40	2.17	2.25	4	1,099,620
03/26/2018	2.85	2.88	2.23	2.36	4	1,326,850
03/25/2018	2.86	2.92	2.73	2.85	0	1,331,600
03/24/2018	2.98	2.98	2.81	2.86	3	1,387,160
03/23/2018	2.51	2.51	2.39	2.43	2	1,168,370
03/22/2018	2.33	2.67	2.32	2.51	3	1,084,040
03/21/2018	2.66	2.72	2.32	2.33	24	1,239,560
03/20/2018	2.43	2.71	2.20	2.67	70	1,130,670
03/19/2018	2.16	2.61	2.08	2.43	0	1,005,460
03/18/2018	2.30	2.82	1.97	2.16	652	1,071,130
03/17/2018	2.39	2.44	2.11	2.30	767	1,113,890
03/16/2018	2.67	2.89	2.35	2.40	1,011	1,243,100
03/15/2018	2.67	2.89	2.54	2.67	47	1,245,650
03/14/2018	2.91	2.96	2.51	2.68	53	1,355,100
03/13/2018	2.92	3.27	2.83	2.89	3,687	1,362,740
03/12/2018	3.20	3.25	2.83	2.93	104	1,488,850
03/11/2018	2.94	3.26	2.84	3.21	32	1,369,280
03/10/2018	3.11	3.24	2.77	2.95	34	1,448,940
03/09/2018	3.13	3.18	2.89	3.11	26	1,458,750
03/08/2018	3.30	3.45	3.04	3.12	32	1,537,680
03/07/2018	3.78	3.93	3.10	3.31	590	1,760,390
03/06/2018	3.58	4.21	3.50	3.78	1,928	1,668,440
03/05/2018	4.22	4.23	3.47	3.59	5,511	1,967,790
03/04/2018	4.47	4.49	3.35	4.21	8,194	2,082,970
03/03/2018	4.31	4.53	3.64	4.47	10	2,010,080
03/02/2018	4.41	5.66	4.14	4.31	13	2,052,980
03/01/2018	3.94	5.73	3.94	4.42	520	1,837,290
02/28/2018	4.56	4.73	3.84	3.94	31	2,124,540
02/27/2018	4.58	4.69	4.49	4.56	14	2,135,070
02/26/2018	4.46	4.63	4.18	4.58	14	2,078,990
02/25/2018	4.43	4.53	4.32	4.45	13	2,062,980
02/24/2018	4.73	4.74	4.37	4.44	13	2,204,290
02/23/2018	4.52	4.61	4.35	4.43	157	2,104,510
02/22/2018	4.45	4.88	4.23	4.50	160	2,075,400
02/21/2018	4.80	4.81	4.29	4.46	421	2,237,000
02/20/2018	4.67	5.05	4.37	4.80	374	2,176,140
02/19/2018	4.73	4.77	4.43	4.67	214	2,204,380
02/18/2018	4.83	5.16	4.46	4.75	462	2,250,920
02/17/2018	5.40	5.64	4.58	4.83	103	2,514,900
02/16/2018	5.16	5.49	4.53	5.40	763	2,402,230
02/15/2018	5.60	5.60	4.82	5.17	95	2,609,590
02/14/2018	4.45	5.70	4.45	5.61	503	2,073,720
02/13/2018	4.11	4.60	3.85	4.44	2	1,914,330
02/12/2018	4.10	4.85	4.07	4.11	398	1,908,610
02/11/2018	4.38	4.52	4.09	4.09	54	2,043,090
02/10/2018	4.91	5.10	4.24	4.38	114	2,289,110
02/09/2018	4.76	4.95	4.42	4.91	143	2,218,380
02/08/2018	4.49	5.09	4.49	4.75	131	2,090,450
02/07/2018	5.05	5.12	4.30	4.50	3,144	2,351,740
02/06/2018	3.93	5.09	3.43	5.07	1,237	1,832,170
02/05/2018	4.71	6.36	3.80	3.92	2,002	2,196,260
02/04/2018	5.77	5.85	4.65	4.73	967	2,689,170
02/03/2018	6.05	6.22	5.16	5.74	142	2,819,850
02/02/2018	7.42	7.42	4.91	6.04	3,379	3,456,880
02/01/2018	7.82	8.03	7.10	7.45	67	3,642,710
01/31/2018	7.45	8.05	7.02	7.79	92	3,472,210
01/30/2018	7.18	9.20	6.00	7.46	1,474	3,346,880
01/29/2018	7.35	7.39	7.03	7.19	788	3,425,550
01/28/2018	7.59	7.94	7.24	7.36	1,219	3,536,680
01/27/2018	7.14	8.49	7.14	7.56	11,261	3,325,520
01/26/2018	6.99	7.70	6.47	7.13	3,103	3,255,620
01/25/2018	6.48	7.64	6.48	6.98	298	3,019,800
01/24/2018	5.98	7.36	5.92	6.48	943	2,786,050
01/23/2018	6.62	6.63	5.37	6.01	621	3,084,540
01/22/2018	6.33	8.75	5.94	6.64	2,106	2,948,840
01/21/2018	7.61	7.72	5.88	6.32	385	3,546,970
01/20/2018	5.93	7.62	5.49	7.62	969	2,762,260
01/19/2018	5.95	6.59	5.51	5.88	140	2,773,210
01/18/2018	6.45	6.45	5.53	5.92	156	3,006,120
01/17/2018	5.48	6.51	4.69	6.51	2,566	2,552,770
01/16/2018	11.16	11.18	3.73	5.54	4,207	5,201,890
01/15/2018	10.86	11.50	10.08	11.14	192	5,062,240
01/14/2018	13.33	13.37	9.68	10.89	2,529	6,211,730
01/13/2018	9.44	13.35	8.75	13.32	298	4,397,770
01/12/2018	8.54	9.92	8.33	9.48	1,274	3,980,390
01/11/2018	8.85	9.70	8.06	8.52	1,608	4,125,590
01/10/2018	7.04	9.05	7.04	8.82	1,478	3,280,420
01/09/2018	6.85	8.70	5.32	7.03	4,418	3,192,460
01/08/2018	6.45	7.59	5.76	6.87	588	3,006,620
01/07/2018	9.93	11.46	6.44	6.45	5,563	4,625,660
01/06/2018	10.40	10.48	8.58	9.94	4,655	4,847,630
01/05/2018	9.79	10.39	8.04	10.39	1,961	4,559,980
01/04/2018	10.40	11.26	8.69	9.81	2,332	4,845,850
01/03/2018	10.12	10.79	9.21	10.43	1,220	4,716,390
01/02/2018	7.59	11.42	7.59	10.13	1,836	3,535,830
01/01/2018	8.67	9.15	7.37	7.56	6,116	4,039,300
12/31/2017	7.57	8.68	6.04	8.67	6,908	3,526,700
12/30/2017	6.82	8.01	5.88	7.63	3,482	3,178,190
12/29/2017	7.54	7.56	5.96	6.81	1,369	3,512,490
12/28/2017	6.73	7.57	5.47	7.52	747	3,136,400
12/27/2017	6.83	6.92	6.31	6.73	137	3,184,370
12/26/2017	6.90	7.46	6.61	6.83	401	3,215,340
12/25/2017	6.91	7.27	5.47	6.92	159	3,218,900
12/24/2017	6.51	7.77	5.60	6.85	698	3,032,670
12/23/2017	6.07	7.17	6.07	6.54	941	2,826,650
12/22/2017	5.66	8.05	4.45	6.05	1,122	2,638,940
12/21/2017	4.23	8.45	3.43	5.63	5,792	1,972,200
12/20/2017	8.38	10.50	4.06	4.23	9,123	3,903,490
12/19/2017	9.26	14.81	6.67	8.37	2,620	4,314,920
12/18/2017	8.80	9.77	7.01	9.25	202	4,099,280
12/17/2017	9.95	10.22	8.21	8.79	9,092	4,638,310
12/16/2017	10.02	10.38	9.06	9.96	2,080	4,667,930
12/15/2017	8.39	11.45	7.83	10.00	7,146	3,907,740
12/14/2017	6.73	8.64	6.69	8.58	628	3,136,560
12/13/2017	10.04	10.72	6.58	6.70	798	4,679,870
12/12/2017	4.61	9.97	4.48	9.97	990	2,148,890
12/11/2017	4.30	4.88	4.23	4.60	78	2,004,530
12/10/2017	4.78	4.78	4.25	4.29	2	2,227,290
12/09/2017	4.64	5.09	4.27	4.75	339	2,163,180
12/08/2017	4.38	4.89	3.90	4.62	306	2,041,370
12/07/2017	4.45	4.88	4.10	4.38	3,902	2,072,800
12/06/2017	5.08	6.05	4.45	4.57	2,706	2,366,840
12/05/2017	5.30	5.33	4.77	5.09	2,043	2,470,240
12/04/2017	5.30	6.47	5.13	5.31	322	2,468,280
12/03/2017	4.97	5.44	4.93	5.28	2,030	2,316,680
12/02/2017	5.04	5.48	4.87	4.97	340	2,347,490
12/01/2017	4.69	5.25	4.45	5.04	1,190	2,183,630
11/30/2017	4.11	4.97	3.98	4.72	436	1,914,790
11/23/2017	4.50	5.71	4.42	5.68	145	2,097,680
11/22/2017	4.54	4.95	4.31	4.50	608	2,115,050
11/21/2017	4.25	4.72	4.02	4.53	436	1,980,560
11/20/2017	4.71	5.30	4.24	4.24	150	2,194,380
11/19/2017	3.92	5.00	3.81	4.71	1,004	1,828,120
11/18/2017	3.65	5.03	3.61	3.93	3,391	1,698,880
11/17/2017	3.15	3.93	3.01	3.65	561	1,466,820
11/16/2017	3.92	4.06	3.15	3.24	117	1,828,520
11/15/2017	4.05	4.42	3.40	3.91	230	1,887,840
11/14/2017	3.67	4.10	3.67	4.06	175	1,711,720
11/13/2017	3.28	4.23	3.22	3.71	176	1,530,140
11/12/2017	3.81	3.87	2.58	3.27	696	1,774,920
11/11/2017	3.43	4.11	2.92	3.80	10,126	1,597,480
11/10/2017	3.95	4.01	3.19	3.43	589	1,839,810
11/09/2017	3.13	3.98	3.09	3.96	12,051	1,458,160
11/08/2017	3.30	3.30	2.79	3.13	730	1,537,550
11/07/2017	2.97	3.36	2.78	3.30	140	1,386,100
11/06/2017	3.22	4.59	2.86	2.98	540	1,498,290
11/05/2017	2.88	3.28	2.51	3.22	334	1,340,970
11/04/2017	3.00	3.23	2.79	2.87	1,676	1,398,400
11/03/2017	2.92	3.05	2.75	3.01	188	1,359,970
11/02/2017	3.26	3.31	2.59	2.92	789	1,520,210
11/01/2017	3.87	3.97	3.51	3.52	2	1,801,520
10/31/2017	3.15	4.03	3.15	3.89	176	1,467,600
10/30/2017	3.24	3.28	3.09	3.12	26	1,507,960
10/29/2017	3.06	3.26	2.78	3.25	778	1,427,070
10/28/2017	3.35	3.37	2.77	3.06	4,277	1,560,270
10/27/2017	3.16	3.51	3.16	3.35	479	1,474,650
10/26/2017	3.14	3.33	3.08	3.17	27	1,464,260
10/25/2017	3.43	3.47	2.99	3.15	234	1,598,170
10/24/2017	3.30	3.50	3.03	3.43	365	1,535,500
10/23/2017	4.53	4.76	3.02	3.30	237	2,111,520
10/22/2017	5.45	5.45	3.48	4.54	876	2,538,800
10/21/2017	3.35	5.50	3.25	5.47	1,096	1,563,270
10/20/2017	4.01	4.21	3.32	3.37	200	1,868,240
10/19/2017	3.64	4.04	3.26	4.01	3	1,697,490
10/18/2017	3.19	3.89	3.08	3.66	256	1,485,850
10/17/2017	3.61	3.73	3.15	3.18	384	1,682,110
10/16/2017	3.16	4.11	3.14	3.61	2,846	1,472,690
10/15/2017	3.35	3.68	3.15	3.16	988	1,559,810
10/14/2017	3.29	3.56	3.26	3.35	534	1,533,970
10/13/2017	3.20	3.42	2.94	3.29	1,197	1,492,670
10/12/2017	3.06	3.40	3.04	3.20	365	1,424,450
10/11/2017	3.95	4.34	3.06	3.06	14,905	1,840,640
10/10/2017	3.63	4.10	3.58	3.95	734	1,689,380
10/09/2017	3.67	3.95	3.48	3.63	5,585	1,710,830
10/08/2017	3.21	3.99	3.21	3.67	17,421	1,496,240
10/07/2017	3.70	3.72	3.17	3.21	698	1,721,650
10/06/2017	3.46	3.98	3.21	3.70	331	1,609,730
10/05/2017	3.36	3.67	3.13	3.46	778	1,566,620
10/04/2017	3.96	3.96	3.33	3.36	3,380	1,845,610
10/03/2017	5.42	5.44	3.87	3.96	5,100	2,524,490
10/02/2017	5.22	5.84	4.68	5.42	2,402	2,431,050
10/01/2017	5.31	7.50	5.02	5.22	465	2,472,870
09/30/2017	5.23	5.47	4.69	5.31	865	2,434,420
09/29/2017	5.55	6.01	5.11	5.23	225	2,585,170
09/28/2017	4.79	5.60	4.78	5.53	1,177	2,231,390
09/27/2017	4.08	5.65	4.06	4.79	1,641	1,902,190
09/26/2017	3.94	4.25	3.90	4.09	528	1,835,670
09/25/2017	4.55	4.67	3.65	3.94	615	2,119,250
09/24/2017	4.60	4.60	4.54	4.55	2,929	2,140,420
09/23/2017	4.53	4.61	4.51	4.60	2,952	2,107,920
09/22/2017	4.53	4.58	4.50	4.53	2,916	2,110,070
09/21/2017	4.64	4.90	4.52	4.53	2,917	2,162,910
09/17/2017	4.84	4.84	4.63	4.63	2,557	2,254,080
09/16/2017	4.69	5.19	4.60	4.83	2,681	2,186,260
09/15/2017	6.30	6.50	3.65	4.68	3,029	2,934,030
09/14/2017	5.76	7.03	5.74	6.29	3,427	2,682,630
09/13/2017	7.34	7.34	5.52	5.76	3,523	3,420,030
09/12/2017	7.40	8.24	7.40	7.89	5,099	3,447,860
09/11/2017	6.91	7.54	6.90	7.42	4,836	3,219,880
09/10/2017	7.58	8.16	6.70	6.90	5,245	3,531,370
09/09/2017	8.11	8.18	7.21	7.59	620	3,779,400
09/08/2017	10.39	10.40	8.02	8.11	2,399	4,840,850
09/07/2017	9.20	10.50	8.55	10.39	1,307	4,286,590
09/06/2017	7.29	9.12	7.26	9.12	1,569	3,395,750
09/05/2017	8.09	8.09	6.69	7.29	2,443	3,768,000
09/04/2017	9.38	10.38	7.70	8.08	10,821	4,368,020
09/03/2017	8.92	9.41	8.48	9.38	731	4,153,320
09/02/2017	10.25	10.79	8.89	8.92	5,045	4,772,420
09/01/2017	8.46	10.75	8.46	10.24	2,526	3,942,010
08/31/2017	10.08	10.31	8.46	8.46	1,158	4,692,680
08/30/2017	9.94	10.20	9.04	10.08	15,649	4,627,990
08/29/2017	10.81	11.41	9.55	9.94	9,249	5,033,150
08/28/2017	9.63	11.05	9.09	10.80	1,729	4,486,540
08/27/2017	8.81	9.87	8.67	9.63	1,378	4,104,730
08/26/2017	8.46	9.30	7.95	8.81	3,191	3,940,520
08/25/2017	7.82	9.04	7.81	8.46	6,866	3,641,390
08/24/2017	8.34	8.96	7.82	7.82	2,190	3,884,040
08/23/2017	7.30	8.54	7.20	8.34	365	3,398,980
08/22/2017	7.48	7.81	7.11	7.30	1,878	3,483,890
08/21/2017	7.85	7.88	6.89	7.47	1,256	3,655,220
08/20/2017	7.71	7.95	6.11	7.86	1,124	3,592,080
08/19/2017	7.12	7.73	4.72	7.73	5,803	3,315,850
08/18/2017	6.58	7.19	6.32	7.12	5,093	3,065,580
08/17/2017	7.02	7.06	5.69	6.59	1,896	3,269,310
08/16/2017	9.75	9.90	6.77	7.02	1,041	4,539,730
08/15/2017	6.94	9.85	6.16	9.74	16,231	3,231,850
08/14/2017	9.59	10.24	6.89	6.93	4,667	4,467,520
08/13/2017	10.49	10.80	9.49	9.59	3,868	4,887,290
08/12/2017	10.29	10.87	10.14	10.50	890	4,790,940
08/11/2017	9.06	10.62	9.04	10.29	3,640	4,221,920
08/10/2017	8.91	9.89	8.32	9.07	4,158	4,152,050
08/09/2017	7.85	9.47	7.69	8.92	1,109	3,656,640
08/08/2017	7.86	9.50	7.75	7.85	4,111	3,660,800
08/07/2017	7.75	9.01	7.39	7.86	343	3,607,360
08/06/2017	8.77	8.95	7.67	7.75	2,147	4,086,360
08/05/2017	8.97	9.51	7.36	8.77	8,127	4,175,660
08/04/2017	4.68	13.86	4.44	9.00	5,399	2,213,320
08/03/2017	4.48	4.55	4.46	4.53	202	2,116,550
08/02/2017	5.61	5.89	4.34	4.49	200	2,651,770
08/01/2017	4.57	5.61	4.48	5.61	4,662	2,161,580
07/31/2017	4.54	4.54	4.48	4.51	3,979	2,146,230
07/30/2017	5.01	5.16	4.35	4.54	4,002	2,365,900
07/29/2017	5.58	5.59	4.72	5.00	3,536	2,639,700
07/28/2017	5.84	5.92	5.45	5.59	2,579	2,758,270
07/27/2017	5.92	9.29	5.39	5.83	10,016	2,796,950
07/26/2017	9.68	9.77	5.65	5.91	4,848	4,577,100
07/25/2017	6.81	10.04	6.58	9.68	4,026	3,219,770
07/24/2017	6.34	6.82	6.22	6.81	2,481	2,994,870
07/23/2017	7.07	8.53	6.33	6.33	1,268	3,340,720
07/22/2017	6.23	9.10	6.23	7.07	5,204	2,946,180
07/21/2017	6.09	6.56	5.83	6.23	584	2,878,050
07/20/2017	4.66	6.11	4.66	6.08	346	2,201,490
07/19/2017	5.70	6.01	4.65	4.66	1,150	2,693,280
07/18/2017	4.88	5.94	4.73	5.70	6,202	2,304,900
07/17/2017	6.28	6.40	4.33	4.87	11,351	2,970,080
07/16/2017	6.33	6.37	6.23	6.28	3,174	2,990,760
07/15/2017	6.50	6.50	6.33	6.33	3,211	3,072,840
07/14/2017	6.61	6.61	6.45	6.50	3,328	3,122,100
07/13/2017	6.67	7.15	6.59	6.61	3,395	3,151,120
07/12/2017	6.57	6.67	6.52	6.66	3,427	3,107,040
07/11/2017	7.23	7.23	5.67	6.58	3,380	3,417,980
07/10/2017	7.28	8.54	6.58	7.24	1,987	3,441,600
07/09/2017	10.07	10.07	6.92	7.28	1,994	4,760,760
07/08/2017	10.01	10.07	8.66	10.07	290	4,732,530
07/07/2017	10.14	10.14	9.98	10.01	288	4,790,810
07/06/2017	10.58	10.61	10.10	10.14	292	5,000,760
07/05/2017	11.53	11.68	10.10	10.58	5,582	5,450,060
07/04/2017	11.22	11.60	11.05	11.53	5,916	5,305,180
07/03/2017	9.09	11.25	9.07	11.23	4,168	4,296,450
07/02/2017	10.41	11.15	8.88	9.10	15,494	4,921,470
07/01/2017	8.92	10.97	8.73	10.41	15,789	4,214,320
06/30/2017	9.22	9.37	8.90	8.92	2,965	4,357,590
06/29/2017	9.27	9.57	8.98	9.22	3,084	4,381,120
06/28/2017	9.32	9.69	9.24	9.27	3,163	4,403,010
06/27/2017	9.26	9.28	8.41	9.28	4,329	4,377,850
06/26/2017	9.92	10.21	9.00	9.26	9,313	4,689,060
06/25/2017	9.87	11.89	9.44	9.92	13,803	4,664,690
06/24/2017	11.55	11.55	9.66	9.87	5,445	5,457,550
06/23/2017	11.56	12.15	11.17	11.55	12,412	5,463,460
06/22/2017	10.88	11.82	10.82	11.56	1,235	5,141,690
06/21/2017	10.84	10.99	9.84	10.88	5,646	5,125,360
06/20/2017	12.88	13.22	10.84	10.84	10,809	6,085,450
06/19/2017	12.35	13.34	11.02	12.88	21,434	5,836,650
06/18/2017	12.96	12.96	11.81	12.35	9,011	6,125,200
06/17/2017	11.88	14.28	11.61	12.96	21,652	5,616,300
06/16/2017	12.76	12.99	11.80	11.88	24,086	6,032,560
06/15/2017	12.11	12.98	10.94	12.77	32,733	5,721,510
06/14/2017	12.74	14.32	12.02	12.11	14,743	6,021,790
06/13/2017	13.38	14.35	12.57	12.74	9,757	6,326,360
06/12/2017	13.71	14.85	12.20	13.40	21,633	6,481,060
06/11/2017	13.09	14.80	12.82	13.71	1,115	6,185,560
06/10/2017	13.42	15.45	11.92	13.09	9,513	6,341,630
06/09/2017	10.94	13.86	10.88	13.41	52,456	5,169,840
06/08/2017	11.20	12.64	9.61	10.94	7,442	5,295,940
06/07/2017	11.58	12.84	11.04	11.20	19,248	5,471,570
06/06/2017	11.39	12.26	10.46	11.57	1,018	5,383,380
06/05/2017	12.27	12.59	10.32	11.39	36,364	5,789,540
06/04/2017	8.99	12.28	8.86	12.27	33,361	4,243,530
06/03/2017	9.51	12.37	8.59	9.00	8,952	4,484,500
06/02/2017	7.25	9.67	7.25	9.51	12,026	3,420,330
06/01/2017	6.26	7.71	6.26	7.25	4,393	2,955,610
05/31/2017	5.95	6.87	5.95	6.26	1,117	2,806,620
05/30/2017	5.72	7.07	5.42	5.95	11,776	2,697,800
05/29/2017	6.19	7.24	4.89	5.71	2,726	2,921,420
05/28/2017	5.51	6.97	5.37	6.19	7,164	2,600,910
05/27/2017	6.06	6.38	3.79	5.50	35,478	2,858,720
05/26/2017	8.51	8.61	6.05	6.05	809	4,016,780
05/25/2017	8.82	10.76	6.97	8.52	10,336	4,162,360
05/24/2017	9.83	13.09	6.00	8.82	8,803	4,640,050
05/23/2017	9.39	11.70	9.14	9.83	6,906	4,432,320
05/22/2017	8.42	11.98	7.74	9.39	88,775	3,973,540
05/21/2017	7.75	14.63	6.72	8.42	10,860	3,656,550
05/20/2017	4.28	7.75	3.63	7.75	21,318	2,018,800
05/19/2017	2.61	4.34	2.61	4.26	58,556	1,231,920
05/18/2017	2.30	2.61	2.29	2.61	16,307	1,082,870
05/17/2017	1.99	2.30	1.99	2.30	16,318	940,533
05/16/2017	1.92	2.02	1.63	1.97	16,132	906,261
05/15/2017	1.94	1.95	1.77	1.91	4,888	914,362
05/14/2017	1.61	1.95	1.45	1.93	4,096	757,618
05/13/2017	1.94	1.94	1.53	1.60	3,944	913,239
05/12/2017	1.85	2.09	1.64	1.94	3,557	872,618
05/11/2017	1.92	2.22	1.67	1.85	1,093	907,361
05/10/2017	1.85	3.41	1.80	1.92	674	870,565
05/09/2017	1.81	2.05	1.60	1.86	3,592	854,421
05/08/2017	1.56	1.93	1.46	1.79	19,375	736,363
05/07/2017	2.40	2.44	1.44	1.56	3,872	1,131,980
05/06/2017	1.33	2.41	1.27	2.39	1,840	627,685
05/05/2017	1.35	1.71	1.21	1.33	2,594	635,418
05/04/2017	1.26	1.40	1.24	1.35	313	595,419
05/03/2017	1.43	1.51	1.17	1.26	1,731	673,619
05/02/2017	1.27	1.46	1.21	1.43	7,614	602,207
05/01/2017	1.34	1.92	1.25	1.27	432	635,820
04/30/2017	1.32	1.34	1.30	1.34	5,296	628,713
04/29/2017	1.33	1.41	1.31	1.32	2,422	631,467
04/28/2017	1.26	1.33	1.25	1.33	1,004	597,921
04/27/2017	1.06	1.31	1.06	1.26	1,806	504,878
04/26/2017	1.07	1.30	0.968692	1.06	1,018	509,968
04/25/2017	0.945169	1.08	0.924881	1.08	376	449,620
04/24/2017	0.958929	1.13	0.905033	0.948215	548	456,165
04/23/2017	1.16	1.16	0.949040	0.958271	94	552,216
04/22/2017	1.10	1.17	1.04	1.16	2,498	524,154
04/21/2017	0.855565	1.19	0.849543	1.10	165	406,320
04/20/2017	0.985251	1.02	0.819313	0.851928	773	467,910
04/19/2017	0.934011	1.12	0.881238	0.987040	1,241	443,482
04/18/2017	0.849059	1.07	0.848595	0.934676	872	403,145
04/17/2017	0.894280	0.910122	0.846271	0.850906	44	424,617
04/16/2017	0.916187	0.985268	0.883701	0.892970	156	435,019
04/15/2017	0.875452	0.962960	0.865605	0.920151	1,921	415,677
04/14/2017	0.710615	0.952299	0.694665	0.874068	517	337,410
04/13/2017	0.807837	0.871359	0.704428	0.709674	964	383,573
04/12/2017	0.772331	0.999433	0.746606	0.807739	771	366,714
04/11/2017	0.690604	0.823736	0.665417	0.772180	205	327,909
04/10/2017	0.577897	0.773246	0.577897	0.690445	2,236	274,394
04/09/2017	0.817974	0.854658	0.571846	0.578568	1,179	388,386
04/08/2017	0.797889	0.830533	0.781279	0.822439	60	378,849
04/07/2017	0.816480	0.830054	0.772034	0.799624	58	387,676
04/06/2017	0.884832	0.901628	0.785989	0.815174	59	420,131
04/05/2017	0.865759	0.942934	0.800663	0.889758	65	411,075
04/04/2017	0.871378	0.897435	0.780282	0.860132	8	413,743
04/03/2017	1.10	1.16	0.488738	0.864376	169	519,979
04/02/2017	0.736684	1.40	0.529004	1.10	10,244	349,788
04/01/2017	0.776835	0.797531	0.685766	0.735212	118	368,852
03/31/2017	0.672054	1.03	0.650508	0.774874	1,063	319,753
03/30/2017	0.657522	0.674845	0.611722	0.673620	4	312,839
03/29/2017	0.679938	0.715696	0.653434	0.656358	372	323,504
03/28/2017	0.681699	0.690221	0.668011	0.680634	11	324,342
03/27/2017	0.655635	0.697111	0.649546	0.681455	114	311,941
03/26/2017	0.620655	0.664194	0.615641	0.653654	5	295,298
03/25/2017	0.646171	0.646171	0.583275	0.620160	46	307,438
03/24/2017	0.661161	0.676915	0.548728	0.645738	101	314,570
03/23/2017	0.708738	0.725566	0.658868	0.663383	10	337,206
03/22/2017	0.673574	0.737922	0.631992	0.708203	689	320,476
03/21/2017	0.625724	0.816841	0.625339	0.674674	1,720	297,710
03/20/2017	0.732564	0.743851	0.618514	0.624235	906	348,542
03/19/2017	0.559742	0.775305	0.495428	0.732604	4,188	266,603
03/18/2017	0.771493	0.783831	0.505589	0.559854	11	367,460
03/17/2017	0.496596	1.18	0.492130	0.772493	1,901	236,581
03/16/2017	0.629942	0.786077	0.460047	0.499133	1,112	300,108
03/15/2017	0.551245	0.700555	0.546403	0.661055	48	262,616
03/14/2017	0.575924	0.584827	0.511210	0.554978	451	274,374
03/13/2017	0.631808	0.710983	0.630387	0.694810	8	300,997
03/12/2017	0.599718	1.21	0.462464	0.629320	620	285,709
03/11/2017	0.533593	0.601314	0.533593	0.599677	3	254,207
03/10/2017	0.584519	0.667050	0.246936	0.533788	290	278,468
03/09/2017	0.651741	0.655527	0.514329	0.585053	128	310,493
03/08/2017	0.598451	0.678211	0.553829	0.651914	1,869	285,106
03/07/2017	0.578621	0.605649	0.532471	0.598567	101	275,659
03/06/2017	0.563053	0.580951	0.560292	0.576037	41	265,708
03/05/2017	0.558525	0.599526	0.543118	0.563841	23	263,571
03/04/2017	0.607094	1.38	0.509690	0.557675	695	286,491
03/03/2017	0.657973	0.664516	0.595674	0.606584	47	310,501
03/02/2017	0.650352	0.665469	0.550643	0.652820	1,052	306,905
03/01/2017	0.713371	0.713744	0.642824	0.647583	59	336,644
02/28/2017	0.783691	0.788173	0.700279	0.711799	29	369,828
02/27/2017	0.861702	0.868605	0.771944	0.782949	153	406,642
02/26/2017	0.792488	0.867928	0.783996	0.862416	467	373,187
02/25/2017	0.877822	0.880559	0.759277	0.791802	647	413,372
02/24/2017	0.762288	0.880105	0.678234	0.878928	1,979	358,966
02/23/2017	0.717232	0.847918	0.693881	0.760968	149	337,749
02/22/2017	0.653292	0.884820	0.646300	0.713731	1,223	307,639
02/21/2017	0.721764	0.739651	0.634251	0.653584	358	339,883
02/20/2017	0.657862	0.848445	0.620633	0.722232	240	309,791
02/19/2017	0.661517	0.850710	0.655007	0.656937	42	311,512
02/18/2017	0.723371	0.727242	0.651104	0.660727	3	340,640
02/17/2017	0.709094	0.732367	0.705443	0.722467	1	333,917
02/16/2017	0.637769	0.715085	0.637769	0.709583	1	300,329
02/15/2017	0.698379	0.706429	0.637516	0.637661	1	328,871
02/14/2017	0.611952	0.727918	0.611952	0.699132	14	288,172
02/13/2017	0.655730	0.666385	0.611084	0.611084	1	308,787
02/12/2017	0.590161	0.728262	0.588511	0.655973	589	277,910
02/11/2017	1.00	1.02	0.590530	0.590705	598	471,104
02/10/2017	0.763989	1.01	0.755465	1.00	633	359,767
02/09/2017	0.747306	0.775899	0.719369	0.764932	67	351,761
02/08/2017	0.843006	0.851311	0.745955	0.746797	11	396,808
02/07/2017	0.934942	0.952995	0.836369	0.842556	593	440,083
02/06/2017	0.573304	0.933157	0.524914	0.933157	428	269,858
02/05/2017	0.600242	0.745113	0.572100	0.572879	12	282,538
02/04/2017	0.633866	0.787433	0.597758	0.602511	325	298,365
02/03/2017	0.716633	0.812887	0.630585	0.631553	266	337,323
02/02/2017	0.677613	0.811543	0.652642	0.716538	35	318,979
02/01/2017	0.652415	0.809609	0.652415	0.677654	253	307,117
01/31/2017	0.561301	0.656819	0.555052	0.653820	55	264,226
01/30/2017	0.560787	0.568568	0.545710	0.561446	17	263,984
01/29/2017	0.561086	0.604771	0.543662	0.560780	9	264,125
01/28/2017	0.599258	0.601081	0.554290	0.561069	10	282,094
01/27/2017	0.589589	0.601215	0.566799	0.599267	0	277,543
01/26/2017	0.831479	0.833686	0.571288	0.588981	330	391,410
01/25/2017	0.583368	0.898992	0.580007	0.884721	2,382	274,614
01/24/2017	0.543443	0.596283	0.540271	0.582331	13	255,820
01/23/2017	0.542802	0.553786	0.532170	0.543595	358	255,518
01/22/2017	0.557722	0.561191	0.532246	0.543016	357	262,542
01/21/2017	0.570656	0.571966	0.545689	0.557741	367	268,630
01/20/2017	0.569887	0.572369	0.558907	0.570642	376	268,268
01/19/2017	0.629092	0.634366	0.560099	0.569926	375	296,138
01/18/2017	0.633817	0.639561	0.608602	0.627637	90	298,362
01/17/2017	0.611015	0.635201	0.610251	0.633719	91	287,629
01/16/2017	0.592792	0.616377	0.591340	0.610503	87	279,050
01/15/2017	0.662804	0.666304	0.587762	0.593843	85	312,008
01/14/2017	0.644122	0.665398	0.630844	0.662251	54	303,213
01/13/2017	0.648289	0.660791	0.632236	0.642856	52	305,175
01/12/2017	0.600312	0.674910	0.584041	0.647352	53	282,590
01/11/2017	0.669236	0.682111	0.585702	0.600718	49	315,036
01/10/2017	0.657271	0.686164	0.652907	0.669262	55	309,403
01/09/2017	0.649169	0.768490	0.632138	0.657525	54	305,589
01/08/2017	0.626577	0.831289	0.626577	0.649418	19	294,954
01/07/2017	0.687143	0.689383	0.578333	0.626200	14	323,465
01/06/2017	0.712627	0.724614	0.649512	0.686503	14	335,461
01/05/2017	1.07	1.09	0.677486	0.711866	71	504,548
01/04/2017	0.822796	1.13	0.822796	1.07	52	386,484
01/03/2017	0.948607	0.948607	0.761794	0.823943	258	444,064
01/02/2017	0.682512	1.05	0.676097	0.949984	7,719	324,749
01/01/2017	0.499099	0.903152	0.396673	0.682276	8,729	237,479
12/31/2016	0.561259	0.561530	0.478414	0.500989	69	267,055
12/30/2016	0.443171	0.561427	0.390343	0.561238	1,085	210,867
12/29/2016	0.439605	0.451842	0.431264	0.443293	17	209,171
12/28/2016	0.497531	0.497531	0.379895	0.440750	378	236,733
12/27/2016	0.513301	0.514740	0.484094	0.497208	9	244,236
12/26/2016	0.484749	0.520229	0.484749	0.513179	218	230,651
12/25/2016	0.455926	0.486107	0.455926	0.484988	10	216,936
12/24/2016	0.449830	0.498904	0.401244	0.455815	628	213,618
12/23/2016	0.457337	0.478925	0.445853	0.448476	135	217,183
12/22/2016	0.460166	0.489557	0.456058	0.457183	5	218,527
12/21/2016	0.475251	0.475741	0.440965	0.460938	195	225,690
12/20/2016	0.457597	0.482354	0.454645	0.476547	14	217,307
12/19/2016	0.450534	0.463478	0.444400	0.457617	139	213,953
12/18/2016	0.453052	0.459234	0.445151	0.450430	24	215,148
12/17/2016	0.489280	0.491867	0.451862	0.453254	111	232,353
12/16/2016	0.499942	0.501937	0.483662	0.489204	35	237,859
12/15/2016	0.496504	0.503211	0.488674	0.499961	1	236,224
12/14/2016	0.497352	0.499545	0.478586	0.495518	3	236,627
12/13/2016	0.510714	0.515823	0.501912	0.504979	1	242,984
12/12/2016	0.471878	0.520207	0.469291	0.510795	1	224,507
12/11/2016	0.767730	0.767730	0.471020	0.472445	1	365,266
12/10/2016	0.598282	0.769110	0.597243	0.767631	4	284,647
12/09/2016	0.526495	0.773836	0.524298	0.598151	9	250,493
12/08/2016	0.573917	0.623207	0.526340	0.526560	15	273,055
12/07/2016	0.492561	0.574791	0.481393	0.570254	91	234,348
12/06/2016	0.466243	0.466243	0.409770	0.419948	1	221,826
12/05/2016	0.443644	0.473099	0.414125	0.466124	17	211,074
12/04/2016	0.413775	0.446657	0.412820	0.443555	3	196,863
12/03/2016	0.429564	0.761268	0.412733	0.413723	3,686	206,497
12/02/2016	0.431639	0.434673	0.411578	0.429498	92	207,536
12/01/2016	0.436690	0.444046	0.400152	0.429575	186	209,965
11/30/2016	0.480964	0.483215	0.436144	0.436611	1	231,252
11/29/2016	0.482571	0.496829	0.475399	0.480506	1	232,025
11/28/2016	0.463601	0.492864	0.454696	0.482209	9	222,904
11/27/2016	0.459952	0.460556	0.367050	0.367336	6	221,150
11/26/2016	0.611411	0.612585	0.451952	0.460054	68	293,973
11/24/2016	0.523199	0.526009	0.515643	0.515643	4	251,559
11/23/2016	0.655080	0.656483	0.468667	0.523373	111	314,969
11/22/2016	0.469206	0.657160	0.467107	0.655123	0	225,599
11/21/2016	0.475243	0.475510	0.464573	0.469080	7	228,502
11/20/2016	0.375815	0.479755	0.363722	0.475244	219	180,696
11/19/2016	0.542907	0.548599	0.375555	0.375747	10	261,035
11/18/2016	0.504468	0.553727	0.473227	0.542787	1	242,553
11/17/2016	0.484825	0.504542	0.484825	0.504110	2	233,109
11/16/2016	0.479038	0.512915	0.470941	0.491353	74	230,326
11/15/2016	0.494056	0.508166	0.444731	0.478062	457	237,547
11/14/2016	0.571906	0.584697	0.497176	0.498591	0	274,978
11/13/2016	0.500588	0.587313	0.500588	0.571906	172	240,688
11/12/2016	0.532933	0.547376	0.500294	0.500600	2	256,240
11/11/2016	0.658080	0.659959	0.532589	0.532984	456	316,412
11/10/2016	0.594213	0.663420	0.593180	0.659328	0	285,704
11/09/2016	0.634889	0.637565	0.585710	0.593894	10	305,261
11/08/2016	0.633236	0.642137	0.629138	0.635028	199	304,466
11/07/2016	0.673765	0.694613	0.665153	0.671330	3	323,953
11/05/2016	0.657829	0.681678	0.635071	0.660903	59	316,291
11/04/2016	0.689049	0.719933	0.654325	0.655509	77	331,302
11/03/2016	0.681195	0.876631	0.673795	0.688746	4,108	330,804
11/02/2016	0.514727	0.657150	0.513047	0.652145	26	249,963
11/01/2016	0.619179	0.626037	0.511144	0.514580	745	300,688
10/31/2016	0.689921	0.733543	0.584466	0.619277	1,288	335,042
10/30/2016	0.638609	0.689799	0.572436	0.689799	350	310,123
10/29/2016	0.724134	0.724134	0.604381	0.638621	622	351,656
10/28/2016	0.722744	0.724966	0.718344	0.724011	69	350,981
10/27/2016	0.673643	0.748210	0.673643	0.722380	82	327,137
10/26/2016	0.754747	0.762089	0.668071	0.673879	27	366,523
10/25/2016	0.650094	0.760299	0.645970	0.754552	13	315,701
10/24/2016	0.608105	0.751316	0.606821	0.650264	159	295,310
10/23/2016	0.731246	0.733959	0.607348	0.610772	517	355,110
10/22/2016	0.606703	0.731231	0.575326	0.730894	831	294,629
10/21/2016	0.636755	0.640216	0.600132	0.606739	384	309,223
10/19/2016	0.625864	0.633381	0.616221	0.617481	1	303,934
10/18/2016	0.640690	0.650359	0.604297	0.624583	5	311,134
10/17/2016	0.618292	0.718753	0.575447	0.640712	20	300,257
10/16/2016	0.632617	0.632617	0.577183	0.618075	538	307,213
10/15/2016	0.630540	0.632243	0.621695	0.632243	19	306,205
10/14/2016	0.638556	0.653381	0.633112	0.633112	1	310,098
10/13/2016	0.573629	0.576157	0.573205	0.574843	282	278,567
10/12/2016	0.669044	0.677096	0.573685	0.573775	282	324,903
10/11/2016	0.703267	0.703267	0.675754	0.688898	0	341,523
10/10/2016	0.555077	0.704216	0.554577	0.698487	1	269,558
10/09/2016	0.699621	0.699621	0.554946	0.554946	305	339,752
10/08/2016	0.863969	0.865924	0.693416	0.699621	0	419,563
10/07/2016	0.729585	0.864770	0.721222	0.863800	0	354,303
10/06/2016	0.702678	0.758057	0.701829	0.729617	63	341,237
10/05/2016	0.687219	0.707034	0.679173	0.700278	353	333,729
10/04/2016	0.737861	0.766996	0.685137	0.687938	8	358,322
10/03/2016	0.687553	0.754713	0.587477	0.737837	5,080	335,871
10/02/2016	0.521894	0.521913	0.518230	0.518847	0	254,946
10/01/2016	0.636432	0.642669	0.521758	0.521879	1,777	310,893
09/29/2016	0.691974	0.694476	0.659316	0.661043	22	338,025
09/28/2016	0.702713	0.708165	0.613995	0.691927	659	343,271
09/27/2016	0.596865	0.704584	0.553784	0.702956	132	291,565
09/26/2016	0.704762	0.706351	0.589390	0.596627	3	344,272
09/25/2016	0.563049	0.710439	0.562464	0.707114	0	275,046
09/24/2016	0.688082	0.690820	0.559060	0.562985	384	336,124
09/23/2016	0.663232	0.690457	0.517561	0.690457	1,776	325,107
09/22/2016	0.535755	0.666863	0.521559	0.663206	1,439	263,012
09/21/2016	0.516519	0.961193	0.503457	0.536003	157	253,569
09/20/2016	0.655508	0.657528	0.508862	0.509548	421	321,801
09/19/2016	0.594953	0.681483	0.510324	0.655430	225	292,074
09/18/2016	0.580748	0.730781	0.579694	0.594930	135	285,100
09/17/2016	0.461435	0.646549	0.455593	0.580884	60	226,527
09/16/2016	0.778130	0.782156	0.303516	0.461120	1,432	381,998
09/15/2016	0.792463	0.802569	0.754243	0.778533	25	389,035
09/14/2016	0.787356	0.795620	0.753843	0.795257	12,541	386,528
09/13/2016	0.760796	0.807722	0.599314	0.788603	3	373,489
09/12/2016	0.708402	0.789279	0.706905	0.760640	11	347,768
09/11/2016	0.710761	0.739685	0.705887	0.711241	43	348,926
09/10/2016	0.691743	0.727546	0.681933	0.710174	0	339,590
09/09/2016	0.604430	0.692568	0.600325	0.692568	5	296,726
09/08/2016	0.597840	0.610777	0.597164	0.604508	471	293,491
09/07/2016	0.618497	0.699483	0.596586	0.597841	484	303,632
09/06/2016	0.647093	0.762818	0.617951	0.618404	2,033	317,670
09/05/2016	0.603130	0.658022	0.516609	0.645984	588	296,088
09/04/2016	0.615575	0.615575	0.555417	0.602636	180	302,197
09/03/2016	0.679095	0.685325	0.612547	0.615142	361	333,380
09/02/2016	0.542556	0.686443	0.510632	0.679103	851	266,351
09/01/2016	0.525047	0.529324	0.518959	0.523236	707	257,755
08/31/2016	0.736488	0.736488	0.522444	0.525121	710	361,556
08/30/2016	0.655013	0.749730	0.655013	0.735770	861	321,558
08/29/2016	0.784594	0.872366	0.640964	0.658398	2,337	385,172
08/28/2016	0.559742	0.836824	0.559529	0.784880	308	274,788
08/27/2016	0.677032	0.677032	0.558292	0.559967	595	332,368
08/26/2016	0.681698	0.682858	0.672660	0.676953	35	334,658
08/25/2016	0.748471	0.822646	0.683056	0.683056	398	367,438
08/24/2016	0.745577	0.756593	0.718806	0.748394	176	366,018
08/23/2016	0.755798	0.757068	0.722636	0.745542	161	371,035
08/22/2016	0.751754	0.774893	0.746729	0.755521	656	369,050
08/21/2016	0.750068	0.821096	0.742865	0.751305	329	368,222
08/20/2016	0.669403	0.767503	0.601666	0.749498	417	328,622
08/19/2016	0.681300	0.681300	0.643451	0.669093	23	334,463
08/18/2016	0.652268	0.700709	0.639874	0.681548	87	320,210
08/17/2016	0.608654	0.666339	0.604545	0.652521	4,041	298,800
08/16/2016	0.606992	0.640676	0.599891	0.608573	510	297,984
08/15/2016	0.602284	0.612975	0.575407	0.606965	122	295,672
08/14/2016	0.628117	0.636022	0.595030	0.602414	173	308,354
08/13/2016	0.589780	0.644034	0.582694	0.627723	876	289,534
08/12/2016	0.636112	0.636112	0.562437	0.588812	308	312,279
08/11/2016	0.566811	0.637537	0.566811	0.635433	80	278,258
08/10/2016	0.655214	0.700866	0.566009	0.567809	940	321,657
08/09/2016	0.759945	0.761418	0.645945	0.654689	535	373,212
08/08/2016	0.743269	0.766876	0.691129	0.759962	4,098	364,168
08/07/2016	0.739252	0.750743	0.736639	0.743466	110	362,199
08/06/2016	0.716043	0.752515	0.695084	0.739590	139	350,828
08/05/2016	0.660907	0.728568	0.660907	0.716004	418	323,814
08/04/2016	0.637525	0.670341	0.556784	0.659184	472	312,358
08/03/2016	0.619618	0.646853	0.561872	0.637574	620	303,584
08/02/2016	0.704623	0.747670	0.600035	0.618606	364	345,233
08/01/2016	0.750472	0.767727	0.671462	0.691953	849	-
07/31/2016	0.780463	0.824480	0.656421	0.752645	3,846	-
07/30/2016	0.883817	0.891492	0.779863	0.780469	565	-
07/29/2016	0.854562	0.937308	0.679738	0.883795	977	-
07/28/2016	0.815907	0.905083	0.815907	0.854841	474	-
07/27/2016	0.853798	0.894926	0.816160	0.816160	155	-
07/26/2016	0.854121	0.941003	0.842855	0.854133	1,462	-
07/25/2016	0.661263	0.857537	0.655453	0.854264	1,220	-
07/24/2016	0.655461	0.663110	0.654454	0.661285	388	-
07/23/2016	0.575216	0.575216	0.520715	0.529973	34	-
07/22/2016	0.641672	0.923352	0.570619	0.575145	130	-
07/21/2016	0.817225	0.840095	0.635444	0.641814	268	-
07/20/2016	0.837529	0.860282	0.812346	0.817434	30	-
07/19/2016	0.815984	0.854156	0.779922	0.838335	279	-
07/18/2016	0.846252	0.852428	0.778406	0.813809	22	-
07/17/2016	0.886985	0.890307	0.822646	0.848002	65	-
07/16/2016	0.781096	0.784139	0.775668	0.777494	155	-
07/15/2016	0.659198	0.784344	0.659077	0.780681	36	-
07/14/2016	0.796635	0.809305	0.657121	0.658109	3,297	-
07/13/2016	0.722206	0.834598	0.721124	0.796454	39	-
07/12/2016	0.742956	0.755997	0.662523	0.721568	84	-
07/11/2016	0.654965	0.822324	0.654294	0.742773	68	-
07/10/2016	0.937520	0.939962	0.653873	0.655761	3,948	-
07/09/2016	0.701786	0.945595	0.633399	0.938040	5,866	-
07/08/2016	0.826137	0.883753	0.695616	0.703767	105	-
07/07/2016	0.769034	0.825887	0.734201	0.825887	335	-
07/05/2016	1.12	1.13	1.10	1.10	0	-
07/04/2016	1.09	1.13	1.06	1.13	0	-
07/03/2016	1.14	1.14	1.06	1.08	0	-
07/02/2016	0.676734	0.697741	0.676399	0.692024	110	-
07/01/2016	1.02	1.09	0.672932	0.676296	107	-
06/30/2016	0.640591	1.02	0.636608	1.02	3,586	-
06/29/2016	0.646795	0.646932	0.628412	0.639890	960	-
06/28/2016	0.971987	0.999104	0.641504	0.649647	714	-
06/27/2016	0.868217	0.982603	0.629282	0.971801	0	-
06/26/2016	0.542316	0.996194	0.541182	0.867017	803	-
06/25/2016	0.695749	0.950516	0.531970	0.542317	54	-
06/24/2016	0.625575	0.670619	0.625272	0.665299	408	-
06/23/2016	0.579634	0.629327	0.562138	0.623977	422	-
06/22/2016	0.665916	1.08	0.658119	1.07	0	-
06/21/2016	0.713684	0.714125	0.639071	0.666653	673	-
06/20/2016	1.04	1.06	1.02	1.05	0	-
06/19/2016	0.756688	1.13	0.745628	1.04	0	-
06/18/2016	0.735430	0.777990	0.735430	0.756227	1,172	-
06/17/2016	1.06	1.16	0.979163	1.14	143	-
06/16/2016	0.738687	1.06	0.731816	1.06	227	-
06/14/2016	1.02	1.04	1.00	1.04	8	-
06/13/2016	0.985580	1.05	0.959690	1.02	10	-
06/12/2016	0.927555	0.998425	0.912935	0.985987	0	-
06/11/2016	0.920507	0.920507	0.905582	0.907110	0	-
06/10/2016	0.575837	0.926313	0.574792	0.921122	0	-
06/09/2016	0.582203	0.582203	0.570951	0.574630	158	-
06/08/2016	0.577268	0.582839	0.573130	0.581645	427	-
06/07/2016	0.871933	0.874563	0.567556	0.576638	1,108	-
06/06/2016	0.887308	0.892760	0.867990	0.871850	0	-
06/05/2016	1.06	1.08	0.878083	0.887430	0	-
06/04/2016	1.06	1.07	1.05	1.06	40	-
06/03/2016	0.806636	0.862078	0.805493	0.851653	0	-
