Date	Open	High	Low	Close	Volume	Market Cap
07/15/2018	0.122295	0.128292	0.121302	0.126519	477,396	-
07/14/2018	0.119280	0.124293	0.112287	0.122543	479,418	-
07/13/2018	0.110354	0.121922	0.109385	0.118315	467,056	-
07/12/2018	0.114947	0.117243	0.105537	0.109830	441,184	-
07/11/2018	0.103995	0.124776	0.101445	0.116575	513,647	-
07/10/2018	0.123487	0.125105	0.103900	0.104393	606,331	-
07/09/2018	0.115503	0.131527	0.114331	0.125846	490,005	-
07/08/2018	0.121023	0.125212	0.112840	0.116212	358,988	-
07/07/2018	0.118999	0.122485	0.112079	0.121238	284,716	-
07/06/2018	0.129606	0.130283	0.112278	0.119046	367,106	-
07/05/2018	0.124567	0.130118	0.099803	0.129444	450,356	-
07/04/2018	0.129055	0.134231	0.120132	0.124908	386,228	-
07/03/2018	0.148932	0.151741	0.122565	0.128268	456,063	-
07/02/2018	0.151868	0.152366	0.138545	0.149634	518,279	-
07/01/2018	0.154462	0.154945	0.149062	0.151930	410,432	-
06/30/2018	0.145869	0.163246	0.138155	0.153082	420,014	-
06/29/2018	0.124412	0.158506	0.124412	0.148649	469,985	-
06/28/2018	0.176576	0.179210	0.123392	0.126135	413,672	-
06/27/2018	0.177660	0.182990	0.168652	0.176523	682,809	-
06/26/2018	0.153300	0.200147	0.151422	0.178672	800,054	-
06/25/2018	0.148469	0.167108	0.142157	0.153048	546,367	-
06/24/2018	0.160416	0.172202	0.137631	0.148269	527,942	-
06/23/2018	0.159644	0.182088	0.136840	0.162625	670,140	-
06/22/2018	0.194382	0.203371	0.155763	0.157908	733,984	-
06/21/2018	0.191998	0.207812	0.181327	0.194904	957,331	-
06/20/2018	0.196473	0.201494	0.185372	0.191544	678,048	-
06/19/2018	0.215223	0.216614	0.194028	0.200275	854,291	-
06/18/2018	0.211293	0.216459	0.203798	0.215419	831,321	-
06/17/2018	0.213584	0.216677	0.210240	0.211449	889,922	-
06/16/2018	0.209603	0.216216	0.207637	0.213604	801,525	-
06/15/2018	0.248268	0.248268	0.206136	0.210575	872,965	-
06/14/2018	0.216742	0.250324	0.213589	0.247691	1,064,760	-
06/13/2018	0.228854	0.232514	0.203593	0.216307	1,075,480	-
06/12/2018	0.252266	0.253004	0.224282	0.228004	1,278,380	-
06/11/2018	0.264691	0.268069	0.225924	0.255474	1,439,250	-
06/10/2018	0.305666	0.305666	0.257936	0.265039	1,751,190	-
06/09/2018	0.255444	0.310558	0.250167	0.305201	1,767,260	-
06/08/2018	0.261321	0.280800	0.247510	0.254528	1,321,450	-
06/07/2018	0.279056	0.291165	0.257551	0.264228	1,270,980	-
06/06/2018	0.290937	0.308989	0.257695	0.261034	1,204,090	-
06/05/2018	0.274551	0.328684	0.225793	0.291108	1,270,770	-
06/04/2018	0.286084	0.290901	0.225892	0.268975	1,354,800	-
06/03/2018	0.291441	0.316145	0.279617	0.281759	841,707	-
06/02/2018	0.298365	0.303971	0.286753	0.291942	749,917	-
06/01/2018	0.322075	0.323616	0.293270	0.298986	1,038,030	-
05/31/2018	0.304351	0.329923	0.296005	0.321621	1,347,350	-
05/30/2018	0.315387	0.329805	0.288630	0.307386	1,054,810	-
05/29/2018	0.293865	0.322849	0.269121	0.315761	1,030,740	-
05/28/2018	0.354275	0.355410	0.287766	0.294752	1,075,490	-
05/27/2018	0.384162	0.386921	0.348564	0.355158	1,162,190	-
05/26/2018	0.390412	0.403806	0.383231	0.383878	1,505,160	-
05/25/2018	0.410786	0.416887	0.383974	0.393689	2,160,330	-
05/24/2018	0.421707	0.432321	0.390414	0.411279	1,579,420	-
05/23/2018	0.476112	0.484819	0.414581	0.424477	2,056,490	-
05/22/2018	0.560736	0.603959	0.475117	0.480539	3,871,020	-
05/21/2018	0.518219	0.563538	0.488129	0.562036	6,074,120	-
05/20/2018	0.499623	0.531200	0.499490	0.513545	3,500,350	-
05/19/2018	0.503733	0.512548	0.493985	0.499831	2,853,580	-
05/18/2018	0.502062	0.516272	0.495562	0.504759	3,288,710	-
05/17/2018	0.528331	0.536592	0.497693	0.505324	3,248,890	-
05/16/2018	0.540211	0.548291	0.509536	0.527345	4,017,660	-
05/15/2018	0.537652	0.551706	0.525312	0.537620	4,042,200	-
