Date	Open	High	Low	Close	Volume	Market Cap
07/15/2018	0.059366	0.060186	0.057531	0.059250	3,572,150	27,540,600
07/14/2018	0.058353	0.060593	0.056579	0.059261	3,734,930	27,070,500
07/13/2018	0.061575	0.064319	0.055101	0.058307	3,770,370	28,565,100
07/12/2018	0.063066	0.063759	0.058099	0.061054	4,010,170	29,256,800
07/11/2018	0.064051	0.064051	0.057712	0.063302	3,877,660	29,714,100
07/10/2018	0.069294	0.072181	0.054156	0.062931	4,265,790	32,146,400
07/09/2018	0.073900	0.076409	0.068272	0.069390	4,066,890	34,282,800
07/08/2018	0.068843	0.074840	0.068103	0.072214	3,686,490	31,936,900
07/07/2018	0.067222	0.071108	0.065989	0.068955	4,251,080	31,185,000
07/06/2018	0.067921	0.069846	0.063826	0.066986	3,996,680	31,509,300
07/05/2018	0.066596	0.069375	0.065473	0.069102	3,807,270	30,894,400
07/04/2018	0.065571	0.069147	0.057890	0.067235	4,274,450	30,419,100
07/03/2018	0.057638	0.067972	0.056706	0.066420	3,932,340	26,738,700
07/02/2018	0.060332	0.061673	0.049645	0.057686	3,882,110	27,988,700
07/01/2018	0.064895	0.068874	0.060363	0.060450	3,702,460	30,105,500
06/30/2018	0.062726	0.069716	0.061758	0.065359	3,634,820	29,099,400
06/29/2018	0.060107	0.065084	0.052767	0.062752	3,957,080	27,884,500
06/28/2018	0.054784	0.064501	0.054285	0.060266	3,986,580	25,415,000
06/27/2018	0.056396	0.057171	0.053821	0.054959	3,905,200	26,162,700
06/26/2018	0.058112	0.061545	0.055423	0.057014	3,861,530	26,958,700
06/25/2018	0.062499	0.064496	0.056948	0.058834	3,514,840	28,994,200
06/24/2018	0.066869	0.067444	0.060201	0.063694	3,725,490	31,021,200
06/23/2018	0.059507	0.071816	0.058732	0.066397	3,865,650	27,606,200
06/22/2018	0.076742	0.077263	0.058358	0.059637	4,073,880	35,601,200
06/21/2018	0.073934	0.077373	0.071489	0.076376	5,117,190	34,298,900
06/20/2018	0.074066	0.077405	0.071257	0.074388	5,205,000	34,360,100
06/19/2018	0.076692	0.079631	0.073094	0.073094	4,837,950	35,578,400
06/18/2018	0.076820	0.079214	0.074755	0.076645	5,292,030	35,637,400
06/17/2018	0.077248	0.082616	0.075315	0.076774	5,240,050	35,836,200
06/16/2018	0.076934	0.081143	0.074989	0.077291	5,160,690	35,690,300
06/15/2018	0.077526	0.088787	0.073098	0.077082	5,450,690	35,965,300
06/14/2018	0.074103	0.078680	0.068499	0.077847	4,841,590	34,377,200
06/13/2018	0.089872	0.091383	0.070980	0.074004	4,610,400	41,692,600
06/12/2018	0.093328	0.098604	0.087204	0.089921	4,584,730	43,295,800
06/11/2018	0.095638	0.095638	0.087231	0.093161	4,785,700	44,367,600
06/10/2018	0.110504	0.110504	0.081538	0.092095	4,401,770	51,264,200
06/09/2018	0.112568	0.113646	0.103883	0.110775	4,760,110	52,221,300
06/08/2018	0.116602	0.117730	0.110528	0.112072	5,113,670	54,093,000
06/07/2018	0.119201	0.121299	0.114630	0.116243	6,610,630	55,298,500
06/06/2018	0.116788	0.121464	0.115372	0.119295	5,109,350	54,179,200
06/05/2018	0.113455	0.117404	0.111796	0.116790	4,940,050	52,632,800
06/04/2018	0.123582	0.126284	0.111307	0.115219	5,831,740	57,330,900
06/03/2018	0.118189	0.126938	0.118026	0.123730	6,066,040	54,829,100
06/02/2018	0.111640	0.118374	0.109815	0.117477	6,382,080	51,790,900
06/01/2018	0.116924	0.117873	0.100406	0.111393	5,333,380	54,242,100
05/31/2018	0.121984	0.122698	0.110870	0.116574	6,728,020	56,589,700
05/30/2018	0.133472	0.145297	0.112389	0.121222	4,916,000	61,919,200
05/29/2018	0.127518	0.134030	0.122867	0.133094	6,765,610	59,156,900
05/28/2018	0.153605	0.157449	0.119995	0.128618	6,705,300	71,259,100
05/27/2018	0.154660	0.168529	0.129966	0.150572	3,793,000	71,748,200
05/26/2018	0.150785	0.170744	0.146664	0.153241	4,255,390	69,950,700
05/25/2018	0.166719	0.167302	0.144098	0.150133	4,716,700	77,342,500
05/24/2018	0.156747	0.168482	0.148165	0.164249	5,537,030	72,716,700
05/23/2018	0.180283	0.182088	0.142369	0.158904	4,690,080	83,635,100
05/22/2018	0.184935	0.187778	0.178067	0.179846	4,824,190	85,793,100
05/21/2018	0.200045	0.200045	0.184306	0.186200	5,008,350	92,803,200
05/20/2018	0.191547	0.201765	0.184150	0.195577	5,388,920	88,860,800
05/19/2018	0.187745	0.202097	0.178862	0.192262	5,882,730	87,096,900
05/18/2018	0.183837	0.198659	0.179146	0.185185	5,197,680	85,284,100
05/17/2018	0.159614	0.202159	0.153233	0.182838	7,673,310	74,046,700
05/16/2018	0.164802	0.164802	0.151358	0.159261	8,643,730	76,453,200
05/15/2018	0.171491	0.188497	0.156554	0.164482	22,786,000	79,556,500
05/14/2018	0.147612	0.186100	0.143846	0.175509	9,716,970	68,478,800
05/13/2018	0.148747	0.162555	0.141397	0.147324	7,139,760	69,005,400
05/12/2018	0.150603	0.173387	0.127872	0.149300	3,759,530	69,866,500
05/11/2018	0.173357	0.173729	0.151350	0.152560	8,366,380	80,421,900
05/10/2018	0.183443	0.185205	0.166401	0.172162	5,505,310	85,101,100
05/09/2018	0.184660	0.212426	0.174651	0.183224	11,000,300	85,665,800
05/08/2018	0.175625	0.185200	0.171073	0.185200	16,487,000	81,474,400
05/07/2018	0.186380	0.188324	0.167908	0.180805	7,753,670	86,463,700
05/06/2018	0.192947	0.199443	0.171801	0.186304	10,680,300	89,510,200
05/05/2018	0.219282	0.221265	0.192761	0.196728	9,942,290	101,727,000
05/04/2018	0.174046	0.228396	0.170854	0.218182	8,688,020	80,741,700
05/03/2018	0.152608	0.174708	0.139838	0.171814	4,535,990	70,796,400
05/02/2018	0.156575	0.164072	0.140576	0.149926	4,224,370	72,636,900
05/01/2018	0.164621	0.167400	0.154245	0.157536	3,697,040	76,369,200
04/30/2018	0.173960	0.173960	0.161965	0.166475	4,062,700	80,701,700
04/29/2018	0.171722	0.178009	0.158375	0.171586	4,091,150	79,663,600
04/28/2018	0.160977	0.177425	0.153745	0.175130	4,104,220	74,679,100
04/27/2018	0.147081	0.182130	0.141734	0.169112	3,060,560	68,232,600
04/26/2018	0.136109	0.146587	0.128985	0.144951	2,191,760	63,142,200
04/25/2018	0.174363	0.174705	0.130598	0.132982	2,360,300	80,889,000
04/24/2018	0.166072	0.187994	0.158389	0.170553	2,711,020	77,042,500
04/23/2018	0.188310	0.189755	0.139117	0.164500	2,749,070	87,358,900
04/22/2018	0.117778	0.202121	0.107951	0.186692	5,862,460	54,638,200
04/21/2018	0.090256	0.118795	0.090256	0.116731	4,301,520	41,870,900
04/20/2018	0.071486	0.090873	0.071486	0.089915	5,379,120	33,163,000
04/19/2018	0.066623	0.073995	0.065842	0.072111	4,893,500	30,907,100
04/18/2018	0.070551	0.071140	0.062658	0.066188	3,348,030	32,729,100
04/17/2018	0.061870	0.082263	0.061591	0.070583	3,676,110	28,702,100
04/16/2018	0.057834	0.064778	0.057816	0.062201	3,142,000	26,829,800
04/15/2018	0.056451	0.061007	0.054569	0.057705	2,565,650	26,188,000
04/14/2018	0.055815	0.060166	0.053407	0.056759	2,498,650	25,893,200
04/13/2018	0.057538	0.063392	0.055565	0.056366	2,543,870	26,692,400
04/12/2018	0.057272	0.060020	0.051768	0.056100	2,392,350	26,568,900
04/11/2018	0.054160	0.057292	0.054028	0.057292	2,440,760	25,125,500
04/10/2018	0.054868	0.065654	0.052883	0.054306	2,183,890	25,453,800
04/09/2018	0.063444	0.064049	0.053604	0.054847	2,072,600	29,432,200
04/08/2018	0.063303	0.065991	0.060677	0.065046	2,716,870	29,367,200
04/07/2018	0.058675	0.066251	0.054883	0.060991	2,675,390	27,219,900
04/06/2018	0.058903	0.061998	0.053374	0.056678	2,453,170	27,325,700
04/05/2018	0.060672	0.063573	0.055156	0.060107	2,732,680	28,146,600
04/04/2018	0.063693	0.068684	0.056997	0.061020	2,683,130	29,547,900
04/03/2018	0.064179	0.067773	0.059655	0.067773	454,636	29,773,400
04/02/2018	0.060054	0.066743	0.056899	0.064117	673,374	27,859,800
04/01/2018	0.059203	0.070122	0.054709	0.060162	2,699,650	27,465,100
03/31/2018	0.063822	0.075309	0.053842	0.059282	2,672,070	29,607,600
03/30/2018	0.064713	0.068838	0.058744	0.061874	2,726,890	30,021,100
03/29/2018	0.064802	0.075605	0.060937	0.065110	2,919,670	30,062,600
03/28/2018	0.063958	0.068399	0.061290	0.064684	2,918,440	29,670,800
03/27/2018	0.066628	0.070834	0.060772	0.063945	3,561,740	30,909,200
03/26/2018	0.075280	0.075640	0.062117	0.068256	3,182,710	34,923,200
03/25/2018	0.078214	0.081684	0.072342	0.074489	934,596	36,284,400
03/24/2018	0.075249	0.084831	0.072961	0.075552	751,337	34,909,000
03/23/2018	0.076331	0.078700	0.068800	0.073854	956,644	35,410,600
03/22/2018	0.073596	0.081098	0.065794	0.078045	3,123,850	34,142,000
03/21/2018	0.068722	0.077239	0.049612	0.074231	3,689,150	31,880,900
03/20/2018	0.091719	0.104516	0.060810	0.073656	11,868,900	42,549,600
03/19/2018	0.071204	0.094835	0.065746	0.094835	20,837,900	33,032,400
03/18/2018	0.080795	0.080795	0.056827	0.068929	11,588,700	37,481,500
03/17/2018	0.087293	0.090111	0.077810	0.081878	15,171,800	40,496,400
03/16/2018	0.086697	0.093884	0.084117	0.087541	14,900,700	40,219,800
03/15/2018	0.087785	0.089623	0.077150	0.086454	14,436,200	40,724,200
03/14/2018	0.099568	0.102033	0.085636	0.087704	16,900,700	46,190,700
03/13/2018	0.105203	0.107314	0.097221	0.100120	21,047,400	48,804,800
03/12/2018	0.102908	0.109859	0.099433	0.104908	23,765,600	47,739,900
03/11/2018	0.100667	0.108888	0.093137	0.102845	20,205,300	46,700,600
03/10/2018	0.107840	0.113478	0.102355	0.105213	21,501,600	50,028,000
03/09/2018	0.114417	0.114785	0.096192	0.108189	22,284,900	53,079,000
03/08/2018	0.119258	0.124426	0.111318	0.113603	30,437,800	55,324,900
03/07/2018	0.140225	0.141929	0.117299	0.120041	20,050,500	65,051,800
03/06/2018	0.161659	0.167866	0.137691	0.140380	41,998,900	74,995,100
03/05/2018	0.169218	0.171428	0.159012	0.161596	15,434,300	78,502,000
03/04/2018	0.177610	0.177994	0.153699	0.169833	19,334,800	82,395,100
03/03/2018	0.177327	0.182573	0.166855	0.178802	21,160,900	82,264,000
03/02/2018	0.185239	0.186843	0.168922	0.178113	24,725,400	85,934,300
03/01/2018	0.176184	0.186060	0.173300	0.186060	27,240,400	81,733,500
02/28/2018	0.186428	0.190289	0.176515	0.179860	25,079,500	86,486,000
02/27/2018	0.192107	0.194485	0.179023	0.191520	28,437,900	89,120,200
02/26/2018	0.185884	0.198023	0.174265	0.189676	23,082,600	86,233,300
02/25/2018	0.181947	0.187271	0.169927	0.184820	23,706,700	84,407,200
02/24/2018	0.188141	0.198403	0.175501	0.182009	26,827,200	87,280,400
02/23/2018	0.187624	0.195534	0.177976	0.187488	29,733,700	87,040,800
02/22/2018	0.194586	0.197726	0.174207	0.188261	63,829,900	34,684,900
02/21/2018	0.203860	0.207996	0.184157	0.194749	64,732,000	36,338,100
02/20/2018	0.220500	0.225597	0.203752	0.204527	35,243,100	39,304,100
02/19/2018	0.215663	0.225518	0.200354	0.221172	39,412,000	38,441,900
02/18/2018	0.229860	0.233064	0.192653	0.218962	20,836,300	40,972,500
02/17/2018	0.215544	0.233176	0.213031	0.226512	18,914,100	38,420,700
02/16/2018	0.214887	0.221731	0.204199	0.220057	17,533,500	38,303,700
02/15/2018	0.221649	0.226804	0.203338	0.216770	14,136,700	39,509,000
02/14/2018	0.208347	0.224928	0.200462	0.220273	19,303,000	37,137,900
02/13/2018	0.212356	0.221461	0.196778	0.208736	51,949,600	37,852,400
02/12/2018	0.208219	0.225227	0.206653	0.214357	66,077,300	37,115,100
02/11/2018	0.218846	0.224156	0.198908	0.206575	87,885,800	39,009,300
02/10/2018	0.226402	0.245264	0.210352	0.219002	26,058,900	40,356,200
02/09/2018	0.205946	0.230826	0.197556	0.223151	27,564,700	36,709,900
02/08/2018	0.188250	0.212433	0.188250	0.202134	9,494,180	33,555,600
02/07/2018	0.201282	0.217967	0.181476	0.187752	11,231,700	35,878,500
02/06/2018	0.174462	0.203635	0.141694	0.201996	17,091,300	31,097,900
02/05/2018	0.230798	0.233102	0.164897	0.175459	10,161,900	41,139,800
02/04/2018	0.270370	0.274181	0.219822	0.233217	23,592,600	48,193,400
02/03/2018	0.265320	0.277999	0.232408	0.269246	29,988,600	47,293,300
02/02/2018	0.292751	0.292751	0.211845	0.262768	19,544,100	52,182,900
02/01/2018	0.319044	0.321605	0.279677	0.294380	16,774,700	56,869,700
01/31/2018	0.305404	0.328340	0.285181	0.323516	16,247,800	54,438,200
01/30/2018	0.346796	0.349673	0.286797	0.304962	22,723,800	61,816,400
01/29/2018	0.385340	0.389801	0.341483	0.345834	18,944,500	68,686,800
01/28/2018	0.396674	0.410874	0.382037	0.383054	33,314,500	70,707,100
01/27/2018	0.375995	0.405248	0.374189	0.397812	21,876,500	67,021,100
01/26/2018	0.384183	0.399176	0.350002	0.383294	31,510,900	68,480,600
01/25/2018	0.349220	0.399816	0.343275	0.376108	32,708,300	62,248,400
01/24/2018	0.329795	0.348520	0.315558	0.344263	40,784,400	58,786,000
01/23/2018	0.333425	0.357178	0.291120	0.325626	29,232,000	59,433,100
01/22/2018	0.332793	0.374295	0.306132	0.337050	65,377,700	59,320,400
01/21/2018	0.433386	0.435952	0.324648	0.331744	62,503,200	77,251,000
01/20/2018	0.349197	0.443904	0.344700	0.425441	113,745,000	62,244,400
01/19/2018	0.317920	0.353466	0.286086	0.343234	114,309,000	56,669,200
01/18/2018	0.311141	0.340247	0.286413	0.318297	105,157,000	55,460,900
01/17/2018	0.270433	0.318764	0.218647	0.299540	133,865,000	48,204,700
01/16/2018	0.476123	0.476123	0.247766	0.271629	76,779,600	84,868,800
01/15/2018	0.509573	0.535315	0.480655	0.480741	162,521,000	90,831,400
01/14/2018	0.567072	0.584604	0.478477	0.508577	184,151,000	101,081,000
01/13/2018	0.562903	0.574755	0.526575	0.565223	310,994,000	100,337,000
01/12/2018	0.505666	0.571223	0.496149	0.568183	263,590,000	90,135,000
01/11/2018	0.600247	0.604829	0.502290	0.506274	159,827,000	106,994,000
01/10/2018	0.590732	0.610746	0.539192	0.594470	209,273,000	105,298,000
01/09/2018	0.556009	0.613060	0.548260	0.592329	187,657,000	99,108,600
01/08/2018	0.633824	0.652419	0.490747	0.552567	104,046,000	112,979,000
01/07/2018	0.668009	0.697067	0.604711	0.635124	109,225,000	119,073,000
01/06/2018	0.653284	0.688568	0.596031	0.656485	118,643,000	116,448,000
01/05/2018	0.595847	0.703783	0.595847	0.649610	117,442,000	106,210,000
01/04/2018	0.594019	0.614562	0.571783	0.604658	116,047,000	105,884,000
01/03/2018	0.581302	0.612352	0.562664	0.592268	128,996,000	103,617,000
01/02/2018	0.577517	0.597289	0.559735	0.579756	101,313,000	102,942,000
01/01/2018	0.596961	0.600892	0.532003	0.577417	87,124,300	106,408,000
12/31/2017	0.508057	0.634047	0.504269	0.600395	100,420,000	90,561,200
12/30/2017	0.591515	0.591515	0.468347	0.507696	127,097,000	105,438,000
12/29/2017	0.639161	0.643709	0.550388	0.591265	144,071,000	113,930,000
12/28/2017	0.686987	0.693500	0.530685	0.633812	213,843,000	122,455,000
12/27/2017	0.705416	0.713712	0.591308	0.691663	212,878,000	125,740,000
12/26/2017	0.627402	0.717870	0.617351	0.705522	234,371,000	111,834,000
12/25/2017	0.634809	0.674963	0.582389	0.622353	134,407,000	113,155,000
12/24/2017	0.636540	0.643914	0.556357	0.634783	185,908,000	113,463,000
12/23/2017	0.595300	0.696389	0.567363	0.626092	192,421,000	106,112,000
12/22/2017	0.776081	0.789840	0.454876	0.604087	204,654,000	138,337,000
12/21/2017	0.838818	0.903494	0.722487	0.788096	171,081,000	149,519,000
12/20/2017	0.954955	1.01	0.774230	0.839939	196,233,000	170,221,000
12/19/2017	0.811878	0.959629	0.788918	0.957940	370,834,000	144,717,000
12/18/2017	0.626955	0.810658	0.573376	0.810002	307,759,000	111,755,000
12/17/2017	0.557077	0.634054	0.540655	0.624379	262,778,000	99,298,900
12/16/2017	0.577607	0.605754	0.511332	0.558309	184,778,000	102,959,000
12/15/2017	0.442640	0.602991	0.405932	0.564729	62,437,100	78,900,600
12/14/2017	0.328850	0.441164	0.300965	0.437389	119,929,000	58,617,600
12/13/2017	0.327182	0.368528	0.305238	0.329726	81,897,300	58,320,200
12/12/2017	0.321960	0.340863	0.282542	0.333028	93,205,400	57,389,400
12/11/2017	0.295581	0.359384	0.288361	0.327913	26,926,500	52,687,400
12/10/2017	0.334726	0.352964	0.282878	0.296633	26,267,000	59,664,900
12/09/2017	0.278290	0.375335	0.263658	0.334274	45,817,000	49,605,200
12/08/2017	0.256064	0.282258	0.239953	0.278149	27,321,200	45,643,500
12/07/2017	0.242941	0.321647	0.231592	0.256342	35,807,700	43,304,300
12/06/2017	0.216421	0.276717	0.201977	0.241660	47,847,700	38,577,100
12/05/2017	0.230762	0.235621	0.209483	0.219129	32,093,700	41,133,300
12/04/2017	0.209487	0.249476	0.189966	0.230416	57,825,100	37,341,100
12/03/2017	0.218597	0.225700	0.199605	0.207972	18,789,900	38,964,800
12/02/2017	0.182003	0.239467	0.170435	0.218688	54,613,800	32,442,000
12/01/2017	0.179277	0.186831	0.168593	0.182748	6,466,260	31,956,200
11/30/2017	0.166634	0.183847	0.147040	0.179794	4,357,860	-
11/29/2017	0.172097	0.189599	0.155236	0.164727	4,432,340	-
11/28/2017	0.153949	0.186951	0.143542	0.172942	9,248,500	-
11/27/2017	0.170997	0.173576	0.141125	0.154917	6,932,630	-
11/26/2017	0.166980	0.174308	0.154415	0.157464	6,168,330	-
11/25/2017	0.176934	0.179417	0.166112	0.168118	9,699,870	-
11/24/2017	0.156193	0.177562	0.149661	0.176885	5,905,680	-
11/23/2017	0.182303	0.197145	0.146235	0.156415	1,469,920	-
11/22/2017	0.358193	0.362165	0.130053	0.182323	1,680,250	-
11/21/2017	0.280539	0.378274	0.268189	0.358592	16,638	-
11/20/2017	0.280377	0.282019	0.279630	0.280487	14,267	-
