Date	Open	High	Low	Close	Volume	Market Cap
07/15/2018	0.019891	0.020746	0.019357	0.020553	19,783	2,544,100
07/14/2018	0.019621	0.020333	0.019280	0.020043	66,404	2,509,500
07/13/2018	0.019528	0.020351	0.019487	0.019638	16,080	2,507,770
07/12/2018	0.020450	0.023139	0.019109	0.019407	52,867	2,637,960
07/11/2018	0.019983	0.021615	0.019691	0.020464	21,009	2,580,750
07/10/2018	0.022774	0.024818	0.019767	0.019990	59,748	2,944,740
07/09/2018	0.022120	0.025032	0.021160	0.022575	90,733	2,865,200
07/08/2018	0.022294	0.022691	0.020755	0.022098	98,300	2,887,830
07/07/2018	0.021866	0.023158	0.020514	0.022298	51,782	2,832,310
07/06/2018	0.021342	0.023670	0.020681	0.021681	12,937	2,767,490
07/05/2018	0.019652	0.025415	0.019652	0.021353	105,122	2,552,320
07/04/2018	0.019958	0.020607	0.018596	0.019339	117,263	2,594,860
07/03/2018	0.020293	0.021253	0.019176	0.019883	150,601	2,638,440
07/02/2018	0.020092	0.021446	0.018532	0.020935	196,088	2,612,330
07/01/2018	0.019915	0.022179	0.019796	0.020080	171,905	2,589,310
06/30/2018	0.018662	0.022211	0.018662	0.020010	266,143	2,426,440
06/29/2018	0.017581	0.018642	0.015322	0.018618	145,717	2,285,890
06/28/2018	0.018937	0.019163	0.017496	0.017757	174,324	2,462,110
06/27/2018	0.018598	0.019491	0.017803	0.019024	276,998	2,418,050
06/26/2018	0.020549	0.021798	0.018675	0.018698	315,493	2,671,770
06/25/2018	0.019682	0.021917	0.019117	0.020455	300,649	2,562,020
06/24/2018	0.021990	0.022484	0.018795	0.019652	329,823	2,865,720
06/23/2018	0.019501	0.024024	0.019412	0.022110	375,474	2,546,330
06/22/2018	0.024756	0.025153	0.019242	0.019519	450,510	3,232,460
06/21/2018	0.023995	0.027482	0.023498	0.025026	548,316	3,135,700
06/20/2018	0.024877	0.026437	0.023434	0.024077	547,488	3,251,580
06/19/2018	0.025619	0.026645	0.023335	0.024959	301,826	3,272,190
06/18/2018	0.024870	0.025892	0.022801	0.025636	231,287	3,174,660
06/17/2018	0.024899	0.025686	0.023894	0.024663	231,393	3,178,330
06/16/2018	0.024292	0.025895	0.024158	0.024768	54,481	3,100,830
06/15/2018	0.028273	0.028870	0.024260	0.024348	280,984	3,608,970
06/14/2018	0.026574	0.028599	0.024413	0.028133	333,172	3,392,170
06/13/2018	0.028760	0.029234	0.021029	0.026552	309,481	3,672,510
06/12/2018	0.033670	0.034016	0.028456	0.028652	359,322	4,299,490
06/11/2018	0.033455	0.036857	0.031630	0.033687	709,999	4,272,030
06/10/2018	0.038447	0.045930	0.033092	0.033264	1,674,470	4,906,490
06/09/2018	0.037857	0.039973	0.035275	0.038285	1,297,340	4,831,260
06/08/2018	0.039905	0.039905	0.034859	0.037832	2,679,570	5,092,760
06/07/2018	0.041623	0.044043	0.039150	0.039150	1,123,460	5,311,950
06/06/2018	0.043026	0.044951	0.040247	0.041672	798,607	5,490,970
06/05/2018	0.047315	0.048138	0.040619	0.043348	1,115,770	6,038,380
06/04/2018	0.048974	0.049653	0.043953	0.047429	1,957,740	6,250,180
06/03/2018	0.050577	0.051838	0.047096	0.048981	494,161	6,454,730
06/02/2018	0.048445	0.051099	0.048249	0.050597	745,101	6,182,550
06/01/2018	0.050175	0.052624	0.044319	0.048567	1,070,280	6,403,360
05/31/2018	0.048626	0.054936	0.047214	0.050333	2,302,990	6,194,810
05/30/2018	0.050075	0.051939	0.047907	0.048459	197,290	6,379,340
05/29/2018	0.045257	0.050126	0.044882	0.049495	616,319	5,765,600
05/28/2018	0.054954	0.055241	0.045302	0.045330	1,022,260	6,998,320
05/27/2018	0.057827	0.059059	0.054981	0.054981	1,198,330	7,364,190
05/26/2018	0.057683	0.060075	0.057067	0.057689	1,023,360	7,339,320
05/25/2018	0.058741	0.063946	0.056925	0.057949	1,407,600	7,473,920
05/24/2018	0.060063	0.063602	0.057899	0.058864	387,067	7,642,120
05/23/2018	0.075786	0.076367	0.057688	0.059916	823,902	9,642,620
05/22/2018	0.087011	0.088617	0.075282	0.075969	917,078	11,072,300
05/21/2018	0.099350	0.099875	0.084006	0.087697	8,370,240	12,640,700
05/20/2018	0.084506	0.105509	0.082560	0.099481	26,927,100	10,752,100
05/19/2018	0.082753	0.088424	0.081416	0.084439	7,129,390	10,529,100
05/18/2018	0.084568	0.087806	0.080768	0.082683	6,472,380	10,760,000
05/17/2018	0.088436	0.096502	0.082692	0.084820	4,886,910	11,129,900
05/16/2018	0.089069	0.107822	0.076140	0.089412	4,388,760	11,209,600
05/15/2018	0.076523	0.093737	0.076523	0.088939	117,431	9,630,700
05/14/2018	0.074060	0.083974	0.057764	0.076615	38,230	9,322,180
05/13/2018	0.074843	0.082586	0.071452	0.074228	39,034	9,420,620
05/12/2018	0.077923	0.079992	0.070456	0.074921	32,750	12,317,700
05/11/2018	0.090970	0.095297	0.077434	0.078058	43,081	11,449,400
05/10/2018	0.098521	0.100487	0.087296	0.090889	50,966	12,389,100
05/09/2018	0.090888	0.098428	0.078475	0.098428	68,950	11,419,200
05/08/2018	0.078387	0.093035	0.078387	0.091056	105,847	9,848,750
05/07/2018	0.071708	0.088573	0.067895	0.078127	50,498	9,010,980
05/06/2018	0.076972	0.079624	0.065267	0.071671	15,383	9,670,550
05/05/2018	0.078088	0.083625	0.072861	0.076994	17,987	9,810,740
05/04/2018	0.081216	0.085521	0.071619	0.078046	50,417	10,184,400
05/03/2018	0.070631	0.085988	0.070052	0.081104	32,407	8,856,960
05/02/2018	0.074692	0.078906	0.069901	0.070633	31,040	9,366,160
05/01/2018	0.069157	0.201703	0.064607	0.074798	118,558	8,672,090
04/30/2018	0.076491	0.079870	0.062200	0.069001	125,069	9,591,770
04/29/2018	0.080699	0.085701	0.075206	0.076481	39,778	10,117,100
04/28/2018	0.075663	0.084107	0.074124	0.079629	35,492	9,485,720
04/27/2018	0.074138	0.080672	0.070861	0.076377	41,325	9,294,500
04/26/2018	0.072448	0.074882	0.064078	0.073998	24,619	9,082,680
04/25/2018	0.084140	0.084140	0.063611	0.071836	36,113	10,546,800
04/24/2018	0.076236	0.086676	0.076236	0.083947	41,584	9,556,020
04/23/2018	0.077616	0.083869	0.070270	0.076742	75,174	9,681,520
04/22/2018	0.072700	0.082090	0.069197	0.077774	37,419	9,068,320
04/21/2018	0.077594	0.080125	0.069469	0.072671	63,820	9,678,820
04/20/2018	0.069964	0.081400	0.066736	0.076871	122,949	8,727,050
04/19/2018	0.056005	0.070039	0.055812	0.070039	45,864	6,985,880
04/18/2018	0.050457	0.061063	0.047704	0.055977	60,836	6,293,770
04/17/2018	0.050274	0.051541	0.047127	0.050437	19,666	6,271,070
04/16/2018	0.048702	0.052154	0.046826	0.050281	20,115	6,074,910
04/15/2018	0.046566	0.051474	0.045802	0.048642	25,032	5,808,530
04/14/2018	0.046974	0.049053	0.044110	0.046596	10,397	5,859,320
04/13/2018	0.047401	0.053230	0.045781	0.047019	43,276	5,912,610
04/12/2018	0.040193	0.049632	0.040193	0.047326	92,244	5,013,540
04/11/2018	0.037543	0.041703	0.036927	0.040321	40,290	4,683,040
04/10/2018	0.036663	0.039242	0.035709	0.037460	5,657	4,573,180
04/09/2018	0.037311	0.039382	0.033803	0.036498	18,430	4,654,060
04/08/2018	0.036261	0.038953	0.035307	0.037215	11,697	4,523,130
04/07/2018	0.037371	0.038614	0.036090	0.036278	12,124	4,661,510
04/06/2018	0.037762	0.038701	0.035178	0.037379	7,476	4,710,310
04/05/2018	0.038060	0.039076	0.036175	0.037900	9,487	4,747,500
04/04/2018	0.042049	0.043184	0.037095	0.038149	15,165	5,245,020
04/03/2018	0.039113	0.042710	0.038818	0.041949	18,130	4,878,800
04/02/2018	0.040276	0.042294	0.038469	0.039079	33,074	5,023,880
04/01/2018	0.044293	0.045141	0.036409	0.040186	31,090	5,524,970
03/31/2018	0.046283	0.048158	0.041095	0.044279	50,633	5,773,130
03/30/2018	0.051011	0.058922	0.042764	0.044504	84,153	6,362,930
03/29/2018	0.053160	0.060618	0.049034	0.051195	167,558	6,631,000
03/28/2018	0.044128	0.053716	0.043510	0.053078	60,858	5,504,410
03/27/2018	0.045729	0.047076	0.041943	0.044105	39,283	5,704,030
03/26/2018	0.042294	0.050244	0.038549	0.045588	63,264	5,275,590
03/25/2018	0.046915	0.051361	0.042258	0.044484	77,656	5,852,060
03/24/2018	0.052101	0.053213	0.045186	0.046081	68,910	6,498,880
03/23/2018	0.053779	0.055868	0.047385	0.051776	49,641	6,708,210
03/22/2018	0.057335	0.058907	0.047760	0.053764	27,970	7,151,740
03/21/2018	0.052679	0.079331	0.048821	0.057208	68,595	6,570,950
03/20/2018	0.051057	0.052890	0.045011	0.052361	56,730	6,368,720
03/19/2018	0.046329	0.050700	0.041897	0.050700	36,806	5,778,910
03/18/2018	0.042867	0.052228	0.037141	0.046259	38,544	5,347,050
03/17/2018	0.064930	0.066863	0.042713	0.042903	203,473	8,099,110
03/16/2018	0.064346	0.065208	0.058597	0.064798	59,903	-
03/15/2018	0.059215	0.066441	0.055956	0.064402	42,507	-
03/14/2018	0.068521	0.068768	0.055958	0.059180	33,710	-
03/13/2018	0.069131	0.074423	0.065264	0.068510	13,622	-
03/12/2018	0.086072	0.086542	0.068429	0.069209	52,164	-
03/11/2018	0.078863	0.087316	0.076725	0.085504	39,124	-
03/10/2018	0.090217	0.097456	0.077965	0.079100	36,876	-
03/09/2018	0.092904	0.097501	0.073999	0.090279	73,058	-
03/08/2018	0.107068	0.108439	0.090233	0.093073	110,052	-
03/07/2018	0.128468	0.129477	0.102924	0.107254	114,566	-
03/06/2018	0.149185	0.152092	0.114813	0.115473	228,778	-
03/05/2018	0.147572	0.167600	0.147338	0.156334	251,278	-
03/04/2018	0.141712	0.154736	0.138858	0.147619	223,577	-
03/03/2018	0.142742	0.175316	0.138202	0.142409	693,393	-
