Date	Open	High	Low	Close	Volume	Market Cap
07/15/2018	0.024874	0.025718	0.024667	0.025172	701	4,760,440
07/14/2018	0.025617	0.025705	0.024058	0.024880	5,803	4,902,540
07/13/2018	0.025841	0.026102	0.025330	0.025688	1,532	4,945,540
07/12/2018	0.026642	0.026825	0.024975	0.025816	1,968	5,098,820
07/11/2018	0.027089	0.028266	0.026524	0.026648	1,304	5,184,380
07/10/2018	0.029559	0.029617	0.027078	0.027088	1,369	5,657,000
07/09/2018	0.031045	0.031116	0.028245	0.029580	2,076	5,941,510
07/08/2018	0.017225	0.031230	0.016976	0.031052	2,378	3,296,470
07/07/2018	0.032464	0.034489	0.016752	0.017244	3,861	6,212,920
07/06/2018	0.031532	0.033695	0.030014	0.032519	5,187	6,034,630
07/05/2018	0.033054	0.033408	0.031029	0.031537	1,130	6,325,990
07/04/2018	0.031004	0.033755	0.030152	0.032984	272	5,933,660
07/03/2018	0.033560	0.034537	0.030889	0.031016	1,271	6,422,770
07/02/2018	0.033177	0.037739	0.028714	0.033718	3,373	6,349,530
07/01/2018	0.027808	0.036800	0.026757	0.033174	5,548	5,321,910
06/30/2018	0.031641	0.032973	0.026546	0.027802	13,518	6,055,490
06/29/2018	0.032361	0.032533	0.030020	0.031598	1,132	6,193,370
06/28/2018	0.035467	0.035571	0.030526	0.032341	4,894	6,787,730
06/27/2018	0.035756	0.036665	0.033452	0.035454	846	6,843,130
06/26/2018	0.036466	0.036880	0.034717	0.035771	435	6,978,840
06/25/2018	0.034544	0.037992	0.034115	0.036466	1,825	6,611,050
06/24/2018	0.030874	0.037260	0.029924	0.034611	24,527	5,908,720
06/23/2018	0.036237	0.036274	0.028335	0.030878	7,518	6,935,000
06/22/2018	0.039379	0.039736	0.032660	0.036232	7,671	7,536,340
06/21/2018	0.038245	0.042952	0.036549	0.039422	12,293	7,319,430
06/20/2018	0.040266	0.040975	0.038234	0.038237	362	7,706,130
06/19/2018	0.037062	0.040286	0.036077	0.040241	10,959	7,093,010
06/18/2018	0.036030	0.038497	0.033606	0.037082	10,307	6,895,500
06/17/2018	0.035200	0.038226	0.032890	0.036154	6,137	6,736,530
06/16/2018	0.036734	0.038323	0.034354	0.034354	2,221	7,030,230
06/15/2018	0.038713	0.041997	0.035996	0.036869	5,619	7,408,880
06/14/2018	0.034300	0.042585	0.033482	0.038777	7,738	6,564,480
06/13/2018	0.036807	0.037130	0.030183	0.034316	15,992	7,044,130
06/12/2018	0.037832	0.041153	0.036243	0.036712	14,234	7,240,380
06/11/2018	0.038544	0.041568	0.036339	0.037852	12,680	7,376,530
06/10/2018	0.041996	0.043418	0.035655	0.038489	40,047	8,037,230
06/09/2018	0.040993	0.046038	0.039680	0.041943	9,708	7,845,190
06/08/2018	0.038770	0.045436	0.037656	0.041010	28,712	7,419,830
06/07/2018	0.043149	0.045660	0.038654	0.038740	16,511	8,257,910
06/06/2018	0.039152	0.045759	0.038813	0.043109	14,389	7,492,960
06/05/2018	0.034426	0.049133	0.033058	0.039163	30,977	6,588,410
06/04/2018	0.036581	0.037204	0.033793	0.034409	2,751	7,000,980
06/03/2018	0.034805	0.038281	0.034343	0.036564	8,540	6,661,090
06/02/2018	0.031283	0.034917	0.031221	0.034796	9,274	5,987,050
06/01/2018	0.032881	0.033384	0.030965	0.031297	1,849	6,292,720
05/31/2018	0.032946	0.035563	0.032682	0.032857	3,784	6,305,260
05/30/2018	0.031531	0.032979	0.030788	0.032963	2,326	6,034,470
05/29/2018	0.028413	0.033365	0.028413	0.031510	5,348	5,437,700
05/28/2018	0.032139	0.033099	0.027753	0.028422	8,206	6,150,840
05/27/2018	0.034034	0.034034	0.030424	0.032132	6,182	6,513,540
05/26/2018	0.036879	0.036879	0.033836	0.034019	3,943	7,057,910
05/25/2018	0.038747	0.040143	0.035646	0.036924	8,420	7,415,530
05/24/2018	0.034234	0.041062	0.031770	0.041062	20,217	6,551,820
05/23/2018	0.040393	0.040795	0.034029	0.034324	7,828	7,730,500
05/22/2018	0.045876	0.048467	0.041737	0.041778	27,006	8,779,870
05/21/2018	0.046958	0.047551	0.042779	0.045885	10,111	8,986,920
05/20/2018	0.045795	0.050458	0.045499	0.046900	4,405	8,764,280
05/19/2018	0.049145	0.050367	0.042820	0.045761	19,115	9,405,450
05/18/2018	0.036513	0.050338	0.035936	0.049153	46,779	6,987,850
05/17/2018	0.036586	0.042307	0.035373	0.036481	15,819	7,001,890
05/16/2018	0.036436	0.054743	0.035942	0.036549	13,322	6,973,100
05/15/2018	0.035748	0.069513	0.035434	0.036354	18,221	6,841,530
05/14/2018	0.039664	0.040009	0.035051	0.035810	15,875	7,590,920
05/13/2018	0.040209	0.049449	0.035507	0.039671	104,020	7,695,150
05/12/2018	0.038833	0.041350	0.037496	0.040222	3,149	7,431,960
05/11/2018	0.044602	0.044990	0.038803	0.038948	3,384	8,536,000
05/10/2018	0.047436	0.050129	0.041240	0.044549	14,646	9,078,400
05/09/2018	0.049657	0.049675	0.045742	0.047450	10,131	9,503,420
05/08/2018	0.050648	0.051310	0.046975	0.049733	3,438	9,693,070
05/07/2018	0.051238	0.052685	0.047255	0.050630	13,737	9,806,090
05/06/2018	0.041562	0.050942	0.040306	0.049580	14,737	7,954,200
05/05/2018	0.048749	0.051967	0.040799	0.041534	12,555	9,329,550
05/04/2018	0.051384	0.051940	0.048591	0.048772	9,286	9,833,870
05/03/2018	0.046682	0.054881	0.046502	0.051402	28,781	8,934,100
05/02/2018	0.048762	0.054222	0.045620	0.047846	33,457	9,332,190
05/01/2018	0.049136	0.051440	0.046031	0.048836	8,175	9,403,650
04/30/2018	0.050132	0.053645	0.048618	0.049092	11,794	9,594,400
04/29/2018	0.049266	0.051118	0.048250	0.050149	14,734	9,428,660
04/28/2018	0.049536	0.052020	0.048809	0.049286	10,903	9,480,160
04/27/2018	0.052070	0.058006	0.049114	0.049706	8,145	9,965,310
04/26/2018	0.048622	0.052448	0.046830	0.051998	7,999	9,305,410
04/25/2018	0.060731	0.063308	0.047171	0.047237	12,229	11,622,700
04/24/2018	0.051191	0.062084	0.051191	0.061145	22,676	9,796,980
04/23/2018	0.058306	0.065679	0.048462	0.051147	56,130	11,158,600
04/22/2018	0.056363	0.058424	0.053540	0.058424	17,221	10,786,900
04/21/2018	0.059318	0.060674	0.052628	0.056380	11,772	11,352,300
04/20/2018	0.054616	0.059072	0.051314	0.059007	23,946	10,452,600
04/19/2018	0.050437	0.061788	0.050209	0.054582	24,334	9,652,720
04/18/2018	0.048551	0.055474	0.047382	0.050518	19,316	9,291,780
04/17/2018	0.049755	0.050683	0.048010	0.048506	5,303	9,522,220
04/16/2018	0.054838	0.055146	0.048329	0.049730	25,871	10,495,000
04/15/2018	0.051276	0.056828	0.049034	0.054862	22,433	9,813,160
04/14/2018	0.047243	0.052550	0.046722	0.051221	7,311	9,041,370
04/13/2018	0.048729	0.054641	0.046955	0.047243	29,941	9,325,720
04/12/2018	0.041343	0.049400	0.040013	0.048667	12,659	7,912,260
04/11/2018	0.038064	0.043842	0.038029	0.039941	24,526	7,284,800
04/10/2018	0.035834	0.039664	0.032797	0.038028	45,533	6,857,870
04/09/2018	0.036686	0.038410	0.033527	0.035804	9,871	7,021,030
04/08/2018	0.036819	0.038560	0.035541	0.036627	12,023	7,046,460
04/07/2018	0.038119	0.040378	0.032963	0.036783	21,721	7,295,290
04/06/2018	0.036318	0.039178	0.034030	0.038077	17,173	6,950,670
04/05/2018	0.038023	0.040354	0.033094	0.036505	21,069	7,276,970
04/04/2018	0.045424	0.045433	0.037629	0.038007	5,782	8,693,400
04/03/2018	0.042598	0.045518	0.040790	0.045456	4,663	8,152,530
04/02/2018	0.037164	0.042614	0.033869	0.042568	23,496	7,112,390
04/01/2018	0.038350	0.040700	0.034881	0.036992	7,770	7,339,530
03/31/2018	0.036205	0.039723	0.035849	0.038351	5,922	6,928,980
03/30/2018	0.037918	0.039002	0.034904	0.036200	7,819	7,256,720
03/29/2018	0.043886	0.045652	0.037333	0.038012	46,436	8,398,960
03/28/2018	0.047973	0.049150	0.043082	0.043835	8,656	9,181,090
03/27/2018	0.048972	0.052686	0.042018	0.047984	55,618	9,372,240
03/26/2018	0.052040	0.054191	0.045368	0.049046	7,301	9,959,530
03/25/2018	0.050640	0.056551	0.049826	0.052080	7,778	9,691,570
03/24/2018	0.054885	0.056317	0.051348	0.051348	5,847	10,504,000
03/23/2018	0.054112	0.055985	0.051126	0.053103	6,528	10,356,100
03/22/2018	0.057859	0.062947	0.051406	0.054175	27,164	11,073,200
03/21/2018	0.060365	0.066615	0.056347	0.057938	13,779	11,552,700
03/20/2018	0.055236	0.066741	0.052935	0.060332	24,591	10,571,200
03/19/2018	0.051158	0.060306	0.050821	0.054627	14,611	9,790,660
03/18/2018	0.056684	0.056684	0.044572	0.051374	19,482	10,848,300
03/17/2018	0.060851	0.061178	0.052496	0.056822	29,499	11,645,700
03/16/2018	0.062920	0.063318	0.057531	0.060751	6,548	12,041,600
03/15/2018	0.066488	0.066909	0.058531	0.062955	19,117	12,724,500
03/14/2018	0.080797	0.095199	0.062084	0.066517	109,334	15,463,000
03/13/2018	0.068295	0.082948	0.066114	0.080786	38,437	13,070,300
03/12/2018	0.071421	0.078418	0.064052	0.068689	14,956	13,668,600
03/11/2018	0.070609	0.072743	0.060787	0.071646	27,319	13,513,300
03/10/2018	0.080668	0.088412	0.066145	0.070854	40,097	15,438,300
03/09/2018	0.080987	0.082826	0.068345	0.080633	42,517	15,499,500
03/08/2018	0.100164	0.100199	0.079980	0.081504	41,417	19,169,600
03/07/2018	0.150725	0.150725	0.089714	0.100114	246,976	28,845,900
03/06/2018	0.103502	0.150327	0.083660	0.143405	440,923	19,808,300
03/05/2018	0.104671	0.112909	0.095189	0.103787	101,093	20,032,100
03/04/2018	0.083536	0.109369	0.073410	0.107302	96,904	15,987,200
03/03/2018	0.094529	0.108709	0.073901	0.083466	85,983	18,091,000
03/02/2018	0.073430	0.098434	0.066863	0.094644	100,065	14,053,100
03/01/2018	0.056585	0.076874	0.056146	0.073561	32,789	10,829,200
02/28/2018	0.055837	0.062677	0.055229	0.056539	14,180	10,686,200
02/27/2018	0.059076	0.066199	0.051818	0.055903	28,974	11,306,000
02/26/2018	0.059520	0.064997	0.056573	0.058906	18,913	11,391,100
02/25/2018	0.063445	0.068232	0.056429	0.059444	15,664	12,142,200
02/24/2018	0.067946	0.068783	0.060620	0.063541	9,248	13,003,600
02/23/2018	0.055911	0.068032	0.055135	0.068032	26,309	10,700,400
02/22/2018	0.059390	0.061868	0.052499	0.055964	7,650	11,366,200
02/21/2018	0.065890	0.067109	0.049378	0.059451	15,797	12,610,000
02/20/2018	0.067782	0.073715	0.065267	0.065972	37,750	12,972,200
02/19/2018	0.062388	0.070382	0.062133	0.067721	21,367	11,939,900
02/18/2018	0.068062	0.071882	0.061773	0.062752	20,953	13,025,800
02/17/2018	0.072487	0.078789	0.066841	0.069215	21,822	13,872,700
02/16/2018	0.073982	0.075817	0.063521	0.072504	20,999	14,158,900
02/15/2018	0.066879	0.080396	0.063181	0.074300	30,563	12,799,400
02/14/2018	0.066552	0.074702	0.057503	0.066843	41,785	12,736,800
02/13/2018	0.072127	0.072353	0.066047	0.066751	15,244	13,803,700
02/12/2018	0.069473	0.081553	0.067446	0.071996	14,875	13,295,800
02/11/2018	0.071814	0.081239	0.062078	0.070450	25,029	13,743,900
02/10/2018	0.071894	0.081843	0.067792	0.071876	21,320	13,759,100
02/09/2018	0.071818	0.077306	0.065977	0.071841	23,904	13,744,700
02/08/2018	0.066281	0.077994	0.065807	0.071605	9,516	12,684,900
02/07/2018	0.073229	0.078841	0.066299	0.066547	32,781	14,014,600
02/06/2018	0.061220	0.076315	0.051794	0.073960	35,291	11,716,300
02/05/2018	0.079797	0.085620	0.056771	0.060694	36,380	15,271,700
02/04/2018	0.092318	0.097952	0.078811	0.080579	26,452	17,667,900
02/03/2018	0.087567	0.097018	0.082826	0.092271	29,694	16,758,600
02/02/2018	0.082226	0.094386	0.072256	0.087268	54,602	15,736,500
02/01/2018	0.094274	0.099272	0.075810	0.082409	72,873	18,042,300
01/31/2018	0.100040	0.102223	0.092836	0.094054	45,108	19,145,800
01/30/2018	0.121341	0.122034	0.097276	0.099782	87,214	23,222,500
01/29/2018	0.134935	0.137782	0.119692	0.121304	71,899	25,824,000
01/28/2018	0.136380	0.140252	0.124146	0.135069	63,859	26,100,600
01/27/2018	0.163277	0.167569	0.126939	0.135684	39,431	31,248,200
01/26/2018	0.122185	0.145433	0.122035	0.136898	82,242	23,383,900
01/25/2018	0.143992	0.152465	0.120660	0.122229	150,753	27,557,400
01/24/2018	0.143949	0.150767	0.130915	0.141561	97,235	27,549,200
01/23/2018	0.138201	0.147676	0.121959	0.144023	99,484	26,449,100
01/22/2018	0.150543	0.161317	0.119014	0.134547	96,734	28,811,100
01/21/2018	0.189357	0.192516	0.139300	0.148521	83,079	36,239,400
01/20/2018	0.166278	0.201939	0.162012	0.186094	126,071	31,822,500
01/19/2018	0.177605	0.199749	0.158229	0.164515	124,864	33,990,200
01/18/2018	0.143131	0.214004	0.140671	0.180655	187,021	27,392,600
01/17/2018	0.148424	0.150593	0.089615	0.142685	198,941	28,405,500
01/16/2018	0.231454	0.231454	0.128379	0.149813	188,717	44,296,000
01/15/2018	0.237583	0.246666	0.197323	0.231170	332,188	45,468,900
01/14/2018	0.303831	0.307323	0.214905	0.251450	315,926	58,147,600
01/13/2018	0.308014	0.335236	0.264717	0.303536	506,189	58,948,100
01/12/2018	0.252231	0.321693	0.232581	0.320395	617,071	48,272,300
01/11/2018	0.240188	0.281661	0.197165	0.250541	821,798	45,967,500
01/10/2018	0.186446	0.248245	0.167598	0.234336	560,525	35,682,200
01/09/2018	0.176786	0.200683	0.169277	0.188333	278,056	33,833,400
01/08/2018	0.170410	0.234522	0.159430	0.180741	369,849	32,613,300
01/07/2018	0.192813	0.205793	0.167872	0.169921	361,831	36,900,800
01/06/2018	0.138537	0.189631	0.134201	0.189631	262,790	26,513,400
01/05/2018	0.160732	0.170612	0.127787	0.138846	337,904	30,761,100
01/04/2018	0.153133	0.212287	0.144516	0.157810	769,620	29,306,700
01/03/2018	0.111502	0.151950	0.101850	0.151950	727,375	21,339,500
01/02/2018	0.085739	0.117852	0.085739	0.112361	327,146	16,408,800
01/01/2018	0.086137	0.088735	0.078719	0.085985	98,249	16,484,900
12/31/2017	0.080816	0.088688	0.079201	0.085848	98,730	15,466,600
12/30/2017	0.100303	0.100303	0.067224	0.081674	159,516	19,196,100
12/29/2017	0.068365	0.100197	0.067532	0.100197	404,019	13,083,700
12/28/2017	0.065680	0.069152	0.053357	0.065406	121,887	12,569,900
12/27/2017	0.068100	0.075349	0.061729	0.065705	119,380	13,033,100
12/26/2017	0.065395	0.074910	0.061930	0.068053	79,718	12,515,400
12/25/2017	0.060472	0.066771	0.056460	0.065453	84,674	11,573,200
12/24/2017	0.059954	0.061440	0.044687	0.061274	108,096	11,474,000
12/23/2017	0.047964	0.065922	0.046895	0.058974	76,101	9,179,450
12/22/2017	0.056275	0.056822	0.040165	0.047511	38,503	10,770,000
12/21/2017	0.064463	0.067914	0.052121	0.056081	100,459	12,336,900
12/20/2017	0.066155	0.066155	0.051127	0.064302	140,037	12,660,800
12/19/2017	0.065574	0.071320	0.061239	0.066217	110,174	12,549,600
12/18/2017	0.046484	0.074399	0.041551	0.065528	207,241	8,896,240
12/17/2017	0.049166	0.053298	0.032792	0.046227	138,849	9,409,410
12/16/2017	0.050120	0.057690	0.048552	0.049972	73,719	9,592,010
12/15/2017	0.052540	0.053206	0.045424	0.050046	66,331	10,055,200
12/14/2017	0.049366	0.054695	0.048321	0.052463	55,852	9,447,780
12/13/2017	0.052900	0.054460	0.046110	0.049521	61,906	10,124,100
12/12/2017	0.065505	0.065599	0.050313	0.052856	138,383	12,536,500
12/11/2017	0.066678	0.072260	0.057516	0.065405	139,318	12,760,900
12/10/2017	0.065991	0.073548	0.058681	0.067127	56,322	12,629,500
12/09/2017	0.067309	0.068807	0.055130	0.065775	71,337	12,881,700
12/08/2017	0.063197	0.068168	0.054288	0.064566	98,014	12,094,700
12/07/2017	0.078942	0.082130	0.056820	0.063278	173,809	15,108,000
12/06/2017	0.073197	0.081788	0.065904	0.078975	151,738	14,008,600
12/05/2017	0.058871	0.095085	0.055254	0.072609	483,571	11,266,800
12/04/2017	0.052531	0.063747	0.046347	0.058661	94,168	10,053,400
12/03/2017	0.050479	0.056881	0.046746	0.051485	97,403	9,660,720
12/02/2017	0.046726	0.052450	0.046524	0.050439	50,777	8,942,440
12/01/2017	0.045221	0.051586	0.041967	0.046762	52,759	8,654,370
11/30/2017	0.043125	0.051099	0.040026	0.045435	30,059	8,253,280
11/29/2017	0.048839	0.057903	0.040707	0.042618	80,823	9,346,870
11/28/2017	0.054506	0.059846	0.046578	0.048059	91,385	10,431,400
11/27/2017	0.053177	0.059803	0.048978	0.051562	63,222	10,177,000
11/26/2017	0.058850	0.060353	0.049772	0.053081	84,780	11,262,800
11/25/2017	0.059587	0.059611	0.054053	0.058872	75,497	11,403,800
11/24/2017	0.057087	0.059829	0.054018	0.059680	48,231	10,925,400
11/23/2017	0.053213	0.059973	0.051223	0.057193	64,956	10,184,000
11/22/2017	0.054431	0.055944	0.049342	0.052871	62,304	10,417,000
11/21/2017	0.055861	0.059620	0.052244	0.054200	68,990	10,690,800
11/20/2017	0.067534	0.067567	0.054972	0.055876	131,568	12,924,700
11/19/2017	0.067576	0.069195	0.063626	0.067625	71,413	12,932,800
11/18/2017	0.067094	0.070604	0.061370	0.067707	101,956	12,840,400
11/17/2017	0.057373	0.077031	0.051465	0.067335	260,085	10,980,100
11/16/2017	0.061823	0.064868	0.052926	0.056933	103,284	11,831,800
11/15/2017	0.052859	0.066024	0.052101	0.061038	119,264	10,116,200
11/14/2017	0.056169	0.056983	0.050657	0.052857	56,539	10,749,800
11/13/2017	0.050116	0.059372	0.048788	0.056058	76,391	9,591,190
11/12/2017	0.048133	0.054573	0.042469	0.050042	124,813	9,211,700
11/11/2017	0.054959	0.060875	0.048146	0.048146	46,112	10,518,200
11/10/2017	0.069000	0.072842	0.053101	0.057381	89,738	13,205,200
11/09/2017	0.065664	0.071547	0.059152	0.071547	113,778	12,566,800
11/08/2017	0.045206	0.068819	0.044966	0.067260	138,692	8,651,510
11/07/2017	0.041329	0.047968	0.041329	0.044807	66,072	7,909,650
11/06/2017	0.035816	0.045849	0.034850	0.041262	38,796	6,854,440
11/05/2017	0.037891	0.039132	0.030198	0.035535	49,687	7,251,600
11/04/2017	0.038587	0.040671	0.033524	0.037923	25,074	7,384,920
11/03/2017	0.035754	0.037895	0.030169	0.033460	44,762	6,842,580
11/02/2017	0.037764	0.040686	0.032899	0.035790	33,765	7,227,360
11/01/2017	0.038004	0.040440	0.034773	0.036754	64,596	7,273,150
10/31/2017	0.044974	0.044974	0.037277	0.038287	35,601	8,607,260
10/30/2017	0.046408	0.048080	0.037957	0.043799	53,666	8,881,700
10/29/2017	0.039300	0.048593	0.039261	0.046635	60,858	7,521,240
10/28/2017	0.041875	0.045654	0.038458	0.039354	31,161	8,014,060
10/27/2017	0.049043	0.049394	0.037172	0.041811	77,101	9,385,940
10/26/2017	0.044916	0.052771	0.043997	0.048535	63,646	8,596,070
10/25/2017	0.043490	0.045446	0.040175	0.044452	59,166	8,323,070
10/24/2017	0.048977	0.050153	0.040934	0.044400	85,081	9,373,350
10/23/2017	0.045509	0.052409	0.043528	0.049085	83,549	8,709,570
10/22/2017	0.043516	0.049074	0.040578	0.045576	36,154	8,328,220
10/21/2017	0.044617	0.046645	0.040907	0.042184	48,545	8,538,780
10/20/2017	0.044848	0.046116	0.038530	0.044709	64,005	8,583,000
10/19/2017	0.044607	0.048772	0.035900	0.045187	67,724	8,536,980
10/18/2017	0.044487	0.050579	0.040568	0.044882	60,965	8,513,940
10/17/2017	0.050697	0.052057	0.040299	0.044487	74,234	9,702,460
10/16/2017	0.051610	0.056316	0.049491	0.050687	31,937	9,877,220
10/15/2017	0.054492	0.056986	0.048104	0.051602	49,584	10,428,700
10/14/2017	0.056337	0.057660	0.051569	0.054393	45,215	10,781,800
10/13/2017	0.053000	0.061880	0.050698	0.056319	57,519	10,143,300
10/12/2017	0.050800	0.056983	0.048667	0.052104	82,128	9,722,100
10/11/2017	0.052935	0.056134	0.050613	0.050613	58,609	10,130,700
10/10/2017	0.054694	0.057008	0.051444	0.052943	51,364	10,467,400
10/09/2017	0.054028	0.058248	0.048499	0.054680	131,401	10,339,900
10/08/2017	0.064721	0.067469	0.051402	0.054017	90,958	12,386,400
10/07/2017	0.071492	0.073079	0.064137	0.065377	81,246	13,682,200
10/06/2017	0.074051	0.077134	0.066219	0.071476	122,550	14,171,900
10/05/2017	0.067876	0.074451	0.059824	0.074051	206,029	12,990,200
10/04/2017	0.071206	0.075156	0.060956	0.067818	168,771	13,627,500
10/03/2017	0.079492	0.080631	0.070213	0.071038	123,437	15,213,400
10/02/2017	0.082507	0.086641	0.070764	0.079214	180,364	15,790,400
10/01/2017	0.074492	0.084213	0.066716	0.080658	296,003	14,256,400
09/30/2017	0.061056	0.080323	0.056506	0.076020	225,800	11,685,000
09/29/2017	0.054652	0.062211	0.052279	0.061923	37,695	10,459,400
09/28/2017	0.051257	0.058109	0.048009	0.054688	97,550	9,809,700
09/27/2017	0.056191	0.057205	0.033750	0.051256	212,920	10,753,900
09/26/2017	0.058916	0.060126	0.051789	0.056345	96,706	11,275,500
09/25/2017	0.057004	0.063529	0.053557	0.058922	71,858	10,909,500
09/24/2017	0.057739	0.060660	0.054454	0.057060	32,249	11,050,200
09/23/2017	0.059831	0.064407	0.054921	0.057744	40,165	11,450,400
09/22/2017	0.057337	0.063757	0.056777	0.060098	87,401	10,973,300
09/21/2017	0.071732	0.074779	0.050764	0.057407	117,391	13,728,100
09/20/2017	0.070955	0.075151	0.068759	0.072056	91,261	13,579,500
09/19/2017	0.083842	0.086165	0.069758	0.071053	123,321	16,045,800
09/18/2017	0.083698	0.090731	0.075769	0.085523	543,612	16,018,300
09/17/2017	0.081218	0.084188	0.072591	0.081601	58,467	15,543,600
09/16/2017	0.081879	0.088871	0.073248	0.081270	69,446	15,670,100
09/15/2017	0.066610	0.085474	0.058170	0.081135	184,868	12,747,800
09/14/2017	0.075226	0.084226	0.059588	0.065837	170,809	14,396,700
09/13/2017	0.078492	0.086612	0.057989	0.075223	309,210	15,022,000
09/12/2017	0.081031	0.082410	0.065313	0.078457	284,928	15,507,800
09/11/2017	0.085602	0.093897	0.079128	0.081020	162,190	16,382,600
09/10/2017	0.106467	0.107505	0.074494	0.086634	466,015	20,375,800
09/09/2017	0.092507	0.111266	0.082333	0.103635	1,130,560	17,704,100
09/08/2017	0.059974	0.106337	0.050550	0.089383	1,138,490	11,477,900
09/07/2017	0.069313	0.071033	0.054151	0.060001	63,378	13,265,100
09/06/2017	0.041350	0.076559	0.040665	0.069287	145,688	7,913,680
09/05/2017	0.037393	0.044962	0.031307	0.041673	47,855	-
09/04/2017	0.043424	0.047556	0.027547	0.037526	110,551	-
09/03/2017	0.044652	0.051657	0.036883	0.045487	44,144	-
09/02/2017	0.050440	0.060000	0.045174	0.045507	35,980	-
09/01/2017	0.061697	0.066571	0.049173	0.050380	63,315	-
08/31/2017	0.062344	0.066226	0.047873	0.061722	145,553	-
08/30/2017	0.073584	0.078890	0.048548	0.062452	120,783	-
08/29/2017	0.074871	0.078324	0.065491	0.073626	122,259	-
08/28/2017	0.069568	0.075145	0.059775	0.074444	152,585	-
08/27/2017	0.054503	0.074625	0.048899	0.069498	218,692	-
08/26/2017	0.045363	0.062354	0.044117	0.054514	87,694	-
08/25/2017	0.052496	0.065502	0.040705	0.045276	50,487	-
08/24/2017	0.062015	0.064334	0.043354	0.052586	53,643	-
08/23/2017	0.057764	0.066656	0.053839	0.061987	77,870	-
08/22/2017	0.072975	0.072975	0.046230	0.060601	57,835	-
08/21/2017	0.056971	0.074915	0.052886	0.072721	152,195	-
08/20/2017	0.040164	0.057886	0.039670	0.057313	101,465	-
08/19/2017	0.036974	0.041224	0.028414	0.037480	46,688	-
08/18/2017	0.031049	0.039935	0.030995	0.033100	42,494	-
08/17/2017	0.042228	0.048527	0.031143	0.031143	37,967	-
08/16/2017	0.037337	0.046325	0.020803	0.042267	64,075	-
08/15/2017	0.030795	0.037296	0.015377	0.037296	45,242	-
08/14/2017	0.053570	0.054117	0.010973	0.034479	79,642	-
08/13/2017	0.044685	0.053699	0.044685	0.053536	78,892	-
