Date	Open	High	Low	Close	Volume	Market Cap
07/15/2018	0.024149	0.025819	0.023267	0.024189	7,941,840	-
07/14/2018	0.023654	0.026817	0.022346	0.024265	7,065,400	-
07/13/2018	0.023180	0.024374	0.022034	0.023479	7,335,520	-
07/12/2018	0.026194	0.026476	0.021971	0.022919	7,623,770	-
07/11/2018	0.025634	0.027383	0.021952	0.025674	7,474,120	-
07/10/2018	0.029361	0.031010	0.025617	0.025946	4,751,330	-
07/09/2018	0.027809	0.033674	0.026255	0.029398	2,615,450	-
07/08/2018	0.027729	0.030329	0.026510	0.027435	1,879,650	-
07/07/2018	0.024498	0.030749	0.022428	0.027281	1,723,830	-
07/06/2018	0.023429	0.026959	0.022561	0.025206	999,879	-
07/05/2018	0.026769	0.028670	0.021819	0.023833	1,147,650	-
07/04/2018	0.028963	0.030039	0.024893	0.026710	1,375,830	-
07/03/2018	0.023203	0.030513	0.022593	0.028951	1,562,030	-
07/02/2018	0.025567	0.025953	0.022659	0.024300	832,074	-
07/01/2018	0.026319	0.026410	0.024788	0.025557	54,983	-
06/30/2018	0.027826	0.029360	0.024595	0.026294	45,966	-
06/29/2018	0.023535	0.027866	0.023033	0.027808	39,426	-
06/28/2018	0.024103	0.024103	0.023387	0.023523	706	-
06/12/2018	0.036734	0.037106	0.035861	0.036082	259,819	-
06/11/2018	0.037844	0.037844	0.034314	0.036726	264,450	-
06/10/2018	0.043349	0.043419	0.036247	0.037780	177,216	-
06/09/2018	0.044330	0.045731	0.041997	0.043806	243,634	-
06/08/2018	0.044641	0.046403	0.043032	0.044346	163,685	-
06/07/2018	0.044231	0.046911	0.042781	0.044573	328,499	-
06/06/2018	0.048890	0.049589	0.041544	0.044226	363,989	-
06/05/2018	0.049462	0.050299	0.042782	0.048531	367,483	-
06/04/2018	0.055686	0.056538	0.047367	0.048954	152,034	-
06/03/2018	0.055500	0.058994	0.053905	0.056283	224,180	-
06/02/2018	0.051556	0.056930	0.048252	0.055558	297,587	-
06/01/2018	0.046695	0.053479	0.045801	0.052069	359,547	-
05/31/2018	0.044734	0.048544	0.042542	0.046168	233,873	-
05/30/2018	0.042125	0.047564	0.039558	0.044773	187,030	-
05/29/2018	0.033739	0.043077	0.033576	0.041980	171,101	-
05/28/2018	0.037432	0.037609	0.032871	0.034001	78,302	-
05/27/2018	0.037657	0.037657	0.034576	0.037429	110,700	-
05/26/2018	0.036715	0.039583	0.035659	0.037349	117,189	-
05/25/2018	0.036832	0.038182	0.035989	0.037211	43,321	-
05/24/2018	0.037483	0.039488	0.033846	0.037522	81,973	-
05/23/2018	0.040471	0.041654	0.035453	0.037623	65,595	-
05/22/2018	0.043968	0.044532	0.039924	0.040528	60,044	-
05/21/2018	0.045160	0.048115	0.042588	0.043341	102,004	-
05/20/2018	0.043274	0.046010	0.042886	0.045115	72,114	-
05/19/2018	0.046132	0.046132	0.042850	0.043176	83,249	-
05/18/2018	0.045423	0.045782	0.041395	0.043614	134,944	-
05/17/2018	0.045980	0.047942	0.041975	0.045406	116,533	-
05/16/2018	0.048343	0.049566	0.042130	0.045944	125,851	-
05/15/2018	0.051417	0.053893	0.046011	0.047564	139,008	-
05/14/2018	0.053494	0.055183	0.048560	0.051891	152,928	-
05/13/2018	0.051993	0.054084	0.048273	0.053507	190,074	-
05/12/2018	0.052918	0.053306	0.046826	0.052037	120,527	-
05/11/2018	0.056972	0.056972	0.049802	0.053064	123,782	-
05/10/2018	0.058338	0.061452	0.056310	0.056910	75,485	-
05/09/2018	0.058886	0.061316	0.054696	0.058320	161,302	-
05/08/2018	0.065095	0.065635	0.056408	0.058972	72,069	-
05/07/2018	0.067372	0.067372	0.060174	0.064922	452,865	-
05/06/2018	0.069854	0.071669	0.058953	0.067325	192,256	-
05/05/2018	0.063744	0.071765	0.056966	0.069913	318,590	-
05/04/2018	0.061359	0.070322	0.056656	0.058164	210,551	-
05/03/2018	0.048448	0.062193	0.048388	0.061490	325,690	-
05/02/2018	0.047353	0.050645	0.047019	0.048450	34,685	-
05/01/2018	0.049015	0.049015	0.045348	0.047460	46,116	-
04/30/2018	0.045283	0.053722	0.045091	0.048900	79,183	-
04/29/2018	0.051291	0.053811	0.045084	0.045291	190,813	-
04/28/2018	0.050422	0.053780	0.047456	0.051298	44,997	-
04/27/2018	0.053381	0.055218	0.050062	0.050735	92,695	-
04/26/2018	0.050192	0.053446	0.046935	0.053299	53,170	-
04/25/2018	0.057017	0.058435	0.047388	0.049755	54,558	-
04/24/2018	0.053838	0.060484	0.053838	0.057095	72,822	-
04/23/2018	0.051068	0.057195	0.049657	0.053824	81,503	-
04/22/2018	0.050195	0.054204	0.049344	0.051231	122,649	-
04/21/2018	0.053814	0.055532	0.049262	0.050202	66,452	-
04/20/2018	0.046918	0.055331	0.045594	0.053839	113,962	-
04/19/2018	0.044154	0.047583	0.043334	0.046930	70,928	-
04/18/2018	0.045323	0.047946	0.043256	0.044125	69,547	-
04/17/2018	0.046032	0.048821	0.044938	0.045292	108,565	-
04/16/2018	0.045922	0.047407	0.044092	0.046216	37,194	-
04/15/2018	0.042997	0.053908	0.042997	0.047129	119,269	-
04/14/2018	0.045022	0.048493	0.042029	0.043006	103,959	-
04/13/2018	0.046903	0.056112	0.044018	0.045022	133,406	-
04/12/2018	0.042018	0.047096	0.040320	0.046823	75,557	-
04/11/2018	0.042780	0.045656	0.041518	0.042192	62,644	-
04/10/2018	0.038062	0.048466	0.038062	0.042682	458,642	-
04/09/2018	0.038749	0.042791	0.037245	0.037912	44,007	-
04/08/2018	0.034677	0.041751	0.034072	0.038669	158,566	-
04/07/2018	0.030895	0.036503	0.030861	0.034674	47,869	-
04/06/2018	0.031603	0.031914	0.029123	0.030880	45,643	-
04/05/2018	0.031363	0.032904	0.030496	0.031746	54,390	-
04/04/2018	0.036316	0.036392	0.030337	0.031394	42,394	-
04/03/2018	0.034252	0.037237	0.032291	0.036290	46,656	-
04/02/2018	0.034309	0.035096	0.033143	0.034223	45,353	-
04/01/2018	0.034664	0.035963	0.032287	0.033405	18,124	-
03/31/2018	0.033484	0.036904	0.032300	0.034658	91,887	-
03/30/2018	0.031145	0.034944	0.029430	0.033503	88,229	-
03/29/2018	0.037718	0.037945	0.030795	0.031233	30,395	-
03/28/2018	0.037317	0.038969	0.036278	0.037964	99,886	-
03/27/2018	0.041306	0.041523	0.036105	0.037315	128,532	-
03/26/2018	0.042295	0.045109	0.039696	0.041343	48,111	-
03/25/2018	0.044386	0.046652	0.042178	0.042348	91,630	-
03/24/2018	0.045762	0.046594	0.044877	0.044977	61,755	-
03/23/2018	0.040604	0.046250	0.040526	0.045214	212,162	-
03/22/2018	0.041260	0.043485	0.039177	0.040609	56,476	-
03/21/2018	0.042247	0.044734	0.041064	0.041188	18,972	-
03/20/2018	0.041790	0.042914	0.037902	0.042017	19,211	-
03/19/2018	0.039699	0.043333	0.037998	0.041712	66,671	-
03/18/2018	0.043608	0.043608	0.035112	0.039820	208,280	-
03/17/2018	0.045189	0.049494	0.039377	0.043694	218,838	-
03/16/2018	0.048968	0.050002	0.041072	0.045271	224,843	-
03/15/2018	0.047842	0.056479	0.044301	0.049154	251,127	-
03/14/2018	0.047853	0.050928	0.040237	0.047360	243,986	-
03/13/2018	0.051914	0.053106	0.045538	0.048035	256,696	-
03/12/2018	0.055027	0.060106	0.048708	0.052005	300,256	-
03/11/2018	0.045675	0.058746	0.041955	0.054943	336,758	-
03/10/2018	0.047949	0.049737	0.040643	0.045588	270,733	-
03/09/2018	0.049060	0.050083	0.039659	0.046612	334,783	-
03/08/2018	0.050240	0.053169	0.043865	0.049172	445,785	-
03/07/2018	0.055929	0.060085	0.047930	0.050315	166,397	-
03/06/2018	0.060647	0.067732	0.055180	0.055911	144,672	-
03/05/2018	0.063946	0.064270	0.060155	0.060728	68,043	-
03/04/2018	0.065565	0.066720	0.061636	0.064002	33,108	-
03/03/2018	0.064864	0.073170	0.063178	0.065621	103,741	-
03/02/2018	0.061398	0.074321	0.060919	0.064926	244,693	-
03/01/2018	0.062431	0.064069	0.059978	0.061465	56,524	-
02/28/2018	0.066516	0.067428	0.061681	0.062391	58,851	-
02/27/2018	0.067263	0.068059	0.063511	0.065950	77,106	-
02/26/2018	0.064635	0.070029	0.061446	0.067074	42,995	-
02/25/2018	0.063345	0.068439	0.059733	0.064582	31,091	-
02/24/2018	0.071353	0.073831	0.061658	0.063475	57,947	-
02/23/2018	0.076128	0.078295	0.068488	0.071422	73,406	-
02/22/2018	0.066469	0.103434	0.066469	0.076212	682,886	-
02/21/2018	0.069601	0.071700	0.065167	0.066573	137,082	-
02/20/2018	0.074998	0.075654	0.068536	0.069688	171,688	-
02/19/2018	0.072228	0.076491	0.070981	0.074200	212,679	-
02/18/2018	0.077523	0.078591	0.071114	0.072591	284,273	-
02/17/2018	0.073498	0.079777	0.072663	0.077402	475,910	-
02/16/2018	0.072566	0.077293	0.068443	0.073052	901,448	-
02/15/2018	0.069410	0.073191	0.065795	0.072735	635,289	-
02/14/2018	0.062672	0.071126	0.058980	0.071015	783,785	-
02/13/2018	0.069123	0.069824	0.062162	0.063129	537,920	-
02/12/2018	0.064129	0.072228	0.063966	0.069007	546,157	-
02/11/2018	0.066585	0.069014	0.063205	0.064117	616,955	-
02/10/2018	0.070270	0.075369	0.063466	0.067096	507,397	-
02/09/2018	0.071961	0.073724	0.060926	0.070264	611,699	-
02/08/2018	0.059572	0.076164	0.054814	0.069995	677,836	-
02/07/2018	0.068478	0.072235	0.059669	0.059794	413,460	-
02/06/2018	0.061255	0.071703	0.049195	0.069236	663,894	-
02/05/2018	0.070386	0.079055	0.057663	0.061154	379,748	-
02/04/2018	0.090151	0.091332	0.071075	0.071075	88,869	-
02/03/2018	0.079858	0.091141	0.071295	0.090131	126,740	-
02/02/2018	0.083754	0.083754	0.067502	0.079534	112,688	-
02/01/2018	0.095647	0.099878	0.077598	0.083994	186,041	-
01/31/2018	0.092389	0.100202	0.086812	0.095443	344,794	-
01/30/2018	0.113508	0.114099	0.088416	0.092174	276,170	-
01/29/2018	0.123056	0.123982	0.102367	0.113467	334,718	-
01/28/2018	0.119709	0.134315	0.116273	0.123209	343,035	-
01/27/2018	0.131024	0.131742	0.112201	0.119011	314,031	-
01/26/2018	0.141613	0.152938	0.120278	0.131071	567,035	-
01/25/2018	0.103311	0.144080	0.102933	0.141161	1,307,570	-
01/24/2018	0.085808	0.105662	0.082675	0.101982	455,710	-
01/23/2018	0.087926	0.095716	0.080020	0.085827	145,933	-
01/22/2018	0.089497	0.096452	0.080392	0.085771	142,052	-
01/21/2018	0.097087	0.103031	0.086361	0.088291	125,666	-
01/20/2018	0.081652	0.110635	0.078758	0.096862	753,189	-
01/19/2018	0.088862	0.099031	0.077648	0.080774	227,200	-
01/18/2018	0.088556	0.101364	0.083848	0.089806	221,268	-
01/17/2018	0.091491	0.103065	0.066176	0.088216	322,700	-
01/16/2018	0.107769	0.116941	0.076677	0.091958	614,123	-
