Date	Open	High	Low	Close	Volume	Market Cap
07/15/2018	0.486425	0.519401	0.484124	0.494244	36,501	-
07/14/2018	0.488082	0.492189	0.473218	0.486573	15,665	-
07/13/2018	0.465766	0.492453	0.465766	0.486448	54,068	-
07/12/2018	0.459796	0.487470	0.458208	0.465330	27,733	-
07/11/2018	0.523509	0.534183	0.461947	0.462441	344,337	-
07/10/2018	0.563724	0.574399	0.499878	0.523014	270,000	-
07/09/2018	0.533862	0.580485	0.531299	0.564391	364,470	-
07/08/2018	0.552485	0.583047	0.532659	0.533678	86,757	-
07/07/2018	0.565720	0.566039	0.529416	0.552749	84,743	-
07/06/2018	0.539521	0.589367	0.530313	0.566115	378,276	-
07/05/2018	0.520608	0.625787	0.504432	0.536652	342,000	-
07/04/2018	0.515047	0.535405	0.498299	0.520511	133,919	-
07/03/2018	0.536611	0.557937	0.500358	0.515083	123,886	-
07/02/2018	0.514113	0.557902	0.497817	0.536747	87,866	-
07/01/2018	0.509608	0.520151	0.496886	0.514105	46,977	-
06/30/2018	0.567008	0.603341	0.492980	0.510704	381,960	-
06/29/2018	0.452911	0.573978	0.425545	0.568851	558,042	-
06/28/2018	0.452254	0.474295	0.426882	0.453115	35,352	-
06/27/2018	0.449958	0.476197	0.447723	0.452133	54,055	-
06/26/2018	0.467918	0.496090	0.449820	0.450079	121,218	-
06/25/2018	0.473312	0.497406	0.444696	0.467918	57,820	-
06/24/2018	0.459828	0.473580	0.409622	0.473580	276,764	-
06/23/2018	0.510656	0.510842	0.452681	0.459965	175,127	-
06/22/2018	0.525395	0.568497	0.460772	0.510594	583,380	-
06/21/2018	0.534813	0.570006	0.514416	0.525691	283,740	-
06/20/2018	0.553927	0.622469	0.509679	0.534804	1,107,780	-
06/19/2018	0.570471	0.665743	0.486532	0.553809	1,311,830	-
06/18/2018	0.492398	0.596484	0.476464	0.570633	325,396	-
06/17/2018	0.509926	0.525080	0.484527	0.493241	148,774	-
06/16/2018	0.514351	0.516715	0.473290	0.509609	154,089	-
06/15/2018	0.508993	0.536651	0.470585	0.509279	389,322	-
06/14/2018	0.475942	0.529277	0.465592	0.509142	395,105	-
06/13/2018	0.500630	0.535818	0.446731	0.475876	450,394	-
06/12/2018	0.528071	0.577625	0.478363	0.500488	335,786	-
06/11/2018	0.507995	0.592355	0.478339	0.527495	345,141	-
06/10/2018	0.695652	0.695652	0.501914	0.505542	703,975	-
06/09/2018	0.688172	0.753549	0.658714	0.695484	505,954	-
06/08/2018	0.707735	0.740066	0.678605	0.688189	390,022	-
06/07/2018	0.702459	0.729859	0.702459	0.707528	179,212	-
06/06/2018	0.710060	0.734730	0.696817	0.702199	158,702	-
06/05/2018	0.709355	0.719537	0.687552	0.710347	181,507	-
06/04/2018	0.750757	0.758388	0.700688	0.709345	166,128	-
06/03/2018	0.720153	0.766789	0.718322	0.757981	282,557	-
06/02/2018	0.750191	0.751006	0.706391	0.720244	418,470	-
06/01/2018	0.727365	0.776820	0.726450	0.745581	168,999	-
05/31/2018	0.782358	0.783656	0.720836	0.726975	660,623	-
05/30/2018	0.775949	0.827648	0.768363	0.783098	375,127	-
05/29/2018	0.768356	0.794177	0.743272	0.775738	282,483	-
05/28/2018	0.788269	0.814952	0.765918	0.768620	257,800	-
05/27/2018	0.809748	0.829314	0.766309	0.788326	346,552	-
05/26/2018	0.771203	0.836112	0.765240	0.803705	267,630	-
05/25/2018	0.814669	0.824365	0.767995	0.771356	212,271	-
05/24/2018	0.839649	0.891587	0.710010	0.814424	848,141	-
05/23/2018	0.965115	0.976232	0.796808	0.840663	1,285,300	-
05/22/2018	0.978887	1.08	0.951902	0.965793	1,242,960	-
05/21/2018	0.866728	1.12	0.863381	0.992824	4,787,530	-
05/20/2018	0.787312	0.895743	0.786772	0.866547	319,446	-
05/19/2018	0.819575	0.831145	0.776937	0.787713	317,272	-
05/18/2018	0.827359	0.905385	0.798335	0.819415	579,795	-
05/17/2018	0.852781	0.906078	0.826102	0.840648	424,996	-
05/16/2018	0.891612	0.938225	0.851130	0.852589	597,556	-
05/15/2018	0.912776	0.972615	0.891707	0.891707	1,102,080	-
05/14/2018	0.988613	1.00	0.898000	0.913253	767,061	-
05/13/2018	0.974470	1.04	0.908150	0.988797	868,819	-
05/12/2018	0.962009	1.07	0.801419	0.959657	4,420,710	-
05/11/2018	1.02	1.07	0.860275	0.962209	5,225,950	-
05/10/2018	1.13	1.14	1.01	1.02	2,433,840	-
05/09/2018	1.27	1.27	1.06	1.13	2,268,320	-
05/08/2018	1.30	1.42	1.22	1.28	5,621,200	-
05/07/2018	1.24	1.36	1.04	1.29	4,525,340	-
05/06/2018	1.43	1.51	1.04	1.24	8,775,210	-
05/05/2018	0.774018	1.75	0.719780	1.43	32,272,600	-
05/04/2018	0.566293	0.779918	0.553707	0.776602	3,049,910	-
05/03/2018	0.514984	0.577063	0.505230	0.566155	565,687	-
05/02/2018	0.487081	0.518379	0.484330	0.513229	637,833	-
05/01/2018	0.489082	0.497537	0.477285	0.487551	1,263,390	-
04/30/2018	0.501721	0.511772	0.484558	0.488658	1,810,720	-
04/29/2018	0.506702	0.523091	0.489247	0.501787	1,430,920	-
04/28/2018	0.505749	0.513961	0.484444	0.504953	744,616	-
04/27/2018	0.539081	0.539081	0.500287	0.505412	617,662	-
04/26/2018	0.506237	0.541238	0.470977	0.539905	959,384	-
04/25/2018	0.546552	0.549913	0.484646	0.508490	1,485,900	-
04/24/2018	0.544445	0.564285	0.532331	0.538647	2,128,110	-
04/23/2018	0.539163	0.592445	0.529921	0.544279	1,119,500	-
04/22/2018	0.521883	0.570251	0.508036	0.542501	2,373,290	-
04/21/2018	0.563968	0.563968	0.476191	0.522898	1,704,720	-
04/20/2018	0.569857	0.573096	0.536430	0.562832	2,815,120	-
04/19/2018	0.575843	0.601114	0.526523	0.569595	18,503,100	-
04/18/2018	0.604661	0.614373	0.552147	0.574544	163,567,000	-
04/17/2018	0.601066	0.638690	0.581721	0.604233	62,770,600	-
04/16/2018	0.589424	0.602475	0.556107	0.601032	32,686,400	-
04/15/2018	0.567286	0.604006	0.559014	0.589528	14,008,300	-
04/14/2018	0.601615	0.613901	0.505384	0.566778	44,335,300	-
04/13/2018	0.644314	0.697924	0.624742	0.635342	4,433,070	-
04/12/2018	0.524080	0.640690	0.499151	0.638283	2,599,500	-
04/11/2018	0.518389	0.524783	0.496289	0.524783	170,051	-
04/10/2018	0.507548	0.520802	0.502274	0.517529	5,082	-
04/09/2018	0.519992	0.546982	0.494330	0.506460	68,236	-
04/08/2018	0.507805	0.545789	0.493029	0.519766	105,097	-
04/07/2018	0.520733	0.541319	0.496435	0.507422	69,904	-
04/06/2018	0.506046	0.570070	0.506046	0.520439	102,895	-
04/05/2018	0.512325	0.530515	0.496961	0.507017	73,443	-
04/04/2018	0.513624	0.573372	0.501563	0.512327	79,066	-
04/03/2018	0.559790	0.614339	0.506737	0.533502	67,496	-
04/02/2018	0.534128	0.588372	0.501159	0.559401	187,870	-
04/01/2018	0.538737	0.545369	0.490878	0.533425	152,212	-
03/31/2018	0.534520	0.556118	0.517450	0.538741	118,982	-
03/30/2018	0.510070	0.557621	0.489202	0.534521	201,483	-
03/29/2018	0.583729	0.584374	0.509670	0.510693	147,386	-
03/28/2018	0.550511	0.600577	0.533056	0.560801	414,137	-
03/27/2018	0.512387	0.573977	0.512089	0.550569	235,422	-
03/26/2018	0.555215	0.590432	0.499885	0.512411	18,225	-
03/25/2018	0.587187	0.627027	0.554284	0.555541	186,480	-
03/24/2018	0.548560	0.596856	0.542145	0.589971	71,195	-
03/23/2018	0.546923	0.553076	0.510257	0.542999	56,879	-
03/22/2018	0.588744	0.597421	0.537473	0.546906	45,683	-
03/21/2018	0.556947	0.610524	0.548464	0.589754	89,731	-
03/20/2018	0.582476	0.612129	0.533860	0.556271	40,257	-
03/19/2018	0.524630	0.641283	0.498713	0.578801	83,735	-
03/18/2018	0.531155	0.538472	0.492074	0.525430	66,559	-
03/17/2018	0.539700	0.556979	0.519564	0.531839	27,409	-
03/16/2018	0.567717	0.570603	0.507514	0.539583	122,515	-
03/15/2018	0.525996	0.570167	0.514900	0.567783	434,029	-
03/14/2018	0.603793	0.608654	0.517738	0.526147	174,294	-
03/13/2018	0.595884	0.636277	0.594280	0.603151	17,074	-
03/12/2018	0.571621	0.638990	0.571041	0.597325	195,532	-
03/11/2018	0.546558	0.607543	0.501102	0.568055	48,261	-
03/10/2018	0.571740	0.604628	0.519040	0.547999	59,837	-
03/09/2018	0.573609	0.595785	0.506589	0.571547	98,279	-
03/08/2018	0.584857	0.673323	0.529216	0.574706	226,579	-
03/07/2018	0.663890	0.744452	0.579057	0.585490	191,046	-
03/06/2018	0.774287	0.781624	0.660895	0.664047	100,424	-
03/05/2018	0.799105	0.804912	0.741127	0.775709	25,927	-
03/04/2018	0.825165	0.828502	0.730493	0.799379	102,874	-
03/03/2018	0.828453	0.864046	0.801620	0.826280	100,429	-
03/02/2018	0.857870	0.936204	0.810790	0.828858	108,764	-
03/01/2018	0.825272	0.953602	0.820879	0.859261	212,725	-
02/28/2018	0.901868	0.992735	0.795601	0.824450	1,324,200	-
02/27/2018	0.932031	1.04	0.870420	0.902444	490,154	-
02/26/2018	0.956008	1.12	0.915859	0.930061	816,379	-
02/25/2018	0.869553	0.990871	0.865369	0.956428	309,735	-
02/24/2018	0.916014	1.01	0.843434	0.870478	394,329	-
02/23/2018	0.688188	0.989888	0.676743	0.916591	407,476	-
02/22/2018	0.679748	0.780156	0.634999	0.688617	135,115	-
02/21/2018	0.732305	0.737499	0.679097	0.680033	32,225	-
02/20/2018	0.759479	0.788480	0.733288	0.735067	59,115	-
02/19/2018	0.727271	0.766641	0.726504	0.759130	14,383	-
02/18/2018	0.841512	0.843759	0.719365	0.728794	37,805	-
02/17/2018	0.792511	0.843874	0.784814	0.839736	270,424	-
02/16/2018	0.779837	0.806556	0.728205	0.792612	10,558	-
02/15/2018	0.780745	0.795544	0.747782	0.781478	101,652	-
02/14/2018	0.671773	0.781502	0.667838	0.780549	112,539	-
02/13/2018	0.695244	0.697208	0.659710	0.672643	10,776	-
02/12/2018	0.658166	0.717483	0.658166	0.694743	30,310	-
02/11/2018	0.714133	0.714133	0.579432	0.655527	79,597	-
02/10/2018	0.688466	0.759671	0.676482	0.714302	29,721	-
02/09/2018	0.659178	0.724465	0.631100	0.688298	58,978	-
02/08/2018	0.650130	0.692778	0.622842	0.657965	109,030	-
02/07/2018	0.625070	0.705357	0.587536	0.632094	311,479	-
02/06/2018	0.564086	0.654065	0.489624	0.629354	233,429	-
02/05/2018	0.664089	0.694571	0.542282	0.563210	117,627	-
02/04/2018	0.774586	0.816554	0.651583	0.667320	177,607	-
02/03/2018	0.702195	0.811319	0.652502	0.774366	324,463	-
02/02/2018	0.766462	0.845503	0.496736	0.700870	1,659,340	-
02/01/2018	0.913748	0.936403	0.754820	0.766931	244,920	-
01/31/2018	0.939558	0.968984	0.801170	0.912931	396,297	-
01/30/2018	1.08	1.08	0.922547	0.938616	309,244	-
01/29/2018	1.16	1.27	1.02	1.08	1,283,670	-
01/28/2018	1.25	1.62	1.16	1.16	2,425,990	-
01/27/2018	1.44	1.44	1.14	1.25	1,928,160	-
01/26/2018	1.39	1.65	1.19	1.44	1,814,870	-
01/25/2018	1.07	1.49	0.979061	1.39	2,889,470	-
01/24/2018	0.704976	1.18	0.686843	1.06	1,342,480	-
01/23/2018	0.681135	0.830247	0.621629	0.705132	499,390	-
01/22/2018	0.607629	1.00	0.605678	0.682756	1,258,390	-
01/21/2018	0.854077	0.854077	0.516781	0.605990	521,261	-
01/20/2018	0.847924	0.921082	0.665377	0.853137	606,935	-
