Date	Open	High	Low	Close	Volume	Market Cap
07/15/2018	0.436108	0.439402	0.413576	0.439402	215,067	15,603,400
07/14/2018	0.406270	0.439245	0.399196	0.436942	298,907	14,535,900
07/13/2018	0.430608	0.457412	0.390556	0.405566	363,030	15,406,700
07/12/2018	0.407297	0.452402	0.394860	0.430205	362,603	14,572,600
07/11/2018	0.374134	0.411546	0.370630	0.407300	429,694	13,386,100
07/10/2018	0.417946	0.419579	0.371634	0.374130	264,149	14,953,600
07/09/2018	0.401676	0.440366	0.392838	0.418406	275,030	14,371,500
07/08/2018	0.400835	0.417838	0.394535	0.402700	367,882	14,341,400
07/07/2018	0.390877	0.404124	0.366071	0.401468	336,598	13,985,100
07/06/2018	0.399366	0.405826	0.372307	0.393316	333,495	14,288,900
07/05/2018	0.361788	0.401983	0.361162	0.399543	373,392	12,944,400
07/04/2018	0.354044	0.377892	0.335264	0.351162	584,942	12,667,300
07/03/2018	0.335118	0.379524	0.326900	0.353161	377,978	11,990,100
07/02/2018	0.309207	0.339423	0.292782	0.334916	166,355	11,063,100
07/01/2018	0.309813	0.312904	0.296879	0.308978	301,880	11,084,800
06/30/2018	0.281542	0.316149	0.280550	0.309962	191,952	10,073,200
06/29/2018	0.274305	0.281012	0.258867	0.280929	359,804	9,814,320
06/28/2018	0.292066	0.314988	0.272489	0.274204	234,642	10,449,800
06/27/2018	0.282354	0.318889	0.279917	0.291547	157,351	10,102,300
06/26/2018	0.345207	0.346289	0.282440	0.282848	102,172	12,351,100
06/25/2018	0.298048	0.346255	0.294274	0.345207	161,285	10,663,800
06/24/2018	0.377902	0.379371	0.277693	0.299227	240,167	13,520,900
06/23/2018	0.367472	0.390556	0.358423	0.376607	262,812	13,147,700
06/22/2018	0.404485	0.409103	0.351635	0.366778	272,676	14,472,000
06/21/2018	0.439673	0.441941	0.396940	0.404610	311,910	15,731,000
06/20/2018	0.455347	0.455615	0.391092	0.440361	379,335	16,291,800
06/19/2018	0.414182	0.457660	0.409459	0.457150	388,109	14,819,000
06/18/2018	0.360364	0.419303	0.350476	0.414430	281,708	12,893,400
06/17/2018	0.373043	0.401751	0.360014	0.360444	271,753	13,347,100
06/16/2018	0.366612	0.386726	0.351231	0.372556	295,407	13,117,000
06/15/2018	0.397220	0.407958	0.361292	0.367641	230,632	14,212,100
06/14/2018	0.428774	0.442061	0.361523	0.398741	294,983	15,341,000
06/13/2018	0.445246	0.482259	0.377535	0.427845	372,597	15,930,400
06/12/2018	0.479635	0.508036	0.431585	0.442601	450,004	17,160,800
06/11/2018	0.495107	0.499808	0.444418	0.479008	455,472	17,714,300
06/10/2018	0.588911	0.588911	0.464713	0.495190	459,460	21,070,600
06/09/2018	0.638559	0.668603	0.586687	0.586687	576,385	22,846,900
06/08/2018	0.671984	0.701587	0.638466	0.638466	442,443	24,042,800
06/07/2018	0.688415	0.692035	0.653230	0.669881	505,023	24,630,700
06/06/2018	0.714098	0.733032	0.642675	0.679033	757,720	25,549,600
06/05/2018	0.670344	0.787560	0.661744	0.714732	556,384	23,984,100
06/04/2018	0.640310	0.768272	0.606962	0.670287	734,259	22,909,600
06/03/2018	0.619276	0.671008	0.569578	0.642051	710,249	22,157,000
06/02/2018	0.679024	0.716303	0.574726	0.620456	988,836	24,294,700
06/01/2018	0.572163	0.685614	0.554307	0.682090	729,184	20,471,300
05/31/2018	0.534692	0.595318	0.523004	0.570978	343,093	19,130,700
05/30/2018	0.545846	0.591397	0.519206	0.530145	179,563	19,529,800
05/29/2018	0.502184	0.631903	0.491247	0.546970	531,476	17,967,600
05/28/2018	0.500790	0.521365	0.465524	0.504020	405,364	17,917,700
05/27/2018	0.547926	0.548000	0.496267	0.502684	244,790	19,604,200
05/26/2018	0.533074	0.590227	0.523797	0.547479	538,706	19,072,800
05/25/2018	0.533925	0.594737	0.520156	0.534150	517,412	19,103,200
05/24/2018	0.474759	0.538611	0.474759	0.533320	317,625	16,986,300
05/23/2018	0.542696	0.544192	0.470574	0.477890	421,514	19,417,000
05/22/2018	0.677286	0.714529	0.538562	0.543720	419,168	24,232,500
05/21/2018	0.646408	0.703254	0.642721	0.678643	498,101	23,127,700
05/20/2018	0.633714	0.691937	0.603712	0.644835	536,024	22,673,500
05/19/2018	0.577480	0.638487	0.557046	0.638409	510,586	20,661,600
05/18/2018	0.616576	0.616576	0.539526	0.578760	484,533	22,060,400
05/17/2018	0.647671	0.685156	0.598218	0.618360	481,460	23,172,900
05/16/2018	0.737859	0.771374	0.628267	0.652069	804,882	26,399,700
05/15/2018	0.722787	0.809127	0.704100	0.738249	403,962	25,860,500
05/14/2018	0.576726	0.949740	0.562675	0.723869	1,053,030	20,634,600
05/13/2018	0.407597	0.599767	0.382495	0.572734	363,826	14,583,400
05/12/2018	0.379917	0.413268	0.369169	0.403372	82,030	13,593,000
05/11/2018	0.414449	0.427593	0.375657	0.380657	209,474	14,828,500
05/10/2018	0.411786	0.445646	0.409115	0.414106	116,581	14,733,200
05/09/2018	0.421388	0.433476	0.392318	0.411577	120,140	15,076,800
05/08/2018	0.444733	0.458009	0.417452	0.421935	149,250	15,912,000
05/07/2018	0.453679	0.457519	0.423349	0.441998	163,705	16,232,100
05/06/2018	0.506576	0.506659	0.425951	0.453413	236,349	18,124,700
05/05/2018	0.505386	0.520235	0.495585	0.513448	351,198	18,082,100
05/04/2018	0.510428	0.515196	0.488295	0.504944	407,771	18,262,500
05/03/2018	0.448153	0.518414	0.447783	0.513372	437,416	16,034,400
05/02/2018	0.415682	0.462079	0.415479	0.448770	376,116	14,872,600
05/01/2018	0.421715	0.461879	0.396307	0.416853	345,281	15,088,500
04/30/2018	0.448364	0.452864	0.410022	0.419795	280,805	16,042,000
04/29/2018	0.463797	0.476935	0.436119	0.448337	272,662	16,594,100
04/28/2018	0.470188	0.503254	0.455748	0.463094	479,158	16,822,800
04/27/2018	0.510838	0.510838	0.474683	0.474683	394,425	18,277,200
04/26/2018	0.499745	0.510423	0.465366	0.509427	141,075	17,880,300
04/25/2018	0.552488	0.587609	0.472233	0.495354	36,216	19,767,400
04/24/2018	0.507215	0.575425	0.481522	0.555237	70,435	18,147,600
04/23/2018	0.516699	0.572671	0.462367	0.507121	444,099	18,486,900
04/22/2018	0.400207	0.518529	0.392988	0.518514	413,743	14,318,900
04/21/2018	0.385466	0.422473	0.370288	0.399044	390,839	13,791,500
04/20/2018	0.384108	0.411614	0.351213	0.386568	188,062	13,743,000
04/19/2018	0.319893	0.385253	0.318467	0.384087	109,866	11,445,400
04/18/2018	0.337395	0.370516	0.315201	0.319692	42,427	12,071,600
04/17/2018	0.330212	0.343006	0.307352	0.337133	33,454	11,814,600
04/16/2018	0.339224	0.342123	0.319111	0.331699	66,886	12,137,100
04/15/2018	0.322651	0.349144	0.322651	0.339331	262,096	11,544,100
04/14/2018	0.349951	0.364763	0.323158	0.324998	181,340	12,520,900
04/13/2018	0.350993	0.381779	0.342499	0.349951	157,272	12,558,100
04/12/2018	0.309860	0.353198	0.299506	0.351293	287,420	11,086,400
04/11/2018	0.295455	0.318319	0.292722	0.310949	115,488	10,571,000
04/10/2018	0.282311	0.296955	0.280489	0.295574	97,455	10,100,800
04/09/2018	0.290237	0.307628	0.277881	0.281040	115,661	10,384,300
04/08/2018	0.290306	0.310508	0.284784	0.288877	244,010	10,386,800
04/07/2018	0.283165	0.302702	0.265355	0.290428	185,720	10,131,300
04/06/2018	0.302709	0.325213	0.281779	0.283229	218,699	10,830,600
04/05/2018	0.304333	0.309195	0.295724	0.302545	164,190	10,888,700
04/04/2018	0.334292	0.381398	0.301767	0.307945	232,692	11,960,600
04/03/2018	0.303421	0.342045	0.302006	0.336445	235,171	10,856,100
04/02/2018	0.291952	0.310869	0.282722	0.303445	218,838	10,445,700
04/01/2018	0.312610	0.317309	0.281690	0.290989	176,597	11,184,800
03/31/2018	0.293399	0.319950	0.287433	0.312896	163,431	10,497,500
03/30/2018	0.286750	0.308644	0.263232	0.293284	192,298	10,259,600
03/29/2018	0.317560	0.327047	0.283585	0.289766	191,292	11,361,900
03/28/2018	0.309548	0.324891	0.303659	0.317016	199,419	11,075,300
03/27/2018	0.392426	0.394322	0.308893	0.309489	235,924	14,040,600
03/26/2018	0.440068	0.461633	0.334278	0.392758	157,418	15,745,100
03/25/2018	0.366318	0.482550	0.363436	0.440673	76,544	13,106,400
03/24/2018	0.364839	0.386700	0.349575	0.371399	18,161	13,053,500
03/23/2018	0.331765	0.360294	0.318759	0.360294	16,408	11,870,200
03/22/2018	0.394065	0.397131	0.328832	0.331794	35,358	14,099,200
03/21/2018	0.382622	0.422646	0.382622	0.394411	13,108	13,689,800
03/20/2018	0.361352	0.412653	0.348539	0.380719	19,955	12,928,800
03/19/2018	0.307580	0.361022	0.301807	0.358207	78,066	11,004,800
03/18/2018	0.323556	0.326424	0.265873	0.308850	112,458	11,576,400
03/17/2018	0.346228	0.378813	0.321021	0.324050	90,808	12,387,600
03/16/2018	0.355805	0.376529	0.336634	0.345930	160,449	12,730,300
03/15/2018	0.328947	0.374796	0.320239	0.356052	17,960	11,769,400
03/14/2018	0.393419	0.424598	0.313382	0.329132	37,599	14,076,100
03/13/2018	0.458524	0.484192	0.384910	0.393338	68,301	16,405,400
03/12/2018	0.387837	0.456408	0.385783	0.454654	77,929	13,876,400
03/11/2018	0.334053	0.396727	0.327603	0.388915	28,188	11,952,000
03/10/2018	0.352270	0.371674	0.333551	0.335134	19,739	12,603,800
03/09/2018	0.356724	0.371312	0.318053	0.352221	49,810	12,763,200
03/08/2018	0.434808	0.443381	0.353816	0.358221	68,979	15,556,900
03/07/2018	0.402946	0.453898	0.336873	0.435484	432,583	14,416,900
03/06/2018	0.491712	0.496757	0.357139	0.402922	218,258	17,592,900
03/05/2018	0.488384	0.507822	0.443797	0.492760	31,462	17,473,800
03/04/2018	0.507387	0.527756	0.478687	0.488792	41,917	18,153,700
03/03/2018	0.476324	0.562425	0.473669	0.480241	63,810	17,042,300
03/02/2018	0.464965	0.492976	0.422573	0.476817	68,215	16,635,900
03/01/2018	0.507436	0.525484	0.450841	0.465372	107,300	18,155,500
02/28/2018	0.551435	0.570477	0.494555	0.507033	147,149	19,729,700
02/27/2018	0.542371	0.582775	0.531980	0.551498	162,077	19,405,400
02/26/2018	0.575998	0.591430	0.504246	0.540809	216,595	20,608,600
02/25/2018	0.572027	0.618399	0.567102	0.575560	304,213	20,466,500
02/24/2018	0.541734	0.579052	0.539790	0.569008	70,042	19,382,600
02/23/2018	0.521224	0.559414	0.508123	0.541519	210,730	18,648,800
02/22/2018	0.622563	0.640201	0.505970	0.521844	317,686	22,274,600
02/21/2018	0.602401	0.633571	0.548332	0.630401	728,378	21,553,200
02/20/2018	0.633225	0.763640	0.598755	0.602453	688,266	22,656,100
02/19/2018	0.722948	0.795973	0.617070	0.632275	556,929	25,866,300
02/18/2018	0.847906	0.851070	0.714319	0.725775	176,050	30,337,100
02/17/2018	0.841628	0.902688	0.829378	0.846320	554,558	30,112,500
02/16/2018	0.886835	0.919817	0.785276	0.842009	702,610	31,729,900
02/15/2018	0.827787	0.896202	0.809296	0.891139	669,944	29,617,300
02/14/2018	0.771371	0.842082	0.770180	0.827321	414,537	27,598,800
02/13/2018	0.800595	0.823206	0.750786	0.773545	627,371	28,644,400
02/12/2018	0.766969	0.805766	0.757979	0.798646	565,890	27,441,300
02/11/2018	0.836281	0.850850	0.745606	0.763595	645,243	29,921,200
02/10/2018	0.816918	0.891219	0.798966	0.837575	631,811	29,228,400
02/09/2018	0.796097	0.828649	0.710696	0.819898	641,766	28,483,400
02/08/2018	0.720279	0.863832	0.713803	0.796605	496,447	25,770,700
02/07/2018	0.866254	0.917545	0.709885	0.726515	850,651	30,993,600
02/06/2018	0.745332	0.874734	0.570915	0.868878	817,877	26,667,100
02/05/2018	0.954577	0.990607	0.673180	0.748872	717,898	34,153,700
02/04/2018	1.05	1.37	0.871161	0.961640	467,184	37,589,400
02/03/2018	0.755922	1.06	0.615052	1.06	482,231	27,046,000
02/02/2018	0.738955	0.848918	0.480908	0.754744	1,108,720	26,438,900
02/01/2018	1.13	1.13	0.726519	0.741744	772,178	40,336,400
01/31/2018	1.27	1.27	1.08	1.13	1,045,120	45,400,000
01/30/2018	1.68	1.68	1.19	1.27	865,869	60,113,800
01/29/2018	1.75	1.75	1.57	1.67	487,250	62,477,000
01/28/2018	1.63	1.80	1.44	1.75	1,105,710	58,399,100
01/27/2018	1.72	1.73	1.46	1.60	801,052	61,539,000
01/26/2018	1.93	1.99	1.44	1.71	1,376,690	69,230,900
01/25/2018	1.81	2.02	1.75	1.95	1,069,300	64,749,500
01/24/2018	1.71	1.92	1.67	1.91	368,834	61,076,000
01/23/2018	1.66	1.81	1.55	1.71	911,312	59,272,900
01/22/2018	1.56	2.08	1.53	1.66	594,379	55,674,500
01/21/2018	2.14	2.17	1.44	1.54	611,101	76,390,600
01/20/2018	2.00	2.16	1.74	2.13	1,248,850	71,709,700
01/19/2018	2.12	2.26	1.80	1.99	1,115,420	75,769,100
01/18/2018	2.05	2.40	2.00	2.13	1,503,080	73,287,700
01/17/2018	1.58	2.12	1.35	2.01	1,280,770	56,421,500
01/16/2018	2.52	2.53	1.37	1.59	2,001,080	90,216,300
01/15/2018	2.91	2.99	2.42	2.52	1,897,970	103,960,000
01/14/2018	3.39	3.44	2.75	2.92	2,497,090	121,302,000
01/13/2018	3.13	3.93	3.12	3.36	1,890,650	111,920,000
01/12/2018	2.62	3.12	2.29	3.12	653,245	93,789,000
01/11/2018	2.84	2.93	2.28	2.59	1,065,400	101,554,000
01/10/2018	3.26	3.28	2.37	2.76	1,893,910	116,775,000
01/09/2018	2.50	4.49	2.48	3.25	3,468,920	89,411,000
01/08/2018	2.01	2.67	1.94	2.49	1,385,160	71,967,400
01/07/2018	2.00	2.12	1.86	2.01	838,526	71,571,000
01/06/2018	1.89	2.17	1.77	1.96	912,172	67,738,200
01/05/2018	1.67	1.99	1.54	1.86	1,597,990	59,751,100
01/04/2018	1.23	1.83	1.21	1.64	1,678,620	44,159,600
01/03/2018	1.06	1.27	1.01	1.23	663,709	37,788,300
01/02/2018	0.982608	1.18	0.945340	1.06	994,562	35,156,600
01/01/2018	0.700779	1.07	0.638661	0.984843	1,385,780	25,073,100
12/31/2017	0.487864	0.806326	0.476703	0.695590	419,202	17,455,200
12/30/2017	0.530079	0.546278	0.485861	0.492827	273,910	18,965,600
12/29/2017	0.475476	0.544778	0.461067	0.530692	168,979	17,012,000
12/28/2017	0.521138	0.545398	0.437112	0.467368	117,228	18,645,700
12/27/2017	0.606944	0.629289	0.496839	0.521850	236,768	21,715,700
12/26/2017	0.511136	0.608843	0.502371	0.606048	214,859	18,287,900
12/25/2017	0.478111	0.545476	0.442308	0.511614	202,757	17,106,300
12/24/2017	0.497049	0.503093	0.383416	0.476624	362,155	17,783,800
12/23/2017	0.468773	0.577140	0.458113	0.496710	217,654	16,772,100
12/22/2017	0.600582	0.608292	0.391798	0.441863	218,353	21,488,100
12/21/2017	0.675688	0.703754	0.548464	0.598677	294,963	24,175,300
12/20/2017	0.769127	0.769127	0.604138	0.664655	499,684	27,518,500
12/19/2017	0.759524	0.899880	0.725448	0.769940	426,264	27,174,900
12/18/2017	0.819340	0.820410	0.710256	0.759929	474,625	29,315,000
12/17/2017	0.786698	0.852326	0.733978	0.804363	359,816	28,147,100
12/16/2017	0.840031	0.872354	0.744428	0.789335	355,043	30,055,400
12/15/2017	0.916873	0.924093	0.718574	0.843219	811,702	32,804,700
12/14/2017	0.825929	0.957577	0.816865	0.908976	617,783	29,550,800
12/13/2017	0.647688	0.852691	0.639140	0.830020	480,978	23,173,500
12/12/2017	0.600092	0.729660	0.591468	0.647206	390,153	21,470,600
12/11/2017	0.562293	0.644349	0.512110	0.611928	396,059	20,118,200
12/10/2017	0.461200	0.589394	0.403234	0.566692	199,832	16,501,200
12/09/2017	0.489585	0.530421	0.422322	0.458785	276,461	17,516,800
12/08/2017	0.530705	0.571996	0.438833	0.491127	323,984	18,988,000
12/07/2017	0.587308	0.617532	0.510407	0.545996	524,826	21,013,200
12/06/2017	0.570212	0.640583	0.521820	0.582187	517,614	20,401,500
12/05/2017	0.534001	0.593327	0.513690	0.576423	455,380	19,106,000
12/04/2017	0.440823	0.567004	0.425226	0.533211	522,504	15,772,100
12/03/2017	0.384943	0.469888	0.384211	0.440778	280,243	13,772,800
12/02/2017	0.360266	0.432021	0.353732	0.385697	214,985	12,889,900
12/01/2017	0.307161	0.366445	0.296057	0.360672	130,811	10,989,900
11/30/2017	0.287653	0.337271	0.286161	0.308047	148,574	10,291,900
11/29/2017	0.331832	0.361197	0.274231	0.286722	96,011	11,872,600
11/28/2017	0.329083	0.344509	0.287080	0.331184	125,190	11,774,200
11/27/2017	0.300702	0.346611	0.300176	0.324112	72,971	10,758,800
11/26/2017	0.321149	0.348413	0.294676	0.302236	119,902	11,490,300
11/25/2017	0.280187	0.324940	0.265998	0.324433	135,720	10,024,800
11/24/2017	0.266059	0.286072	0.251969	0.281040	93,265	9,519,280
11/23/2017	0.264822	0.282581	0.256337	0.261587	60,374	9,475,020
11/22/2017	0.254577	0.279478	0.242692	0.265447	92,656	9,108,470
11/21/2017	0.223414	0.270684	0.218042	0.254999	50,882	7,993,490
11/20/2017	0.244413	0.250554	0.217806	0.223935	82,901	8,744,810
11/19/2017	0.248193	0.257240	0.227664	0.243825	43,744	8,880,070
11/18/2017	0.245966	0.250038	0.239823	0.248531	60,061	8,800,370
11/17/2017	0.228521	0.251030	0.221359	0.246381	43,108	8,176,200
11/16/2017	0.231423	0.247015	0.220282	0.232904	88,757	8,280,030
11/15/2017	0.231734	0.243909	0.228242	0.232827	96,113	8,291,160
11/14/2017	0.236959	0.244209	0.225814	0.235231	65,526	8,478,110
11/13/2017	0.233982	0.249274	0.224588	0.233442	34,525	8,371,620
11/12/2017	0.216264	0.242739	0.201709	0.235855	78,172	7,737,690
11/11/2017	0.220883	0.229202	0.198975	0.216258	54,441	7,902,940
11/10/2017	0.242116	0.255948	0.214678	0.219971	145,939	8,662,620
11/09/2017	0.224159	0.259756	0.223209	0.241942	64,720	8,020,150
11/08/2017	0.239826	0.253683	0.212121	0.225807	62,959	8,580,690
11/07/2017	0.247033	0.265137	0.225695	0.231489	48,050	8,838,570
11/06/2017	0.241317	0.269834	0.232677	0.246863	53,645	8,634,060
11/05/2017	0.206971	0.258942	0.203000	0.244947	46,740	7,405,200
11/04/2017	0.202577	0.212558	0.171434	0.205953	47,697	7,247,970
11/03/2017	0.200864	0.213720	0.189684	0.208515	39,864	7,186,680
11/02/2017	0.183962	0.210523	0.173543	0.198153	41,554	6,581,950
11/01/2017	0.221565	0.225651	0.172658	0.180689	66,604	7,927,350
10/31/2017	0.236454	0.254283	0.207299	0.225445	54,301	8,460,040
10/30/2017	0.257728	0.274053	0.236435	0.243864	41,405	9,221,200
10/29/2017	0.257768	0.280661	0.249203	0.258286	61,671	9,222,620
10/28/2017	0.293568	0.293568	0.242876	0.260510	73,974	10,503,500
10/27/2017	0.267208	0.322831	0.240470	0.290578	178,893	9,560,400
10/26/2017	0.213634	0.256752	0.211710	0.251131	69,919	7,643,580
10/25/2017	0.184899	0.307584	0.179907	0.217170	185,363	6,615,470
10/24/2017	0.156415	0.190672	0.154996	0.183388	37,211	5,596,360
10/23/2017	0.166670	0.191383	0.149294	0.156271	50,931	5,963,250
10/22/2017	0.144673	0.184282	0.144673	0.166767	43,877	5,176,240
10/21/2017	0.176823	0.176823	0.138366	0.144131	66,726	6,326,540
10/20/2017	0.185598	0.253112	0.172563	0.177055	73,669	6,640,470
10/19/2017	0.189361	0.193628	0.146392	0.185109	64,114	6,775,110
10/18/2017	0.188133	0.195933	0.173454	0.189299	61,567	6,731,170
10/17/2017	0.207159	0.212803	0.187777	0.194558	46,489	7,411,920
10/16/2017	0.196158	0.215556	0.196158	0.205284	34,300	7,018,310
10/15/2017	0.231105	0.255577	0.187512	0.197481	60,073	8,268,680
10/14/2017	0.216871	0.267061	0.189300	0.231918	57,831	7,759,400
10/13/2017	0.222276	0.233247	0.196396	0.210220	51,960	7,952,770
10/12/2017	0.228371	0.281329	0.193590	0.219850	98,614	8,170,870
10/11/2017	0.195783	0.260930	0.187919	0.220122	73,730	7,004,880
10/10/2017	0.200712	0.212102	0.183005	0.183990	72,532	7,181,250
10/09/2017	0.209172	0.220626	0.190986	0.195980	59,525	7,483,920
10/08/2017	0.240503	0.250019	0.206117	0.209418	66,257	8,604,900
10/07/2017	0.250203	0.252511	0.212299	0.245404	51,000	8,951,960
10/06/2017	0.243558	0.265300	0.226172	0.248359	72,584	8,714,220
10/05/2017	0.277255	0.277255	0.238451	0.244296	108,696	9,919,850
10/04/2017	0.281729	0.295657	0.265691	0.276261	56,702	10,079,900
10/03/2017	0.287006	0.292891	0.273023	0.290665	50,386	10,268,700
10/02/2017	0.301615	0.322636	0.276400	0.289903	103,698	10,791,400
10/01/2017	0.300217	0.304092	0.278583	0.301623	168,294	10,741,400
09/30/2017	0.295393	0.321063	0.289556	0.299853	132,354	10,568,800
09/29/2017	0.300246	0.305475	0.287948	0.295327	76,013	10,742,400
09/28/2017	0.323540	0.324361	0.289121	0.301082	111,501	11,575,900
09/27/2017	0.300650	0.325179	0.281140	0.322580	108,419	10,756,900
09/26/2017	0.318585	0.324738	0.294160	0.300966	87,501	11,398,600
09/25/2017	0.308213	0.378024	0.257588	0.307629	121,006	11,027,500
09/24/2017	0.314153	0.324634	0.280676	0.309113	94,905	11,240,000
09/23/2017	0.276218	0.318519	0.269385	0.314144	91,656	9,882,770
09/22/2017	0.275485	0.292446	0.250816	0.275780	78,803	9,856,540
09/21/2017	0.332049	0.425420	0.264151	0.282110	169,204	11,880,300
09/20/2017	0.294658	0.403984	0.286076	0.337816	129,267	10,542,500
09/19/2017	0.292417	0.300785	0.257414	0.294921	82,645	10,462,300
09/18/2017	0.255410	0.288220	0.224505	0.279881	115,202	9,138,290
09/17/2017	0.270040	0.279588	0.240086	0.259791	93,999	9,661,700
09/16/2017	0.272661	0.298083	0.252940	0.271114	133,357	9,755,480
09/15/2017	0.230452	0.289799	0.200681	0.270514	106,687	8,245,300
09/14/2017	0.300456	0.311641	0.227820	0.234269	47,008	10,750,000
09/13/2017	0.289869	0.316271	0.250342	0.296484	57,069	10,371,200
09/12/2017	0.327516	0.477511	0.288458	0.298802	86,020	11,718,200
09/11/2017	0.302728	0.370252	0.274379	0.341155	143,032	10,831,300
09/10/2017	0.371471	0.371471	0.045011	0.301859	8,734	13,290,800
09/09/2017	0.374608	0.406919	0.144170	0.371521	17,950	13,403,100
09/08/2017	0.439419	0.453491	0.331038	0.368914	124,443	15,721,900
09/07/2017	0.471808	0.478047	0.410815	0.436019	100,761	16,880,700
09/06/2017	0.446275	0.498607	0.409335	0.466965	230,020	15,967,200
09/05/2017	0.417683	0.450382	0.366621	0.439049	93,902	14,944,200
09/04/2017	0.538849	0.543101	0.358752	0.420933	262,169	19,279,400
09/03/2017	0.499129	0.556367	0.467476	0.538972	185,666	17,858,300
09/02/2017	0.631816	0.637326	0.477805	0.498087	296,263	22,605,700
09/01/2017	0.620565	0.664642	0.604710	0.624959	359,933	22,203,100
08/31/2017	0.691431	0.705179	0.612865	0.639554	330,979	24,738,600
08/30/2017	0.728453	0.728453	0.638910	0.691239	410,580	26,063,200
08/29/2017	0.530913	1.10	0.530913	0.723183	1,709,720	18,995,500
08/28/2017	0.588095	0.639364	0.477445	0.538156	356,162	21,041,400
08/27/2017	0.436902	0.655767	0.423148	0.586495	362,988	15,631,800
08/26/2017	0.466107	0.475203	0.397837	0.439881	262,072	16,676,800
08/25/2017	0.498418	0.519831	0.463875	0.465205	166,852	17,832,800
08/24/2017	0.479174	0.500674	0.425517	0.500674	279,799	17,144,300
08/23/2017	0.565977	0.569318	0.475281	0.479062	285,996	20,250,000
08/22/2017	0.546086	1.01	0.520134	0.570414	311,631	19,538,300
08/21/2017	0.815301	0.817866	0.473266	0.548962	649,600	29,170,500
08/20/2017	0.445610	0.951745	0.442064	0.842444	529,738	15,943,400
08/19/2017	0.374590	1.01	0.359918	0.440113	380,166	13,402,400
08/18/2017	0.399352	0.436202	0.372856	0.385024	322,580	14,288,400
08/17/2017	0.299599	0.412477	0.270784	0.399973	298,542	10,719,300
08/16/2017	0.223679	0.319803	0.223679	0.299397	107,231	8,002,990
08/15/2017	0.297936	0.347471	0.211883	0.238769	225,368	10,659,800
08/14/2017	0.291957	0.502312	0.280884	0.296592	186,475	10,445,900
08/13/2017	0.295015	0.299348	0.236143	0.288182	135,872	10,555,300
08/12/2017	0.333020	0.462292	0.228454	0.296574	383,407	11,915,100
08/11/2017	0.136255	0.344263	0.135189	0.329490	241,602	4,875,050
08/10/2017	0.141770	0.154490	0.127512	0.136374	78,472	5,072,370
08/09/2017	0.132991	0.166203	0.127028	0.142035	60,047	4,758,280
08/08/2017	0.131668	0.147752	0.116717	0.132110	55,824	4,710,910
08/07/2017	0.131881	0.148066	0.110962	0.131159	44,605	4,718,550
08/06/2017	0.129162	0.146131	0.111475	0.130698	8,749	4,621,260
08/05/2017	0.101752	0.148076	0.101644	0.128198	19,149	3,640,580
08/04/2017	0.098732	0.114947	0.088530	0.101794	21,350	3,532,500
08/03/2017	0.111742	0.120169	0.093521	0.098677	7,969	3,998,010
08/02/2017	0.120470	0.126886	0.096227	0.111932	15,163	4,310,280
08/01/2017	0.123280	0.135756	0.082979	0.120425	19,142	4,410,810
07/31/2017	0.144335	0.148644	0.120601	0.123273	28,530	5,164,140
07/30/2017	0.131663	0.157325	0.118872	0.143971	20,694	4,710,750
07/29/2017	0.122659	0.132107	0.113610	0.131974	24,909	4,388,610
07/28/2017	0.099382	0.131614	0.091417	0.122472	108,611	3,555,790
07/27/2017	0.091949	0.100368	0.083998	0.099512	21,724	3,289,810
