Date	Open	High	Low	Close	Volume	Market Cap
07/15/2018	0.001378	0.011005	0.001374	0.010933	0	11,016
07/14/2018	0.010790	0.010869	0.001364	0.001379	111	86,232
07/13/2018	0.010918	0.010918	0.010694	0.010820	0	87,256
07/12/2018	0.006454	0.006454	0.006225	0.006245	0	51,578
07/11/2018	0.006477	0.006479	0.006398	0.006455	0	51,766
07/09/2018	0.007657	0.007665	0.007620	0.007633	14	61,193
07/08/2018	0.007705	0.007720	0.007643	0.007650	14	61,577
07/07/2018	0.007512	0.007739	0.007430	0.007713	95	60,038
07/06/2018	0.007450	0.007528	0.007363	0.007525	14	59,543
07/05/2018	0.007509	0.007587	0.007376	0.007452	14	60,015
07/04/2018	0.007410	0.007742	0.007337	0.007493	88	59,223
07/03/2018	0.007562	0.007642	0.007383	0.007413	42	60,438
07/02/2018	0.007212	0.007645	0.007197	0.007598	430	57,635
07/01/2018	0.006323	0.006359	0.006222	0.006259	0	50,537
06/30/2018	0.006205	0.006466	0.004895	0.006322	0	49,589
06/29/2018	0.005886	0.006303	0.005872	0.006196	0	47,042
06/27/2018	0.004135	0.004159	0.004108	0.004135	1	33,044
06/26/2018	0.004235	0.004239	0.004132	0.004136	1	33,848
06/25/2018	0.004305	0.004368	0.004272	0.004272	1	34,409
06/24/2018	0.004378	0.004385	0.004044	0.004314	1	34,992
06/23/2018	0.004297	0.004429	0.004289	0.004379	0	34,341
06/22/2018	0.004736	0.004736	0.004221	0.004296	1	37,847
06/18/2018	0.004534	0.004747	0.004497	0.004735	1	36,236
06/17/2018	0.004643	0.004650	0.004534	0.004550	1	37,108
06/16/2018	0.004560	0.004613	0.004552	0.004607	1	36,441
06/15/2018	0.007486	0.007555	0.004551	0.004576	1	59,825
06/13/2018	0.004937	0.004967	0.004788	0.004809	0	39,459
06/12/2018	0.004752	0.005153	0.004711	0.004925	0	37,981
06/11/2018	0.004675	0.004780	0.004618	0.004755	0	37,363
06/10/2018	0.005179	0.005179	0.004600	0.004668	0	41,388
06/09/2018	0.009132	0.024574	0.005172	0.005172	561	72,980
06/08/2018	0.005455	0.005466	0.005368	0.005373	1	43,593
06/07/2018	0.005436	0.005501	0.005432	0.005450	1	43,447
06/06/2018	0.005337	0.005459	0.005261	0.005431	1	42,651
06/05/2018	0.005332	0.005341	0.005325	0.005338	1	42,615
06/02/2018	0.009546	0.009742	0.009493	0.009694	0	76,293
06/01/2018	0.009640	0.009641	0.005082	0.009550	2	77,043
05/27/2018	0.009829	0.009887	0.009693	0.009789	0	78,553
05/26/2018	0.004630	0.010156	0.004582	0.009825	0	37,004
05/25/2018	0.010512	0.010636	0.004577	0.004636	3	84,014
05/24/2018	0.010242	0.010565	0.010127	0.010493	10	81,852
05/20/2018	0.011461	0.011520	0.011387	0.011505	0	91,597
05/19/2018	0.010389	0.011578	0.010245	0.011453	0	83,033
05/18/2018	0.010043	0.010402	0.009878	0.010389	252	80,266
05/17/2018	0.008162	0.010476	0.002789	0.010053	488	65,229
05/16/2018	0.008266	0.009130	0.008014	0.008152	23	66,061
05/15/2018	0.008361	0.010308	0.008154	0.008263	40	66,823
05/14/2018	0.008025	0.010357	0.006216	0.008373	438	64,132
05/13/2018	0.012702	0.012787	0.007059	0.008028	8	101,511
05/12/2018	0.006771	0.012824	0.006579	0.012706	2	54,110
05/11/2018	0.008848	0.009228	0.006036	0.006787	35	70,716
05/10/2018	0.008674	0.018585	0.006484	0.008838	1,304	69,320
05/09/2018	0.009912	0.009922	0.005081	0.008676	106	79,217
05/08/2018	0.010493	0.010645	0.005410	0.009926	439	83,859
05/07/2018	0.011501	0.011532	0.010294	0.010456	353	91,915
05/06/2018	0.005386	0.011494	0.004994	0.011494	206	43,047
05/05/2018	0.006907	0.009333	0.005285	0.005387	16	55,200
05/04/2018	0.005631	0.009145	0.005104	0.006907	10	45,001
05/03/2018	0.015119	0.015150	0.004245	0.005641	95	120,835
05/02/2018	0.008251	0.015177	0.008173	0.015119	1	65,945
05/01/2018	0.014745	0.015125	0.005940	0.008273	69	117,844
04/30/2018	0.003446	0.014928	0.003436	0.014730	290	27,539
04/29/2018	0.004840	0.004840	0.003388	0.003445	106	38,681
04/28/2018	0.004430	0.004700	0.004430	0.004633	8	35,405
04/27/2018	0.004391	0.004704	0.004335	0.004468	16	35,089
04/26/2018	0.004002	0.004397	0.003906	0.004383	18	31,987
04/25/2018	0.004579	0.004579	0.003875	0.003964	42	36,591
04/24/2018	0.004005	0.004581	0.003702	0.004581	83	32,004
04/23/2018	0.007903	0.007974	0.003956	0.004003	23	63,161
04/22/2018	0.009928	0.011591	0.007878	0.007919	112	79,347
04/21/2018	0.003979	0.010054	0.003948	0.009928	2	31,799
04/20/2018	0.005472	0.005539	0.003819	0.003977	1	43,732
04/19/2018	0.005736	0.005865	0.004288	0.005473	21	45,841
04/18/2018	0.004828	0.005743	0.004345	0.005733	83	38,585
04/17/2018	0.003864	0.006111	0.003835	0.004825	138	30,879
04/16/2018	0.005279	0.005309	0.003840	0.003862	2	42,189
04/15/2018	0.004258	0.005286	0.004258	0.005272	29	34,029
04/14/2018	0.004980	0.005157	0.004062	0.004260	16	39,800
04/13/2018	0.007760	0.007817	0.004959	0.004980	10	62,017
04/12/2018	0.004585	0.007787	0.004463	0.007750	3	36,640
04/11/2018	0.008388	0.008407	0.004538	0.004596	3	67,037
04/10/2018	0.004529	0.004576	0.004458	0.004576	1	36,200
04/09/2018	0.002801	0.004526	0.002771	0.004526	1	22,387
04/08/2018	0.008354	0.008580	0.002794	0.002795	5	66,767
04/07/2018	0.008277	0.008626	0.003946	0.008347	19	66,147
04/06/2018	0.008470	0.008559	0.008156	0.008267	0	67,696
04/05/2018	0.008761	0.008816	0.007338	0.008514	208	70,021
04/04/2018	0.009418	0.009533	0.008678	0.008758	17	75,270
04/03/2018	0.008248	0.008710	0.008221	0.008651	4	65,914
04/02/2018	0.008941	0.009299	0.003638	0.008242	4	71,456
04/01/2018	0.009147	0.009278	0.005100	0.008897	7	73,105
03/31/2018	0.004786	0.009404	0.004567	0.009148	124	38,250
03/30/2018	0.005097	0.005380	0.002438	0.004785	0	40,731
03/29/2018	0.002347	0.005804	0.002133	0.005111	17	18,754
03/28/2018	0.002918	0.007450	0.002333	0.002343	13	23,324
03/27/2018	0.003758	0.003770	0.002911	0.002917	78	30,032
03/26/2018	0.002931	0.003784	0.002628	0.003763	0	23,424
03/25/2018	0.002605	0.003003	0.002577	0.002937	6	20,821
03/24/2018	0.003823	0.003834	0.002626	0.002637	354	30,556
03/23/2018	0.003797	0.003804	0.003581	0.003788	7	30,347
03/22/2018	0.002580	0.004685	0.002576	0.003798	23	20,617
03/21/2018	0.003909	0.004500	0.002560	0.002584	13	31,244
03/20/2018	0.005573	0.005573	0.003743	0.003886	47	44,542
03/19/2018	0.003494	0.005523	0.003381	0.005513	49	27,926
03/18/2018	0.004139	0.004139	0.002973	0.003508	7	33,081
03/17/2018	0.009132	0.009151	0.004100	0.004143	8	72,979
03/16/2018	0.005248	0.009381	0.005038	0.009117	0	41,944
03/15/2018	0.009028	0.009084	0.005091	0.005254	31	72,150
03/14/2018	0.009473	0.009630	0.005616	0.009032	1	75,705
03/13/2018	0.006320	0.012839	0.005972	0.009471	90	50,513
03/12/2018	0.005192	0.008715	0.005142	0.006356	40	41,491
03/11/2018	0.006180	0.006189	0.004925	0.005198	138	49,392
03/10/2018	0.008859	0.008974	0.006155	0.006199	28	70,802
03/09/2018	0.008522	0.009084	0.008168	0.009084	0	68,104
03/08/2018	0.008305	0.009104	0.008144	0.008563	82	66,377
03/07/2018	0.017244	0.019083	0.008304	0.008318	47	137,817
03/06/2018	0.008476	0.017396	0.008294	0.017269	295	67,744
03/05/2018	0.012852	0.012872	0.006438	0.008495	690	102,717
03/04/2018	0.013499	0.021142	0.012733	0.012861	627	107,884
03/03/2018	0.018104	0.020527	0.011270	0.013522	179	144,685
03/02/2018	0.020254	0.022255	0.006074	0.018125	1,501	161,872
03/01/2018	0.008578	0.008852	0.002389	0.002407	0	68,559
02/28/2018	0.015599	0.015599	0.008471	0.008576	246	124,670
02/27/2018	0.013006	0.015653	0.006981	0.015594	1	103,947
02/26/2018	0.010164	0.017850	0.010164	0.012971	237	81,232
02/25/2018	0.013211	0.013459	0.010157	0.010157	347	105,585
02/24/2018	0.017990	0.018626	0.012898	0.013242	9	143,776
02/23/2018	0.021560	0.021756	0.017383	0.018013	213	172,310
02/22/2018	0.014653	0.022563	0.014149	0.021580	24	117,107
02/21/2018	0.025910	0.025910	0.014384	0.014668	321	207,073
02/20/2018	0.022231	0.027154	0.009329	0.025942	26	177,672
02/19/2018	0.009154	0.022357	0.009154	0.022211	16	73,157
02/18/2018	0.024850	0.025274	0.022877	0.024166	0	198,597
02/17/2018	0.023547	0.024922	0.003223	0.024774	47	188,187
02/16/2018	0.032189	0.032773	0.015160	0.023552	141	257,251
02/15/2018	0.017908	0.032362	0.017705	0.032327	2,158	143,118
02/14/2018	0.017753	0.017943	0.017753	0.017898	2	141,879
02/13/2018	0.018507	0.018591	0.017455	0.018150	1	147,907
02/12/2018	0.025697	0.026010	0.010489	0.018473	910	205,371
02/11/2018	0.016501	0.026875	0.009974	0.025534	110	131,876
02/10/2018	0.020123	0.020724	0.015787	0.016515	66	160,824
02/09/2018	0.016288	0.020171	0.015700	0.020120	5	130,174
02/08/2018	0.015986	0.024260	0.012265	0.016268	89	127,762
02/07/2018	0.015220	0.018468	0.010704	0.016048	133	121,634
02/06/2018	0.019214	0.019214	0.009176	0.015302	350	153,560
02/05/2018	0.012408	0.019411	0.009587	0.019146	185	99,167
02/04/2018	0.012093	0.013447	0.010809	0.012530	3	96,648
02/03/2018	0.017962	0.026355	0.011893	0.012097	718	143,555
02/02/2018	0.019494	0.019494	0.014813	0.017878	324	155,795
02/01/2018	0.023264	0.024202	0.019245	0.019540	784	185,925
01/31/2018	0.021102	0.023576	0.018757	0.023220	215	168,646
01/30/2018	0.029360	0.031484	0.021013	0.021041	3,390	234,648
01/29/2018	0.017804	0.034740	0.016657	0.029413	1,628	142,286
01/28/2018	0.014128	0.033990	0.012496	0.017825	2,043	112,909
01/27/2018	0.006869	0.018192	0.006771	0.014033	607	54,894
01/26/2018	0.011515	0.011722	0.006387	0.006869	798	92,030
01/25/2018	0.010691	0.016098	0.010513	0.011555	495	85,446
01/24/2018	0.009892	0.010662	0.009662	0.010613	182	79,055
01/23/2018	0.012000	0.012142	0.009336	0.009889	441	95,904
01/22/2018	0.009414	0.013026	0.009253	0.012022	830	75,240
01/21/2018	0.012444	0.019669	0.009160	0.009370	2,283	99,449
01/20/2018	0.010380	0.019757	0.010380	0.012417	2,496	82,956
01/19/2018	0.017326	0.017926	0.009491	0.010313	403	138,469
01/18/2018	0.017279	0.018072	0.012545	0.017455	1,246	138,092
01/17/2018	0.009172	0.018161	0.007228	0.017086	201	73,305
01/16/2018	0.022468	0.022521	0.007549	0.009206	1,251	179,561
01/15/2018	0.010745	0.023328	0.010375	0.022423	209	85,877
01/14/2018	0.010793	0.033367	0.010103	0.010748	670	86,255
01/13/2018	0.030321	0.034130	0.010660	0.010783	532	242,321
01/12/2018	0.022899	0.030453	0.021894	0.030324	419	183,007
01/11/2018	0.014815	0.023312	0.014815	0.022638	827	118,402
01/09/2018	0.013631	0.014975	0.013631	0.014459	824	108,938
01/08/2018	0.007813	0.014001	0.007760	0.013670	779	62,442
01/07/2018	0.010063	0.013216	0.007473	0.007743	601	80,420
01/06/2018	0.009686	0.014659	0.009608	0.010067	93	77,411
01/05/2018	0.015135	0.016325	0.009356	0.009639	280	120,963
01/04/2018	0.014159	0.027919	0.013780	0.015198	951	113,156
01/03/2018	0.011631	0.027421	0.011588	0.014136	612	92,953
01/02/2018	0.027738	0.034163	0.010818	0.011577	1,763	221,682
01/01/2018	0.007922	0.027712	0.007244	0.027673	531	63,312
12/31/2017	0.009301	0.016685	0.004002	0.007932	176	74,335
12/30/2017	0.008856	0.010199	0.003699	0.009383	264	70,777
12/29/2017	0.005314	0.008913	0.005261	0.008859	812	42,471
12/28/2017	0.005492	0.005500	0.005029	0.005282	111	43,889
12/27/2017	0.011417	0.011477	0.005468	0.005501	1,428	91,242
12/26/2017	0.009806	0.011391	0.004448	0.011391	1,402	78,372
12/25/2017	0.005071	0.010477	0.003605	0.009803	685	40,526
12/24/2017	0.002659	0.006433	0.002322	0.005046	262	21,251
12/23/2017	0.009835	0.010762	0.002323	0.002628	185	78,603
12/22/2017	0.003958	0.010109	0.002984	0.009755	1,667	31,632
12/21/2017	0.007953	0.008367	0.003827	0.003943	3	63,564
12/20/2017	0.007799	0.008237	0.003062	0.007945	84	62,332
12/19/2017	0.001682	0.007870	0.001642	0.007808	507	13,441
12/18/2017	0.002037	0.003169	0.001559	0.001687	103	16,279
12/17/2017	0.003054	0.003234	0.001962	0.002040	513	24,406
12/16/2017	0.002013	0.003316	0.001839	0.003045	1,576	16,091
12/15/2017	0.002041	0.002044	0.001809	0.002010	4	16,311
12/14/2017	0.003661	0.003925	0.002009	0.002039	233	29,261
12/13/2017	0.003957	0.004168	0.001933	0.003663	435	31,625
12/12/2017	0.002601	0.003983	0.002534	0.003954	187	20,787
12/11/2017	0.002233	0.002618	0.002230	0.002618	7	17,846
12/10/2017	0.002411	0.002411	0.002191	0.002230	21	19,267
12/09/2017	0.002298	0.002586	0.002298	0.002403	18	18,362
12/08/2017	0.004225	0.004228	0.002105	0.002298	30	33,770
12/07/2017	0.006101	0.006110	0.004085	0.004219	68	48,760
12/06/2017	0.002277	0.006232	0.002233	0.006122	342	18,202
12/05/2017	0.002332	0.002341	0.002261	0.002282	11	18,637
12/04/2017	0.003880	0.006467	0.002260	0.002331	1,314	31,012
12/03/2017	0.002472	0.004016	0.001477	0.003873	164	19,755
12/02/2017	0.002309	0.002491	0.001350	0.002471	42	18,455
12/01/2017	0.002181	0.002333	0.002095	0.002309	4	17,434
11/30/2017	0.001883	0.002210	0.001079	0.002187	21	15,052
11/29/2017	0.002331	0.002385	0.001173	0.001860	15	18,631
11/28/2017	0.000998	0.002360	0.000991	0.002329	35	7,973
11/27/2017	0.000965	0.002542	0.000833	0.000999	858	7,710
11/26/2017	0.000700	0.000969	0.000679	0.000965	2	5,593
11/25/2017	0.000972	0.000995	0.000695	0.000700	25	7,771
11/24/2017	0.000897	0.001159	0.000849	0.000973	41	7,168
11/23/2017	0.001598	0.001610	0.000804	0.000901	6	12,770
11/22/2017	0.000783	0.001601	0.000782	0.001594	68	6,257
11/21/2017	0.000772	0.000803	0.000738	0.000782	31	6,169
11/20/2017	0.001418	0.001447	0.000773	0.000773	25	11,335
11/19/2017	0.002079	0.002086	0.000763	0.001420	7	16,618
11/18/2017	0.001327	0.002777	0.000765	0.002085	67	10,604
11/17/2017	0.000825	0.001828	0.000821	0.001329	112	6,596
11/16/2017	0.000685	0.001505	0.000674	0.000826	16	5,474
11/15/2017	0.000511	0.001619	0.000504	0.000685	379	4,083
11/14/2017	0.001511	0.001609	0.000481	0.000511	52	12,077
11/13/2017	0.002613	0.002711	0.001484	0.001511	210	20,886
11/12/2017	0.001183	0.009851	0.001167	0.002609	831	9,454
11/11/2017	0.000342	0.001811	0.000342	0.001183	527	2,733
11/10/2017	0.000971	0.000993	0.000293	0.000343	3	7,757
11/09/2017	0.000939	0.000997	0.000925	0.000970	5	7,503
11/08/2017	0.000782	0.002203	0.000779	0.000944	418	6,250
11/07/2017	0.001219	0.001385	0.000682	0.000783	24	9,742
11/06/2017	0.000373	0.001523	0.000369	0.001217	15	2,984
11/05/2017	0.001500	0.001581	0.000346	0.000373	111	11,988
11/04/2017	0.001525	0.001840	0.001474	0.001498	329	12,184
11/03/2017	0.001452	0.002087	0.001372	0.001524	226	11,602
11/02/2017	0.001748	0.002891	0.001421	0.001445	293	13,973
11/01/2017	0.001701	0.004253	0.001699	0.001744	670	13,592
10/31/2017	0.007057	0.009442	0.001532	0.001704	1,069	56,398
10/30/2017	0.009239	0.010808	0.007016	0.007053	1,722	73,836
10/29/2017	0.011529	0.012122	0.008915	0.009257	3,638	92,141
10/28/2017	0.010490	0.020842	0.008853	0.011534	6,949	-
10/27/2017	0.002221	0.032660	0.002221	0.009165	32,993	-
