Date	Open	High	Low	Close	Volume	Market Cap
07/15/2018	0.000060	0.000064	0.000025	0.000025	537	1,104,190
07/14/2018	0.000034	0.000060	0.000022	0.000060	200	624,260
07/13/2018	0.000022	0.000050	0.000022	0.000034	2,924	396,257
07/12/2018	0.000031	0.000031	0.000021	0.000021	215	574,646
07/11/2018	0.000055	0.000056	0.000022	0.000031	476	1,008,130
07/10/2018	0.000024	0.000063	0.000022	0.000055	17	433,830
07/09/2018	0.000057	0.000058	0.000024	0.000024	167	1,056,680
07/08/2018	0.000020	0.000063	0.000019	0.000057	122	361,576
07/07/2018	0.000027	0.000033	0.000019	0.000020	300	504,102
07/06/2018	0.000050	0.000061	0.000027	0.000027	150	925,715
07/05/2018	0.000028	0.000051	0.000023	0.000050	124	516,145
07/04/2018	0.000033	0.000034	0.000028	0.000028	987	598,334
07/03/2018	0.000040	0.000040	0.000028	0.000033	104	739,266
07/02/2018	0.000040	0.000055	0.000031	0.000040	779	730,145
07/01/2018	0.000037	0.000040	0.000032	0.000040	12	685,145
06/30/2018	0.000029	0.000054	0.000029	0.000037	186	530,497
06/29/2018	0.000030	0.000043	0.000027	0.000029	3,270	554,692
06/28/2018	0.000059	0.000059	0.000030	0.000030	2,000	1,085,550
06/27/2018	0.000032	0.000061	0.000031	0.000059	456	580,282
06/26/2018	0.000045	0.000056	0.000032	0.000032	119	822,346
06/25/2018	0.000042	0.000046	0.000027	0.000045	1,563	765,736
06/24/2018	0.000049	0.000055	0.000031	0.000042	2,357	893,035
06/23/2018	0.000060	0.000061	0.000049	0.000049	1,021	1,094,330
06/22/2018	0.000066	0.000066	0.000056	0.000060	1,473	1,215,630
06/21/2018	0.000077	0.000109	0.000058	0.000066	13,764	1,418,120
06/20/2018	0.000066	0.000118	0.000057	0.000077	26,245	1,201,030
06/19/2018	0.000049	0.000066	0.000049	0.000066	2,912	905,828
06/18/2018	0.000047	0.000052	0.000036	0.000049	284	856,065
06/17/2018	0.000061	0.000063	0.000047	0.000047	141	1,114,810
06/16/2018	0.000034	0.000061	0.000029	0.000061	950	625,617
06/15/2018	0.000054	0.000054	0.000034	0.000034	68	994,002
06/14/2018	0.000039	0.000054	0.000034	0.000054	303	709,402
06/13/2018	0.000056	0.000057	0.000030	0.000039	1,564	1,031,840
06/12/2018	0.000056	0.000068	0.000053	0.000056	3,078	1,034,250
06/11/2018	0.000049	0.000060	0.000038	0.000056	187	901,412
06/10/2018	0.000043	0.000072	0.000042	0.000049	955	788,448
06/09/2018	0.000064	0.000064	0.000037	0.000043	240	1,173,430
06/08/2018	0.000149	0.000150	0.000029	0.000064	1,147	2,690,730
06/07/2018	0.000042	0.000166	0.000027	0.000149	53,923	764,340
06/06/2018	0.000055	0.000055	0.000030	0.000042	107	984,785
06/05/2018	0.000062	0.000076	0.000042	0.000055	6	1,112,000
06/04/2018	0.000076	0.000076	0.000057	0.000062	159	1,362,800
06/03/2018	0.000074	0.000076	0.000066	0.000076	275	1,321,170
06/02/2018	0.000064	0.000074	0.000064	0.000074	230	1,158,250
06/01/2018	0.000069	0.000073	0.000047	0.000064	195	1,246,670
05/31/2018	0.000051	0.000075	0.000036	0.000069	1,327	919,621
05/30/2018	0.000062	0.000062	0.000051	0.000051	39	1,116,960
05/29/2018	0.000054	0.000074	0.000054	0.000062	34	972,978
05/28/2018	0.000054	0.000055	0.000036	0.000054	732	978,319
05/27/2018	0.000065	0.000070	0.000040	0.000053	1,634	1,158,580
05/26/2018	0.000063	0.000069	0.000040	0.000043	2,608	1,131,530
05/25/2018	0.000064	0.000078	0.000062	0.000063	823	1,138,030
05/24/2018	0.000074	0.000077	0.000058	0.000064	2,652	1,323,350
05/23/2018	0.000080	0.000139	0.000072	0.000074	4,872	1,422,550
05/22/2018	0.000084	0.000166	0.000079	0.000080	1,346	1,499,040
05/21/2018	0.000085	0.000170	0.000083	0.000084	7,239	1,519,160
05/20/2018	0.000082	0.000171	0.000082	0.000085	7,124	1,463,040
05/19/2018	0.000154	0.000154	0.000081	0.000082	2,039	2,745,170
05/18/2018	0.000081	0.000154	0.000079	0.000154	592	1,438,650
05/17/2018	0.000084	0.000085	0.000080	0.000081	972	1,488,440
05/16/2018	0.000077	0.000130	0.000074	0.000084	947	1,376,930
05/15/2018	0.000087	0.000153	0.000077	0.000077	1,989	1,543,590
05/14/2018	0.000086	0.000088	0.000083	0.000087	784	1,540,190
05/13/2018	0.000081	0.000087	0.000079	0.000086	631	1,444,480
05/12/2018	0.000083	0.000086	0.000080	0.000081	341	1,476,870
05/11/2018	0.000087	0.000157	0.000081	0.000083	3,212	1,556,450
05/10/2018	0.000183	0.000184	0.000087	0.000087	1,887	3,254,250
05/09/2018	0.000086	0.000184	0.000077	0.000183	10,951	1,523,220
05/08/2018	0.000138	0.000145	0.000085	0.000086	597	2,460,610
05/07/2018	0.000095	0.000154	0.000083	0.000137	113	1,683,360
05/06/2018	0.000122	0.000125	0.000092	0.000094	331	2,179,230
05/05/2018	0.000096	0.000147	0.000096	0.000122	77	1,716,130
05/04/2018	0.000097	0.000098	0.000095	0.000096	352	1,735,350
05/03/2018	0.000093	0.000098	0.000092	0.000097	1,062	1,654,790
05/02/2018	0.000089	0.000096	0.000086	0.000093	10,716	1,589,520
05/01/2018	0.000092	0.000092	0.000088	0.000089	245	1,643,630
04/30/2018	0.000104	0.000114	0.000092	0.000092	1,346	1,849,400
04/29/2018	0.000096	0.000111	0.000077	0.000104	104	1,707,240
04/28/2018	0.000088	0.000119	0.000083	0.000096	474	1,568,480
04/27/2018	0.000093	0.000099	0.000074	0.000088	1,399	1,655,840
04/26/2018	0.000081	0.000093	0.000079	0.000093	1,562	1,427,040
04/25/2018	0.000096	0.000096	0.000079	0.000080	241	1,684,090
04/24/2018	0.000089	0.000096	0.000089	0.000096	1,678	1,568,370
04/23/2018	0.000088	0.000089	0.000087	0.000089	6,551	1,543,400
04/22/2018	0.000089	0.000178	0.000087	0.000088	3,419	1,569,520
04/21/2018	0.000091	0.000091	0.000087	0.000089	3,257	1,595,580
04/20/2018	0.000163	0.000173	0.000084	0.000091	11,823	2,863,930
04/19/2018	0.000079	0.000163	0.000077	0.000163	9,867	1,382,370
04/18/2018	0.000079	0.000161	0.000070	0.000079	21,558	1,386,430
04/17/2018	0.000155	0.000158	0.000079	0.000079	12,815	2,717,240
04/16/2018	0.000079	0.000157	0.000072	0.000155	25,202	1,389,870
04/15/2018	0.000070	0.000151	0.000070	0.000079	6,155	1,220,080
04/14/2018	0.000058	0.000091	0.000052	0.000070	5,809	1,012,100
04/13/2018	0.000110	0.000153	0.000058	0.000058	25,712	1,911,450
04/12/2018	0.000070	0.000146	0.000068	0.000109	419	1,208,000
04/11/2018	0.000122	0.000137	0.000068	0.000070	1,047	2,118,270
04/10/2018	0.000070	0.000136	0.000068	0.000122	1,014	1,216,370
04/09/2018	0.000140	0.000141	0.000069	0.000070	2,427	2,432,620
04/08/2018	0.000071	0.000141	0.000068	0.000140	3,202	1,223,990
04/07/2018	0.000066	0.000135	0.000066	0.000071	905	1,147,700
04/06/2018	0.000094	0.000132	0.000066	0.000066	1,222	1,636,350
04/05/2018	0.000068	0.000134	0.000066	0.000095	1,044	1,176,360
04/04/2018	0.000148	0.000148	0.000067	0.000068	2,622	2,562,280
04/03/2018	0.000084	0.000148	0.000073	0.000148	5,869	1,449,710
04/02/2018	0.000084	0.000126	0.000074	0.000084	220,799	1,443,550
04/01/2018	0.000139	0.000141	0.000084	0.000084	16,018	2,275,410
03/31/2018	0.000132	0.000139	0.000076	0.000139	3,145	2,174,760
03/30/2018	0.000106	0.000139	0.000069	0.000132	7,348	1,742,120
03/29/2018	0.000153	0.000153	0.000096	0.000106	1,589	2,511,100
03/28/2018	0.000077	0.000157	0.000076	0.000153	2,466	1,258,540
03/27/2018	0.000152	0.000157	0.000076	0.000077	1,912	2,495,740
03/26/2018	0.000132	0.000161	0.000078	0.000152	1,471	2,159,910
03/25/2018	0.000169	0.000174	0.000124	0.000132	1,841	2,768,810
03/24/2018	0.000175	0.000177	0.000090	0.000171	1,428	2,864,920
03/23/2018	0.000169	0.000172	0.000113	0.000172	1,580	2,781,250
03/22/2018	0.000137	0.000220	0.000110	0.000169	25,325	2,242,510
03/21/2018	0.000091	0.000271	0.000090	0.000137	9,348	1,489,020
03/20/2018	0.000173	0.000259	0.000090	0.000091	36,617	2,831,400
03/19/2018	0.000166	0.000258	0.000163	0.000171	278,350	2,723,500
03/18/2018	0.000204	0.000221	0.000119	0.000167	26,019	3,352,820
03/17/2018	0.000249	0.000249	0.000158	0.000205	5,372	4,080,000
03/16/2018	0.000172	0.000317	0.000160	0.000248	242,858	2,828,870
03/15/2018	0.000244	0.000247	0.000124	0.000172	201,040	4,009,730
03/14/2018	0.000183	0.000281	0.000093	0.000245	377,004	2,953,490
03/13/2018	0.000183	0.000281	0.000179	0.000183	292,248	2,946,630
03/12/2018	0.000286	0.000295	0.000181	0.000273	61,224	4,542,230
03/11/2018	0.000185	0.000291	0.000168	0.000287	133,412	2,945,510
03/10/2018	0.000185	0.000200	0.000096	0.000185	591	2,937,690
03/09/2018	0.000184	0.000190	0.000123	0.000185	226	2,930,280
03/08/2018	0.000297	0.000300	0.000099	0.000186	2,335	4,565,880
03/07/2018	0.000214	0.000317	0.000095	0.000297	55,417	3,298,220
03/06/2018	0.000230	0.000341	0.000114	0.000215	64,794	3,412,710
03/05/2018	0.000230	0.000347	0.000228	0.000231	33,399	3,407,390
03/04/2018	0.000334	0.000343	0.000222	0.000230	37,961	4,954,990
03/03/2018	0.000333	0.000345	0.000229	0.000335	4,686	4,936,050
03/02/2018	0.000327	0.000335	0.000221	0.000334	9,102	4,851,450
03/01/2018	0.000205	0.000332	0.000204	0.000328	21,711	3,041,910
02/28/2018	0.000425	0.000441	0.000117	0.000205	95,028	6,303,250
02/27/2018	0.000413	0.000433	0.000319	0.000426	25,000	6,112,140
02/26/2018	0.000479	0.000488	0.000288	0.000411	38,353	7,093,130
02/25/2018	0.000485	0.000494	0.000285	0.000478	101,101	7,184,830
02/24/2018	0.000407	0.000519	0.000309	0.000486	73,660	6,031,620
02/23/2018	0.000496	0.000539	0.000399	0.000408	64,636	7,344,540
02/22/2018	0.000724	0.000744	0.000405	0.000496	54,153	10,724,700
02/21/2018	0.000754	0.000839	0.000457	0.000725	66,302	11,177,400
02/20/2018	0.000778	0.000894	0.000585	0.000755	30,190	11,522,800
02/19/2018	0.000931	0.001110	0.000669	0.000777	42,772	13,800,400
02/18/2018	0.000987	0.001203	0.000836	0.000936	30,446	14,627,400
02/17/2018	0.001116	0.001582	0.000858	0.000984	57,607	16,529,500
02/16/2018	0.000913	0.001119	0.000786	0.001116	120,962	13,529,800
02/15/2018	0.001377	0.001400	0.000761	0.000917	96,356	20,409,900
02/14/2018	0.000767	0.001444	0.000689	0.001378	169,174	11,359,400
02/13/2018	0.000085	0.000769	0.000085	0.000769	522,008	1,260,410
02/12/2018	0.000086	0.000086	0.000086	0.000086	4	-
