Date	Open	High	Low	Close	Volume	Market Cap
07/15/2018	0.000188	0.000256	0.000187	0.000191	9,157	1,028,370
07/14/2018	0.000249	0.000252	0.000187	0.000188	3,611	1,364,890
07/13/2018	0.000187	0.000252	0.000125	0.000250	5,004	1,024,610
07/12/2018	0.000192	0.000255	0.000184	0.000187	8,411	1,048,770
07/11/2018	0.000190	0.000257	0.000190	0.000192	8,182	1,037,160
07/10/2018	0.000267	0.000267	0.000189	0.000190	14,435	1,458,050
07/09/2018	0.000201	0.000270	0.000201	0.000267	10,563	1,100,860
07/08/2018	0.000270	0.000271	0.000201	0.000201	6,533	1,479,060
07/07/2018	0.000198	0.000272	0.000196	0.000271	5,280	1,083,160
07/06/2018	0.000261	0.000265	0.000194	0.000198	22,950	1,430,230
07/05/2018	0.000263	0.000331	0.000194	0.000261	12,632	-
07/04/2018	0.000260	0.000336	0.000257	0.000263	24,704	-
07/03/2018	0.000264	0.000264	0.000194	0.000195	75,168	-
