Date	Open	High	Low	Close	Volume	Market Cap
07/15/2018	0.825855	0.842068	0.806039	0.823099	6,979	578,531
07/14/2018	0.832505	0.849639	0.809427	0.826988	8,259	583,190
07/13/2018	0.820423	0.836644	0.817122	0.831299	8,619	574,726
07/12/2018	0.831423	0.834951	0.700142	0.817331	11,486	582,432
07/11/2018	0.822317	0.849927	0.821290	0.830835	7,203	576,053
07/10/2018	0.896463	0.901195	0.822948	0.822948	4,384	627,994
07/09/2018	0.908902	0.920786	0.889317	0.895218	4,565	636,708
07/08/2018	0.914004	0.928262	0.903268	0.917459	5,282	640,282
07/07/2018	0.905700	0.918156	0.878440	0.916552	4,975	634,465
07/06/2018	0.886718	0.922342	0.864780	0.910472	4,377	621,167
07/05/2018	0.901194	0.922243	0.871334	0.882343	7,672	631,308
07/04/2018	0.912835	0.920731	0.880572	0.905499	4,283	639,463
07/03/2018	0.910935	1.08	0.878622	0.909580	2,806	638,132
07/02/2018	0.807169	1.10	0.803057	0.909191	5,020	565,441
07/01/2018	0.796271	0.831395	0.778325	0.808106	7,269	557,807
06/30/2018	0.740043	0.806921	0.734618	0.792873	6,422	518,418
06/29/2018	0.731654	0.750899	0.694557	0.742093	3,282	512,541
06/28/2018	0.788451	0.788911	0.730564	0.732872	5,183	552,329
06/27/2018	0.752969	0.800521	0.724603	0.787002	6,568	527,473
06/26/2018	0.787365	0.799227	0.752706	0.752706	5,853	551,568
06/25/2018	0.791413	0.797626	0.745984	0.787368	6,170	554,404
06/24/2018	0.812928	0.813777	0.727945	0.793418	5,738	569,475
06/23/2018	0.825473	0.842084	0.787481	0.812125	6,253	578,264
06/22/2018	0.975053	0.977391	0.807807	0.823559	11,401	683,048
06/21/2018	1.01	1.02	0.966239	0.974371	8,500	707,380
06/20/2018	0.980535	1.01	0.940607	1.01	10,593	686,888
06/19/2018	0.978644	1.01	0.971172	0.984065	8,179	685,564
06/18/2018	0.966518	1.03	0.906978	0.977899	8,783	677,069
06/17/2018	1.00	1.01	0.950407	0.967849	8,770	701,256
06/16/2018	1.00	1.02	0.980431	1.00	7,787	703,508
06/15/2018	1.04	1.04	0.996093	0.999461	14,171	725,420
06/14/2018	0.992986	1.05	0.974400	1.03	18,212	695,610
06/13/2018	1.06	1.09	0.974633	0.980820	9,978	743,630
06/12/2018	1.13	1.14	1.02	1.06	13,057	792,479
06/11/2018	1.10	1.13	1.09	1.13	8,775	773,674
06/10/2018	1.24	1.24	1.09	1.11	8,342	868,809
06/09/2018	1.27	1.30	1.25	1.25	7,181	890,347
06/08/2018	1.25	1.31	1.24	1.27	20,895	877,339
06/07/2018	1.23	1.26	1.23	1.25	11,896	858,387
06/06/2018	1.24	1.25	1.20	1.23	7,509	865,643
06/05/2018	1.17	1.24	1.15	1.24	13,015	817,613
06/04/2018	1.22	1.23	1.13	1.17	9,362	854,226
06/03/2018	1.21	1.25	1.21	1.22	7,147	847,173
06/02/2018	1.19	1.22	1.17	1.22	12,767	832,540
06/01/2018	1.20	1.21	1.16	1.19	12,122	841,415
05/31/2018	1.17	1.23	1.15	1.20	6,335	818,945
05/30/2018	1.21	1.25	1.15	1.17	10,829	844,422
05/29/2018	1.11	1.21	1.09	1.20	4,116	776,753
05/28/2018	1.17	1.19	1.10	1.10	7,263	817,910
05/27/2018	1.21	1.58	1.16	1.17	11,231	847,291
05/26/2018	1.21	1.25	1.20	1.21	8,031	847,078
05/25/2018	1.36	1.38	1.20	1.21	14,718	950,389
05/24/2018	1.32	1.40	1.28	1.36	10,571	924,615
05/23/2018	1.47	1.51	1.29	1.33	13,173	1,029,400
05/22/2018	1.60	1.60	1.46	1.46	12,268	1,120,420
05/21/2018	1.71	1.72	1.59	1.60	17,286	1,196,310
05/20/2018	1.65	1.73	1.64	1.70	11,617	1,154,150
05/19/2018	1.68	1.70	1.64	1.65	8,130	1,175,390
05/18/2018	1.62	1.69	1.59	1.68	19,032	1,136,800
05/17/2018	1.71	1.74	1.61	1.61	21,843	1,200,670
05/16/2018	1.81	1.83	1.70	1.71	20,982	1,265,650
05/15/2018	1.86	1.90	1.79	1.81	26,394	1,300,640
05/14/2018	1.87	1.90	1.76	1.86	19,857	1,309,040
05/13/2018	1.85	1.93	1.81	1.87	21,515	1,292,930
05/12/2018	1.80	1.87	1.75	1.85	16,997	1,258,480
05/11/2018	1.92	1.92	1.78	1.81	21,007	1,346,450
05/10/2018	2.00	2.02	1.92	1.92	21,727	1,398,760
05/09/2018	1.97	1.99	1.88	1.99	34,531	1,380,340
05/08/2018	2.01	2.04	1.93	1.98	15,899	1,405,590
05/07/2018	2.09	2.10	1.99	2.00	16,855	1,466,700
05/06/2018	2.13	2.14	2.02	2.09	39,559	1,489,670
05/05/2018	2.09	2.17	2.06	2.12	54,178	1,464,390
05/04/2018	2.10	2.10	1.99	2.09	21,356	1,469,320
05/03/2018	2.04	2.12	1.94	2.10	21,165	1,432,350
05/02/2018	1.67	2.06	1.66	2.04	24,760	1,169,810
05/01/2018	1.61	1.67	1.54	1.67	22,280	1,124,650
04/30/2018	1.64	1.69	1.58	1.61	18,270	1,151,840
04/29/2018	1.48	1.73	1.48	1.65	21,927	1,038,920
04/28/2018	1.33	1.53	1.33	1.50	4,165	934,535
04/27/2018	1.43	1.46	1.34	1.34	14,704	1,001,010
04/26/2018	1.36	1.43	1.33	1.43	16,942	951,460
04/25/2018	1.55	1.55	1.35	1.36	16,053	1,087,700
04/24/2018	1.46	1.55	1.46	1.54	19,611	1,025,090
04/23/2018	1.44	1.48	1.43	1.47	11,776	1,009,120
04/22/2018	1.45	1.47	1.42	1.44	16,470	1,016,700
04/21/2018	1.42	1.44	1.34	1.43	16,230	996,210
04/20/2018	1.40	1.44	1.36	1.42	8,673	980,420
04/19/2018	1.35	1.40	1.35	1.40	17,467	942,471
04/18/2018	1.30	1.35	1.30	1.35	10,818	910,422
04/17/2018	1.36	1.37	1.29	1.30	17,518	953,011
04/16/2018	1.40	1.41	1.33	1.36	14,974	982,062
04/15/2018	1.38	1.46	1.38	1.40	12,644	968,910
04/14/2018	1.33	1.40	1.33	1.38	21,748	929,975
04/13/2018	1.36	1.43	1.32	1.33	16,922	955,571
04/12/2018	1.19	1.37	1.16	1.36	7,517	836,797
04/11/2018	1.15	1.20	1.15	1.19	14,089	805,294
04/10/2018	1.12	1.16	1.10	1.15	10,920	785,952
04/09/2018	1.16	1.20	1.10	1.12	8,466	809,944
04/08/2018	1.12	1.17	1.12	1.15	5,434	785,702
04/07/2018	1.08	1.15	1.08	1.12	10,936	755,179
04/06/2018	1.12	1.13	1.07	1.08	4,925	786,857
04/05/2018	1.12	1.13	1.07	1.12	5,610	782,884
04/04/2018	1.25	1.26	1.10	1.12	12,124	873,444
04/03/2018	1.19	1.27	1.18	1.25	10,791	834,537
04/02/2018	1.16	1.20	1.16	1.19	7,992	815,152
04/01/2018	1.20	1.21	1.10	1.17	11,216	840,338
03/31/2018	1.15	1.24	1.15	1.20	8,291	806,416
03/30/2018	1.18	1.20	1.08	1.15	11,504	826,221
03/29/2018	1.35	1.36	1.15	1.17	18,502	946,862
03/28/2018	1.35	1.40	1.34	1.35	16,565	942,838
03/27/2018	1.42	1.42	1.33	1.34	15,133	995,967
03/26/2018	1.52	1.53	1.36	1.42	19,180	1,064,340
03/25/2018	1.53	1.56	1.48	1.52	16,564	1,071,800
03/24/2018	1.54	1.62	1.53	1.54	19,251	1,080,720
03/23/2018	1.55	1.55	1.48	1.54	16,361	1,088,620
03/22/2018	1.59	1.61	1.51	1.55	18,061	1,111,770
03/21/2018	1.64	1.68	1.56	1.58	10,639	1,150,090
03/20/2018	1.64	1.66	1.57	1.64	15,760	1,148,080
03/19/2018	1.55	1.68	1.54	1.63	15,279	1,083,760
03/18/2018	1.65	1.66	1.41	1.54	26,934	1,159,220
03/17/2018	1.76	1.78	1.62	1.65	23,178	1,236,110
03/16/2018	1.84	1.85	1.74	1.77	16,348	1,285,600
03/15/2018	1.84	1.92	1.73	1.84	18,857	1,291,220
03/14/2018	2.07	2.11	1.79	1.84	15,622	1,447,320
03/13/2018	2.08	2.15	2.02	2.07	22,756	1,458,940
03/12/2018	2.18	2.20	1.99	2.09	54,140	1,524,340
03/11/2018	2.09	2.21	2.01	2.17	37,008	1,460,640
03/10/2018	2.07	2.12	1.96	2.09	27,059	1,452,510
03/09/2018	2.00	2.08	1.84	2.08	35,496	1,401,170
03/08/2018	2.11	2.13	1.93	2.01	34,997	1,475,870
03/07/2018	2.07	2.12	1.88	2.11	53,539	1,450,390
03/06/2018	2.04	2.07	1.98	2.07	23,847	1,432,250
03/05/2018	2.04	2.09	2.02	2.05	122,293	1,431,060
03/04/2018	2.03	2.04	1.98	2.04	293,177	1,422,430
03/03/2018	2.01	2.07	2.00	2.03	203,363	1,407,520
03/02/2018	2.00	2.02	1.96	2.01	203,017	1,401,870
03/01/2018	1.95	2.06	1.94	2.00	56,931	1,368,950
02/28/2018	2.03	2.08	1.95	1.95	345	1,219,370
02/27/2018	2.03	2.08	2.00	2.04	282	1,217,030
02/26/2018	1.93	2.06	1.89	2.03	51	1,159,220
02/25/2018	1.92	1.97	1.87	1.94	54,250	1,154,580
02/24/2018	2.01	2.08	1.90	1.93	95,671	1,205,920
02/23/2018	1.89	2.05	1.84	2.01	76,446	1,133,900
02/22/2018	2.06	2.17	1.88	1.90	62,989	1,237,810
02/21/2018	2.34	2.43	2.01	2.07	80,611	1,404,790
02/20/2018	2.44	2.51	2.32	2.33	127,469	1,464,900
02/19/2018	2.43	2.56	2.41	2.44	75,273	1,459,460
02/18/2018	2.55	2.56	2.34	2.44	71,137	1,531,140
02/17/2018	2.47	2.56	2.43	2.55	46,159	1,481,780
02/16/2018	2.47	2.55	2.34	2.46	47,008	1,480,480
02/15/2018	2.24	2.50	2.22	2.45	68,803	1,345,920
02/14/2018	2.03	2.25	2.00	2.25	65,963	1,220,510
02/13/2018	2.10	2.12	1.98	2.04	46,904	1,260,750
02/12/2018	2.01	2.19	1.96	2.10	51,466	1,203,080
02/11/2018	2.11	2.11	1.93	2.01	52,472	1,268,530
02/10/2018	2.22	2.35	1.98	2.12	50,225	1,329,350
02/09/2018	2.09	2.26	1.99	2.25	67,954	1,251,310
02/08/2018	2.02	2.26	2.00	2.09	66,865	1,210,840
02/07/2018	2.14	2.29	1.96	2.03	51,936	1,281,860
02/06/2018	1.93	2.17	1.66	2.15	61,733	1,155,170
02/05/2018	2.30	2.36	1.85	1.92	47,547	1,381,340
02/04/2018	2.60	2.65	2.22	2.31	52,170	1,562,090
02/03/2018	2.49	2.69	2.31	2.58	53,066	1,491,170
02/02/2018	2.53	2.58	2.13	2.48	72,103	1,517,150
02/01/2018	3.30	3.33	2.52	2.54	61,276	1,980,530
01/31/2018	3.43	3.52	3.23	3.30	44,488	2,059,920
01/30/2018	3.92	3.97	3.31	3.44	157,607	2,352,620
01/29/2018	4.28	4.33	3.73	3.92	74,885	2,566,620
01/28/2018	4.29	4.56	4.25	4.29	31,887	2,576,790
01/27/2018	4.40	4.42	4.14	4.29	41,068	2,639,970
01/26/2018	4.40	4.58	4.08	4.40	42,221	2,641,930
01/25/2018	4.90	5.03	4.19	4.41	26,854	2,942,920
01/24/2018	4.83	5.17	4.70	4.87	11,311	2,899,980
01/23/2018	5.04	5.23	4.75	4.84	9,393	3,022,690
01/22/2018	5.25	5.44	4.69	5.04	13,163	3,147,540
01/21/2018	5.88	5.91	5.12	5.26	27,694	3,527,740
01/20/2018	5.46	5.89	5.46	5.81	41,762	3,277,760
01/19/2018	5.32	5.69	5.18	5.41	23,504	3,192,320
01/18/2018	6.35	6.84	5.23	5.34	24,093	3,811,620
01/17/2018	5.41	6.39	4.80	6.35	34,522	3,246,260
01/16/2018	6.81	6.96	4.71	5.40	97,539	4,087,710
01/15/2018	6.88	7.13	5.98	6.85	226,109	4,128,850
01/14/2018	7.92	8.01	6.83	6.91	105,549	4,751,530
01/13/2018	7.62	8.02	7.62	7.91	233,729	4,570,450
01/12/2018	7.32	8.06	7.14	7.68	111,499	4,394,070
01/11/2018	8.20	8.27	7.19	7.28	757,245	4,921,830
01/10/2018	8.28	8.55	7.70	8.17	1,084,400	4,965,220
01/09/2018	8.52	8.54	8.03	8.30	662,407	5,114,430
01/08/2018	9.13	9.22	8.05	8.47	1,043,340	5,477,120
01/07/2018	8.67	9.26	8.50	9.11	1,150,340	5,202,060
01/06/2018	8.19	8.86	8.15	8.75	1,217,770	4,912,020
01/05/2018	7.93	8.29	7.77	8.23	1,532,980	4,755,000
01/04/2018	8.00	8.10	7.78	7.96	1,239,730	4,801,240
01/03/2018	8.03	8.14	7.80	8.04	1,531,490	4,817,400
01/02/2018	7.39	8.13	6.88	8.02	1,227,690	4,432,770
01/01/2018	7.37	7.57	7.13	7.38	628,173	4,424,220
12/31/2017	7.39	7.56	7.26	7.31	412,162	4,436,620
12/30/2017	8.33	8.34	7.17	7.36	527,239	4,995,100
12/29/2017	8.23	8.40	8.04	8.27	549,057	4,939,480
12/28/2017	8.31	8.46	7.66	8.22	526,189	4,986,510
12/27/2017	8.22	8.42	7.77	8.33	381,898	4,929,690
12/26/2017	8.31	8.70	8.08	8.18	945,901	4,983,910
12/25/2017	8.27	8.48	8.07	8.33	700,142	4,960,950
12/24/2017	8.43	8.88	7.59	8.22	1,199,560	5,058,080
12/23/2017	6.71	8.79	6.68	8.47	590,142	4,024,540
12/22/2017	7.72	7.86	5.52	6.62	353,345	4,629,620
12/21/2017	7.77	7.93	6.99	7.69	990,726	4,664,440
12/20/2017	7.50	8.04	6.94	7.80	1,175,200	4,499,530
12/19/2017	8.14	8.25	6.91	7.50	1,277,210	4,881,780
12/18/2017	8.10	8.33	7.90	8.12	1,306,810	4,861,180
12/17/2017	7.97	8.24	7.87	8.08	1,177,820	4,780,100
12/16/2017	7.58	8.00	7.52	7.96	1,600,580	4,549,360
12/15/2017	7.44	7.72	7.31	7.60	1,527,590	4,465,040
12/14/2017	7.54	7.76	7.29	7.46	1,319,700	4,524,390
12/13/2017	7.88	8.20	7.45	7.52	1,099,260	4,729,930
12/12/2017	6.85	8.03	6.72	7.90	998,667	4,107,970
12/11/2017	6.12	6.86	6.07	6.84	1,615,620	3,674,030
12/10/2017	5.83	6.38	5.41	6.15	505,232	3,495,490
12/09/2017	5.88	5.98	5.53	5.83	696,677	3,529,400
12/08/2017	5.77	6.01	5.52	5.85	913,659	3,461,080
12/07/2017	4.86	5.74	4.80	5.74	895,316	2,915,530
12/06/2017	4.88	5.01	4.69	4.87	967,002	2,929,800
12/05/2017	5.01	5.14	4.80	4.84	604,780	3,007,660
12/04/2017	4.98	5.04	4.23	5.01	752,563	2,986,400
12/03/2017	4.59	5.07	4.51	4.98	573,197	2,755,120
12/02/2017	4.23	4.69	4.12	4.59	641,425	2,538,250
12/01/2017	4.10	4.24	3.99	4.18	199,186	2,462,990
11/30/2017	4.03	4.17	3.75	4.07	100,938	2,416,220
11/29/2017	4.08	4.28	3.56	3.99	541,791	2,450,440
11/28/2017	4.09	4.12	3.99	4.06	508,171	2,456,060
11/27/2017	4.10	4.17	3.99	4.08	514,156	2,458,790
11/26/2017	3.86	4.12	3.80	4.09	495,956	2,317,600
11/25/2017	3.80	3.88	3.77	3.86	485,871	2,280,660
11/24/2017	3.76	3.87	3.73	3.81	475,081	2,254,790
11/23/2017	3.80	3.85	3.75	3.76	460,985	2,280,310
11/22/2017	3.76	3.83	3.73	3.81	463,081	2,258,550
11/21/2017	3.86	3.87	3.71	3.75	471,311	2,318,380
11/20/2017	3.88	3.88	3.81	3.86	483,961	2,326,910
11/19/2017	3.76	3.89	3.73	3.89	473,871	2,257,790
11/18/2017	3.69	3.77	3.63	3.77	423,281	2,215,310
11/17/2017	3.56	3.74	3.49	3.68	434,158	2,137,860
11/16/2017	3.47	3.61	3.42	3.57	417,012	2,079,280
11/15/2017	3.35	3.47	3.35	3.46	407,526	2,012,330
11/14/2017	3.37	3.41	3.19	3.35	429,231	2,022,620
11/13/2017	3.34	3.39	3.27	3.37	429,687	2,004,730
11/12/2017	3.41	3.50	3.23	3.33	395,675	2,043,170
11/11/2017	3.39	3.50	3.33	3.40	407,915	2,036,280
11/10/2017	3.47	3.54	3.35	3.39	400,123	2,082,630
11/09/2017	3.17	3.54	3.15	3.45	425,168	1,900,100
11/08/2017	2.77	3.17	2.75	3.17	366,481	1,659,840
11/07/2017	2.72	2.78	2.67	2.78	340,036	1,629,180
11/06/2017	2.69	2.77	2.66	2.72	326,527	1,616,760
11/05/2017	2.72	2.81	2.66	2.69	333,804	1,634,280
11/04/2017	2.54	2.75	2.52	2.72	331,151	1,526,300
11/03/2017	2.41	2.60	2.37	2.55	319,259	1,444,550
11/02/2017	2.31	2.73	2.28	2.38	305,021	1,385,320
11/01/2017	2.24	2.56	2.15	2.33	273,186	1,343,000
10/31/2017	2.08	2.25	2.05	2.24	264,959	1,245,740
10/30/2017	1.95	2.08	1.94	2.08	242,538	1,172,980
10/29/2017	1.82	2.01	1.82	1.97	237,618	1,094,790
10/28/2017	1.84	1.93	1.48	1.83	231,548	1,102,730
10/27/2017	1.88	1.90	1.75	1.83	207,953	1,129,480
10/26/2017	1.82	1.89	1.77	1.88	182,842	1,090,190
10/25/2017	1.76	1.83	1.65	1.83	200,422	-
10/24/2017	1.68	1.80	1.60	1.75	218,628	-
10/23/2017	1.64	1.68	1.53	1.67	317,217	-
10/22/2017	1.64	1.65	1.58	1.64	346,110	-
10/21/2017	1.75	1.77	1.60	1.64	346,099	-
10/20/2017	1.73	1.80	1.69	1.75	458,048	-
10/19/2017	1.73	1.75	1.69	1.73	344,058	-
10/18/2017	1.77	1.78	1.62	1.73	355,429	-
10/17/2017	1.86	1.87	1.76	1.77	380,619	-
10/16/2017	1.79	1.88	1.71	1.86	379,347	-
10/15/2017	1.97	1.99	1.64	1.80	407,374	-
10/14/2017	1.87	1.97	1.83	1.97	410,018	-
10/13/2017	1.75	1.88	1.73	1.87	377,493	-
10/12/2017	1.70	1.83	1.70	1.75	396,318	-
10/11/2017	1.65	1.75	1.65	1.70	373,981	-
10/10/2017	1.61	1.68	1.55	1.65	303,332	-
10/09/2017	1.54	1.67	1.54	1.61	350,314	-
10/08/2017	1.56	1.61	1.55	1.55	328,309	-
10/07/2017	1.54	1.57	1.52	1.56	368,824	-
10/06/2017	1.56	1.61	1.52	1.54	365,814	-
10/05/2017	1.51	1.60	1.47	1.56	358,208	-
10/04/2017	1.53	1.56	1.50	1.51	376,491	-
10/03/2017	1.55	1.58	1.34	1.53	186,046	-
10/02/2017	1.55	1.58	1.54	1.55	2,703	-
10/01/2017	1.55	1.56	1.51	1.56	3,830	-
09/30/2017	1.50	1.56	1.50	1.55	43,094	-
09/29/2017	1.51	1.51	1.48	1.50	71,399	-
