Date	Open	High	Low	Close	Volume	Market Cap
07/15/2018	0.109256	0.113526	0.107048	0.112085	4,260,020	8,853,810
07/14/2018	0.112636	0.113342	0.108670	0.109308	3,862,950	9,127,720
07/13/2018	0.111413	0.114988	0.109563	0.112458	8,501,090	9,028,610
07/12/2018	0.114698	0.114698	0.108114	0.110837	9,186,850	9,294,820
07/11/2018	0.112081	0.117047	0.110670	0.113919	4,185,220	9,082,740
07/10/2018	0.122551	0.131867	0.110202	0.112028	2,764,630	9,931,200
07/09/2018	0.124314	0.136431	0.121540	0.122655	1,245,060	10,074,100
07/08/2018	0.121690	0.133101	0.121671	0.124261	1,353,020	9,861,430
07/07/2018	0.120383	0.123025	0.114852	0.121647	2,964,450	9,755,510
07/06/2018	0.127570	0.129919	0.120271	0.120423	2,640,890	10,337,900
07/05/2018	0.117429	0.128398	0.116151	0.127495	2,619,510	9,516,130
07/04/2018	0.114909	0.132487	0.110543	0.117322	2,829,040	9,311,910
07/03/2018	0.119692	0.120514	0.113563	0.116242	2,143,280	9,699,520
07/02/2018	0.115753	0.121989	0.110311	0.119630	2,244,960	9,380,310
07/01/2018	0.114101	0.116913	0.111390	0.115853	1,967,010	9,246,440
06/30/2018	0.108184	0.114361	0.108184	0.114361	2,547,780	8,766,940
06/29/2018	0.104225	0.110019	0.098904	0.108164	1,503,660	8,446,110
06/28/2018	0.110320	0.110361	0.102374	0.103011	1,119,850	8,940,050
06/27/2018	0.107027	0.110130	0.105493	0.109427	582,350	8,673,180
06/26/2018	0.117230	0.117620	0.106410	0.106963	1,072,050	9,500,000
06/25/2018	0.115327	0.116575	0.111606	0.115443	1,344,080	9,345,810
06/24/2018	0.118228	0.118675	0.106820	0.115218	1,295,210	9,580,910
06/23/2018	0.116426	0.120210	0.112498	0.118129	1,294,450	9,434,880
06/22/2018	0.129742	0.130121	0.112647	0.116061	692,350	10,513,900
06/21/2018	0.132051	0.134990	0.127985	0.129812	314,724	10,701,100
06/20/2018	0.138047	0.138067	0.130454	0.131987	1,088,270	11,186,900
06/19/2018	0.133051	0.139196	0.130661	0.137790	1,483,760	10,782,100
06/18/2018	0.127058	0.134709	0.125138	0.132958	1,545,980	10,296,400
06/17/2018	0.127850	0.130515	0.124025	0.127290	1,378,280	10,360,600
06/16/2018	0.128502	0.131823	0.125732	0.128169	1,193,330	10,413,400
06/15/2018	0.136363	0.137195	0.127331	0.128668	1,311,300	11,050,500
06/14/2018	0.125418	0.137745	0.121499	0.136336	1,306,280	10,163,600
06/13/2018	0.130665	0.133666	0.119695	0.125160	1,799,270	10,588,700
06/12/2018	0.146556	0.146928	0.128992	0.130033	1,520,100	11,876,500
06/11/2018	0.152332	0.152776	0.143047	0.146596	2,134,550	12,344,600
06/10/2018	0.131356	0.168668	0.125101	0.152338	2,170,800	10,644,700
06/09/2018	0.130927	0.135444	0.125041	0.132311	1,336,660	10,610,000
06/08/2018	0.143253	0.143753	0.130126	0.131029	1,184,100	11,608,800
06/07/2018	0.152575	0.154168	0.137086	0.143287	1,098,750	12,364,300
06/06/2018	0.153957	0.155370	0.144757	0.152621	1,099,790	12,476,300
06/05/2018	0.148952	0.154558	0.146617	0.154105	2,007,660	12,070,700
06/04/2018	0.159569	0.162478	0.147091	0.148855	800,700	12,931,100
06/03/2018	0.152123	0.159890	0.148870	0.158937	584,047	12,327,700
06/02/2018	0.155643	0.161928	0.151568	0.152222	1,510,580	12,612,900
06/01/2018	0.155482	0.161363	0.150451	0.155983	1,268,830	12,599,900
05/31/2018	0.156208	0.162651	0.152725	0.155340	1,420,270	12,658,700
05/30/2018	0.151228	0.156924	0.144593	0.156020	1,127,170	12,255,100
05/29/2018	0.141622	0.154667	0.140620	0.151112	219,694	11,476,700
05/28/2018	0.148894	0.151275	0.138735	0.141957	1,402,860	12,066,000
05/27/2018	0.157524	0.158022	0.146575	0.149018	1,326,310	12,765,300
05/26/2018	0.160747	0.165981	0.146883	0.157466	1,497,200	13,026,500
05/25/2018	0.167932	0.170767	0.156029	0.159999	1,412,710	13,608,800
05/24/2018	0.154685	0.170970	0.151033	0.167771	1,618,720	12,535,300
05/23/2018	0.169161	0.172929	0.149458	0.154689	1,334,580	13,708,300
05/22/2018	0.184003	0.190836	0.166434	0.169493	1,315,070	14,911,100
05/21/2018	0.184935	0.194638	0.176781	0.184000	1,550,090	14,986,600
05/20/2018	0.193443	0.198577	0.180515	0.184871	1,739,310	15,676,100
05/19/2018	0.188709	0.201264	0.186465	0.193454	1,724,180	15,292,500
05/18/2018	0.189470	0.189470	0.180333	0.188700	1,147,750	15,354,200
05/17/2018	0.189335	0.192938	0.179750	0.189345	755,240	15,343,200
05/16/2018	0.195245	0.198340	0.182179	0.189120	1,092,040	15,822,200
05/15/2018	0.199223	0.203321	0.178497	0.196360	951,599	16,144,500
05/14/2018	0.200952	0.204472	0.186441	0.199416	676,789	16,284,600
05/13/2018	0.183362	0.202964	0.180104	0.201489	988,472	14,859,200
05/12/2018	0.187414	0.192573	0.175526	0.182878	1,152,490	15,187,500
05/11/2018	0.210082	0.217879	0.184850	0.187553	1,160,800	17,024,500
05/10/2018	0.233316	0.239856	0.210041	0.210041	1,385,730	18,907,300
05/09/2018	0.229071	0.236163	0.217059	0.233209	1,511,110	18,563,300
05/08/2018	0.233532	0.241052	0.222495	0.229696	878,872	18,924,800
05/07/2018	0.243054	0.243476	0.217861	0.233013	1,586,280	19,696,400
05/06/2018	0.248823	0.254929	0.233131	0.242912	1,995,620	20,164,000
05/05/2018	0.241239	0.258458	0.240814	0.249047	2,181,630	19,549,400
05/04/2018	0.240058	0.251467	0.234465	0.241337	2,173,500	19,453,600
05/03/2018	0.218831	0.244261	0.218268	0.240366	2,307,160	17,733,500
05/02/2018	0.228693	0.232711	0.217271	0.218934	1,988,750	18,532,600
05/01/2018	0.232102	0.232250	0.220535	0.229010	1,599,380	18,808,900
04/30/2018	0.233055	0.237271	0.229148	0.231687	1,194,630	18,886,200
04/29/2018	0.233027	0.240227	0.229568	0.232268	719,317	18,883,900
04/28/2018	0.224411	0.236138	0.222297	0.233302	1,647,190	18,185,600
04/27/2018	0.232387	0.238832	0.222055	0.225620	1,291,110	18,832,000
04/26/2018	0.220165	0.232573	0.214025	0.232573	749,264	17,841,500
04/25/2018	0.260687	0.260687	0.215614	0.219269	1,127,070	21,125,400
04/24/2018	0.237144	0.261022	0.237144	0.260859	1,588,070	19,217,500
04/23/2018	0.233052	0.238555	0.231012	0.237230	1,425,150	18,885,900
04/22/2018	0.220825	0.244776	0.215004	0.233307	1,148,400	17,895,000
04/21/2018	0.221201	0.230562	0.212970	0.220012	921,609	17,925,500
04/20/2018	0.201224	0.221828	0.199467	0.221021	1,130,930	16,306,600
04/19/2018	0.187414	0.201466	0.186957	0.201466	1,488,840	15,187,500
04/18/2018	0.177483	0.188851	0.177483	0.187388	1,117,030	14,382,800
04/17/2018	0.188953	0.192051	0.177313	0.177586	1,037,250	15,312,200
04/16/2018	0.181652	0.190110	0.172305	0.189896	1,109,160	14,720,600
04/15/2018	0.173301	0.181664	0.173094	0.181664	1,138,770	14,043,800
04/14/2018	0.174661	0.180196	0.169531	0.173877	975,094	14,154,100
04/13/2018	0.175161	0.183707	0.170577	0.175236	651,016	14,194,600
04/12/2018	0.159574	0.174904	0.155044	0.174754	781,596	12,931,500
04/11/2018	0.143286	0.160136	0.143286	0.160136	605,021	11,153,300
04/10/2018	0.151632	0.152299	0.140862	0.143232	717,091	11,803,000
04/09/2018	0.152693	0.164246	0.147577	0.151283	709,402	11,885,500
04/08/2018	0.147079	0.153118	0.146143	0.152145	576,393	11,448,600
04/07/2018	0.140857	0.152915	0.140117	0.146475	810,727	10,964,300
04/06/2018	0.145133	0.146118	0.137416	0.140377	699,430	11,297,000
04/05/2018	0.149169	0.149207	0.143064	0.145554	589,301	11,611,200
04/04/2018	0.171185	0.171185	0.147059	0.149334	523,764	13,325,000
04/03/2018	0.154861	0.170889	0.152944	0.170889	516,810	12,054,300
04/02/2018	0.145908	0.157430	0.144845	0.154607	334,918	11,357,400
04/01/2018	0.149623	0.152090	0.135887	0.145323	441,468	11,646,600
03/31/2018	0.155390	0.166571	0.148079	0.150291	485,536	12,095,500
03/30/2018	0.149967	0.161443	0.141613	0.155462	564,014	11,673,300
03/29/2018	0.175146	0.175942	0.148771	0.149240	610,361	13,633,200
03/28/2018	0.174127	0.180713	0.170363	0.174464	478,146	13,553,900
03/27/2018	0.192155	0.193332	0.173760	0.174007	662,325	14,957,200
03/26/2018	0.175931	0.208087	0.168999	0.192208	887,005	13,694,400
03/25/2018	0.183822	0.184485	0.172692	0.176832	1,637,770	14,308,600
03/24/2018	0.201104	0.201104	0.184875	0.185481	1,529,710	15,653,800
03/23/2018	0.200015	0.201179	0.188968	0.197056	1,277,510	15,569,000
03/22/2018	0.210392	0.215318	0.185401	0.200424	1,797,020	16,376,800
03/21/2018	0.182806	0.210546	0.182273	0.209621	667,389	14,229,500
03/20/2018	0.170401	0.188921	0.161668	0.182538	1,107,720	13,263,900
03/19/2018	0.162458	0.170457	0.158285	0.169300	1,313,930	12,645,700
03/18/2018	0.169892	0.169892	0.135940	0.162447	1,199,520	13,224,300
03/17/2018	0.192868	0.194950	0.168252	0.170060	1,195,080	15,012,700
03/16/2018	0.198540	0.207419	0.190391	0.193806	1,315,890	15,454,200
03/15/2018	0.198571	0.205781	0.186681	0.200480	1,249,270	15,456,700
03/14/2018	0.222513	0.244544	0.193175	0.198155	537,705	17,320,300
03/13/2018	0.231402	0.334398	0.216049	0.224665	833,849	18,012,200
03/12/2018	0.241414	0.248678	0.222427	0.231266	460,283	18,791,600
03/11/2018	0.221532	0.246091	0.214667	0.242793	178,589	17,243,900
03/10/2018	0.238376	0.242798	0.220537	0.222506	111,566	18,555,000
03/09/2018	0.228376	0.239214	0.204112	0.237545	154,723	17,776,700
03/08/2018	0.241482	0.255282	0.223749	0.227360	293,482	18,796,800
03/07/2018	0.274429	0.281743	0.229663	0.240274	811,678	21,361,400
03/06/2018	0.310120	0.312158	0.265654	0.269375	1,083,610	24,139,500
03/05/2018	0.307392	0.328988	0.298584	0.310552	976,105	23,927,200
03/04/2018	0.293660	0.320273	0.268879	0.307033	1,124,700	22,858,300
03/03/2018	0.296224	0.306964	0.293579	0.294859	1,142,860	23,057,900
03/02/2018	0.305086	0.324889	0.283874	0.299134	837,836	23,747,700
03/01/2018	0.311832	0.320761	0.302988	0.305659	1,376,990	24,272,800
02/28/2018	0.314382	0.320052	0.291155	0.312024	1,960,470	24,471,300
02/27/2018	0.309908	0.345891	0.306920	0.313543	2,505,330	24,123,000
02/26/2018	0.304011	0.326112	0.304011	0.310479	2,032,470	23,664,000
02/25/2018	0.344347	0.346088	0.303879	0.307455	2,704,180	26,803,800
02/24/2018	0.335745	0.372465	0.333641	0.349287	3,878,290	26,134,200
02/23/2018	0.304216	0.368262	0.296824	0.339860	3,698,530	23,680,000
02/22/2018	0.325723	0.332912	0.297430	0.303690	3,359,950	25,354,100
02/21/2018	0.335155	0.357259	0.317525	0.332604	1,850,810	26,088,300
02/20/2018	0.377811	0.386063	0.332932	0.334930	1,001,290	29,408,600
02/19/2018	0.380391	0.403520	0.374286	0.376644	1,022,000	29,609,400
02/18/2018	0.408899	0.416664	0.358397	0.384127	703,470	31,828,500
02/17/2018	0.409548	0.442422	0.404908	0.407810	880,525	31,878,900
02/16/2018	0.402409	0.411461	0.387500	0.409580	912,245	31,323,300
02/15/2018	0.398236	0.436983	0.383543	0.396967	1,420,830	30,998,400
02/14/2018	0.362910	0.401813	0.346185	0.401039	1,286,280	28,248,700
02/13/2018	0.382313	0.402245	0.359599	0.363896	1,543,080	29,759,000
02/12/2018	0.334665	0.419340	0.322977	0.382327	6,947,980	26,050,100
02/11/2018	0.365235	0.369382	0.321596	0.333231	283,876	28,429,700
02/10/2018	0.367508	0.411700	0.353105	0.368169	454,824	28,606,600
02/09/2018	0.349198	0.373513	0.312762	0.363700	702,582	27,181,400
02/08/2018	0.324046	0.370237	0.324046	0.352854	529,476	25,223,600
02/07/2018	0.364764	0.384187	0.323882	0.323882	697,202	28,393,000
02/06/2018	0.318796	0.392431	0.234034	0.368946	570,669	24,814,900
02/05/2018	0.372692	0.383708	0.302691	0.318152	994,836	29,010,100
02/04/2018	0.458130	0.494513	0.359085	0.375753	1,221,840	35,660,600
02/03/2018	0.422723	0.468628	0.387223	0.457788	1,927,570	32,904,500
02/02/2018	0.463243	0.474184	0.344548	0.418126	2,000,030	36,058,500
02/01/2018	0.526576	0.591314	0.469154	0.474195	2,511,760	40,988,400
01/31/2018	0.524322	0.565821	0.496988	0.523976	2,154,510	40,812,900
01/30/2018	0.708051	0.716530	0.520819	0.522962	2,641,620	55,114,200
01/29/2018	0.881916	0.881916	0.644860	0.703303	4,577,190	68,647,800
01/28/2018	0.615893	0.901248	0.611123	0.885437	7,240,870	47,940,700
01/27/2018	0.579503	0.638339	0.551445	0.613969	3,579,610	45,108,200
01/26/2018	0.537570	0.579784	0.503812	0.579784	2,251,910	41,844,200
01/25/2018	0.586241	0.625828	0.533183	0.536113	3,278,630	45,632,700
01/24/2018	0.585204	0.627070	0.561924	0.577822	2,135,880	45,552,000
01/23/2018	0.604116	0.625161	0.506345	0.590582	3,459,850	47,024,000
01/22/2018	0.682269	0.695152	0.592843	0.612673	2,372,020	53,107,400
01/21/2018	0.780617	0.792865	0.637667	0.679988	3,570,100	60,762,800
01/20/2018	0.680085	0.804398	0.672719	0.784559	4,385,600	52,937,400
01/19/2018	0.730168	0.743586	0.619947	0.669217	4,340,020	56,835,900
01/18/2018	0.743304	0.837848	0.714081	0.736664	2,330,700	57,858,400
01/17/2018	0.751043	0.798019	0.537405	0.744094	2,740,260	58,460,700
01/16/2018	0.876052	1.03	0.590480	0.759483	1,590,050	68,191,400
01/15/2018	1.16	1.17	0.866572	0.866572	1,561,070	90,208,600
01/14/2018	0.977942	1.27	0.728345	1.17	1,466,740	76,122,500
01/13/2018	1.18	1.26	0.873899	1.03	1,524,850	92,065,200
01/12/2018	1.23	1.35	1.07	1.23	1,523,640	96,097,700
01/11/2018	1.37	1.48	1.06	1.20	2,465,440	106,353,000
01/10/2018	1.44	1.56	1.16	1.37	2,755,350	112,442,000
01/09/2018	1.56	1.60	1.33	1.44	3,519,750	121,401,000
01/08/2018	1.76	2.00	1.18	1.56	3,841,470	136,805,000
01/07/2018	1.10	1.95	1.10	1.74	4,619,990	86,009,800
01/06/2018	0.910728	1.15	0.819600	1.09	2,012,270	70,890,500
01/05/2018	0.735956	0.946908	0.723009	0.908748	2,235,570	57,286,300
01/04/2018	0.753247	0.854105	0.716261	0.737946	1,695,340	58,632,300
01/03/2018	0.692165	0.783222	0.602144	0.751887	1,724,470	53,877,700
01/02/2018	0.710378	0.805393	0.633121	0.690147	711,051	55,295,400
01/01/2018	0.545892	0.743682	0.525786	0.686946	4,192,250	42,491,900
12/31/2017	0.480882	0.629336	0.456708	0.548973	1,714,260	37,431,600
12/30/2017	0.426706	0.579571	0.378924	0.482029	2,858,880	33,214,500
12/29/2017	0.331020	0.449131	0.315018	0.426869	1,304,810	25,766,400
12/28/2017	0.348024	0.404533	0.300947	0.329034	1,063,020	27,090,000
12/27/2017	0.311460	0.403548	0.286822	0.348602	1,870,290	24,243,900
12/26/2017	0.305860	0.325499	0.279402	0.311109	361,390	13,996,400
12/25/2017	0.284379	0.327773	0.281090	0.305812	309,182	13,013,400
12/24/2017	0.298920	0.332558	0.262198	0.282960	778,326	13,678,800
12/23/2017	0.231699	0.330790	0.231699	0.299984	340,447	10,602,800
12/22/2017	0.256404	0.272111	0.176231	0.229847	512,609	11,733,200
12/21/2017	0.310448	0.333723	0.239599	0.255435	592,865	14,206,400
12/20/2017	0.320836	0.328447	0.272277	0.310113	464,725	14,681,700
12/19/2017	0.307406	0.400928	0.293292	0.321179	507,793	14,067,200
12/18/2017	0.286059	0.321292	0.265903	0.308142	470,281	13,090,300
12/17/2017	0.289874	0.308527	0.262760	0.286431	505,340	13,264,900
12/16/2017	0.280812	0.307461	0.251478	0.275763	325,887	12,850,200
12/15/2017	0.302492	0.314073	0.248348	0.280287	567,936	13,842,300
12/14/2017	0.297765	0.330510	0.274776	0.302223	103,420	12,006,800
12/13/2017	0.250999	0.341739	0.224840	0.297937	418,802	10,121,000
12/12/2017	0.249195	0.259755	0.207189	0.250827	174,085	10,048,300
12/11/2017	0.165525	0.277003	0.163783	0.250794	290,992	6,674,480
12/10/2017	0.184615	0.184615	0.161068	0.169254	18,496	7,444,220
12/09/2017	0.156569	0.204501	0.156569	0.184024	107,701	6,313,340
12/08/2017	0.145339	0.163017	0.142842	0.156573	21,223	5,860,490
12/07/2017	0.149952	0.173546	0.136240	0.145124	41,789	6,046,500
12/06/2017	0.177956	0.180999	0.143784	0.150663	54,679	7,175,720
12/05/2017	0.155217	0.199416	0.152480	0.174150	97,179	6,258,830
12/04/2017	0.157432	0.171361	0.148227	0.155134	31,229	6,348,120
12/03/2017	0.156058	0.180379	0.147479	0.156935	33,044	6,292,720
12/02/2017	0.164822	0.176300	0.145224	0.156004	46,421	6,646,110
12/01/2017	0.144159	0.169050	0.134761	0.164832	31,485	5,812,910
11/30/2017	0.144708	0.162743	0.129026	0.144598	19,966	5,835,070
11/29/2017	0.168688	0.197763	0.135298	0.142875	66,014	6,802,020
11/28/2017	0.201964	0.223485	0.144592	0.168565	149,255	8,143,810
11/27/2017	0.168814	0.222078	0.149211	0.210279	50,834	6,807,080
11/26/2017	0.168976	0.192491	0.158529	0.180983	13,097	6,813,620
11/25/2017	0.186802	0.197270	0.161074	0.169001	29,733	7,532,400
11/24/2017	0.194844	0.197756	0.173334	0.186823	37,749	7,856,700
11/23/2017	0.155462	0.214868	0.147778	0.195824	49,530	6,268,700
11/22/2017	0.124956	0.160931	0.121110	0.155113	44,326	5,038,610
11/21/2017	0.125493	0.130195	0.109761	0.124766	25,567	5,060,260
11/20/2017	0.135810	0.138340	0.116660	0.125691	30,986	5,476,250
11/19/2017	0.118846	0.178697	0.117859	0.135970	51,372	4,792,220
11/18/2017	0.116585	0.128928	0.113293	0.119169	18,948	4,701,050
11/17/2017	0.145002	0.145002	0.113215	0.116780	34,377	5,846,900
11/16/2017	0.139670	0.148728	0.126702	0.145105	28,610	5,631,920
11/15/2017	0.136049	0.172562	0.117262	0.139784	50,308	5,485,910
11/14/2017	0.130017	0.149797	0.117460	0.135975	15,938	2,642,330
11/13/2017	0.111001	0.148139	0.109787	0.130023	48,950	2,255,880
11/12/2017	0.143425	0.151532	0.110808	0.110825	29,738	2,914,830
11/11/2017	0.139479	0.154393	0.135606	0.143440	17,775	2,834,630
11/10/2017	0.146287	0.161755	0.134477	0.139843	54,039	2,972,990
11/09/2017	0.134795	0.166904	0.132134	0.146218	53,955	2,739,440
11/08/2017	0.129949	0.148597	0.119517	0.135530	69,805	2,640,950
11/07/2017	0.136897	0.143448	0.116045	0.130119	32,077	2,782,150
11/06/2017	0.135940	0.144830	0.118323	0.136692	39,709	-
11/05/2017	0.143542	0.146483	0.133735	0.135813	311,346	-
11/04/2017	0.143714	0.151258	0.136499	0.143353	214,625	-
11/03/2017	0.137950	0.149073	0.128902	0.143688	211,073	-
11/02/2017	0.130708	0.158288	0.118092	0.137264	166,937	-
11/01/2017	0.187828	0.187828	0.127933	0.130348	63,247	-
10/31/2017	0.137909	0.281375	0.120103	0.188174	134,972	-
10/30/2017	0.176341	0.188365	0.127585	0.137675	75,396	-
10/29/2017	0.182293	0.204654	0.166256	0.176697	371,769	-
10/28/2017	0.208916	0.211826	0.177914	0.182373	169,300	-
10/27/2017	0.203424	0.223151	0.196096	0.208760	44,620	-
10/26/2017	0.261675	0.294792	0.192690	0.203819	94,909	-
10/25/2017	0.217856	0.304995	0.217856	0.282686	163,778	-
