Date	Open	High	Low	Close	Volume	Market Cap
07/15/2018	0.005342	0.006211	0.005327	0.005988	14,987	3,177,510
07/14/2018	0.005219	0.005382	0.005105	0.005347	3,171	3,086,900
07/13/2018	0.005005	0.005497	0.005005	0.005210	10,396	2,960,430
07/12/2018	0.005426	0.005427	0.004219	0.004758	9,846	3,209,190
07/11/2018	0.005423	0.005514	0.005158	0.005426	9,195	3,207,820
07/10/2018	0.006123	0.006338	0.004902	0.005423	20,470	3,621,720
07/09/2018	0.006365	0.006384	0.005910	0.006128	10,819	3,764,560
07/08/2018	0.006707	0.006782	0.005979	0.006366	11,862	3,967,200
07/07/2018	0.006409	0.006714	0.006145	0.006702	2,524	3,790,930
07/06/2018	0.006787	0.006955	0.006377	0.006412	10,201	4,014,430
07/05/2018	0.007117	0.007215	0.006412	0.006790	16,368	4,209,710
07/04/2018	0.006719	0.007363	0.006594	0.007114	4,857	3,974,320
07/03/2018	0.007475	0.007915	0.006539	0.006716	33,932	4,421,450
07/02/2018	0.006666	0.007781	0.006610	0.007469	10,167	3,942,630
07/01/2018	0.006995	0.007387	0.006661	0.006661	13,441	4,137,250
06/30/2018	0.007162	0.007723	0.006878	0.006988	15,561	4,235,830
06/29/2018	0.006571	0.007248	0.005913	0.007157	11,446	3,886,390
06/28/2018	0.007804	0.007830	0.006526	0.006568	20,273	4,615,630
06/27/2018	0.007108	0.007836	0.006150	0.007787	28,759	4,204,250
06/26/2018	0.005898	0.008003	0.005715	0.007288	14,482	3,488,290
06/25/2018	0.005322	0.006369	0.005292	0.005898	7,942	3,147,590
06/24/2018	0.006414	0.006927	0.005318	0.005343	20,862	3,793,850
06/23/2018	0.006137	0.006984	0.005577	0.006416	40,439	3,629,950
06/22/2018	0.007945	0.008125	0.006233	0.006242	30,114	4,699,290
06/21/2018	0.008887	0.008962	0.007776	0.007959	44,775	5,256,180
06/20/2018	0.009269	0.010819	0.007575	0.008903	76,959	5,482,550
06/19/2018	0.008775	0.010553	0.008191	0.009263	64,677	5,190,160
06/18/2018	0.007985	0.008869	0.007393	0.008780	53,302	4,523,140
06/17/2018	0.007905	0.008383	0.007804	0.007986	11,380	4,478,220
06/16/2018	0.008400	0.008413	0.007464	0.007906	40,262	4,758,570
06/15/2018	0.009402	0.009442	0.008329	0.008410	11,563	5,326,100
06/14/2018	0.008800	0.009659	0.008420	0.009404	9,309	4,985,070
06/13/2018	0.009769	0.010488	0.008380	0.008779	26,745	5,533,850
06/12/2018	0.009808	0.010004	0.009062	0.009730	11,137	5,556,140
06/11/2018	0.009710	0.010201	0.009490	0.009804	20,386	5,500,480
06/10/2018	0.013160	0.013160	0.009383	0.009693	28,016	7,454,890
06/09/2018	0.011928	0.014244	0.011254	0.013134	36,801	6,756,970
06/08/2018	0.010932	0.012002	0.010534	0.011925	35,242	6,192,990
06/07/2018	0.011068	0.011581	0.010373	0.010914	37,061	6,269,890
06/06/2018	0.011396	0.011453	0.010308	0.011071	39,517	6,455,820
06/05/2018	0.011749	0.011871	0.009450	0.011419	35,516	6,655,390
06/04/2018	0.012886	0.013164	0.010800	0.011749	20,225	7,299,760
06/03/2018	0.011836	0.013022	0.011826	0.012881	23,567	6,704,640
06/02/2018	0.011695	0.012927	0.011619	0.011851	26,202	6,624,880
06/01/2018	0.011856	0.012852	0.011146	0.011697	56,749	6,715,950
05/31/2018	0.012754	0.013026	0.010743	0.011830	42,603	7,224,550
05/30/2018	0.013105	0.014828	0.011935	0.012766	22,524	7,423,480
05/29/2018	0.011911	0.013682	0.011235	0.013097	34,511	6,747,190
05/28/2018	0.012481	0.012996	0.011462	0.011945	31,118	7,069,230
05/27/2018	0.013726	0.013885	0.011960	0.012481	32,823	7,774,480
05/26/2018	0.014429	0.015145	0.012707	0.013699	39,041	8,172,640
05/25/2018	0.014815	0.015040	0.013138	0.014427	35,872	8,391,530
05/24/2018	0.014181	0.014831	0.012661	0.014799	52,146	8,032,200
05/23/2018	0.015578	0.016068	0.012853	0.014245	52,888	8,823,070
05/22/2018	0.016798	0.017743	0.014880	0.015614	81,670	9,513,650
05/21/2018	0.018856	0.020231	0.016831	0.016831	80,372	10,679,600
05/20/2018	0.020291	0.021738	0.015108	0.018733	244,816	11,491,900
05/19/2018	0.023000	0.023042	0.019272	0.020274	176,290	11,646,800
05/18/2018	0.024228	0.024721	0.022232	0.023000	96,226	12,268,600
05/17/2018	0.022660	0.025207	0.019622	0.024252	159,949	11,474,400
05/16/2018	0.026417	0.026417	0.021365	0.022201	143,371	13,377,100
05/15/2018	0.028071	0.029839	0.024588	0.025142	190,251	14,214,600
05/14/2018	0.029526	0.030317	0.026733	0.028200	212,767	14,951,500
05/13/2018	0.028830	0.030978	0.027106	0.029539	156,269	14,599,000
05/12/2018	0.026300	0.029455	0.025391	0.028888	167,384	13,316,400
05/11/2018	0.029521	0.031688	0.024012	0.026347	420,640	14,947,200
05/10/2018	0.028234	0.030981	0.027422	0.029498	296,380	14,295,800
05/09/2018	0.024856	0.028964	0.023747	0.027867	80,813	12,585,300
05/08/2018	0.030096	0.030964	0.022741	0.024872	70,776	15,238,700
05/07/2018	0.032370	0.032519	0.024827	0.029901	83,327	16,346,800
05/06/2018	0.033374	0.033549	0.027397	0.032352	99,792	16,853,800
05/05/2018	0.030611	0.033725	0.029865	0.033380	122,850	15,458,600
05/04/2018	0.031538	0.032876	0.026266	0.030569	143,744	15,926,600
05/03/2018	0.032844	0.032900	0.027925	0.031642	176,229	-
05/02/2018	0.032731	0.033506	0.025021	0.032847	208,252	-
05/01/2018	0.027824	0.038547	0.027824	0.030969	458,040	-
