Date	Open	High	Low	Close	Volume	Market Cap
07/15/2018	0.005586	0.005867	0.005506	0.005646	243,797	-
07/14/2018	0.005548	0.005840	0.005463	0.005614	268,130	-
07/13/2018	0.005871	0.005871	0.005183	0.005585	370,099	-
07/12/2018	0.005699	0.005699	0.005166	0.005543	410,465	-
07/11/2018	0.005812	0.006021	0.005687	0.005700	612,036	-
07/10/2018	0.006463	0.006494	0.005506	0.005801	921,266	-
07/09/2018	0.006904	0.006914	0.006450	0.006474	752,185	-
07/08/2018	0.007263	0.007268	0.006875	0.006893	727,558	-
07/07/2018	0.007119	0.007698	0.006918	0.007252	882,533	-
07/06/2018	0.006764	0.007464	0.006507	0.007109	391,091	-
07/05/2018	0.007012	0.007020	0.006348	0.006793	167,570	-
07/04/2018	0.006870	0.007370	0.006628	0.006998	77,324	-
07/03/2018	0.006727	0.007348	0.006661	0.006866	171,758	-
07/02/2018	0.006826	0.006873	0.006322	0.006730	580,347	-
07/01/2018	0.007132	0.007600	0.006592	0.006810	719,145	-
06/30/2018	0.006705	0.007419	0.006705	0.007111	781,908	-
06/29/2018	0.007057	0.007094	0.006340	0.006723	795,256	-
06/28/2018	0.007633	0.007669	0.007017	0.007054	703,519	-
06/27/2018	0.008239	0.008297	0.007595	0.007595	821,879	-
06/26/2018	0.008668	0.008701	0.008165	0.008233	833,089	-
06/25/2018	0.008250	0.008734	0.008110	0.008679	728,174	-
06/24/2018	0.009303	0.009347	0.007806	0.008249	876,944	-
06/23/2018	0.009270	0.009521	0.009120	0.009275	900,101	-
06/22/2018	0.009843	0.009877	0.008515	0.009274	1,088,790	-
06/21/2018	0.010328	0.010358	0.009538	0.009915	978,617	-
06/20/2018	0.010844	0.010852	0.010113	0.010328	337,331	-
06/19/2018	0.010079	0.010897	0.009430	0.010847	440,042	-
06/18/2018	0.010322	0.010525	0.009948	0.010117	407,117	-
06/17/2018	0.010921	0.011130	0.010305	0.010357	407,643	-
06/16/2018	0.011485	0.011683	0.010630	0.010969	479,962	-
06/15/2018	0.013074	0.013074	0.011452	0.011581	535,011	-
06/14/2018	0.011074	0.013798	0.011074	0.013064	558,694	-
06/13/2018	0.012763	0.012763	0.010215	0.011134	544,766	-
06/12/2018	0.013173	0.013511	0.012645	0.012740	452,793	-
06/11/2018	0.013747	0.013747	0.012517	0.013171	606,260	-
06/10/2018	0.017161	0.017190	0.013258	0.013685	824,863	-
06/09/2018	0.015543	0.017769	0.014090	0.017238	1,509,760	-
06/08/2018	0.015786	0.016117	0.014394	0.015488	1,622,080	-
06/07/2018	0.012285	0.017156	0.011907	0.015744	1,709,690	-
06/06/2018	0.013132	0.013482	0.010997	0.012312	1,471,660	-
06/05/2018	0.008339	0.013475	0.008021	0.013343	1,072,840	-
06/04/2018	0.008997	0.008997	0.007912	0.008358	348,655	-
06/03/2018	0.010281	0.010522	0.008032	0.009029	348,777	-
06/02/2018	0.010709	0.011086	0.009680	0.010358	316,476	-
06/01/2018	0.011927	0.011959	0.010186	0.010712	329,138	-
05/31/2018	0.012197	0.013109	0.011427	0.011907	428,651	-
05/30/2018	0.013431	0.013670	0.012088	0.012346	170,880	-
05/29/2018	0.013832	0.014656	0.012079	0.013318	489,191	-
05/28/2018	0.012310	0.017233	0.012012	0.014025	542,878	-
