Date	Open	High	Low	Close	Volume	Market Cap
07/15/2018	0.238875	0.247095	0.230945	0.245833	90,598	-
07/14/2018	0.242479	0.245908	0.229301	0.238912	65,292	-
07/13/2018	0.233698	0.261891	0.233698	0.241344	165,404	-
07/12/2018	0.261797	0.261920	0.230058	0.233387	167,158	-
07/11/2018	0.286340	0.292069	0.251810	0.261518	327,245	-
07/10/2018	0.308373	0.322273	0.278029	0.286065	367,675	-
07/09/2018	0.353079	0.358655	0.313417	0.313417	270,481	-
07/08/2018	0.391981	0.391981	0.349416	0.351374	283,203	-
07/07/2018	0.364802	0.399570	0.349694	0.388219	276,379	-
07/06/2018	0.382537	0.384983	0.337293	0.364854	282,825	-
07/05/2018	0.408784	0.414933	0.382435	0.382542	259,595	-
07/04/2018	0.426655	0.454426	0.401088	0.401088	422,115	-
07/03/2018	0.482300	0.506353	0.409826	0.429152	409,502	-
07/02/2018	0.463273	0.538479	0.448477	0.484075	784,597	-
07/01/2018	0.621540	0.625584	0.409570	0.463497	420,786	-
06/30/2018	0.619817	0.672546	0.593715	0.606615	75,258	-
06/29/2018	0.626305	0.657519	0.568387	0.612276	78,548	-
06/28/2018	0.681209	0.728774	0.626617	0.626617	106,466	-
06/27/2018	0.700287	0.738660	0.680984	0.680984	93,657	-
06/26/2018	0.759352	0.775665	0.699157	0.700106	75,023	-
06/25/2018	0.784770	0.812551	0.759352	0.759352	95,259	-
06/24/2018	0.859098	0.902067	0.760821	0.786505	1,169,850	-
06/23/2018	0.780869	0.916473	0.740897	0.859300	930,134	-
06/22/2018	0.699923	0.848725	0.684962	0.781493	1,102,120	-
06/21/2018	0.724273	0.738643	0.674550	0.699875	188,434	-
06/20/2018	0.846629	0.846782	0.717799	0.724661	111,616	-
06/19/2018	0.793899	0.846109	0.750786	0.846109	1,072,600	-
06/18/2018	0.788256	0.812048	0.756114	0.796075	208,475	-
06/17/2018	0.811040	0.825399	0.779084	0.792038	332,539	-
06/16/2018	0.702274	0.817129	0.692078	0.810327	421,490	-
06/15/2018	0.822781	0.827574	0.704572	0.704736	95,566	-
06/14/2018	0.747836	0.836426	0.733147	0.815987	481,434	-
06/13/2018	0.835527	0.840920	0.724917	0.752415	248,893	-
06/12/2018	1.00	1.03	0.822624	0.833128	713,850	-
06/11/2018	0.963313	1.01	0.898624	1.00	701,128	-
06/10/2018	1.16	1.16	0.941767	0.955649	388,958	-
06/09/2018	1.19	1.20	1.13	1.16	849,482	-
06/08/2018	1.22	1.27	1.12	1.19	838,953	-
06/07/2018	1.20	1.24	1.20	1.22	867,217	-
06/06/2018	1.21	1.25	1.19	1.19	451,662	-
06/05/2018	1.17	1.22	1.15	1.22	438,626	-
06/04/2018	1.26	1.28	1.15	1.17	496,335	-
06/03/2018	1.29	1.32	1.27	1.28	614,774	-
06/02/2018	1.17	1.34	1.17	1.29	1,323,320	-
06/01/2018	1.15	1.18	1.12	1.17	491,563	-
05/31/2018	1.12	1.19	1.10	1.14	413,425	-
05/30/2018	1.16	1.19	1.06	1.12	432,377	-
05/29/2018	1.05	1.17	1.03	1.16	478,449	-
05/28/2018	1.17	1.20	1.05	1.05	448,862	-
05/27/2018	1.20	1.21	1.15	1.18	360,815	-
05/26/2018	1.20	1.24	1.17	1.20	316,777	-
05/25/2018	1.25	1.29	1.18	1.19	590,032	-
05/24/2018	1.18	1.30	1.15	1.25	917,876	-
05/23/2018	1.60	1.60	1.16	1.19	1,438,560	-
05/22/2018	1.73	1.73	1.56	1.59	892,292	-
05/21/2018	1.78	1.90	1.70	1.73	1,034,950	-
05/20/2018	1.72	1.82	1.70	1.80	1,071,820	-
05/19/2018	1.72	1.81	1.70	1.72	1,409,620	-
05/18/2018	1.70	1.74	1.65	1.72	870,679	-
05/17/2018	1.77	1.87	1.69	1.69	1,064,120	-
05/16/2018	1.85	1.87	1.70	1.76	1,258,000	-
05/15/2018	1.99	2.05	1.82	1.86	2,012,490	-
05/14/2018	1.97	2.19	1.86	1.99	3,546,200	-
05/13/2018	1.76	2.05	1.68	1.99	2,837,320	-
05/12/2018	1.90	1.96	1.58	1.76	2,142,530	-
05/11/2018	2.15	2.20	1.71	1.89	2,773,740	-
05/10/2018	2.25	2.39	2.10	2.16	3,280,160	-
05/09/2018	2.36	2.36	2.15	2.25	2,455,630	-
05/08/2018	2.45	2.57	2.27	2.36	2,632,090	-
05/07/2018	2.53	2.65	2.30	2.41	4,609,580	-
05/06/2018	3.19	3.31	2.23	2.50	16,109,100	-
05/05/2018	1.67	3.40	1.64	3.14	26,557,400	-
05/04/2018	2.10	2.10	1.58	1.67	1,438,470	-
05/03/2018	2.32	2.37	1.90	2.07	2,710,740	-
05/02/2018	2.29	2.39	2.29	2.34	5,513,080	-
