Date	Open	High	Low	Close	Volume	Market Cap
07/15/2018	6.79	7.04	6.75	6.93	2,718,480	15,608,000
07/14/2018	6.99	7.03	6.68	6.80	2,354,500	16,059,600
07/13/2018	7.09	7.25	6.95	7.01	2,940,870	16,280,600
07/12/2018	7.43	7.62	6.86	7.02	3,137,960	17,070,800
07/11/2018	7.21	7.63	7.16	7.43	2,830,880	16,578,100
07/10/2018	8.14	8.14	7.18	7.22	3,415,160	18,712,400
07/09/2018	8.81	9.57	8.11	8.12	6,301,210	20,242,500
07/08/2018	8.41	9.21	8.04	8.83	4,839,670	19,325,400
07/07/2018	7.61	8.51	7.53	8.51	4,093,230	17,485,700
07/06/2018	7.56	7.72	7.28	7.62	2,729,010	17,376,900
07/05/2018	8.02	8.25	7.33	7.56	3,661,030	18,428,300
07/04/2018	7.95	8.58	7.68	8.05	2,679,730	18,258,500
07/03/2018	8.30	8.82	7.69	8.01	4,056,050	19,081,300
07/02/2018	7.42	8.51	7.42	8.26	4,422,780	17,056,300
07/01/2018	7.22	7.76	7.09	7.40	3,179,670	16,598,400
06/30/2018	6.56	7.30	6.55	7.21	2,631,870	15,070,800
06/29/2018	6.25	6.76	5.94	6.56	4,053,900	14,360,800
06/28/2018	6.21	7.56	6.17	6.24	3,734,240	14,263,800
06/27/2018	6.20	6.26	6.02	6.21	1,859,330	14,248,200
06/26/2018	6.85	6.86	6.20	6.20	1,443,580	15,738,800
06/25/2018	6.53	6.93	6.50	6.83	2,071,430	15,016,100
06/24/2018	7.30	7.35	5.97	6.55	3,000,370	16,763,200
06/23/2018	7.41	7.56	7.22	7.30	1,865,460	17,020,600
06/22/2018	8.70	8.76	7.28	7.41	2,782,310	20,000,100
06/21/2018	8.95	8.98	8.66	8.70	2,800,350	20,558,900
06/20/2018	8.75	9.22	8.62	8.96	3,288,160	20,097,700
06/19/2018	8.67	8.90	8.58	8.74	2,034,270	19,918,300
06/18/2018	8.53	8.79	8.29	8.67	3,009,760	19,594,000
06/17/2018	8.86	9.02	8.54	8.54	2,347,960	20,365,700
06/16/2018	8.42	8.87	8.34	8.83	3,298,380	19,339,300
06/15/2018	8.91	8.92	8.40	8.44	2,657,520	20,476,200
06/14/2018	7.80	8.95	7.80	8.93	4,484,470	17,933,000
06/13/2018	8.54	8.57	7.54	7.80	5,392,330	19,616,200
06/12/2018	9.31	9.37	8.46	8.56	7,634,390	21,382,400
06/11/2018	9.27	9.42	8.88	9.31	6,154,830	21,301,600
06/10/2018	10.54	10.54	9.04	9.24	7,688,970	24,219,100
06/09/2018	11.10	11.13	10.54	10.54	5,042,510	25,496,100
06/08/2018	11.33	11.44	11.05	11.11	5,831,430	26,029,400
06/07/2018	11.55	11.85	11.26	11.30	6,952,660	26,533,700
06/06/2018	11.92	11.93	11.33	11.56	7,055,020	27,390,200
06/05/2018	11.78	11.98	11.26	11.90	5,520,330	27,073,200
06/04/2018	12.37	12.47	11.42	11.73	6,877,670	28,415,200
06/03/2018	12.21	12.68	12.17	12.38	8,397,720	28,049,000
06/02/2018	11.76	12.42	11.75	12.20	9,605,240	27,024,000
06/01/2018	11.74	11.82	11.35	11.78	8,043,190	26,983,000
05/31/2018	11.47	12.08	11.26	11.74	10,728,500	26,364,600
05/30/2018	11.46	12.73	11.09	11.48	11,470,800	26,323,100
05/29/2018	10.41	11.50	10.32	11.42	10,416,500	23,925,000
05/28/2018	11.84	12.00	10.36	10.42	10,084,500	27,202,900
05/27/2018	11.98	12.05	11.73	11.83	12,252,800	27,529,300
05/26/2018	12.09	12.51	11.88	11.97	9,212,420	27,771,500
05/25/2018	12.85	12.89	11.85	12.08	10,241,700	29,529,000
05/24/2018	12.38	12.94	11.70	12.76	12,095,500	28,452,800
05/23/2018	14.20	14.41	12.23	12.48	10,714,100	32,631,700
05/22/2018	16.32	16.99	14.17	14.20	17,641,500	37,510,900
05/21/2018	15.24	17.82	15.08	16.28	26,879,100	35,025,800
05/20/2018	15.14	15.47	14.92	15.22	14,545,900	34,787,400
05/19/2018	15.68	15.71	15.05	15.15	14,001,600	36,036,900
05/18/2018	15.28	15.75	15.00	15.71	14,972,000	35,104,400
05/17/2018	17.02	18.93	15.01	15.19	22,538,300	39,116,500
05/16/2018	16.24	18.86	15.25	16.95	24,478,000	37,323,400
05/15/2018	18.17	18.76	15.91	16.27	6,627,160	41,741,300
05/14/2018	20.81	22.29	18.01	18.20	26,344,600	47,809,400
05/13/2018	14.23	36.79	14.03	20.83	137,568,000	32,693,900
05/12/2018	14.68	15.82	13.91	14.29	6,031,110	33,736,400
05/11/2018	16.81	18.66	13.70	14.75	14,365,800	38,638,200
05/10/2018	15.34	17.58	15.26	16.74	8,735,830	35,256,200
05/09/2018	15.57	17.04	15.32	15.36	10,246,000	35,772,200
05/08/2018	14.81	16.27	14.55	15.58	7,900,770	34,036,700
05/07/2018	15.42	15.45	13.96	14.84	2,748,880	35,444,000
05/06/2018	15.74	16.01	15.13	15.47	4,050,100	36,174,900
05/05/2018	16.46	17.03	15.31	15.79	7,410,660	37,812,800
05/04/2018	14.93	17.33	14.61	16.42	12,690,500	34,306,600
05/03/2018	14.45	15.11	14.45	14.98	5,342,340	33,214,500
05/02/2018	13.48	14.57	13.31	14.48	4,766,870	30,981,100
05/01/2018	13.44	13.56	12.54	13.56	3,167,800	30,893,100
04/30/2018	14.52	15.05	13.39	13.45	4,765,090	33,364,000
04/29/2018	13.73	14.59	13.13	14.53	4,867,270	31,539,800
04/28/2018	12.46	13.89	12.44	13.73	3,081,200	28,632,200
04/27/2018	13.29	13.80	12.53	12.53	2,241,480	30,543,600
04/26/2018	12.23	13.35	11.86	13.27	2,827,040	28,094,600
04/25/2018	14.16	14.16	11.81	12.22	5,377,540	32,532,400
04/24/2018	13.47	14.51	13.47	14.21	5,994,270	30,953,800
04/23/2018	12.74	13.76	12.72	13.52	5,252,750	29,283,600
04/22/2018	12.15	13.77	12.09	12.76	13,634,800	27,925,600
04/21/2018	12.87	12.92	11.61	12.18	3,954,230	29,572,700
04/20/2018	13.60	13.64	12.33	12.90	6,489,590	31,247,800
04/19/2018	11.37	13.91	11.24	13.58	16,396,700	26,122,500
04/18/2018	10.26	11.44	10.26	11.41	4,167,630	23,583,100
04/17/2018	10.30	10.60	10.03	10.27	2,762,200	23,672,400
04/16/2018	10.86	10.90	9.93	10.28	2,778,630	24,956,100
04/15/2018	10.43	11.18	10.30	10.83	3,206,270	23,968,600
04/14/2018	9.63	10.79	9.46	10.42	4,837,150	22,134,600
04/13/2018	9.60	10.56	9.35	9.65	3,898,280	22,062,700
04/12/2018	8.54	9.66	8.37	9.60	4,169,390	19,614,100
04/11/2018	8.19	8.66	8.12	8.55	3,511,450	18,816,200
04/10/2018	7.92	8.23	7.70	8.19	1,903,360	18,195,200
04/09/2018	8.32	8.53	7.72	7.89	1,836,290	19,119,400
04/08/2018	8.03	8.55	8.02	8.29	2,024,310	18,450,600
04/07/2018	7.70	8.25	7.59	8.03	1,778,690	17,683,000
04/06/2018	7.81	8.06	7.35	7.69	2,647,440	17,941,100
04/05/2018	7.80	8.28	7.36	7.87	5,433,690	17,929,900
04/04/2018	9.40	9.40	7.64	7.79	5,175,310	21,608,200
04/03/2018	7.84	12.25	7.80	9.47	33,645,300	18,007,300
04/02/2018	7.21	7.88	7.14	7.83	1,434,300	16,559,000
04/01/2018	7.68	7.90	6.92	7.16	1,433,090	17,639,800
03/31/2018	7.76	8.12	7.44	7.70	1,592,520	17,832,200
03/30/2018	7.82	8.25	7.14	7.79	1,971,690	17,960,600
03/29/2018	9.49	9.57	7.63	7.86	2,634,810	21,812,300
03/28/2018	9.45	9.95	9.26	9.48	2,851,780	21,721,800
03/27/2018	10.23	10.56	9.42	9.46	2,589,760	23,499,600
03/26/2018	10.91	11.30	9.53	10.24	3,461,180	25,068,800
03/25/2018	10.57	11.46	10.41	10.95	3,417,840	24,299,600
03/24/2018	10.99	12.13	10.52	10.69	5,596,730	25,252,800
03/23/2018	10.96	11.01	10.01	10.86	2,662,010	25,186,700
03/22/2018	11.48	11.93	10.39	10.94	3,171,320	26,374,300
03/21/2018	11.55	14.28	11.29	11.46	6,619,720	26,543,700
03/20/2018	11.07	11.89	10.72	11.51	3,251,710	25,431,200
03/19/2018	10.54	11.38	10.14	10.98	2,793,160	24,213,000
03/18/2018	11.20	11.20	8.73	10.50	3,486,080	25,735,800
03/17/2018	12.71	12.81	11.16	11.27	1,680,880	29,209,000
03/16/2018	13.08	13.36	12.38	12.70	2,500,150	30,052,500
03/15/2018	12.85	14.71	11.83	13.16	4,517,500	29,536,100
03/14/2018	15.62	15.94	12.38	12.82	1,580,710	35,893,300
03/13/2018	15.07	16.14	14.95	15.61	1,254,360	34,637,000
03/12/2018	16.15	16.65	14.78	15.17	1,639,240	37,103,000
03/11/2018	14.92	16.37	14.37	16.20	1,702,500	34,289,900
03/10/2018	15.93	16.81	14.81	14.91	2,051,160	36,596,800
03/09/2018	16.39	16.46	14.12	15.95	2,916,500	37,661,800
03/08/2018	17.27	18.36	15.91	16.52	3,084,190	39,693,900
03/07/2018	19.26	20.63	16.28	17.29	5,805,330	44,267,000
03/06/2018	21.39	21.72	18.93	19.28	3,477,680	49,159,900
03/05/2018	22.01	22.48	20.62	21.45	5,900,550	50,566,400
03/04/2018	20.12	23.38	19.08	22.04	10,578,500	46,230,600
03/03/2018	20.88	21.21	20.09	20.10	3,402,750	47,980,200
03/02/2018	21.76	22.11	20.76	20.85	4,300,080	49,996,000
03/01/2018	21.82	23.66	20.77	21.74	8,127,310	50,128,700
02/28/2018	22.54	26.67	21.75	21.75	29,840,700	51,784,900
02/27/2018	20.49	25.54	18.54	22.32	24,149,500	47,089,700
02/26/2018	21.31	21.35	19.55	20.32	5,000,740	48,970,700
02/25/2018	23.94	23.94	20.44	21.38	11,896,700	55,014,400
02/24/2018	26.25	31.53	23.18	23.96	86,338,900	60,323,700
02/23/2018	14.40	37.92	14.29	26.58	92,653,700	33,089,900
02/22/2018	15.42	16.94	14.27	14.41	1,522,930	35,440,100
02/21/2018	17.07	17.10	15.03	15.45	1,868,660	39,218,200
02/20/2018	19.81	20.09	16.82	17.13	2,465,120	45,514,400
02/19/2018	19.95	20.71	19.30	19.65	2,442,220	45,832,100
02/18/2018	21.65	21.69	19.66	20.01	1,936,520	49,737,500
02/17/2018	20.60	22.50	20.37	21.65	3,951,430	47,339,300
02/16/2018	18.79	20.87	18.19	20.55	2,759,720	43,173,500
02/15/2018	18.32	18.94	18.07	18.89	1,892,070	42,094,000
02/14/2018	16.73	18.36	16.68	18.31	1,918,090	38,447,400
02/13/2018	18.34	18.37	16.48	16.79	1,621,500	42,154,000
02/12/2018	16.41	18.58	16.41	18.33	1,993,430	37,717,200
02/11/2018	17.43	17.43	15.79	16.33	1,627,130	40,051,800
02/10/2018	17.90	19.12	16.66	17.43	2,244,690	41,137,700
02/09/2018	17.85	19.72	16.89	18.03	2,870,670	41,006,300
02/08/2018	16.94	19.30	16.94	17.80	4,707,310	38,935,700
02/07/2018	17.76	22.66	15.98	17.03	4,971,800	40,816,500
02/06/2018	14.17	18.22	11.27	17.83	3,954,340	32,556,100
02/05/2018	19.14	19.46	12.33	13.99	3,516,140	43,973,700
02/04/2018	24.57	24.57	18.12	19.31	5,132,420	56,456,300
02/03/2018	21.72	25.51	19.91	24.57	6,508,960	49,906,900
02/02/2018	22.98	24.22	15.86	21.70	5,238,020	52,800,300
02/01/2018	31.34	32.40	21.19	23.11	12,500,600	72,024,100
01/31/2018	34.32	35.15	30.42	31.30	14,995,200	78,870,500
01/30/2018	45.39	45.72	33.29	34.32	12,355,100	104,300,000
01/29/2018	44.41	48.57	41.20	45.39	11,908,100	102,044,000
01/28/2018	40.39	47.62	38.33	44.67	15,301,000	92,806,600
01/27/2018	32.11	42.72	31.27	40.25	8,983,430	73,789,900
01/26/2018	33.80	34.53	29.28	32.14	1,648,970	77,664,100
01/25/2018	35.51	37.84	32.42	33.68	2,253,970	81,587,400
01/24/2018	30.48	36.34	30.18	35.22	3,639,390	70,038,200
01/23/2018	29.95	31.16	27.78	30.49	1,146,370	68,819,900
01/22/2018	32.85	34.39	27.93	29.90	1,306,870	75,475,400
01/21/2018	39.99	42.34	31.13	32.54	4,900,760	91,882,000
01/20/2018	36.42	41.65	35.48	40.19	2,595,940	83,690,500
01/19/2018	32.46	36.89	30.11	36.23	3,222,820	74,587,000
01/18/2018	30.56	38.31	28.29	32.91	3,596,220	70,218,200
01/17/2018	27.24	32.27	20.57	30.46	3,240,610	62,594,100
01/16/2018	39.07	39.07	22.19	27.27	4,339,450	89,769,100
01/15/2018	47.30	47.61	38.09	38.87	3,864,550	108,689,000
01/14/2018	52.96	53.07	43.71	48.21	3,882,230	121,697,000
01/13/2018	53.67	61.01	52.17	53.15	7,678,740	123,321,000
01/12/2018	48.91	55.83	47.44	53.40	5,246,550	112,382,000
01/11/2018	59.07	60.76	44.50	48.74	9,765,460	135,744,000
01/10/2018	57.64	72.20	48.79	58.95	39,116,100	132,454,000
01/09/2018	42.00	64.88	41.64	57.44	21,036,800	96,514,000
01/08/2018	45.66	45.77	36.77	41.73	8,249,410	104,921,000
01/07/2018	46.68	55.37	45.78	45.78	13,294,000	107,253,000
01/06/2018	34.25	75.88	33.28	47.27	74,986,600	78,696,700
01/05/2018	27.37	37.67	25.38	35.49	11,459,400	62,903,100
01/04/2018	25.80	27.79	24.16	27.13	2,927,540	59,287,200
01/03/2018	25.85	26.35	23.49	25.66	2,647,190	59,401,000
01/02/2018	23.42	27.80	22.07	25.68	4,875,890	53,823,500
01/01/2018	23.51	26.25	22.49	23.42	2,868,610	54,019,200
12/31/2017	17.19	26.50	16.84	23.33	8,614,880	39,505,800
12/30/2017	18.14	19.81	15.24	17.41	2,749,600	41,688,900
12/29/2017	18.98	21.52	17.51	18.31	6,102,200	43,614,600
12/28/2017	13.77	22.40	11.64	19.10	13,887,700	31,643,900
12/27/2017	12.68	13.86	11.47	13.84	681,797	29,143,300
12/26/2017	13.89	15.28	10.65	12.67	1,061,250	31,924,000
12/25/2017	12.49	16.23	11.68	13.91	1,496,420	28,700,200
12/24/2017	10.24	12.94	9.30	12.37	1,775,190	23,533,200
12/23/2017	7.57	10.93	7.51	10.10	798,392	17,401,500
12/22/2017	9.25	9.49	5.15	7.50	558,996	21,246,000
12/21/2017	8.14	10.71	8.14	9.21	1,033,680	18,697,900
12/20/2017	8.44	8.76	7.23	8.09	418,278	19,396,200
12/19/2017	11.01	11.13	7.62	8.45	856,333	25,290,600
12/18/2017	7.13	11.04	6.56	11.04	1,809,690	16,378,000
12/17/2017	6.23	7.24	6.07	7.11	394,205	14,311,600
12/16/2017	5.64	6.57	5.52	6.23	358,902	12,949,000
12/15/2017	6.12	6.31	5.37	5.55	248,607	14,064,700
12/14/2017	5.76	6.39	5.65	6.19	538,479	13,244,400
12/13/2017	5.92	6.61	5.54	5.78	451,978	13,600,700
12/12/2017	5.38	6.31	5.09	5.90	531,187	12,367,500
12/11/2017	5.12	6.11	5.09	5.37	187,210	11,767,400
12/10/2017	5.54	5.69	4.87	5.15	143,892	12,729,800
12/09/2017	5.95	6.39	5.18	5.46	146,068	13,665,900
12/08/2017	6.66	7.13	5.19	5.95	187,521	15,295,800
12/07/2017	6.49	7.27	5.45	6.63	274,512	14,912,200
12/06/2017	6.73	6.87	6.08	6.50	276,940	15,469,800
12/05/2017	6.58	7.32	6.24	6.75	323,184	15,131,000
12/04/2017	5.58	6.65	5.43	6.48	279,545	12,818,500
12/03/2017	5.36	5.74	5.23	5.56	133,092	12,316,200
12/02/2017	5.30	5.68	5.17	5.36	60,759	12,180,900
12/01/2017	5.00	5.58	4.88	5.31	86,692	11,484,400
11/30/2017	4.85	5.20	4.51	5.02	111,425	11,146,700
11/29/2017	5.76	6.64	4.65	4.65	248,241	13,237,300
11/28/2017	5.86	6.16	5.66	5.67	131,841	13,473,200
11/27/2017	6.22	6.38	5.59	5.85	329,984	14,295,900
11/26/2017	4.97	6.54	4.95	6.22	748,574	11,412,100
11/25/2017	4.76	4.97	4.62	4.97	198,107	10,944,900
11/24/2017	4.98	5.02	4.56	4.80	335,481	11,435,500
11/23/2017	4.99	5.12	4.61	4.98	301,004	11,476,500
11/22/2017	4.47	5.00	4.43	4.95	250,421	10,268,200
11/21/2017	4.67	4.71	4.34	4.46	223,224	10,732,700
11/20/2017	4.65	4.78	4.62	4.67	185,287	10,676,400
11/19/2017	4.63	4.81	4.51	4.65	245,606	10,637,700
11/18/2017	4.45	4.67	4.28	4.63	164,491	10,224,300
11/17/2017	4.68	4.70	4.36	4.47	180,169	10,748,800
11/16/2017	4.79	4.88	4.58	4.68	254,400	10,999,900
11/15/2017	4.74	5.03	4.60	4.77	276,386	10,891,300
11/14/2017	4.64	4.90	4.51	4.73	205,571	10,660,900
11/13/2017	4.02	4.75	3.99	4.62	171,694	9,242,640
11/12/2017	4.76	4.76	3.84	4.02	237,238	10,944,000
11/11/2017	5.01	5.83	4.72	4.77	570,763	11,507,300
11/10/2017	5.59	6.87	4.66	5.07	972,804	12,834,100
11/09/2017	5.43	5.86	5.22	5.57	326,803	12,483,400
11/08/2017	4.87	5.45	4.81	5.37	337,044	11,187,500
11/07/2017	4.77	5.09	4.77	4.88	120,166	10,967,500
11/06/2017	4.53	4.95	4.47	4.78	174,808	10,411,200
11/05/2017	4.71	4.82	4.45	4.52	189,715	10,827,300
11/04/2017	4.23	5.10	4.23	4.72	278,114	9,717,680
11/03/2017	4.37	4.48	4.16	4.27	197,247	10,041,000
11/02/2017	4.83	4.87	4.29	4.37	205,786	11,110,100
11/01/2017	5.20	5.23	4.72	4.83	179,895	11,939,700
10/31/2017	5.40	5.50	5.17	5.24	142,620	12,403,000
10/30/2017	5.33	5.73	5.28	5.41	231,967	12,236,800
10/29/2017	4.91	5.42	4.88	5.35	184,117	11,289,600
10/28/2017	4.96	5.02	4.85	4.91	123,025	11,406,400
10/27/2017	5.11	5.21	4.84	4.97	162,808	11,737,000
10/26/2017	5.57	5.60	5.01	5.11	182,153	12,797,400
10/25/2017	5.31	5.69	5.11	5.57	199,216	12,200,400
10/24/2017	5.30	5.83	4.95	5.31	289,159	12,174,900
10/23/2017	5.49	5.49	4.57	5.27	285,778	12,621,300
10/22/2017	4.83	6.80	4.41	5.39	1,125,860	11,091,400
10/21/2017	5.34	5.47	4.53	4.79	210,414	12,281,900
10/20/2017	5.49	5.86	5.15	5.44	465,813	12,614,000
10/19/2017	5.86	6.05	5.21	5.47	239,836	13,462,000
10/18/2017	5.96	6.04	5.58	5.82	253,886	13,691,500
10/17/2017	5.77	6.07	5.48	5.96	224,338	13,255,000
10/16/2017	5.37	6.01	5.35	5.77	290,611	12,346,500
10/15/2017	5.57	5.58	5.11	5.37	120,957	12,788,700
10/14/2017	5.50	5.72	5.36	5.46	200,018	12,629,000
10/13/2017	5.69	6.33	5.35	5.49	378,397	13,071,100
10/12/2017	5.92	6.18	5.37	5.73	307,841	13,611,800
10/11/2017	5.23	6.15	5.18	5.80	300,917	12,021,700
10/10/2017	5.30	5.68	5.01	5.32	264,368	12,180,300
10/09/2017	5.03	6.73	4.90	5.28	569,351	11,561,500
10/08/2017	6.36	6.38	4.93	4.95	394,530	14,622,200
10/07/2017	6.98	6.98	6.24	6.38	254,907	16,049,700
10/06/2017	7.17	7.32	6.83	6.98	227,490	16,474,300
10/05/2017	7.70	7.91	7.01	7.17	337,626	17,698,500
10/04/2017	7.98	7.99	7.36	7.76	204,890	18,342,400
10/03/2017	7.99	8.17	7.48	7.97	342,988	18,359,200
10/02/2017	8.56	8.99	7.94	7.99	455,490	19,667,900
10/01/2017	8.88	9.36	8.51	8.55	527,229	20,414,700
09/30/2017	8.64	9.12	8.57	8.87	285,962	19,857,800
09/29/2017	9.58	9.59	8.45	8.73	672,887	22,023,300
09/28/2017	8.70	11.00	8.64	9.60	1,724,760	19,984,600
09/27/2017	8.34	8.77	8.05	8.70	336,584	19,157,600
09/26/2017	7.93	8.71	7.70	8.30	429,805	18,223,100
09/25/2017	7.60	8.04	7.44	7.93	223,551	17,466,700
09/24/2017	8.58	8.62	7.47	7.68	273,970	19,706,800
09/23/2017	6.90	8.64	6.85	8.62	416,282	15,859,400
09/22/2017	7.24	7.49	6.72	6.92	283,391	16,630,100
09/21/2017	8.99	9.17	7.12	7.25	405,286	20,662,500
09/20/2017	9.01	9.88	8.67	9.03	671,591	20,699,600
09/19/2017	10.85	11.35	8.95	9.02	1,251,000	24,935,500
09/18/2017	11.59	12.60	10.45	10.85	2,505,700	26,626,100
09/17/2017	10.92	12.71	10.00	11.67	1,854,000	25,084,800
09/16/2017	11.29	11.76	9.73	10.94	969,071	25,941,200
09/15/2017	9.23	11.52	6.34	11.32	1,119,280	21,198,000
09/14/2017	12.64	13.57	9.22	9.22	1,098,070	29,039,100
09/13/2017	13.55	14.44	10.82	12.64	1,665,210	31,126,100
09/12/2017	11.37	14.76	11.10	13.60	3,272,140	26,137,000
09/11/2017	9.77	11.69	9.01	11.36	1,383,070	22,449,600
09/10/2017	11.25	11.25	8.50	9.75	849,850	25,861,500
09/09/2017	9.66	11.87	9.59	11.12	1,305,760	22,194,500
09/08/2017	8.59	13.24	8.31	9.68	2,991,550	19,739,700
09/07/2017	8.97	9.03	8.30	8.59	323,797	20,618,500
09/06/2017	8.04	9.34	7.67	8.98	875,384	18,480,900
09/05/2017	7.65	8.47	6.59	8.03	575,440	17,572,000
09/04/2017	11.00	11.06	7.32	7.62	1,433,490	25,275,800
09/03/2017	11.44	11.93	10.41	10.99	839,383	26,285,600
09/02/2017	12.68	12.74	11.09	11.33	1,086,210	29,131,300
09/01/2017	13.05	13.48	12.56	12.67	1,553,520	29,984,000
08/31/2017	12.75	13.23	12.63	13.06	1,075,080	29,290,000
08/30/2017	13.43	13.78	11.28	12.75	1,491,680	30,854,400
08/29/2017	14.77	15.84	13.08	13.40	4,080,810	33,943,900
08/28/2017	12.21	15.61	11.70	14.54	3,025,070	28,045,800
08/27/2017	12.44	12.66	12.05	12.26	606,472	28,575,100
08/26/2017	12.30	12.86	11.70	12.45	836,564	28,266,500
08/25/2017	13.32	13.38	12.09	12.29	1,098,250	30,607,600
08/24/2017	11.50	14.35	11.50	13.44	3,665,560	26,436,500
08/23/2017	10.46	12.01	10.46	11.51	1,779,310	24,046,000
08/22/2017	11.55	11.58	9.95	10.47	1,382,090	26,543,200
08/21/2017	12.76	12.96	10.90	11.54	1,205,680	29,330,700
08/20/2017	13.25	13.40	12.22	12.78	1,525,260	30,438,500
08/19/2017	12.89	13.37	11.32	13.36	2,241,040	29,622,800
08/18/2017	16.90	16.90	11.91	12.95	2,885,980	38,839,400
08/17/2017	15.21	19.34	14.07	16.98	8,026,270	34,953,000
08/16/2017	14.93	16.79	14.93	15.24	3,072,980	34,314,700
08/15/2017	16.49	16.79	13.20	14.94	4,702,050	37,887,200
08/14/2017	19.11	19.11	14.66	16.53	5,919,880	43,902,600
08/13/2017	22.36	24.76	17.57	19.14	11,510,700	51,382,100
08/12/2017	15.43	26.09	13.12	21.80	29,465,600	35,448,600
08/11/2017	4.51	17.20	4.41	15.38	9,901,280	10,366,900
08/10/2017	4.12	4.70	4.05	4.52	269,108	9,460,980
08/09/2017	4.19	4.35	3.83	4.12	259,101	9,623,500
08/08/2017	4.33	4.97	4.05	4.19	337,510	9,944,830
08/07/2017	3.32	4.82	2.97	4.30	687,700	7,635,000
08/06/2017	3.43	3.48	3.30	3.33	152,992	7,892,570
08/05/2017	3.25	3.54	3.20	3.43	157,805	7,460,910
08/04/2017	3.00	3.26	3.00	3.25	164,264	6,887,890
08/03/2017	2.78	3.02	2.74	3.00	141,835	6,392,330
08/02/2017	2.73	2.80	2.69	2.78	142,211	6,267,440
08/01/2017	2.55	2.75	2.45	2.73	153,618	5,849,350
07/31/2017	2.52	2.54	2.45	2.54	107,969	5,788,250
07/30/2017	2.68	2.70	2.48	2.52	93,316	6,147,530
07/29/2017	2.34	2.76	2.24	2.67	130,761	5,375,410
07/28/2017	2.56	2.70	2.23	2.34	136,722	5,884,060
07/27/2017	2.56	2.62	2.51	2.56	117,539	5,889,630
07/26/2017	2.80	2.87	2.48	2.56	117,798	6,440,150
07/25/2017	3.10	3.59	2.76	2.81	237,600	7,121,750
07/24/2017	2.89	3.13	2.84	3.08	139,365	6,641,430
07/23/2017	2.72	2.89	2.63	2.89	110,025	6,253,630
07/22/2017	2.41	2.72	2.40	2.71	107,965	5,526,470
07/21/2017	2.56	2.56	2.34	2.41	113,609	5,880,830
07/20/2017	2.14	2.59	2.14	2.54	137,387	4,910,810
07/19/2017	2.08	2.43	2.03	2.14	144,331	4,786,690
07/18/2017	2.04	2.20	1.95	2.07	144,927	4,687,620
07/17/2017	1.57	2.05	1.57	2.03	141,493	3,615,980
07/16/2017	1.62	1.64	1.45	1.58	106,162	3,732,100
07/15/2017	1.82	1.83	1.61	1.62	100,185	4,175,690
07/14/2017	2.05	2.05	1.76	1.82	136,859	4,701,460
07/13/2017	2.06	2.22	1.90	2.05	159,099	4,734,790
07/12/2017	1.92	2.06	1.81	2.06	165,361	4,417,490
07/11/2017	1.74	1.97	1.53	1.95	197,898	3,995,070
07/10/2017	2.53	2.53	1.70	1.74	185,678	5,805,160
07/09/2017	2.71	2.71	2.52	2.53	144,994	6,220,220
07/08/2017	2.45	2.69	2.43	2.69	131,934	5,619,760
07/07/2017	3.06	3.08	2.43	2.44	185,608	7,029,320
07/06/2017	3.07	3.08	2.94	3.06	212,061	7,044,980
07/05/2017	2.91	3.09	2.86	3.07	171,671	6,688,600
07/04/2017	2.92	3.00	2.87	2.90	159,101	6,706,980
07/03/2017	2.88	2.99	2.77	2.92	160,887	6,606,640
07/02/2017	2.80	2.90	2.71	2.88	160,841	6,436,780
07/01/2017	2.98	3.00	2.77	2.85	181,429	6,857,420
06/30/2017	3.18	3.24	2.96	2.98	167,414	7,310,010
06/29/2017	3.33	3.41	3.14	3.18	218,870	7,651,210
06/28/2017	3.06	3.39	2.97	3.33	203,686	7,021,560
06/27/2017	2.96	3.04	2.53	3.04	218,648	6,795,680
06/26/2017	3.35	3.44	2.74	2.87	231,470	7,706,650
06/25/2017	3.48	3.66	3.25	3.35	240,224	7,998,100
06/24/2017	3.90	3.94	3.47	3.49	250,921	8,965,300
06/23/2017	3.58	4.07	3.56	3.90	334,344	8,235,690
06/22/2017	3.32	3.76	3.17	3.65	421,849	7,634,910
06/21/2017	3.24	3.32	3.11	3.32	229,135	7,441,710
06/20/2017	3.24	3.43	3.14	3.24	230,538	7,450,010
06/19/2017	3.37	3.64	3.24	3.24	238,986	7,738,140
06/18/2017	3.47	3.86	3.23	3.36	269,276	7,974,630
06/17/2017	3.75	3.83	3.42	3.47	181,425	8,620,050
06/16/2017	3.70	3.81	3.46	3.70	184,026	8,502,720
06/15/2017	3.79	4.56	3.09	3.71	311,652	8,716,420
06/14/2017	4.25	4.69	3.62	3.80	249,873	9,777,110
06/13/2017	3.78	4.62	3.76	4.26	200,789	8,687,330
06/12/2017	4.66	4.66	3.47	3.78	235,155	10,699,100
06/11/2017	5.10	5.15	4.53	4.64	184,418	11,719,500
06/10/2017	5.07	5.43	4.86	5.10	308,435	11,647,500
06/09/2017	4.42	5.08	4.33	5.06	326,262	10,165,900
06/08/2017	4.00	4.43	3.85	4.43	351,375	9,200,030
06/07/2017	3.78	3.94	3.65	3.94	290,927	8,685,980
06/06/2017	3.68	4.02	3.49	3.78	263,042	8,463,500
06/05/2017	3.43	3.70	3.31	3.67	224,911	7,891,790
06/04/2017	3.51	3.56	3.32	3.43	217,041	8,062,110
06/03/2017	2.83	3.52	2.79	3.47	195,334	6,513,290
06/02/2017	2.79	2.96	2.74	2.84	156,677	6,419,420
06/01/2017	2.65	2.79	2.43	2.79	181,962	6,086,480
05/31/2017	2.38	3.20	2.18	2.66	269,678	5,459,950
05/30/2017	3.18	3.20	2.36	2.38	249,084	7,317,950
05/29/2017	2.68	3.23	2.42	3.18	381,402	6,160,500
05/28/2017	2.42	2.82	2.42	2.68	125,681	5,563,750
05/27/2017	2.89	2.95	2.19	2.40	118,410	6,629,860
05/26/2017	2.83	3.38	2.70	2.89	139,774	6,514,120
05/25/2017	3.44	3.74	2.83	2.85	186,885	7,907,690
05/24/2017	3.02	3.64	2.76	3.45	283,993	6,930,670
05/23/2017	2.65	3.22	2.18	3.02	251,672	6,080,260
05/22/2017	2.62	2.82	2.51	2.65	136,805	6,029,430
05/21/2017	2.59	2.67	2.50	2.61	142,005	5,949,210
05/20/2017	2.68	2.81	2.59	2.59	125,136	6,160,800
05/19/2017	3.02	3.08	2.52	2.69	253,042	6,943,720
05/18/2017	2.63	3.05	2.45	3.02	276,131	6,041,290
05/17/2017	2.51	2.72	2.36	2.63	131,112	5,774,850
05/16/2017	2.55	2.62	2.45	2.51	157,177	5,849,390
05/15/2017	2.54	2.57	2.42	2.55	92,971	5,832,110
05/14/2017	2.60	2.72	2.49	2.54	105,467	5,969,340
05/13/2017	2.53	2.78	2.34	2.59	144,634	5,804,810
05/12/2017	2.48	2.61	2.41	2.53	121,353	5,690,220
05/11/2017	2.23	2.55	2.17	2.47	147,355	5,132,390
05/10/2017	2.48	2.86	2.20	2.23	201,734	5,704,670
05/09/2017	2.95	2.95	2.23	2.48	231,860	6,781,540
05/08/2017	2.85	3.08	2.43	2.95	223,037	6,560,280
05/07/2017	3.24	3.35	2.74	2.86	265,051	7,455,940
05/06/2017	2.85	3.25	2.42	3.18	287,210	6,540,610
05/05/2017	1.99	3.03	1.99	2.92	365,233	4,575,940
05/04/2017	2.25	2.34	1.96	1.99	214,359	5,176,100
05/03/2017	2.51	2.57	2.25	2.25	172,592	5,763,220
05/02/2017	2.56	2.75	2.19	2.51	191,473	5,878,900
05/01/2017	2.47	2.86	2.01	2.56	309,766	-
