Date	Open	High	Low	Close	Volume	Market Cap
07/15/2018	0.026630	0.028193	0.025820	0.027635	2,813,710	19,332,100
07/14/2018	0.026326	0.027023	0.025305	0.026615	1,816,950	19,111,200
07/13/2018	0.024921	0.027339	0.024848	0.026343	1,559,840	18,091,400
07/12/2018	0.027527	0.027527	0.024440	0.024866	1,239,760	19,983,200
07/11/2018	0.028604	0.028709	0.025676	0.027606	2,719,370	20,764,900
07/10/2018	0.034773	0.034824	0.028393	0.028393	2,383,260	25,243,300
07/09/2018	0.037251	0.037427	0.034974	0.034974	1,901,000	27,042,000
07/08/2018	0.038858	0.040467	0.037010	0.037107	752,531	28,208,300
07/07/2018	0.038394	0.039175	0.036638	0.039102	1,027,990	27,872,000
07/06/2018	0.040403	0.041198	0.037006	0.038082	1,933,960	29,330,100
07/05/2018	0.038554	0.042510	0.038406	0.040372	3,213,400	27,987,900
07/04/2018	0.038313	0.039618	0.037302	0.038586	3,698,300	27,717,200
07/03/2018	0.037983	0.041364	0.037930	0.038327	3,550,410	27,478,100
07/02/2018	0.035938	0.039246	0.035442	0.037880	2,664,740	25,999,200
07/01/2018	0.036489	0.036902	0.035088	0.035916	2,595,430	26,397,200
06/30/2018	0.036944	0.039479	0.034972	0.036421	2,749,790	26,727,100
06/29/2018	0.035935	0.037297	0.034429	0.037036	2,271,400	25,997,000
06/28/2018	0.039346	0.040719	0.035984	0.035984	2,512,220	28,464,700
06/27/2018	0.043651	0.044145	0.038519	0.039461	6,672,490	31,579,100
06/26/2018	0.046085	0.047335	0.043022	0.043747	19,059,900	33,339,800
06/25/2018	0.044631	0.047145	0.041581	0.046215	6,365,220	32,287,700
06/24/2018	0.035941	0.047488	0.035479	0.045435	5,174,680	26,001,200
06/23/2018	0.043074	0.044968	0.033513	0.035849	2,417,560	31,161,300
06/22/2018	0.054812	0.054930	0.042758	0.043291	4,112,030	39,652,900
06/21/2018	0.061339	0.063005	0.054724	0.055064	3,405,050	44,374,900
06/20/2018	0.065310	0.065442	0.059123	0.061306	3,763,540	47,247,700
06/19/2018	0.072270	0.073454	0.063589	0.065414	5,573,850	52,283,300
06/18/2018	0.078890	0.079032	0.069385	0.072185	6,427,990	57,072,000
06/17/2018	0.080327	0.081303	0.078464	0.078864	5,616,260	58,111,700
06/16/2018	0.078705	0.082227	0.078633	0.080474	7,317,350	56,938,200
06/15/2018	0.085284	0.085358	0.078309	0.078564	4,146,870	61,698,000
06/14/2018	0.084816	0.085147	0.075694	0.084744	5,025,890	61,359,500
06/13/2018	0.090720	0.091758	0.077899	0.084714	2,817,150	65,630,300
06/12/2018	0.085716	0.099264	0.083346	0.090972	6,730,290	62,010,100
06/11/2018	0.083397	0.085904	0.071543	0.085573	3,499,110	60,332,700
06/10/2018	0.110706	0.110706	0.077316	0.082434	2,972,290	80,088,900
06/09/2018	0.113265	0.116766	0.110527	0.111185	5,961,790	81,940,700
06/08/2018	0.117716	0.118770	0.112053	0.112902	11,273,300	85,160,400
06/07/2018	0.121208	0.123479	0.116830	0.117534	1,646,020	87,686,900
06/06/2018	0.125328	0.125328	0.118917	0.121318	8,852,160	90,667,500
06/05/2018	0.112513	0.126040	0.112304	0.125426	13,639,400	81,170,600
06/04/2018	0.120382	0.120726	0.110883	0.112171	3,808,480	86,843,700
06/03/2018	0.121406	0.124353	0.118658	0.121193	3,798,180	87,582,600
06/02/2018	0.123132	0.128551	0.113247	0.121359	7,430,410	88,827,600
06/01/2018	0.131330	0.141608	0.116170	0.122990	6,736,190	94,741,400
05/31/2018	0.115753	0.131054	0.113389	0.130841	11,068,000	83,503,900
05/30/2018	0.103013	0.118543	0.101778	0.116044	9,107,990	74,313,700
05/29/2018	0.097023	0.104629	0.096372	0.102770	6,237,820	69,992,300
05/28/2018	0.101346	0.101936	0.090141	0.096699	8,271,180	71,573,000
05/27/2018	0.097936	0.107009	0.096224	0.101519	7,191,520	69,164,800
05/26/2018	0.089883	0.099843	0.088466	0.098242	5,425,470	63,477,200
05/25/2018	0.090353	0.092046	0.085422	0.089111	7,286,720	63,809,500
05/24/2018	0.086222	0.093044	0.081288	0.091289	1,695,960	60,892,100
05/23/2018	0.079005	0.093360	0.076939	0.086634	5,229,680	54,633,200
05/22/2018	0.091223	0.093880	0.078116	0.078993	5,868,090	63,081,900
05/21/2018	0.096304	0.096376	0.088041	0.091396	3,707,110	66,596,000
05/20/2018	0.096794	0.097474	0.087369	0.096343	4,860,750	66,929,500
05/19/2018	0.103137	0.105127	0.093497	0.096558	6,154,120	71,315,400
05/18/2018	0.090932	0.106760	0.084493	0.103108	14,573,500	62,876,400
05/17/2018	0.089829	0.100908	0.086424	0.090828	16,381,600	62,113,300
05/16/2018	0.083888	0.087132	0.078510	0.086913	6,607,680	58,005,300
05/15/2018	0.088170	0.092096	0.082226	0.083596	16,510,800	59,203,000
05/14/2018	0.068107	0.094101	0.061962	0.089632	7,584,600	45,731,300
05/13/2018	0.060827	0.075152	0.059816	0.068120	8,471,280	40,843,400
05/12/2018	0.062780	0.065604	0.057743	0.061565	4,406,010	42,154,900
05/11/2018	0.072448	0.074665	0.055890	0.062555	2,233,640	48,643,600
05/10/2018	0.075691	0.081531	0.072458	0.072804	7,768,500	50,821,100
05/09/2018	0.078060	0.079824	0.071524	0.076273	8,553,230	52,411,900
05/08/2018	0.078742	0.082342	0.072563	0.077865	11,873,200	52,476,300
05/07/2018	0.090490	0.093878	0.072084	0.078550	6,556,590	60,302,700
05/06/2018	0.077589	0.088226	0.059637	0.088226	9,321,010	51,705,200
05/05/2018	0.087017	0.089761	0.074019	0.077882	3,983,020	57,900,200
05/04/2018	0.069113	0.090752	0.066645	0.086405	5,837,950	42,984,400
05/03/2018	0.062335	0.074302	0.059735	0.069185	9,848,360	38,563,200
05/02/2018	0.048193	0.065431	0.046641	0.062482	7,020,320	29,814,400
05/01/2018	0.049684	0.051278	0.042561	0.048424	5,765,400	30,736,500
04/30/2018	0.045212	0.051888	0.042740	0.048388	3,935,050	27,969,900
04/29/2018	0.041053	0.044380	0.039298	0.044380	2,646,160	25,396,500
04/28/2018	0.039244	0.043458	0.039060	0.041043	1,066,470	24,002,600
04/27/2018	0.040596	0.043195	0.039559	0.039559	2,059,410	24,829,200
04/26/2018	0.037505	0.043798	0.037039	0.040542	1,249,070	22,939,300
04/25/2018	0.039427	0.043041	0.035404	0.037135	1,310,000	24,114,400
04/24/2018	0.038409	0.044830	0.038236	0.039320	1,179,840	23,492,100
04/23/2018	0.042447	0.044148	0.036244	0.037710	461,150	25,961,500
04/22/2018	0.037917	0.047765	0.037503	0.042493	938,746	23,190,800
04/21/2018	0.041620	0.042353	0.034009	0.037631	727,758	25,456,100
04/20/2018	0.029502	0.045720	0.029424	0.040789	1,396,100	18,042,900
04/19/2018	0.024943	0.031218	0.024756	0.030506	609,973	15,254,600
04/18/2018	0.025978	0.027959	0.024177	0.024855	381,816	15,835,400
04/17/2018	0.022636	0.030623	0.022486	0.025963	342,326	13,488,500
04/16/2018	0.021391	0.023425	0.020041	0.022638	163,291	11,676,800
04/15/2018	0.018702	0.021401	0.018615	0.021365	127,094	10,208,900
04/14/2018	0.019478	0.020125	0.018596	0.018711	87,379	10,632,600
04/13/2018	0.020102	0.021117	0.018425	0.019478	140,247	10,973,100
04/12/2018	0.018674	0.020839	0.017166	0.020067	121,356	10,194,000
04/11/2018	0.017481	0.019470	0.016889	0.018502	33,209	9,493,630
04/10/2018	0.018133	0.018836	0.017431	0.017441	164,045	9,820,480
04/09/2018	0.018028	0.020459	0.017634	0.018050	254,826	9,763,890
04/08/2018	0.017546	0.019437	0.017516	0.017986	394,454	9,502,630
04/07/2018	0.016890	0.018121	0.016879	0.017738	164,912	9,147,220
04/06/2018	0.017534	0.017833	0.016637	0.016894	51,077	9,496,020
04/05/2018	0.017953	0.018648	0.016883	0.017603	44,739	9,723,030
04/04/2018	0.019884	0.020430	0.017685	0.017973	82,836	10,848,600
04/03/2018	0.019720	0.020904	0.018868	0.019833	132,927	10,708,900
04/02/2018	0.021917	0.022134	0.018934	0.019700	74,365	11,901,800
04/01/2018	0.019110	0.023063	0.018197	0.021830	265,540	10,377,900
03/31/2018	0.019539	0.020737	0.018373	0.019106	152,129	10,610,400
03/30/2018	0.019086	0.021127	0.017979	0.019541	170,722	10,326,700
03/29/2018	0.023055	0.023386	0.018845	0.019143	107,311	12,473,900
03/28/2018	0.023238	0.027633	0.019710	0.023014	239,970	12,712,300
03/27/2018	0.025544	0.025801	0.021514	0.023232	88,226	14,165,300
03/26/2018	0.026298	0.026591	0.021895	0.025558	64,893	14,491,300
03/25/2018	0.025657	0.028140	0.024318	0.026356	128,078	14,138,600
03/24/2018	0.028022	0.034893	0.024744	0.027435	401,415	15,441,200
03/23/2018	0.028543	0.029549	0.022114	0.026720	76,866	15,728,800
03/22/2018	0.033673	0.034061	0.027803	0.028548	156,069	18,403,800
03/21/2018	0.034759	0.038068	0.029147	0.033590	315,662	18,684,900
03/20/2018	0.029963	0.035999	0.026326	0.034547	306,741	16,217,300
03/19/2018	0.028982	0.030017	0.026941	0.029725	313,398	15,686,600
03/18/2018	0.027910	0.032050	0.024396	0.029099	566,868	15,106,100
03/17/2018	0.037444	0.037710	0.027826	0.027935	295,206	20,266,900
03/16/2018	0.036859	0.040900	0.030431	0.037422	572,378	-
03/15/2018	0.025322	0.038765	0.022934	0.036200	901,583	-
03/14/2018	0.028893	0.029383	0.023781	0.025388	857,909	-
03/13/2018	0.021168	0.033356	0.020276	0.028776	722,513	-
03/12/2018	0.024224	0.024954	0.020305	0.021452	750,015	-
03/11/2018	0.020586	0.030345	0.019934	0.024133	1,376,790	-
03/10/2018	0.017885	0.023376	0.016465	0.020647	321,012	-
03/09/2018	0.020902	0.021092	0.014692	0.017786	140,280	-
03/08/2018	0.018782	0.027170	0.016666	0.020941	400,075	-
03/07/2018	0.021082	0.027567	0.018607	0.018812	878,494	-
03/06/2018	0.022483	0.024509	0.019871	0.021061	275,938	-
03/05/2018	0.024988	0.025189	0.021071	0.022487	74,015	-
03/04/2018	0.023765	0.029900	0.018787	0.024894	189,916	-
03/03/2018	0.021372	0.025701	0.017529	0.023769	204,724	-
03/02/2018	0.016089	0.021736	0.013147	0.021389	199,993	-
03/01/2018	0.017405	0.017479	0.016003	0.016094	176,692	-
