Date	Open	High	Low	Close	Volume	Market Cap
07/15/2018	0.400993	0.423667	0.294902	0.294902	5,807	15,753,600
07/14/2018	0.411634	0.424451	0.387693	0.401093	11,404	16,171,600
07/13/2018	0.299647	0.432285	0.293131	0.412781	24,427	11,772,100
07/12/2018	0.324460	0.324460	0.266066	0.299352	13,496	12,746,900
07/11/2018	0.290677	0.339055	0.281463	0.324549	13,360	11,419,700
07/10/2018	0.399754	0.399823	0.275073	0.315941	32,546	15,390,600
07/09/2018	0.469502	0.476030	0.398326	0.400036	34,556	18,075,900
07/08/2018	0.479860	0.486426	0.438802	0.469604	13,160	18,474,700
07/07/2018	0.475152	0.482008	0.428036	0.480400	34,095	18,293,400
07/06/2018	0.483621	0.523175	0.400224	0.442905	66,533	18,619,500
07/05/2018	0.414992	0.484242	0.388215	0.483698	13,649	12,512,100
07/04/2018	0.430059	0.461598	0.387753	0.414110	12,422	12,966,300
07/03/2018	0.414282	0.603770	0.388150	0.430218	54,031	12,490,700
07/02/2018	0.362615	0.455309	0.346391	0.416230	23,735	10,932,900
07/01/2018	0.390699	0.409060	0.185016	0.343997	54,014	11,779,600
06/30/2018	0.440009	0.459199	0.386055	0.390580	3,246	13,266,300
06/29/2018	0.440445	0.444725	0.387482	0.439451	1,662	13,279,500
06/28/2018	0.496845	0.520824	0.223120	0.440173	82,984	14,980,000
06/27/2018	0.522912	0.535138	0.453552	0.496670	146,825	15,765,900
06/26/2018	0.543585	0.544765	0.491205	0.523122	5,745	16,389,200
06/25/2018	0.559706	0.600005	0.538466	0.543585	8,488	16,875,200
06/24/2018	0.561169	0.611749	0.509885	0.560788	24,033	16,919,300
06/23/2018	0.496171	0.616134	0.495310	0.561245	84,415	14,959,600
06/22/2018	0.644602	0.674554	0.484620	0.496105	32,065	19,434,900
06/21/2018	0.607631	0.793539	0.586110	0.645317	121,441	18,320,200
06/20/2018	0.662626	0.668548	0.567394	0.594006	10,073	19,978,300
06/19/2018	0.659620	0.798180	0.633861	0.662216	142,961	19,887,600
06/18/2018	0.599121	0.707856	0.556425	0.659975	130,783	18,063,600
06/17/2018	0.565953	0.605740	0.533185	0.601107	6,265	17,063,600
06/16/2018	0.522693	0.566566	0.503928	0.564476	6,932	15,759,300
06/15/2018	0.618310	0.620081	0.521419	0.522649	22,387	18,642,200
06/14/2018	0.503866	0.673222	0.469408	0.619586	142,038	15,191,600
06/13/2018	0.497934	0.550475	0.446981	0.504016	26,819	15,012,800
06/12/2018	0.637739	0.637739	0.437713	0.496602	16,527	19,227,900
06/11/2018	0.672669	0.677093	0.583391	0.638031	2,105	20,281,100
06/10/2018	0.768448	0.815169	0.663758	0.671702	16,300	23,168,800
06/09/2018	0.859115	0.992548	0.729990	0.767084	57,300	25,902,400
06/08/2018	0.769466	0.860265	0.686851	0.859589	52,409	23,199,500
06/07/2018	0.620197	0.827277	0.620197	0.768775	62,031	18,699,000
06/06/2018	0.503177	0.628852	0.417743	0.619628	21,047	15,170,900
06/05/2018	0.422153	0.507998	0.421670	0.503313	3,569	12,728,000
06/04/2018	0.485463	0.486769	0.399537	0.421875	12,018	14,636,800
06/03/2018	0.477929	0.562773	0.401085	0.546716	16,257	14,409,600
06/02/2018	0.439200	0.587136	0.431163	0.477885	9,239	13,241,900
06/01/2018	0.389565	0.553936	0.382974	0.439377	23,509	11,745,400
05/31/2018	0.344963	0.394629	0.334635	0.389281	10,614	10,400,700
05/30/2018	0.418233	0.431958	0.330439	0.336344	3,311	12,609,800
05/29/2018	0.355925	0.418005	0.353968	0.417977	86	10,731,200
05/28/2018	0.345234	0.412992	0.325432	0.356041	9,584	10,408,800
05/27/2018	0.344749	0.346783	0.339995	0.345153	3	10,394,200
05/26/2018	0.343526	0.385436	0.339981	0.344597	497	10,357,300
05/25/2018	0.393264	0.397897	0.339596	0.343977	1,377	11,857,000
05/24/2018	0.353418	0.395241	0.341988	0.392526	1,937	10,655,600
05/23/2018	0.368158	0.377254	0.351159	0.354312	244	11,100,000
05/22/2018	0.445606	0.445949	0.366465	0.368540	242	13,435,100
05/21/2018	0.443425	0.454539	0.378575	0.445687	5,434	13,369,300
05/20/2018	0.428762	0.446301	0.425978	0.442872	204	12,927,200
05/19/2018	0.403708	0.443465	0.401571	0.428442	775	12,171,900
05/18/2018	0.436214	0.436214	0.356594	0.403770	4,127	13,151,900
05/17/2018	0.436273	0.493557	0.433333	0.435832	1,746	13,153,700
05/16/2018	0.449767	0.450136	0.416435	0.435993	6,037	13,560,500
05/15/2018	0.459747	0.467420	0.447434	0.450026	302	13,861,400
05/14/2018	0.504037	0.505111	0.433003	0.460536	335	15,196,800
05/13/2018	0.516531	0.519988	0.427111	0.504128	675	15,573,500
05/12/2018	0.403821	0.552572	0.403821	0.516710	2,737	12,175,300
05/11/2018	0.427187	0.615124	0.401894	0.404985	9,222	12,879,800
05/10/2018	0.465692	0.468072	0.368831	0.415463	7,158	14,040,700
05/09/2018	0.469147	0.473862	0.422964	0.465823	413	14,144,900
05/08/2018	0.468344	0.481917	0.409236	0.469865	3,469	14,120,600
05/07/2018	0.615276	0.615592	0.430320	0.467352	15,771	18,550,600
05/06/2018	0.786294	0.803861	0.597259	0.614835	12,143	23,706,900
05/05/2018	0.804487	0.963828	0.483735	0.785762	66,033	24,255,400
05/04/2018	0.473205	0.806175	0.438282	0.804869	29,069	14,267,200
05/03/2018	0.341110	0.481004	0.340298	0.473486	9,158	10,284,500
05/02/2018	0.372415	0.385692	0.327180	0.341098	4,335	11,228,400
05/01/2018	0.426997	0.444119	0.322403	0.372977	4,129	12,874,000
04/30/2018	0.377745	0.495353	0.325800	0.426460	11,822	11,389,100
04/29/2018	0.423481	0.471650	0.287123	0.377860	14,786	12,768,000
04/28/2018	0.385708	0.423863	0.324699	0.423627	6,098	11,629,200
04/27/2018	0.362587	0.412332	0.341642	0.387049	2,823	10,932,100
04/26/2018	0.389971	0.393792	0.280581	0.362086	1,620	11,757,700
04/25/2018	0.436412	0.438523	0.337302	0.386765	1,208	13,157,900
04/24/2018	0.410547	0.470109	0.384632	0.439397	8,580	12,378,100
04/23/2018	0.386371	0.411401	0.368501	0.410198	2,229	11,649,200
04/22/2018	0.419629	0.439461	0.361718	0.395951	14,018	12,651,900
04/21/2018	0.521672	0.527343	0.351043	0.419629	19,015	15,728,500
04/20/2018	0.304332	0.915887	0.300448	0.521493	3,247	9,175,640
04/19/2018	0.326573	0.911307	0.292918	0.304481	1,447	9,846,230
04/18/2018	0.331636	0.333322	0.315240	0.326331	1,606	9,998,880
04/17/2018	0.297831	0.340630	0.297014	0.331329	844	8,979,660
04/16/2018	0.392228	0.402808	0.297614	0.297681	6,646	11,825,700
04/15/2018	0.408063	0.437102	0.323415	0.392394	7,440	12,303,200
04/14/2018	0.416949	0.471179	0.328410	0.407626	5,578	12,571,100
04/13/2018	0.364242	0.481521	0.320815	0.416949	2,268	10,981,900
04/12/2018	0.430676	0.508764	0.329330	0.363783	904	12,984,900
04/11/2018	0.348380	0.431718	0.316287	0.431718	271	10,503,700
04/10/2018	0.358302	0.370734	0.346085	0.348044	35	10,802,900
04/09/2018	0.412095	0.413103	0.280897	0.358010	1,412	12,424,700
04/08/2018	0.386640	0.397385	0.386640	0.390622	366	11,657,300
04/07/2018	0.384037	0.400239	0.380968	0.386291	756	11,578,800
04/06/2018	0.386253	0.390279	0.371898	0.383579	42	11,645,600
04/05/2018	0.421091	0.432323	0.333373	0.388231	1,342	12,695,900
04/04/2018	0.370819	0.428053	0.338067	0.420914	4	11,180,200
04/03/2018	0.380655	0.468151	0.368984	0.371075	452	11,476,800
04/02/2018	0.395860	0.411701	0.346201	0.380385	890	11,935,200
04/01/2018	0.485085	0.492011	0.336268	0.393922	1,067	14,625,400
03/31/2018	0.403393	0.510993	0.358869	0.485100	554	12,162,400
03/30/2018	0.354189	0.488514	0.326328	0.403331	4,109	10,678,800
03/29/2018	0.381180	0.381805	0.344744	0.355071	138	11,492,600
03/28/2018	0.319259	0.389626	0.317485	0.380734	240	9,625,700
03/27/2018	0.367608	0.390048	0.318924	0.319332	257	11,083,400
03/26/2018	0.421994	0.424307	0.353348	0.368165	698	12,723,200
03/25/2018	0.451866	0.452576	0.418811	0.422317	123	13,623,800
03/24/2018	0.319131	0.473848	0.229004	0.472976	5	9,621,840
03/23/2018	0.461170	0.461170	0.301617	0.314918	129	13,904,400
03/22/2018	0.839743	0.865869	0.426098	0.461182	3,385	25,318,400
03/21/2018	0.463025	0.847797	0.462354	0.837692	62	13,960,300
03/20/2018	0.500147	0.501383	0.461246	0.462188	34	15,079,500
03/19/2018	0.450466	0.499388	0.447700	0.494629	117	13,581,600
03/18/2018	0.465307	0.537943	0.405749	0.452372	1,072	14,029,100
03/17/2018	0.581099	0.598948	0.457089	0.466442	102	17,520,200
03/16/2018	0.619545	0.643435	0.456457	0.580143	2,596	18,679,400
03/15/2018	0.623738	0.630473	0.585110	0.619894	408	18,805,800
03/14/2018	0.713647	0.729997	0.486488	0.624018	1,220	21,516,600
03/13/2018	0.708922	0.739645	0.580750	0.713549	804	21,374,100
03/12/2018	0.649015	0.719134	0.617477	0.713016	3,622	19,567,900
03/11/2018	0.535291	0.661395	0.517016	0.651066	886	16,139,100
03/10/2018	0.592619	0.708901	0.534488	0.537144	921	17,867,500
03/09/2018	0.659832	0.667615	0.556215	0.592364	278	19,894,000
03/08/2018	0.642888	0.726671	0.563499	0.664037	6,206	19,383,200
03/07/2018	0.799578	0.816010	0.643392	0.643800	5,696	24,107,400
03/06/2018	0.897411	0.933847	0.791575	0.800617	4,191	27,057,100
03/05/2018	0.942803	1.09	0.899556	0.899899	454	28,425,600
03/04/2018	0.926625	1.26	0.900636	0.943493	5,115	27,937,900
03/03/2018	0.804415	1.26	0.804415	0.928227	11,609	24,253,200
03/02/2018	0.992231	1.01	0.433571	0.805400	13,776	29,915,900
03/01/2018	0.856973	1.00	0.834425	0.994788	2,102	25,837,900
02/28/2018	0.850623	1.00	0.845557	0.855713	1,548	25,646,400
02/27/2018	0.907544	0.930927	0.765638	0.851254	435	27,362,600
02/26/2018	0.910720	0.937310	0.802390	0.904939	1,740	27,458,300
02/25/2018	0.833858	0.922324	0.774095	0.909555	4,378	25,140,900
02/24/2018	0.952170	1.13	0.816651	0.835123	223	28,708,100
02/23/2018	0.836816	1.03	0.816162	0.953237	1,347	25,230,100
02/22/2018	0.900115	0.927122	0.828709	0.837598	947	27,138,600
02/21/2018	1.12	1.12	0.873347	0.901029	5,920	33,817,900
02/20/2018	1.04	1.16	1.04	1.12	2,707	31,324,400
02/19/2018	1.06	1.11	1.01	1.04	1,757	31,945,400
02/18/2018	0.873486	1.62	0.791958	1.06	17,228	26,335,700
02/17/2018	0.978576	1.01	0.867280	0.923797	2,175	29,504,200
02/16/2018	0.948502	0.981891	0.838392	0.978801	2,329	28,597,500
02/15/2018	0.956972	0.976982	0.847363	0.952572	3,293	28,852,900
02/14/2018	0.791414	0.958862	0.768898	0.956453	3,928	23,861,300
02/13/2018	0.987627	0.987627	0.751533	0.793781	6,583	29,777,100
02/12/2018	0.891699	0.997166	0.864260	0.985833	2,210	26,884,800
02/11/2018	0.889171	1.12	0.870202	0.877996	4,879	26,808,600
02/10/2018	0.990532	1.02	0.850726	0.889933	1,006	29,864,700
02/09/2018	0.893383	1.02	0.850711	0.989809	379	26,935,600
02/08/2018	1.02	1.05	0.892430	0.929555	10,105	30,748,600
02/07/2018	1.12	1.13	0.812151	1.02	69,868	33,747,500
02/06/2018	0.580798	1.13	0.486618	1.13	29,374	17,511,100
02/05/2018	0.688103	0.914760	0.565018	0.580039	26,734	20,746,400
02/04/2018	0.732731	0.761405	0.654607	0.694838	2,854	22,092,000
02/03/2018	0.699994	0.827193	0.612757	0.732521	17,184	21,104,900
02/02/2018	0.840509	0.840509	0.622507	0.697445	13,249	25,341,500
02/01/2018	1.02	1.08	0.784645	0.847023	2,122	30,645,200
01/31/2018	1.08	1.13	0.855371	1.01	8,432	32,482,600
01/30/2018	0.896603	1.26	0.865662	1.08	66,944	27,032,700
01/29/2018	1.17	1.21	0.891177	0.896264	2,086	35,189,600
01/28/2018	1.04	1.35	1.03	1.17	12,148	31,231,300
01/27/2018	0.903604	1.05	0.903604	1.03	3,000	27,243,800
01/26/2018	1.18	1.35	0.805687	0.904198	49,069	35,504,500
01/25/2018	1.09	1.27	1.07	1.18	4,217	32,932,500
01/24/2018	1.13	1.22	0.992167	1.07	8,263	34,127,900
01/23/2018	1.07	1.20	1.04	1.13	2,417	32,183,900
01/22/2018	1.22	1.31	0.986377	1.07	12,448	36,849,500
01/21/2018	1.34	1.35	1.13	1.21	2,182	40,544,700
01/20/2018	1.36	1.51	1.33	1.34	21,737	40,968,600
01/19/2018	1.47	1.50	1.21	1.35	13,198	44,198,900
01/18/2018	1.18	1.52	1.03	1.48	15,960	35,622,800
01/17/2018	1.22	1.26	0.749564	1.18	20,878	36,636,300
01/16/2018	1.46	1.53	0.976392	1.22	21,411	44,048,000
01/15/2018	1.85	1.93	1.44	1.46	18,895	55,747,700
01/14/2018	1.48	1.98	1.47	1.86	27,307	44,543,400
01/13/2018	2.05	2.11	1.19	1.48	51,368	61,747,000
01/12/2018	1.99	2.06	1.48	2.05	24,124	59,850,600
01/11/2018	2.23	2.24	1.58	1.97	55,564	67,192,400
01/10/2018	1.14	2.58	0.918702	2.23	50,000	34,252,900
01/09/2018	1.58	1.64	1.07	1.13	21,233	47,697,600
01/08/2018	1.63	1.77	1.28	1.58	36,553	49,224,000
01/07/2018	0.987523	1.73	0.928213	1.63	110,408	29,774,000
01/06/2018	0.869224	0.990268	0.692178	0.988337	24,853	26,207,200
01/05/2018	0.891410	0.979087	0.660395	0.883623	29,996	26,876,200
01/04/2018	0.654620	0.901532	0.594870	0.894866	56,799	19,736,900
01/03/2018	0.649863	0.701591	0.531605	0.651091	24,369	19,593,500
01/02/2018	0.448128	0.703045	0.446577	0.651529	28,461	13,511,100
01/01/2018	0.386000	0.663224	0.372752	0.447405	30,728	11,638,000
12/31/2017	0.495287	0.623499	0.385587	0.386254	21,794	14,933,000
12/30/2017	0.530350	0.555159	0.380994	0.500495	46,793	15,990,100
12/29/2017	0.463265	0.552130	0.460717	0.544280	37,145	13,967,500
12/28/2017	0.500776	0.535035	0.430760	0.458678	27,483	15,098,500
12/27/2017	0.549924	0.586408	0.482364	0.501761	13,354	16,580,300
12/26/2017	0.504823	0.567991	0.469688	0.549449	35,786	15,220,500
12/25/2017	0.471519	0.507842	0.423136	0.505161	12,205	14,216,400
12/24/2017	0.493750	0.493750	0.394126	0.467312	957	14,886,600
12/23/2017	0.442415	0.597340	0.439421	0.488304	33,753	13,338,900
12/22/2017	0.640849	0.644019	0.408451	0.438283	10,368	19,321,700
12/21/2017	0.593317	0.639670	0.460312	0.638453	49,152	17,888,600
12/20/2017	0.728228	0.728362	0.478097	0.591770	40,889	21,956,200
12/19/2017	0.649888	0.820907	0.638183	0.729010	70,284	19,594,200
12/18/2017	0.547098	0.661981	0.463259	0.650815	87,335	16,495,100
12/17/2017	0.570997	0.670582	0.480154	0.546667	33,376	17,215,600
12/16/2017	0.693088	0.693469	0.494661	0.570560	27,046	20,896,700
12/15/2017	0.629627	0.737759	0.505216	0.691451	5,260	18,983,400
12/14/2017	0.506849	0.826116	0.503486	0.621283	20,356	15,281,600
12/13/2017	0.586499	0.757063	0.385675	0.508352	21,976	17,683,000
12/12/2017	0.512288	0.599687	0.501173	0.586019	4,300	15,445,600
12/11/2017	0.428471	0.511937	0.361430	0.511937	2,395	12,918,500
12/10/2017	0.464956	0.465024	0.419665	0.428037	6,093	14,018,500
12/09/2017	0.424496	0.463339	0.339249	0.463339	24,601	12,798,600
12/08/2017	0.356356	0.612156	0.277869	0.424841	27,216	10,744,200
12/07/2017	0.617944	0.617944	0.347436	0.355625	17,473	18,631,100
12/06/2017	0.479723	0.656369	0.334585	0.626004	15,448	14,463,700
12/05/2017	0.352891	0.484266	0.351012	0.480788	3,563	10,639,700
12/04/2017	0.417109	0.437691	0.349475	0.352659	8,914	12,575,900
12/03/2017	0.385470	0.463652	0.385049	0.415897	13,271	11,622,000
12/02/2017	0.400160	0.496296	0.379010	0.385185	21,593	12,064,900
12/01/2017	0.381516	0.461609	0.365389	0.400346	14,470	11,502,800
11/30/2017	0.428180	0.464245	0.340089	0.383083	3,037	12,909,700
11/29/2017	0.361952	0.518496	0.268620	0.422040	15,668	10,912,900
11/28/2017	0.441177	0.493001	0.361721	0.362056	8,789	13,301,600
11/27/2017	0.460282	0.496643	0.426438	0.441145	14,795	13,877,600
11/26/2017	0.475344	0.505567	0.380978	0.460250	11,800	14,331,700
11/25/2017	0.423145	0.523141	0.400870	0.475404	14,115	12,757,900
11/24/2017	0.413285	0.477267	0.391463	0.423582	4,444	12,460,600
11/23/2017	0.360391	0.429222	0.354182	0.415276	1,187	10,865,800
11/22/2017	0.390742	0.504726	0.344698	0.359605	1,627	11,780,900
11/21/2017	0.360975	0.393665	0.299741	0.390150	4,298	10,883,400
11/20/2017	0.373277	0.436697	0.349157	0.361514	23,680	11,254,300
11/19/2017	0.366162	0.420642	0.342483	0.373486	3,027	11,039,800
11/18/2017	0.396615	0.443907	0.304110	0.366880	4,393	11,958,000
11/17/2017	0.369739	0.398133	0.289623	0.397233	5,213	11,147,700
11/16/2017	0.486521	0.490390	0.326956	0.370039	1,899	14,668,700
11/15/2017	0.486773	0.503419	0.390238	0.486880	53,537	14,676,300
11/14/2017	0.369202	0.499148	0.340533	0.486506	33,242	11,131,500
11/13/2017	0.374168	0.416707	0.280561	0.368472	10,672	11,281,200
11/12/2017	0.175570	0.418556	0.171073	0.373615	4,241	5,293,460
11/11/2017	0.443313	0.581278	0.175706	0.175706	41,425	13,365,900
11/10/2017	0.374498	0.460803	0.359652	0.433510	8,138	11,291,200
11/09/2017	0.330701	0.477594	0.326876	0.374267	58,207	9,970,690
11/08/2017	0.289940	0.336508	0.279658	0.332417	11,563	8,741,740
11/07/2017	0.282713	0.316897	0.280772	0.290163	15,160	8,523,850
11/06/2017	0.326244	0.329642	0.260440	0.282416	1,314	9,836,300
11/05/2017	0.303363	0.357673	0.299863	0.325912	19,153	9,146,430
11/04/2017	0.453816	0.468968	0.302346	0.303046	28,033	13,682,600
11/03/2017	0.388100	0.467491	0.312941	0.455128	7,230	11,701,300
11/02/2017	0.289580	0.451071	0.278937	0.351134	2,372	8,730,880
11/01/2017	0.390680	0.431588	0.288800	0.288800	41,903	11,779,000
10/31/2017	0.450535	0.465317	0.391395	0.391395	16,545	13,583,700
10/30/2017	0.520366	0.520366	0.447748	0.450331	20,436	15,689,100
10/29/2017	0.414230	0.525872	0.406224	0.521440	4,267	12,489,100
10/28/2017	0.382160	0.424944	0.382160	0.414415	26,605	11,522,200
10/27/2017	0.432371	0.442951	0.380730	0.381571	6,567	13,036,100
10/26/2017	0.315881	0.451495	0.308723	0.432342	13,803	9,523,850
10/25/2017	0.390485	0.409308	0.214317	0.316104	8,821	11,773,200
10/24/2017	0.270407	0.456887	0.252270	0.390304	8,857	8,152,810
10/23/2017	0.387320	0.402016	0.257271	0.270803	2,944	11,677,800
10/22/2017	0.320440	0.570295	0.283870	0.387894	9,313	9,661,320
10/21/2017	0.334771	0.341268	0.306980	0.320395	3,167	10,093,400
10/20/2017	0.343189	0.427972	0.332484	0.335397	6,587	10,347,200
10/19/2017	0.461261	0.467586	0.343342	0.343342	7,356	-
10/18/2017	0.341763	0.462604	0.340096	0.461467	11,868	-
