Date	Open	High	Low	Close	Volume	Market Cap
07/15/2018	0.015445	0.016579	0.015095	0.015860	4,476,150	33,419,600
07/14/2018	0.016136	0.016765	0.014983	0.015497	6,631,500	34,914,500
07/13/2018	0.015415	0.019794	0.015401	0.016294	40,510,500	33,355,500
07/12/2018	0.016287	0.016421	0.014211	0.015403	11,237,300	35,242,600
07/11/2018	0.016999	0.017894	0.015723	0.016169	10,171,300	36,783,400
07/10/2018	0.021243	0.021742	0.016477	0.017062	28,117,200	45,966,800
07/09/2018	0.019784	0.024557	0.019472	0.021524	68,484,800	42,808,900
07/08/2018	0.016113	0.022147	0.015798	0.019921	62,966,200	34,865,900
07/07/2018	0.016313	0.016629	0.015055	0.016255	10,923,500	35,297,800
07/06/2018	0.019820	0.019820	0.014752	0.016456	33,370,700	42,886,500
07/05/2018	0.020993	0.021507	0.017791	0.019935	109,024,000	-
