Date	Open	High	Low	Close	Volume	Market Cap
07/15/2018	0.196634	0.227364	0.190959	0.209813	250,952	4,566,690
07/14/2018	0.197732	0.210084	0.191293	0.196059	269,234	4,592,190
07/13/2018	0.219443	0.229384	0.196515	0.198820	448,916	5,096,410
07/12/2018	0.267448	0.295849	0.213747	0.215952	591,572	6,211,290
07/11/2018	0.254239	0.340396	0.236565	0.264384	1,805,660	5,904,520
07/10/2018	0.287701	0.484089	0.243099	0.250544	6,721,840	6,681,660
07/09/2018	0.211364	0.316558	0.206132	0.287069	991,076	4,908,780
07/08/2018	0.219265	0.232222	0.206395	0.214060	122,604	5,092,280
07/07/2018	0.216578	0.222303	0.204878	0.222303	70,556	5,029,870
07/06/2018	0.228378	0.235151	0.202091	0.217086	101,644	5,303,920
07/05/2018	0.241787	0.244953	0.226187	0.228700	170,741	5,615,330
07/04/2018	0.262846	0.265723	0.236811	0.241221	234,693	6,104,420
07/03/2018	0.264350	0.284650	0.252263	0.261364	179,205	6,139,340
07/02/2018	0.285194	0.286939	0.246760	0.264946	437,318	6,623,430
07/01/2018	0.214862	0.294296	0.211618	0.285789	578,928	4,990,020
06/30/2018	0.205882	0.226680	0.205117	0.214118	106,607	4,781,470
06/29/2018	0.198633	0.209434	0.187520	0.205850	39,893	4,613,110
06/28/2018	0.196100	0.226913	0.193633	0.199545	83,685	4,554,300
06/27/2018	0.193410	0.214306	0.189927	0.194288	101,634	4,491,810
06/26/2018	0.206603	0.211830	0.192606	0.193660	106,271	4,798,210
06/25/2018	0.221553	0.221553	0.191297	0.206784	159,319	5,145,420
06/24/2018	0.221270	0.255741	0.200006	0.221766	290,326	5,138,840
06/23/2018	0.191120	0.243647	0.189523	0.221308	412,508	4,438,640
06/22/2018	0.240752	0.240752	0.184177	0.190172	234,248	5,591,300
06/21/2018	0.248924	0.251587	0.231196	0.241519	91,016	5,781,090
06/20/2018	0.248917	0.250948	0.238669	0.248232	87,148	5,780,930
06/19/2018	0.258227	0.263804	0.245638	0.248801	110,842	5,997,150
06/18/2018	0.254343	0.260240	0.243221	0.259597	136,321	5,906,930
06/17/2018	0.252084	0.259185	0.245827	0.255067	44,414	5,854,470
06/16/2018	0.248008	0.256151	0.241567	0.251589	133,754	5,759,820
06/15/2018	0.264407	0.264407	0.244378	0.249983	119,219	6,140,670
06/14/2018	0.250791	0.274190	0.242038	0.264536	254,992	5,824,450
06/13/2018	0.262400	0.271812	0.237598	0.251349	169,507	6,094,050
06/12/2018	0.306153	0.309591	0.257410	0.257614	161,789	7,110,180
06/11/2018	0.255342	0.300407	0.249579	0.299762	233,640	5,930,150
06/10/2018	0.311459	0.316484	0.244098	0.250018	527,662	7,233,410
06/09/2018	0.349634	0.355286	0.320351	0.320351	741,259	8,120,010
06/08/2018	0.389970	0.392288	0.346910	0.349306	269,242	9,056,780
06/07/2018	0.375359	0.412180	0.374049	0.389443	218,685	8,717,450
06/06/2018	0.419118	0.420193	0.358823	0.375017	295,536	9,733,720
06/05/2018	0.434040	0.435568	0.394636	0.419534	393,212	10,080,300
06/04/2018	0.482234	0.484055	0.420988	0.434507	697,576	11,199,500
06/03/2018	0.466415	0.483796	0.463313	0.483167	993,310	10,832,200
06/02/2018	0.484219	0.489750	0.462536	0.466524	1,073,270	11,245,600
06/01/2018	0.499493	0.504647	0.467903	0.484617	1,034,780	11,600,400
05/31/2018	0.444840	0.500303	0.444565	0.497551	1,090,640	10,331,100
05/30/2018	0.450979	0.482672	0.444413	0.447159	1,148,860	10,473,700
05/29/2018	0.435244	0.479989	0.418599	0.452448	1,101,860	10,108,200
05/28/2018	0.460261	0.464636	0.407232	0.435988	1,127,020	10,689,200
05/27/2018	0.425006	0.477051	0.411443	0.460963	1,034,550	9,870,470
05/26/2018	0.449733	0.453714	0.420987	0.426181	850,853	10,444,700
05/25/2018	0.471315	0.471643	0.438585	0.451122	163,065	10,946,000
05/24/2018	0.448645	0.481790	0.436379	0.468569	360,682	10,419,500
05/23/2018	0.540836	0.544103	0.445250	0.449807	336,400	12,560,500
05/22/2018	0.567539	0.574439	0.539752	0.541700	365,080	13,180,700
05/21/2018	0.636825	0.638458	0.565960	0.567175	366,912	14,789,800
05/20/2018	0.601051	0.675507	0.591371	0.628762	410,869	13,959,000
05/19/2018	0.620750	0.625680	0.595639	0.604127	217,186	14,416,500
05/18/2018	0.625967	0.625967	0.587451	0.620791	261,619	14,537,600
05/17/2018	0.638109	0.677154	0.623624	0.625887	254,135	14,819,600
05/16/2018	0.637800	0.688875	0.602481	0.639715	397,835	14,812,500
05/15/2018	0.691503	0.702339	0.634329	0.637933	463,466	16,059,700
05/14/2018	0.730690	0.738950	0.679102	0.692854	625,201	16,969,800
05/13/2018	0.742923	0.799339	0.655397	0.723131	1,617,980	17,253,900
05/12/2018	0.554755	0.854469	0.514047	0.760469	1,079,010	12,883,800
05/11/2018	0.726081	0.726081	0.556402	0.556402	399,663	16,862,700
05/10/2018	0.808101	0.808101	0.720161	0.725335	528,606	18,767,600
05/09/2018	0.914569	0.914569	0.750344	0.803083	957,172	21,240,200
05/08/2018	0.895259	0.927951	0.840810	0.911594	788,652	20,791,800
05/07/2018	0.880831	0.936831	0.774574	0.888218	833,622	20,456,700
05/06/2018	0.917244	0.929317	0.836925	0.882589	533,549	21,302,300
05/05/2018	0.896327	0.968213	0.879936	0.919388	702,840	20,816,600
05/04/2018	0.919987	0.932540	0.871973	0.896863	1,001,950	21,366,000
05/03/2018	0.944558	0.960918	0.905280	0.923453	2,234,690	21,936,700
05/02/2018	0.997363	0.997363	0.919447	0.945932	4,047,400	23,163,100
05/01/2018	1.01	1.04	0.928198	0.999826	2,239,460	23,417,700
04/30/2018	0.990393	1.03	0.952306	1.01	1,400,060	23,001,200
04/29/2018	0.979409	0.998819	0.922087	0.992163	1,467,520	22,746,100
04/28/2018	0.808699	1.07	0.807733	0.980304	2,339,150	18,781,500
04/27/2018	0.920518	0.945009	0.818143	0.818143	1,862,890	21,378,400
04/26/2018	0.801279	0.950303	0.758882	0.919417	3,667,000	18,609,100
04/25/2018	1.02	1.02	0.763086	0.796421	3,277,140	23,680,800
04/24/2018	0.877627	1.02	0.877514	1.02	3,656,540	20,382,300
04/23/2018	0.844584	0.909553	0.803172	0.879647	3,018,400	19,614,900
04/22/2018	0.805089	0.927030	0.780904	0.846039	3,824,430	18,697,600
04/21/2018	0.859646	0.861612	0.766012	0.811845	2,672,570	19,964,700
04/20/2018	0.790637	0.880511	0.768856	0.862465	3,376,540	18,362,000
04/19/2018	0.693333	0.872034	0.678996	0.797989	3,608,090	16,102,200
04/18/2018	0.675847	0.731084	0.669274	0.691483	2,945,030	15,696,100
04/17/2018	0.641128	0.813819	0.636540	0.672653	4,415,500	14,889,700
04/16/2018	0.608110	0.655924	0.584465	0.647277	2,979,850	14,122,900
04/15/2018	0.564797	0.623129	0.545108	0.612625	2,972,570	13,117,000
04/14/2018	0.557163	0.593192	0.541018	0.556162	2,588,630	12,939,700
04/13/2018	0.589174	0.631585	0.546557	0.564748	2,944,060	13,683,100
04/12/2018	0.496999	0.593664	0.488359	0.588158	2,947,800	11,542,500
04/11/2018	0.533533	0.546147	0.499519	0.505906	2,989,500	12,390,900
04/10/2018	0.539506	0.547354	0.520075	0.528370	2,707,080	12,529,600
04/09/2018	0.591365	0.627368	0.527896	0.538247	3,158,300	13,734,100
04/08/2018	0.508902	0.665731	0.500871	0.607772	3,308,880	11,818,900
04/07/2018	0.475758	0.574831	0.474716	0.503930	2,709,340	11,049,100
04/06/2018	0.495961	0.505394	0.465129	0.489622	2,664,220	11,518,400
04/05/2018	0.499497	0.555624	0.469827	0.503541	2,780,380	11,600,500
04/04/2018	0.545540	0.545540	0.412511	0.506676	3,700,510	12,669,800
04/03/2018	0.611463	0.618787	0.524761	0.524761	3,168,800	14,200,800
04/02/2018	0.663882	0.721564	0.540908	0.583287	3,021,930	15,418,200
04/01/2018	0.708731	0.736060	0.643489	0.654899	3,160,450	16,459,800
03/31/2018	0.714807	0.805335	0.705931	0.716540	3,523,730	16,600,900
03/30/2018	0.817983	0.857633	0.672788	0.716005	4,525,460	18,997,100
03/29/2018	0.809590	0.996643	0.586075	0.828490	6,062,510	18,802,200
03/28/2018	0.396447	1.45	0.377392	0.809697	15,744,200	9,207,220
03/27/2018	0.321123	0.420505	0.317942	0.399539	2,587,800	7,457,850
03/26/2018	0.304490	0.328769	0.282799	0.316683	2,802,280	7,071,560
03/25/2018	0.308590	0.313601	0.286303	0.303683	2,609,440	7,166,800
03/24/2018	0.314558	0.339000	0.307081	0.312195	2,858,330	7,305,390
03/23/2018	0.317195	0.322681	0.282678	0.320278	2,927,920	7,366,630
03/22/2018	0.324707	0.357893	0.299382	0.318204	3,446,680	7,541,080
03/21/2018	0.307142	0.343408	0.299081	0.326716	2,912,360	7,133,150
03/20/2018	0.317102	0.342603	0.263627	0.306347	2,947,070	7,364,460
03/19/2018	0.269259	0.344433	0.269240	0.307790	2,834,180	6,253,340
03/18/2018	0.297743	0.297743	0.227314	0.267795	2,940,520	6,914,870
03/17/2018	0.321774	0.321923	0.294740	0.297208	2,518,000	7,472,990
03/16/2018	0.299381	0.328886	0.281628	0.315540	2,528,100	6,952,920
03/15/2018	0.358666	0.372983	0.281413	0.299845	4,159,480	8,329,770
03/14/2018	0.442589	0.477439	0.334734	0.360778	3,640,190	10,278,800
03/13/2018	0.528699	0.547328	0.426577	0.442666	2,446,210	-
03/12/2018	0.489920	0.531761	0.466436	0.529099	5,494,140	-
03/11/2018	0.470513	0.506898	0.454136	0.490923	1,889,610	-
03/10/2018	0.507600	0.524420	0.466522	0.483458	2,409,080	-
03/09/2018	0.518279	0.529527	0.438962	0.505267	2,461,050	-
03/08/2018	0.489669	0.576365	0.471548	0.520586	2,944,450	-
03/07/2018	0.615742	0.665605	0.468440	0.493840	2,442,100	-
03/06/2018	0.703729	0.754899	0.602612	0.615810	2,870,850	-
03/05/2018	0.705735	0.717358	0.634281	0.656512	2,817,430	-
03/04/2018	0.751455	0.754184	0.700210	0.704269	2,797,440	-
03/03/2018	0.655486	0.810342	0.624948	0.756125	4,450,490	-
03/02/2018	0.664814	0.701396	0.601169	0.659530	2,938,960	-
03/01/2018	0.603290	0.671385	0.592909	0.671032	2,279,840	-
02/28/2018	0.671740	0.736225	0.603970	0.603970	1,930,250	-
02/27/2018	0.636735	0.684271	0.581400	0.683113	2,092,020	-
02/26/2018	0.620932	0.666891	0.561096	0.635202	1,502,360	-
02/25/2018	0.647191	0.666351	0.580228	0.621480	1,723,680	-
02/24/2018	0.670369	0.769549	0.594660	0.648649	2,117,650	-
02/23/2018	0.618799	0.699216	0.584680	0.675279	1,017,140	-
02/22/2018	0.737709	0.779581	0.616953	0.619873	1,878,720	-
02/21/2018	0.802281	0.824095	0.722580	0.738822	2,176,730	-
02/20/2018	0.840462	0.900616	0.797623	0.803162	2,343,490	-
02/19/2018	0.801732	0.855191	0.769313	0.841808	2,395,700	-
02/18/2018	0.950599	0.967144	0.784568	0.810752	2,924,420	-
02/17/2018	0.855471	0.922673	0.787816	0.916883	3,018,750	-
02/16/2018	0.852676	0.931601	0.786485	0.858150	2,343,870	-
02/15/2018	0.892158	1.05	0.821490	0.855170	3,268,770	-
02/14/2018	0.682816	1.07	0.672667	0.892454	3,021,470	-
02/13/2018	0.737069	0.767418	0.610022	0.684196	1,858,250	-
02/12/2018	0.771167	0.863991	0.706154	0.733653	2,111,480	-
02/11/2018	0.905024	0.905024	0.759739	0.766872	2,362,890	-
02/10/2018	0.900323	1.00	0.831939	0.910339	3,200,210	-
02/09/2018	0.835660	0.902479	0.805740	0.900640	1	-
02/08/2018	0.817408	1.22	0.773637	0.834621	5,958	-
02/07/2018	0.719711	1.24	0.686236	0.825836	40,837	-
02/06/2018	0.354847	1.07	0.290127	0.720465	37,453	-
02/05/2018	0.438509	0.453288	0.327614	0.353588	7,869	-
02/04/2018	0.514808	0.673836	0.430239	0.442800	883	-
02/03/2018	0.477840	0.706547	0.473488	0.514964	1,064	-
02/02/2018	0.627009	0.627009	0.391109	0.475538	755	-
02/01/2018	0.936657	0.971781	0.511285	0.629227	3,145	-
01/31/2018	0.731493	0.935183	0.658467	0.934873	1,044	-
01/30/2018	0.421620	1.01	0.405396	0.728974	3,923	-
01/29/2018	1.12	1.15	0.409580	0.936691	8,292	-
01/28/2018	0.342586	1.20	0.341321	1.13	9,279	-
01/27/2018	0.946510	1.14	0.338354	0.340192	22,785	-
01/26/2018	0.994496	1.07	0.853771	0.946439	6,822	-
01/25/2018	1.03	1.32	0.830375	0.997968	2,629	-
01/24/2018	1.13	1.59	0.932898	1.02	18,610	-
01/23/2018	1.20	1.21	0.891322	1.13	18,210	-
01/22/2018	0.862984	1.26	0.790714	1.20	3,763	-
01/21/2018	0.922844	1.33	0.830231	0.858927	1,039	-
01/20/2018	1.04	1.32	0.901048	0.920849	5,717	-
01/19/2018	1.02	1.09	0.972926	1.03	7,331	-
01/18/2018	0.771132	1.09	0.729237	1.03	4,622	-
01/17/2018	0.978338	1.07	0.728025	0.762543	4,371	-
01/16/2018	1.02	1.08	0.805183	0.981951	4,295	-
01/15/2018	1.76	1.78	0.563623	1.02	11,087	-
01/14/2018	1.80	1.95	1.66	1.76	4,312	-
01/13/2018	2.21	2.46	1.80	1.94	6,009	-
01/12/2018	2.18	2.45	2.09	2.21	13,343	-
01/11/2018	2.37	2.53	2.12	2.16	6,819	-
01/10/2018	2.46	2.64	2.31	2.38	22,456	-
01/09/2018	2.16	2.48	2.12	2.46	11,272	-
01/08/2018	1.90	2.40	1.79	2.16	36,141	-
01/07/2018	1.40	1.92	1.39	1.88	22,792	-
01/06/2018	0.774885	1.40	0.768642	1.40	42,102	-
01/05/2018	0.758723	0.813704	0.697047	0.771144	6,989	-
01/04/2018	0.788164	0.794119	0.689521	0.761867	59,716	-
01/03/2018	0.727793	0.793752	0.640291	0.786909	29,724	-
01/02/2018	0.722637	0.726594	0.703805	0.724428	1,031	-
