Date	Open	High	Low	Close	Volume	Market Cap
07/15/2018	22.21	22.86	22.15	22.67	163,368	13,315,000
07/14/2018	22.28	22.37	22.08	22.22	175,375	13,354,200
07/13/2018	22.20	23.02	22.14	22.27	207,328	13,307,300
07/12/2018	23.46	23.47	21.98	22.16	174,567	14,061,700
07/11/2018	23.30	23.61	23.19	23.46	151,905	13,968,800
07/10/2018	26.77	26.85	23.30	23.30	187,965	16,045,600
07/09/2018	27.20	27.26	26.76	26.80	185,379	16,303,900
07/08/2018	26.86	28.09	26.11	27.19	270,308	16,101,000
07/07/2018	29.03	29.13	26.44	26.91	201,535	17,403,100
07/06/2018	28.81	29.14	28.29	29.06	163,725	17,266,400
07/05/2018	29.68	30.08	28.50	28.85	204,355	17,791,800
07/04/2018	29.43	30.62	29.08	29.63	193,867	17,641,900
07/03/2018	29.64	30.03	29.35	29.47	193,721	17,766,800
07/02/2018	28.14	29.68	27.98	29.68	197,950	16,867,700
07/01/2018	27.78	28.24	27.68	28.17	195,009	16,649,400
06/30/2018	26.97	28.27	26.97	27.76	187,610	16,164,900
06/29/2018	26.68	27.11	25.79	26.95	199,482	15,992,600
06/28/2018	26.60	27.78	26.50	26.68	185,123	15,944,900
06/27/2018	25.97	26.72	25.82	26.62	182,333	15,565,300
06/26/2018	28.49	28.55	25.93	26.00	191,201	17,076,500
06/25/2018	28.38	28.61	26.35	28.49	215,703	17,011,500
06/24/2018	29.75	29.77	27.01	28.38	142,460	17,833,000
06/23/2018	29.43	29.97	29.24	29.76	80,484	17,641,600
06/22/2018	34.44	34.52	29.07	29.40	94,173	20,645,000
06/21/2018	35.61	35.83	34.34	34.41	92,317	21,341,900
06/20/2018	36.27	36.29	34.93	35.56	86,857	21,740,100
06/19/2018	34.13	36.88	34.05	36.23	123,832	20,460,400
06/18/2018	32.51	34.17	32.35	34.15	82,587	19,489,200
06/17/2018	32.68	32.92	32.46	32.56	80,001	19,585,700
06/16/2018	32.23	32.86	32.08	32.64	199,840	19,316,800
06/15/2018	33.77	33.97	32.17	32.29	128,201	20,242,600
06/14/2018	32.15	34.00	31.61	33.78	160,072	19,268,900
06/13/2018	35.18	35.18	31.07	32.12	208,322	21,085,800
06/12/2018	36.89	37.04	34.88	35.10	219,497	22,113,100
06/11/2018	36.94	37.02	36.04	36.88	231,480	22,139,200
06/10/2018	42.08	42.08	36.29	36.89	310,325	25,221,800
06/09/2018	41.17	42.75	41.17	42.15	299,972	24,675,600
06/08/2018	39.67	41.24	39.62	41.05	342,667	23,775,900
06/07/2018	38.88	39.61	38.88	39.54	270,662	23,306,100
06/06/2018	39.20	39.35	38.35	38.87	267,245	23,495,800
06/05/2018	38.73	39.45	38.12	39.29	259,269	23,215,000
06/04/2018	40.38	40.58	38.40	38.73	268,663	24,205,500
06/03/2018	40.14	41.02	40.07	40.44	286,122	24,059,300
06/02/2018	39.33	40.32	39.12	40.15	289,703	23,575,400
06/01/2018	39.41	40.08	38.75	39.34	265,567	23,622,900
05/31/2018	39.72	41.07	39.12	39.37	273,736	23,811,000
05/30/2018	40.62	41.15	39.24	39.70	265,338	24,347,000
05/29/2018	38.61	41.20	38.12	40.60	289,028	23,143,100
05/28/2018	44.32	44.46	38.35	38.68	348,694	26,564,900
05/27/2018	44.87	44.89	43.51	44.27	247,908	26,896,500
05/26/2018	45.48	45.97	44.49	44.84	190,757	27,262,800
05/25/2018	46.72	47.23	44.91	45.45	217,228	28,004,800
05/24/2018	46.60	47.67	44.49	46.62	174,028	27,932,900
05/23/2018	50.55	50.91	46.27	46.70	234,150	30,299,000
05/22/2018	53.24	53.25	50.57	50.60	259,601	31,913,400
05/21/2018	56.16	56.42	52.88	53.28	329,776	33,660,700
05/20/2018	56.72	58.58	55.53	56.18	388,093	34,000,900
05/19/2018	55.39	62.69	54.97	56.69	335,696	33,203,600
05/18/2018	53.04	55.95	51.88	55.42	332,449	31,794,500
05/17/2018	57.38	58.10	52.69	52.91	327,817	34,394,300
05/16/2018	62.15	62.34	57.09	57.34	393,508	37,253,700
05/15/2018	60.83	66.07	60.78	62.27	434,931	36,459,900
05/14/2018	59.37	61.02	56.89	61.02	339,759	35,586,800
05/13/2018	55.52	59.64	54.78	59.23	333,607	33,278,700
05/12/2018	56.67	57.22	53.28	55.58	331,680	33,969,300
05/11/2018	63.30	63.30	56.10	56.82	334,428	37,942,100
05/10/2018	64.89	66.00	63.25	63.26	290,095	38,893,000
05/09/2018	65.71	66.28	63.53	64.84	370,676	39,387,700
05/08/2018	70.75	71.94	65.84	65.88	390,543	42,405,600
05/07/2018	74.69	75.02	69.01	70.62	321,464	44,771,300
05/06/2018	77.27	78.36	73.90	74.77	394,665	46,313,900
05/05/2018	78.29	79.28	76.75	77.25	419,953	46,928,600
05/04/2018	78.47	79.25	76.07	78.22	511,061	47,034,600
05/03/2018	74.06	78.74	73.93	78.63	411,603	44,389,400
05/02/2018	72.85	74.53	72.47	74.13	369,546	43,666,900
05/01/2018	75.28	75.28	71.41	73.26	343,436	45,120,100
04/30/2018	71.40	76.40	68.97	75.18	637,275	42,796,300
04/29/2018	73.23	74.04	67.68	71.31	580,384	43,896,400
04/28/2018	72.29	77.03	72.03	73.21	485,795	43,329,400
04/27/2018	74.82	75.57	72.39	72.39	283,185	44,846,500
04/26/2018	68.02	74.88	65.78	74.77	431,218	40,768,900
04/25/2018	81.82	86.26	67.16	67.25	877,961	49,045,500
04/24/2018	67.52	82.17	67.43	82.17	500,477	40,470,100
04/23/2018	65.48	67.65	65.42	67.65	365,988	39,245,800
04/22/2018	68.35	68.58	65.15	65.63	445,049	40,969,500
04/21/2018	71.76	71.86	66.79	68.24	351,683	43,011,400
04/20/2018	66.86	72.02	66.52	71.79	351,349	40,077,200
04/19/2018	62.30	66.91	62.07	66.91	379,327	37,343,400
04/18/2018	58.84	62.26	58.82	62.11	267,497	35,266,300
04/17/2018	60.09	60.81	58.81	58.81	269,474	36,017,500
04/16/2018	62.35	63.44	59.13	60.08	272,650	37,372,500
04/15/2018	61.32	64.09	60.97	62.37	157,244	36,756,700
04/14/2018	59.56	63.34	59.46	61.24	209,845	35,700,700
04/13/2018	57.03	60.68	56.31	59.52	299,936	34,185,800
04/12/2018	49.01	57.04	48.68	56.99	264,944	29,375,200
04/11/2018	47.89	49.19	47.77	49.19	260,634	28,703,000
04/10/2018	46.46	48.29	46.46	48.00	207,462	27,850,500
04/09/2018	46.71	49.09	45.49	46.41	210,814	27,995,400
04/08/2018	44.45	46.64	44.36	46.64	254,893	26,641,400
04/07/2018	40.89	44.50	40.82	44.12	257,976	24,507,700
04/06/2018	43.84	44.28	40.66	40.87	253,632	26,276,900
04/05/2018	42.75	44.11	41.71	44.11	246,990	25,624,400
04/04/2018	45.57	45.57	42.06	42.83	260,402	27,312,900
04/03/2018	42.23	45.65	41.68	45.65	361,254	25,310,900
04/02/2018	46.80	48.33	41.74	41.93	345,650	28,051,300
04/01/2018	50.54	50.99	45.41	46.64	294,495	30,294,900
03/31/2018	50.12	52.16	49.73	50.47	238,375	30,042,100
03/30/2018	53.72	54.06	49.74	50.14	303,839	32,202,000
03/29/2018	62.14	62.24	52.93	53.75	230,382	37,244,500
03/28/2018	61.63	63.16	60.73	62.02	423,899	36,942,500
03/27/2018	64.33	64.58	60.48	61.63	296,733	38,561,000
03/26/2018	68.44	68.85	62.87	64.32	292,133	41,020,100
03/25/2018	68.43	69.69	67.68	68.51	258,076	41,017,400
03/24/2018	70.83	71.27	68.87	69.05	274,506	42,458,200
03/23/2018	70.22	70.28	67.03	70.28	292,899	42,088,100
03/22/2018	68.83	77.35	68.63	70.22	537,218	41,254,700
03/21/2018	69.21	70.62	66.56	68.94	368,572	41,487,100
03/20/2018	61.04	69.44	59.89	68.68	232,508	36,589,700
03/19/2018	55.21	60.93	54.26	60.93	282,360	33,090,400
03/18/2018	57.15	57.15	49.27	55.46	339,998	34,256,800
03/17/2018	63.72	63.72	55.91	57.14	356,237	38,195,600
03/16/2018	65.80	67.94	62.36	63.62	334,862	39,439,500
03/15/2018	69.31	70.72	65.15	65.88	311,796	41,546,900
03/14/2018	84.07	85.09	68.09	69.26	305,185	50,392,600
03/13/2018	84.47	87.02	83.17	83.89	264,548	50,632,600
03/12/2018	90.82	91.68	82.74	84.67	318,390	54,436,300
03/11/2018	89.07	93.24	86.80	91.12	335,536	53,386,000
03/10/2018	92.23	96.50	88.64	89.28	335,101	55,284,400
03/09/2018	96.99	97.66	86.67	92.19	341,196	58,134,200
03/08/2018	104.79	106.96	96.63	97.30	355,614	62,812,800
03/07/2018	116.69	118.84	102.35	105.01	392,592	69,943,200
03/06/2018	129.73	156.94	115.98	116.97	1,104,070	77,761,400
03/05/2018	121.92	150.25	121.44	129.98	849,134	73,079,200
03/04/2018	126.39	126.65	119.77	122.08	376,680	75,758,200
03/03/2018	116.90	130.13	116.90	126.44	555,211	70,067,600
03/02/2018	113.35	117.71	111.87	117.13	395,057	67,941,200
03/01/2018	109.56	114.38	109.23	113.32	473,111	65,672,900
02/28/2018	114.14	116.71	109.26	109.52	336,108	68,415,700
02/27/2018	110.58	114.90	109.35	114.19	300,909	66,281,700
02/26/2018	106.95	111.90	105.74	110.25	338,126	64,107,600
02/25/2018	108.25	109.53	104.68	107.27	334,975	64,883,800
02/24/2018	113.34	116.14	105.84	108.28	311,826	67,936,300
02/23/2018	108.51	114.68	105.89	113.49	220,702	65,041,900
02/22/2018	117.88	121.96	108.54	108.54	276,493	70,657,300
02/21/2018	135.40	135.40	117.58	117.93	332,481	81,158,200
02/20/2018	145.92	149.12	133.78	135.59	336,266	87,464,400
02/19/2018	140.55	149.08	139.56	145.84	406,857	84,245,100
02/18/2018	150.68	152.77	138.82	141.01	268,686	90,318,200
02/17/2018	131.36	150.28	129.99	150.28	694,030	78,737,300
02/16/2018	130.75	132.34	126.69	131.38	227,620	78,371,400
02/15/2018	122.25	131.07	121.10	130.97	188,906	73,278,700
02/14/2018	108.67	122.53	108.67	122.14	240,823	65,136,100
02/13/2018	113.33	113.63	107.27	108.82	295,285	67,927,100
02/12/2018	103.58	113.37	103.58	113.25	286,558	62,088,600
02/11/2018	110.34	110.34	98.50	103.58	213,206	66,135,100
02/10/2018	113.55	119.03	106.23	110.38	183,550	68,062,600
02/09/2018	107.65	113.33	101.52	113.09	218,770	64,523,900
02/08/2018	97.30	111.09	97.15	107.44	162,173	58,323,100
02/07/2018	98.71	110.07	91.11	97.75	247,214	59,167,300
02/06/2018	84.70	101.50	72.53	99.34	777,578	50,772,000
02/05/2018	101.82	104.44	82.13	84.59	611,501	61,028,600
02/04/2018	126.05	127.00	99.74	102.68	535,578	75,551,100
02/03/2018	116.46	128.10	106.78	125.47	366,792	69,808,700
02/02/2018	116.80	119.58	83.58	116.08	719,778	70,008,000
02/01/2018	155.96	157.19	104.73	117.75	1,147,500	93,482,000
01/31/2018	163.82	166.83	151.44	155.66	921,852	98,196,900
01/30/2018	201.50	202.59	163.17	163.60	691,266	120,777,000
01/29/2018	198.40	201.72	188.23	201.16	859,373	118,921,000
01/28/2018	175.70	199.21	173.34	198.13	858,955	105,312,000
01/27/2018	170.51	177.20	166.94	174.85	531,922	102,203,000
01/26/2018	172.31	178.34	156.17	170.49	710,397	103,284,000
01/25/2018	191.48	192.72	168.30	173.37	1,130,840	114,772,000
01/24/2018	187.82	195.57	181.79	188.95	896,265	112,578,000
01/23/2018	175.69	192.70	168.06	188.25	585,427	105,310,000
01/22/2018	194.25	202.68	162.77	176.77	1,011,690	116,433,000
01/21/2018	239.42	239.91	187.31	192.10	1,097,140	143,510,000
01/20/2018	200.39	247.13	200.00	239.32	1,896,960	120,114,000
01/19/2018	187.85	209.32	170.73	198.88	2,022,430	112,595,000
01/18/2018	147.89	187.44	144.21	187.44	1,186,150	88,644,100
01/17/2018	139.38	152.57	97.54	150.83	1,157,250	83,543,700
01/16/2018	203.32	204.37	122.26	139.17	1,479,540	121,869,000
01/15/2018	221.60	224.46	204.57	204.57	1,043,100	132,829,000
01/14/2018	240.17	243.03	218.22	222.23	1,194,170	143,958,000
01/13/2018	222.71	242.92	222.71	240.85	1,058,080	133,492,000
01/12/2018	209.38	227.72	202.72	222.47	739,275	125,501,000
01/11/2018	227.60	230.43	197.49	208.05	1,173,600	136,421,000
01/10/2018	246.47	246.47	211.23	225.52	1,832,170	147,731,000
01/09/2018	250.36	260.42	240.75	246.23	2,265,880	150,065,000
01/08/2018	238.26	252.64	213.45	250.63	2,040,150	142,816,000
01/07/2018	239.84	244.63	227.38	238.88	2,294,810	143,760,000
01/06/2018	228.65	253.36	227.80	240.69	1,747,160	137,050,000
01/05/2018	247.43	269.14	224.83	226.54	2,453,770	148,310,000
01/04/2018	180.90	270.05	177.86	256.64	4,951,290	108,434,000
01/03/2018	150.73	185.36	145.84	185.36	2,162,260	90,346,200
01/02/2018	132.25	155.69	132.05	150.92	1,672,720	79,269,300
01/01/2018	131.96	133.43	125.48	132.42	1,254,370	79,098,300
12/31/2017	115.75	132.50	114.48	131.93	1,113,190	69,382,600
12/30/2017	132.67	132.67	111.21	117.46	1,113,850	79,522,700
12/29/2017	120.31	132.88	118.23	132.36	1,609,660	72,111,300
12/28/2017	130.61	131.39	109.42	119.47	1,213,200	78,287,600
12/27/2017	123.04	140.02	122.29	130.29	1,753,310	73,749,400
12/26/2017	133.54	140.95	113.75	122.37	1,695,700	80,043,800
12/25/2017	124.58	137.94	122.04	133.11	1,497,710	74,676,500
12/24/2017	134.90	134.90	115.24	123.64	1,097,540	80,857,900
12/23/2017	118.56	147.68	113.28	133.64	1,592,330	71,067,200
12/22/2017	139.87	142.27	84.22	117.82	1,320,160	83,837,900
12/21/2017	126.26	154.77	125.97	138.82	2,153,900	75,678,200
12/20/2017	127.23	139.86	112.28	125.99	1,804,750	76,262,800
12/19/2017	93.04	137.45	90.89	127.30	3,426,190	55,765,800
12/18/2017	83.52	93.16	80.11	92.68	1,459,870	50,060,100
12/17/2017	85.56	85.56	80.63	83.01	1,092,600	51,286,900
12/16/2017	73.56	87.79	73.56	83.58	1,396,690	44,094,000
12/15/2017	77.90	79.00	73.12	73.48	1,221,190	46,696,000
12/14/2017	78.82	80.39	76.23	77.55	802,956	47,244,600
12/13/2017	82.75	85.04	76.18	78.96	801,773	49,602,200
12/12/2017	73.91	83.20	71.85	82.63	952,204	44,300,000
12/11/2017	70.14	76.07	70.00	73.89	817,011	42,039,200
12/10/2017	72.45	73.06	65.38	70.20	615,396	43,424,100
12/09/2017	80.59	81.72	69.00	72.03	688,946	48,304,900
12/08/2017	83.43	90.47	76.55	80.78	884,409	50,010,600
12/07/2017	77.30	83.12	74.07	83.12	897,591	46,334,400
12/06/2017	75.15	77.99	74.34	77.35	731,090	45,046,300
12/05/2017	79.75	81.28	75.88	75.88	551,787	47,802,900
12/04/2017	76.34	79.84	75.72	79.67	472,638	45,760,700
12/03/2017	76.06	80.41	73.42	76.11	596,834	45,589,400
12/02/2017	68.90	80.50	68.86	75.81	647,713	41,297,300
12/01/2017	64.27	69.38	60.85	68.90	472,646	38,521,600
11/30/2017	63.85	69.08	60.37	64.25	612,528	38,273,400
11/29/2017	79.44	84.40	63.12	63.12	630,194	47,616,800
11/28/2017	77.67	79.66	77.20	79.40	609,383	46,558,300
11/27/2017	76.85	80.36	75.91	77.67	546,150	46,064,100
11/26/2017	79.00	79.13	76.09	76.77	508,181	47,353,100
11/25/2017	74.47	79.57	74.44	79.57	562,918	44,640,100
11/24/2017	68.63	75.29	67.61	74.61	582,957	41,135,200
11/23/2017	65.73	70.82	63.26	69.21	646,454	39,399,100
11/22/2017	65.19	66.83	64.23	65.96	417,550	39,077,000
11/21/2017	66.43	68.41	63.65	65.10	409,973	39,817,800
11/20/2017	68.34	68.41	64.96	66.61	475,053	40,962,800
11/19/2017	63.70	68.72	63.08	68.38	483,081	38,184,200
11/18/2017	65.09	70.06	63.26	63.81	534,814	39,013,600
11/17/2017	67.32	67.60	64.18	65.26	429,369	40,349,300
11/16/2017	71.63	71.92	66.71	66.84	426,625	42,936,200
11/15/2017	73.73	75.77	70.11	71.40	495,609	44,195,300
11/14/2017	76.73	85.38	69.45	73.54	1,350,920	45,994,000
11/13/2017	63.30	78.43	63.00	77.05	408,701	37,941,600
11/12/2017	72.27	75.51	60.73	63.16	561,220	43,317,000
11/11/2017	54.50	81.21	54.48	73.06	1,376,080	32,665,300
11/10/2017	61.36	64.25	54.77	54.77	302,234	36,777,200
11/09/2017	58.10	62.74	57.04	61.41	367,451	34,823,800
11/08/2017	56.70	58.42	54.30	58.22	420,882	33,987,700
11/07/2017	55.68	57.52	55.13	56.64	264,962	33,373,800
11/06/2017	57.18	66.54	54.52	55.91	651,530	34,276,600
11/05/2017	59.25	62.62	56.83	57.10	432,655	35,512,900
11/04/2017	59.58	62.34	58.59	59.27	353,043	35,712,500
11/03/2017	53.36	61.22	52.29	59.61	397,285	31,984,800
11/02/2017	57.44	58.02	50.22	53.52	323,099	34,428,200
11/01/2017	60.05	61.10	56.23	57.71	310,006	35,992,300
10/31/2017	60.95	61.26	57.16	60.15	370,058	36,534,000
10/30/2017	63.94	76.59	59.01	60.94	834,942	38,327,400
10/29/2017	58.54	64.30	58.09	64.18	363,574	35,088,900
10/28/2017	59.34	59.78	57.30	58.56	314,276	35,567,900
10/27/2017	60.63	61.36	59.01	59.19	348,699	36,338,900
10/26/2017	61.36	62.57	60.28	60.81	262,683	36,782,000
10/25/2017	60.46	61.65	58.32	61.41	270,665	36,240,800
10/24/2017	56.77	64.28	55.95	60.43	372,687	34,030,300
10/23/2017	61.17	61.31	55.43	56.83	311,860	36,666,700
10/22/2017	57.76	61.64	57.60	61.23	278,435	34,622,600
10/21/2017	67.17	68.06	54.48	56.63	438,978	40,264,600
10/20/2017	69.42	70.33	67.26	67.28	339,867	41,613,300
10/19/2017	70.83	72.06	68.83	69.45	387,425	42,458,300
10/18/2017	72.68	72.68	66.86	70.92	338,636	43,561,600
10/17/2017	75.68	75.89	71.34	72.69	450,807	45,360,100
10/16/2017	72.46	75.89	71.08	75.80	392,971	43,430,800
10/15/2017	73.47	74.01	68.99	72.40	233,233	44,040,600
10/14/2017	72.68	74.47	72.09	73.49	236,095	43,561,500
10/13/2017	81.65	85.96	71.75	73.21	491,030	48,940,200
10/12/2017	73.48	83.20	73.36	82.04	586,883	44,046,100
10/11/2017	72.89	73.91	72.53	73.45	241,004	43,688,000
10/10/2017	71.62	74.28	71.07	72.89	240,162	42,929,400
10/09/2017	68.86	72.26	68.45	71.57	365,458	41,273,800
10/08/2017	68.77	69.82	68.36	68.85	266,493	41,221,200
10/07/2017	69.37	69.87	67.63	68.86	220,392	41,583,200
10/06/2017	66.86	69.37	66.67	69.37	254,958	40,077,000
10/05/2017	66.73	67.38	64.58	66.78	187,927	39,999,500
10/04/2017	66.40	69.03	65.23	66.73	247,278	39,799,400
10/03/2017	68.94	70.03	65.25	66.28	283,983	41,322,000
10/02/2017	72.88	73.81	67.48	68.95	288,013	43,683,100
10/01/2017	67.33	74.20	66.62	73.30	443,498	40,359,800
09/30/2017	65.44	67.47	65.35	67.27	180,298	39,223,200
09/29/2017	66.60	66.62	62.56	65.43	225,416	39,921,100
09/28/2017	65.41	66.86	64.25	66.39	207,157	39,204,600
09/27/2017	59.44	65.19	59.37	65.08	276,453	35,631,100
09/26/2017	60.83	61.69	59.36	59.57	200,311	36,463,900
09/25/2017	58.55	61.84	56.94	60.68	275,347	35,093,600
09/24/2017	60.19	61.62	58.16	58.49	197,731	36,076,700
09/23/2017	57.51	60.41	57.02	60.28	185,953	34,468,900
09/22/2017	56.97	59.02	54.86	57.62	204,044	34,150,300
09/21/2017	63.06	63.51	56.66	57.08	153,379	37,795,900
09/20/2017	62.20	65.21	60.88	63.32	234,653	37,285,500
09/19/2017	69.49	69.84	62.26	62.26	294,003	41,655,300
09/18/2017	59.81	71.09	59.81	69.34	400,888	35,852,700
09/17/2017	59.43	61.09	56.68	59.88	187,465	35,620,000
09/16/2017	60.91	63.06	56.94	59.32	220,900	36,508,500
09/15/2017	54.58	62.79	47.28	61.30	272,953	32,715,400
09/14/2017	65.50	66.57	54.27	54.27	203,825	39,260,700
09/13/2017	74.79	75.77	60.79	65.47	393,344	44,827,900
09/12/2017	63.93	87.72	63.93	75.05	1,012,100	38,319,900
09/11/2017	66.91	69.16	63.62	64.89	354,868	40,104,400
09/10/2017	67.47	68.20	61.92	67.00	287,997	40,440,400
09/09/2017	67.28	68.43	65.29	67.57	210,039	40,324,800
09/08/2017	76.21	76.24	65.05	67.18	306,919	45,680,800
09/07/2017	78.97	78.97	73.11	76.11	322,078	47,333,100
09/06/2017	72.24	81.75	72.24	78.99	475,980	43,297,900
09/05/2017	66.64	73.45	62.43	72.11	263,611	39,944,000
09/04/2017	77.90	77.93	63.21	66.43	352,074	46,695,100
09/03/2017	75.78	77.92	71.21	77.88	288,930	45,425,000
09/02/2017	85.78	85.78	72.13	75.69	361,828	51,418,300
09/01/2017	82.11	87.75	82.06	85.71	392,124	49,214,500
08/31/2017	80.11	83.19	77.84	83.17	331,163	48,015,800
08/30/2017	80.49	83.00	77.53	80.07	339,498	48,243,000
08/29/2017	75.10	83.21	74.61	80.58	436,324	45,014,900
08/28/2017	74.33	75.91	72.14	75.09	324,581	44,552,900
08/27/2017	74.67	75.21	73.88	74.30	218,564	44,758,000
08/26/2017	74.51	75.45	72.60	74.66	187,309	44,663,400
08/25/2017	75.15	79.52	72.39	74.40	544,506	45,044,400
08/24/2017	72.49	75.34	71.69	75.25	279,452	43,450,800
08/23/2017	72.65	77.43	72.42	72.42	357,276	43,545,200
08/22/2017	74.54	74.82	67.00	72.81	301,785	44,676,500
08/21/2017	74.99	75.45	72.52	73.26	334,428	44,946,100
08/20/2017	73.31	75.09	70.52	74.55	247,749	43,939,300
08/19/2017	74.69	76.88	72.07	73.48	217,840	44,769,600
08/18/2017	80.46	83.91	72.57	74.55	440,624	48,226,100
08/17/2017	83.56	85.80	78.70	80.42	291,458	50,085,900
08/16/2017	76.09	83.74	74.92	83.08	334,109	45,610,000
08/15/2017	90.03	90.27	73.27	76.64	440,753	53,963,700
08/14/2017	94.00	99.77	87.28	90.01	678,919	56,345,500
08/13/2017	92.17	95.43	85.98	92.71	744,750	55,249,000
08/12/2017	77.68	92.88	77.17	92.37	1,340,310	46,562,200
08/11/2017	67.20	80.32	66.67	79.19	840,705	40,282,500
08/10/2017	68.23	69.16	66.69	67.21	260,796	40,896,600
08/09/2017	68.69	70.49	64.62	67.84	492,909	41,173,300
08/08/2017	61.07	69.02	59.80	68.66	461,615	36,602,700
08/07/2017	61.06	64.64	58.37	61.32	715,739	36,598,700
08/06/2017	59.36	64.23	57.86	62.59	486,196	35,580,300
08/05/2017	52.08	59.60	51.30	59.15	343,261	31,216,800
08/04/2017	48.26	52.22	48.17	51.99	231,089	28,926,600
08/03/2017	46.93	48.52	46.32	48.10	176,920	28,131,600
08/02/2017	45.63	47.37	44.34	46.51	361,414	27,348,800
08/01/2017	43.91	47.14	42.31	45.93	301,248	26,320,300
07/31/2017	44.19	44.30	41.51	43.96	212,263	26,488,600
07/30/2017	45.65	46.08	43.33	44.12	123,682	27,363,000
07/29/2017	46.45	46.50	43.67	46.14	146,967	27,840,700
07/28/2017	47.19	48.02	45.26	46.58	192,114	28,288,100
07/27/2017	46.97	47.76	45.97	47.19	133,910	28,153,800
07/26/2017	48.13	49.06	44.88	47.14	230,046	28,849,700
07/25/2017	53.36	53.98	44.98	48.28	282,698	31,985,000
07/24/2017	51.62	54.69	49.61	53.37	187,147	30,941,400
07/23/2017	52.28	53.02	49.65	51.71	145,788	31,334,600
07/22/2017	50.05	52.94	49.92	52.36	188,165	30,000,200
07/21/2017	52.81	55.52	48.20	49.78	239,152	31,657,000
07/20/2017	43.72	54.78	43.72	52.42	279,289	26,204,200
07/19/2017	48.85	52.38	43.18	44.09	226,527	29,283,700
07/18/2017	44.43	51.66	42.65	48.62	236,692	26,631,600
07/17/2017	37.22	44.38	36.36	44.38	223,555	22,310,100
07/16/2017	41.82	42.67	35.72	37.34	246,401	25,065,600
07/15/2017	46.72	46.76	41.00	41.96	133,703	28,006,200
07/14/2017	50.26	50.84	45.23	46.79	178,441	30,125,300
07/13/2017	52.89	53.60	45.92	50.47	240,629	31,704,500
07/12/2017	46.33	52.63	43.70	52.63	297,865	27,771,600
07/11/2017	51.67	52.79	41.58	46.40	420,124	30,968,700
07/10/2017	59.89	60.03	48.32	52.01	361,446	35,898,100
07/09/2017	61.00	63.22	59.81	59.81	220,790	36,561,700
07/08/2017	58.35	61.19	57.80	61.05	165,617	34,974,700
07/07/2017	69.97	70.10	58.34	58.34	371,681	41,942,000
07/06/2017	70.84	71.19	68.73	69.92	257,883	42,461,100
07/05/2017	73.19	73.73	69.41	70.81	283,055	43,868,700
07/04/2017	71.67	76.26	71.13	73.09	368,886	42,958,800
07/03/2017	68.17	72.09	66.64	71.86	357,496	40,863,800
07/02/2017	68.24	72.62	66.58	68.51	316,367	40,903,800
07/01/2017	71.84	72.67	67.22	68.23	315,735	43,063,100
06/30/2017	73.64	76.54	70.63	71.66	335,962	44,137,900
06/29/2017	81.13	81.56	73.89	73.89	345,972	48,629,300
06/28/2017	76.63	82.23	71.53	81.25	442,347	45,933,500
06/27/2017	65.44	76.15	58.07	76.15	473,864	39,223,400
06/26/2017	80.72	81.58	55.32	62.52	685,232	48,384,500
06/25/2017	87.53	88.86	78.09	80.73	315,976	52,467,200
06/24/2017	91.24	93.28	84.66	87.79	321,798	54,691,600
06/23/2017	85.34	92.28	82.98	91.13	476,077	51,154,400
06/22/2017	80.31	88.38	80.26	85.44	435,803	48,140,700
06/21/2017	86.11	86.85	76.93	80.15	475,543	51,615,400
06/20/2017	82.85	89.14	80.83	86.13	820,397	49,660,200
06/19/2017	81.63	85.27	79.96	83.67	634,811	48,931,500
06/18/2017	84.72	91.35	81.66	82.62	348,239	50,780,100
06/17/2017	92.07	92.07	79.45	84.74	527,369	55,185,100
06/16/2017	85.90	93.20	82.37	92.00	337,028	51,486,600
06/15/2017	86.18	89.91	67.30	85.05	726,780	51,659,200
06/14/2017	105.18	108.48	81.76	86.54	743,791	63,042,500
06/13/2017	83.35	117.90	83.05	105.21	1,167,120	49,961,900
06/12/2017	93.26	99.62	69.65	85.06	702,812	55,898,700
06/11/2017	99.45	107.35	87.69	93.33	627,648	59,607,800
06/10/2017	113.70	115.00	99.43	99.43	693,849	68,154,200
06/09/2017	103.57	115.15	101.53	113.61	916,329	62,079,900
06/08/2017	89.36	109.44	87.57	103.63	1,337,300	53,563,600
06/07/2017	81.03	117.22	79.62	88.97	1,791,320	48,567,700
06/06/2017	66.63	81.37	66.63	80.94	585,693	39,939,400
06/05/2017	61.84	66.68	61.84	66.51	291,545	37,067,000
06/04/2017	59.08	62.71	57.08	61.55	328,818	35,414,000
06/03/2017	56.76	59.25	56.07	57.94	248,349	34,022,500
06/02/2017	54.35	57.15	52.82	57.15	278,220	32,577,000
06/01/2017	56.64	59.23	52.59	54.32	500,566	33,948,400
05/31/2017	51.80	57.99	49.08	57.20	416,814	31,046,000
05/30/2017	55.65	57.82	51.28	51.28	354,884	33,355,600
05/29/2017	54.56	57.84	53.40	55.58	314,540	32,706,300
05/28/2017	48.55	61.61	48.55	53.87	258,243	29,100,200
05/27/2017	58.31	60.61	43.48	48.41	445,276	34,953,800
05/26/2017	51.38	68.94	51.38	57.45	443,889	30,799,100
05/25/2017	58.80	66.52	52.90	53.91	412,817	35,242,400
05/24/2017	60.27	64.81	58.06	58.70	557,679	36,127,000
05/23/2017	51.49	61.08	50.77	61.05	477,576	30,863,300
05/22/2017	61.73	62.83	48.20	51.54	688,974	36,999,900
05/21/2017	57.27	67.87	52.47	60.66	855,254	34,325,900
05/20/2017	41.52	57.31	41.40	56.02	656,474	24,887,600
05/19/2017	39.82	43.75	38.79	41.60	374,557	23,866,300
05/18/2017	34.97	39.74	34.86	39.67	296,720	20,960,700
05/17/2017	35.55	37.21	34.18	34.99	320,505	21,307,100
05/16/2017	37.23	38.17	35.52	35.55	262,490	22,316,400
05/15/2017	38.86	39.18	35.23	37.03	233,455	23,290,700
05/14/2017	39.96	40.21	38.28	38.85	153,705	23,949,600
05/13/2017	40.08	40.48	38.34	39.61	208,255	24,025,300
05/12/2017	41.61	42.48	39.37	40.14	219,290	24,938,800
05/11/2017	41.11	43.84	39.35	42.44	240,182	24,640,300
05/10/2017	33.56	44.21	31.93	41.04	595,571	20,113,400
05/09/2017	38.87	39.59	32.74	33.54	312,838	23,296,300
05/08/2017	40.63	41.67	36.88	38.68	296,106	24,355,300
05/07/2017	39.10	43.75	38.46	40.85	272,717	23,433,800
05/06/2017	43.08	43.90	38.70	38.70	202,496	25,824,400
05/05/2017	44.72	47.26	41.81	42.97	300,941	26,807,600
05/04/2017	42.06	45.15	40.96	44.70	261,218	25,211,600
05/03/2017	38.13	42.42	38.10	42.39	247,754	22,853,500
05/02/2017	37.30	39.68	33.21	38.11	239,255	22,358,300
05/01/2017	38.11	39.48	34.93	37.24	272,410	22,841,900
04/30/2017	35.94	38.55	35.43	38.05	205,173	21,540,700
04/29/2017	34.34	36.89	32.41	35.92	209,104	20,583,000
04/28/2017	31.79	35.80	31.79	34.16	269,375	19,054,500
04/27/2017	31.66	33.29	30.83	31.77	250,670	18,975,000
04/26/2017	30.86	31.84	30.84	31.63	147,626	18,497,800
04/25/2017	30.53	31.18	29.48	30.85	262,351	18,298,200
04/24/2017	29.58	30.90	29.01	30.68	135,664	17,729,900
04/23/2017	30.63	30.63	28.97	29.45	168,218	18,359,300
04/22/2017	29.23	30.71	27.50	30.48	186,802	17,518,000
04/21/2017	26.36	30.67	26.04	29.23	183,910	15,802,900
04/20/2017	26.72	27.06	25.32	26.45	98,536	16,013,400
04/19/2017	27.35	27.82	26.27	26.75	124,717	16,396,500
04/18/2017	29.89	30.36	26.61	27.34	166,622	17,914,200
04/17/2017	29.75	29.90	29.12	29.87	25,143	17,834,000
04/16/2017	28.85	29.80	28.61	29.76	79,469	17,295,600
04/15/2017	27.88	29.42	27.36	28.86	159,513	16,708,300
04/14/2017	28.32	29.21	27.84	27.87	137,210	16,975,200
04/13/2017	28.30	29.32	27.13	28.34	188,017	16,963,700
04/12/2017	27.52	29.42	27.23	28.29	138,529	16,493,600
04/11/2017	29.40	30.31	24.36	27.48	219,954	17,624,300
04/10/2017	33.10	33.10	29.07	29.62	145,330	19,840,600
04/09/2017	33.92	34.20	32.58	33.11	53,895	20,329,700
04/08/2017	32.93	34.48	32.01	33.91	63,358	19,740,600
04/07/2017	34.79	35.01	31.77	33.11	109,406	20,850,400
04/06/2017	33.64	34.82	32.30	34.74	187,641	20,165,800
04/05/2017	34.34	35.11	32.36	33.65	119,415	20,586,200
04/04/2017	35.25	36.53	33.41	34.33	182,465	21,129,300
04/03/2017	37.46	38.97	35.10	37.31	225,774	22,453,700
04/02/2017	37.51	38.74	35.79	37.42	341,124	22,483,100
04/01/2017	34.12	40.00	33.87	38.09	437,622	20,453,700
03/31/2017	31.68	34.34	31.46	34.02	328,127	18,986,900
03/30/2017	32.22	32.64	30.56	31.77	120,221	19,310,400
03/29/2017	31.34	33.02	30.81	32.17	174,842	18,785,800
03/28/2017	30.93	32.55	30.72	31.38	143,826	18,538,500
03/27/2017	27.23	32.22	27.23	30.95	251,737	16,323,500
03/26/2017	27.30	29.32	26.56	26.96	143,653	16,361,500
03/25/2017	26.53	29.07	23.98	27.35	163,320	15,903,800
03/24/2017	28.66	28.68	25.85	26.42	174,394	17,176,200
03/23/2017	29.15	29.59	27.35	28.08	103,830	17,475,300
03/22/2017	29.92	30.69	26.09	29.08	274,283	17,936,100
03/21/2017	32.65	33.09	29.52	29.53	122,990	19,567,700
03/20/2017	34.46	34.91	31.46	32.58	226,515	20,652,900
03/19/2017	26.70	34.54	26.70	34.10	283,953	16,004,700
03/18/2017	34.25	36.47	25.06	26.01	590,195	20,529,900
03/17/2017	29.32	48.56	26.86	34.25	2,089,560	17,575,900
03/16/2017	21.40	30.12	17.60	29.53	1,413,660	12,826,500
03/15/2017	61.82	70.27	15.81	21.31	501,188	-
03/14/2017	57.91	63.24	49.74	61.81	1,442	-
03/13/2017	42.38	60.63	41.69	57.90	4,773	-
03/12/2017	30.44	59.51	28.76	50.86	32,241	-
03/11/2017	30.80	38.01	24.08	36.72	19,129	-
03/10/2017	29.40	34.17	26.93	30.81	2,229	-
03/09/2017	25.41	32.23	25.39	29.38	14,349	-
03/08/2017	30.21	30.62	24.32	25.80	19,514	-
03/07/2017	33.85	38.57	27.73	29.04	32,016	-
03/06/2017	33.56	35.59	30.59	33.91	17,198	-
03/05/2017	25.58	33.67	25.51	33.42	1,980	-
03/04/2017	26.19	30.55	25.09	25.59	149	-
03/03/2017	26.64	30.49	25.62	26.14	6,284	-
03/02/2017	23.42	32.17	23.25	26.65	222,510	-
03/01/2017	40.14	40.32	17.91	23.38	819,381	-
02/28/2017	51.20	66.93	32.00	40.13	889,669	-
02/27/2017	50.86	52.67	48.91	51.18	217,221	-
02/26/2017	51.23	52.27	50.61	50.99	10,303	-
02/25/2017	44.76	51.22	43.05	51.21	36,592	-
02/24/2017	39.19	45.37	33.72	44.89	25,858	-
02/23/2017	40.08	41.08	36.35	38.99	1,229	-
02/22/2017	40.69	43.98	31.95	40.08	57,957	-
