Date	Open	High	Low	Close	Volume	Market Cap
07/15/2018	0.114901	0.122182	0.113318	0.119357	189,170	11,490,100
07/14/2018	0.113214	0.116757	0.113179	0.115715	122,550	11,321,400
07/13/2018	0.113776	0.116575	0.111525	0.114676	164,255	11,377,600
07/12/2018	0.119596	0.119596	0.110237	0.112862	196,031	11,959,600
07/11/2018	0.119231	0.121935	0.113276	0.119081	467,703	11,923,100
07/10/2018	0.132693	0.133505	0.117394	0.119139	325,026	13,269,300
07/09/2018	0.132620	0.137239	0.128273	0.130346	403,944	13,262,000
07/08/2018	0.136062	0.138929	0.130819	0.132513	248,248	13,606,200
07/07/2018	0.142403	0.142418	0.127173	0.136874	401,474	14,240,300
07/06/2018	0.131279	0.160789	0.121641	0.142436	2,340,530	13,127,900
07/05/2018	0.137048	0.142467	0.128726	0.131362	790,359	13,704,800
07/04/2018	0.131866	0.146682	0.125639	0.135420	1,165,820	13,186,600
07/03/2018	0.136694	0.142039	0.129758	0.129775	1,225,680	13,669,400
07/02/2018	0.132639	0.139775	0.129752	0.136510	2,270,900	13,263,900
07/01/2018	0.128901	0.134546	0.122005	0.134533	1,450,710	12,890,100
06/30/2018	0.117377	0.131196	0.117377	0.125644	660,471	11,737,700
06/29/2018	0.114647	0.119399	0.107704	0.118279	273,823	11,464,700
06/28/2018	0.130684	0.132494	0.114724	0.116159	337,402	13,068,400
06/27/2018	0.128864	0.137941	0.128864	0.129980	1,267,380	12,886,400
06/26/2018	0.119198	0.142089	0.118810	0.128194	4,145,440	11,919,800
06/25/2018	0.110306	0.130076	0.106355	0.119521	791,925	11,030,600
06/24/2018	0.120882	0.122223	0.104039	0.111755	196,400	12,088,200
06/23/2018	0.124017	0.127932	0.118611	0.120885	82,960	12,401,700
06/22/2018	0.133196	0.134055	0.120931	0.126820	101,092	13,319,600
06/21/2018	0.134384	0.136785	0.129836	0.133094	69,001	13,438,400
06/20/2018	0.138666	0.138697	0.127242	0.134272	188,544	13,866,600
06/19/2018	0.136282	0.139816	0.135925	0.138511	140,549	13,628,200
06/18/2018	0.131849	0.140038	0.129582	0.136020	148,451	13,184,900
06/17/2018	0.133386	0.137576	0.132089	0.132177	72,225	13,338,600
06/16/2018	0.132921	0.134951	0.130439	0.133351	117,044	13,292,100
06/15/2018	0.136832	0.139073	0.132041	0.132930	110,561	13,683,200
06/14/2018	0.127872	0.140297	0.126360	0.137002	259,309	12,787,200
06/13/2018	0.141763	0.141763	0.126632	0.128004	262,439	14,176,300
06/12/2018	0.143269	0.155641	0.136797	0.141811	289,896	14,326,900
06/11/2018	0.143638	0.148081	0.135299	0.144897	218,481	14,363,800
06/10/2018	0.169141	0.169141	0.137448	0.142820	333,291	16,914,100
06/09/2018	0.169849	0.171541	0.167357	0.168292	252,327	16,984,900
06/08/2018	0.172992	0.173869	0.167975	0.169733	125,974	17,299,200
06/07/2018	0.175013	0.178726	0.171723	0.172871	167,605	17,501,300
06/06/2018	0.173249	0.179600	0.170381	0.175792	460,909	17,324,900
06/05/2018	0.172791	0.176248	0.166038	0.173332	249,888	17,279,100
06/04/2018	0.182700	0.183730	0.170568	0.171666	388,395	18,270,000
06/03/2018	0.177686	0.184287	0.177663	0.180866	385,755	17,768,600
06/02/2018	0.174849	0.179425	0.172194	0.177686	292,301	17,484,900
06/01/2018	0.173516	0.177111	0.169370	0.173831	272,415	17,351,600
05/31/2018	0.170470	0.174769	0.167915	0.173324	224,102	17,047,000
05/30/2018	0.172066	0.180257	0.163621	0.169305	760,118	17,206,600
05/29/2018	0.160402	0.172515	0.152761	0.170738	936,495	16,040,200
05/28/2018	0.178225	0.198914	0.158669	0.159558	2,375,010	17,822,500
05/27/2018	0.175471	0.178942	0.170514	0.176814	229,326	17,547,100
05/26/2018	0.177474	0.179933	0.174206	0.175433	154,671	17,747,400
05/25/2018	0.179750	0.186025	0.172991	0.178426	507,169	17,975,000
05/24/2018	0.177762	0.188366	0.171110	0.183673	578,999	17,776,200
05/23/2018	0.197407	0.197407	0.175893	0.177951	390,924	19,740,700
05/22/2018	0.209740	0.210556	0.194746	0.194746	274,341	20,974,000
05/21/2018	0.212538	0.216141	0.205961	0.209239	541,149	21,253,800
05/20/2018	0.208838	0.215338	0.205216	0.213457	507,471	20,883,800
05/19/2018	0.210168	0.211351	0.202937	0.208833	406,841	21,016,800
05/18/2018	0.207417	0.212360	0.201329	0.210200	659,260	20,741,700
05/17/2018	0.216361	0.220259	0.204022	0.207547	1,015,100	21,636,100
05/16/2018	0.228633	0.229536	0.208924	0.217957	924,718	22,863,300
05/15/2018	0.248707	0.254223	0.224563	0.228692	1,404,440	24,870,700
05/14/2018	0.238469	0.255278	0.226275	0.247866	4,658,660	23,846,900
05/13/2018	0.219534	0.239304	0.213082	0.237438	2,929,100	21,953,400
05/12/2018	0.221031	0.223380	0.199012	0.219539	2,296,160	22,103,100
05/11/2018	0.257850	0.257850	0.191096	0.216644	3,983,740	25,785,000
05/10/2018	0.280032	0.283340	0.257546	0.259144	1,341,450	28,003,200
05/09/2018	0.292306	0.292306	0.268150	0.280710	2,066,060	29,230,600
05/08/2018	0.304496	0.304496	0.285714	0.293530	2,520,410	30,449,600
05/07/2018	0.315603	0.315603	0.288892	0.297597	3,233,640	31,560,300
05/06/2018	0.311647	0.319885	0.301752	0.319885	3,186,680	31,164,700
05/05/2018	0.310708	0.317725	0.307736	0.313406	2,116,760	31,070,800
05/04/2018	0.315987	0.322813	0.300474	0.309625	2,799,900	31,598,700
05/03/2018	0.305320	0.320612	0.299925	0.317201	5,623,050	30,532,000
05/02/2018	0.298818	0.307255	0.291671	0.306412	2,959,450	29,881,800
05/01/2018	0.307755	0.319169	0.288753	0.300908	4,403,250	30,775,500
04/30/2018	0.323745	0.325316	0.302615	0.306984	3,466,490	32,374,500
04/29/2018	0.322024	0.346540	0.296906	0.326821	9,318,840	32,202,400
04/28/2018	0.298353	0.322845	0.298305	0.320332	4,216,750	29,835,300
04/27/2018	0.303852	0.310325	0.289979	0.298097	6,642,000	30,385,200
04/26/2018	0.292376	0.300082	0.273769	0.300082	5,047,790	29,237,600
04/25/2018	0.328197	0.328197	0.264939	0.279888	7,960,890	32,819,700
04/24/2018	0.300115	0.324236	0.299301	0.321531	10,052,600	30,011,600
04/23/2018	0.295553	0.304384	0.292723	0.302066	3,559,570	29,555,300
04/22/2018	0.300590	0.301624	0.288551	0.295839	3,600,690	30,059,000
04/21/2018	0.314993	0.319379	0.280554	0.299543	8,659,770	31,499,300
04/20/2018	0.293796	0.312235	0.276851	0.312235	8,561,970	29,379,600
04/19/2018	0.282228	0.298995	0.272977	0.295479	7,485,790	28,222,800
04/18/2018	0.246604	0.292657	0.246604	0.286540	20,728,400	24,660,400
04/17/2018	0.231707	0.292716	0.228816	0.254433	18,437,500	23,170,700
04/16/2018	0.232511	0.237150	0.218927	0.230553	6,007,750	23,251,100
04/15/2018	0.215875	0.231822	0.212841	0.231822	4,500,810	21,587,500
04/14/2018	0.214824	0.231457	0.208498	0.218009	4,746,600	21,482,400
04/13/2018	0.219679	0.229307	0.208512	0.215689	11,314,500	21,967,900
04/12/2018	0.184337	0.222246	0.178692	0.214465	17,764,600	18,433,700
04/11/2018	0.180756	0.185616	0.176561	0.185616	1,318,080	18,075,600
04/10/2018	0.177514	0.181623	0.171137	0.179984	1,245,160	17,751,400
04/09/2018	0.184527	0.191633	0.171048	0.179097	2,352,430	18,452,700
04/08/2018	0.178245	0.185899	0.175235	0.185247	2,148,740	17,824,500
04/07/2018	0.176984	0.181848	0.171703	0.179108	1,791,020	17,698,400
04/06/2018	0.193336	0.196736	0.166091	0.177785	2,447,510	19,333,600
04/05/2018	0.225814	0.226783	0.175682	0.195876	7,827,610	22,581,400
04/04/2018	0.234257	0.248871	0.206781	0.234806	18,868,600	23,425,700
04/03/2018	0.191778	0.290115	0.166083	0.220805	38,389,700	19,177,800
04/02/2018	0.141035	0.222313	0.140971	0.189046	30,691,700	14,103,500
04/01/2018	0.149126	0.151826	0.134207	0.144769	726,293	14,912,600
03/31/2018	0.150292	0.155016	0.148137	0.149134	383,797	15,029,200
03/30/2018	0.156146	0.158345	0.142453	0.152904	617,542	15,614,600
03/29/2018	0.174773	0.175877	0.155948	0.156366	458,982	17,477,300
03/28/2018	0.170591	0.187021	0.167715	0.174799	1,061,140	17,059,100
03/27/2018	0.185444	0.186315	0.161650	0.172472	1,113,270	18,544,400
03/26/2018	0.197987	0.203809	0.172959	0.185319	2,093,340	19,798,700
03/25/2018	0.202511	0.207264	0.188957	0.197838	3,947,350	20,251,100
03/24/2018	0.191565	0.205502	0.185954	0.191909	3,380,540	19,156,500
03/23/2018	0.211251	0.211251	0.185685	0.194170	1,486,410	21,125,100
03/22/2018	0.225251	0.226558	0.198021	0.211720	1,938,330	22,525,100
03/21/2018	0.218336	0.231200	0.210745	0.216523	2,734,980	21,833,600
03/20/2018	0.209324	0.234511	0.201506	0.219879	6,465,620	20,932,400
03/19/2018	0.190080	0.213188	0.182761	0.213188	5,461,790	19,008,000
03/18/2018	0.192780	0.192780	0.145459	0.186777	2,362,320	19,278,000
03/17/2018	0.232510	0.235676	0.192650	0.194300	649,426	23,251,000
03/16/2018	0.245780	0.246194	0.222635	0.231994	1,362,170	24,578,000
03/15/2018	0.269500	0.269500	0.221412	0.244497	2,796,870	26,950,000
03/14/2018	0.298698	0.342597	0.237326	0.285473	10,589,000	29,869,800
03/13/2018	0.252152	0.304611	0.250352	0.293474	5,730,070	25,215,200
03/12/2018	0.253764	0.273276	0.248000	0.255896	809,231	25,376,400
03/11/2018	0.240343	0.254935	0.230116	0.249768	409,225	24,034,300
03/10/2018	0.256023	0.268533	0.240662	0.240662	491,083	25,602,300
03/09/2018	0.265630	0.270661	0.223704	0.255719	719,008	26,563,000
03/08/2018	0.285261	0.301418	0.262630	0.266012	984,142	28,526,100
03/07/2018	0.330496	0.337330	0.278135	0.284377	1,339,450	33,049,600
03/06/2018	0.353186	0.353186	0.332507	0.332979	800,604	35,318,600
03/05/2018	0.348460	0.359694	0.342398	0.352759	1,690,890	34,846,000
03/04/2018	0.362694	0.362694	0.341782	0.349268	1,005,150	36,269,400
03/03/2018	0.337130	0.378760	0.328323	0.359979	4,690,330	33,713,000
03/02/2018	0.354363	0.355383	0.327342	0.336056	1,837,950	35,436,300
03/01/2018	0.346160	0.358937	0.320695	0.354242	1,448,310	34,616,000
02/28/2018	0.371573	0.371762	0.345401	0.349520	912,297	37,157,300
02/27/2018	0.372321	0.390420	0.369185	0.378847	2,305,690	37,232,100
02/26/2018	0.375337	0.375337	0.352343	0.373220	1,004,020	37,533,700
02/25/2018	0.377830	0.381815	0.350961	0.376397	922,714	37,783,000
02/24/2018	0.406669	0.415250	0.373321	0.384070	987,600	40,666,900
02/23/2018	0.395851	0.416305	0.380300	0.411069	1,493,080	39,585,100
02/22/2018	0.439782	0.443610	0.387777	0.400505	1,766,180	43,978,200
02/21/2018	0.464703	0.468410	0.435365	0.444982	3,493,140	46,470,300
02/20/2018	0.499971	0.499971	0.468284	0.474467	3,541,820	49,997,100
02/19/2018	0.494164	0.505866	0.480791	0.503217	4,559,950	49,416,400
02/18/2018	0.532085	0.532085	0.465205	0.491910	5,061,400	53,208,500
02/17/2018	0.536168	0.536786	0.513030	0.535503	6,191,840	53,616,800
02/16/2018	0.531874	0.552731	0.513799	0.536991	7,833,750	53,187,400
02/15/2018	0.502931	0.542312	0.499340	0.536458	9,851,420	50,293,100
02/14/2018	0.496682	0.515552	0.482936	0.515552	7,753,950	49,668,200
02/13/2018	0.496588	0.503685	0.471609	0.498668	7,715,670	49,658,800
02/12/2018	0.482959	0.503502	0.478353	0.503502	7,054,990	48,295,900
02/11/2018	0.523908	0.523908	0.455793	0.481891	10,404,200	52,390,800
02/10/2018	0.552140	0.567654	0.462323	0.535742	36,586,300	55,214,000
02/09/2018	0.436029	0.487563	0.429419	0.484650	16,597,000	43,602,900
02/08/2018	0.410300	0.450803	0.407635	0.448147	13,337,800	41,030,000
02/07/2018	0.429311	0.450714	0.392539	0.412189	16,116,800	42,931,100
02/06/2018	0.393758	0.441871	0.309687	0.440291	23,835,100	39,375,800
02/05/2018	0.428140	0.466045	0.374472	0.389303	14,379,600	42,814,000
02/04/2018	0.487572	0.526531	0.410669	0.425254	14,393,000	48,757,200
02/03/2018	0.469634	0.524656	0.395665	0.499480	32,872,500	46,963,400
02/02/2018	0.448958	0.535139	0.277407	0.494116	41,297,100	44,895,800
02/01/2018	0.556954	0.557893	0.442185	0.453505	5,805,520	55,695,400
01/31/2018	0.539471	0.565700	0.448774	0.565700	10,391,100	53,947,100
01/30/2018	0.702431	0.702431	0.539531	0.548387	5,471,270	70,243,100
01/29/2018	0.734644	0.734644	0.699091	0.707368	7,324,790	73,464,400
01/28/2018	0.714534	0.748846	0.680573	0.745296	24,951,100	71,453,400
01/27/2018	0.689871	0.706377	0.651968	0.690643	14,997,700	68,987,100
01/26/2018	0.710951	0.716480	0.611216	0.700023	31,487,500	71,095,100
01/25/2018	0.753522	0.771834	0.675923	0.731319	86,110,000	75,352,200
01/24/2018	0.622957	0.659980	0.586358	0.657319	29,805,600	62,295,700
01/23/2018	0.594469	0.646896	0.557155	0.622871	36,964,100	59,446,900
01/22/2018	0.666558	0.687118	0.554072	0.611555	32,620,800	66,655,800
01/21/2018	0.755140	0.805098	0.617384	0.650257	77,870,300	75,514,000
01/20/2018	0.745970	0.870521	0.703553	0.765465	163,253,000	74,597,000
01/19/2018	0.532668	0.729482	0.481438	0.677866	213,604,000	53,266,800
01/18/2018	0.443536	0.514971	0.418988	0.474592	10,575,200	44,353,600
01/17/2018	0.444185	0.459526	0.314650	0.435980	9,778,580	44,418,500
01/16/2018	0.663319	0.663319	0.342806	0.425723	12,974,600	66,331,900
01/15/2018	0.683231	0.728507	0.663129	0.675228	13,609,200	68,323,000
01/14/2018	0.782394	0.782394	0.656463	0.720010	804,318	78,239,400
01/13/2018	0.741229	0.835121	0.732861	0.797871	1,373,660	74,122,900
01/12/2018	0.613553	0.732143	0.564940	0.732143	1,483,490	61,355,300
01/11/2018	0.722013	0.728664	0.460433	0.620544	2,229,560	72,201,300
01/10/2018	0.809032	0.810770	0.661596	0.729444	1,404,850	80,903,200
01/09/2018	0.850130	0.882411	0.795115	0.821769	1,457,240	85,013,000
01/08/2018	0.954679	0.954679	0.720204	0.862267	1,883,370	95,467,900
01/07/2018	1.00	1.00	0.866233	0.966796	2,095,410	100,237,000
01/06/2018	0.889548	0.937781	0.762420	0.937781	1,853,560	88,954,800
01/05/2018	1.11	1.16	0.804208	0.885065	3,948,050	111,390,000
01/04/2018	1.22	1.36	1.03	1.03	8,729,770	121,822,000
01/03/2018	0.861829	1.09	0.792828	1.06	5,269,440	86,182,900
01/02/2018	0.748039	0.922211	0.748039	0.869545	5,574,180	74,803,900
01/01/2018	0.690103	0.811090	0.680759	0.746912	4,726,720	69,010,300
12/31/2017	0.618615	0.725148	0.609086	0.699777	1,293,070	61,861,500
12/30/2017	0.677469	0.717259	0.570168	0.643491	4,071,170	67,746,900
12/29/2017	0.623661	0.712940	0.591566	0.701132	1,720,660	62,366,100
12/28/2017	0.670625	0.670625	0.550329	0.617444	1,011,650	67,062,500
12/27/2017	0.666939	0.689795	0.642037	0.667056	1,254,310	66,693,900
12/26/2017	0.686295	0.711852	0.632966	0.685995	1,110,580	68,629,500
12/25/2017	0.691325	0.714465	0.633176	0.702298	1,431,930	69,132,500
12/24/2017	0.725668	0.741906	0.592494	0.704498	1,135,560	72,566,800
12/23/2017	0.678972	0.757521	0.652037	0.725555	3,726,230	67,897,200
12/22/2017	0.808442	0.816558	0.399081	0.572100	1,621,040	80,844,200
12/21/2017	0.814979	0.903643	0.739786	0.810166	2,113,990	81,497,900
12/20/2017	0.832918	0.848875	0.684176	0.801624	1,465,100	83,291,800
12/19/2017	0.973199	1.06	0.768366	0.846643	4,451,320	97,319,900
12/18/2017	0.669734	0.902618	0.654128	0.860008	5,819,800	66,973,400
12/17/2017	0.642465	0.766006	0.628450	0.683661	2,968,990	64,246,500
12/16/2017	0.595998	0.700558	0.588990	0.642770	3,693,240	59,599,800
12/15/2017	0.565870	0.624857	0.499307	0.590279	2,801,140	56,587,000
12/14/2017	0.540394	0.576760	0.531349	0.564875	2,246,430	54,039,400
12/13/2017	0.562720	0.612993	0.493286	0.534475	1,910,330	56,272,000
12/12/2017	0.509708	0.626103	0.484651	0.573422	3,739,800	50,970,800
12/11/2017	0.467243	0.516791	0.467243	0.514566	1,784,890	46,724,300
12/10/2017	0.579608	0.579608	0.336795	0.461741	2,386,700	57,960,800
12/09/2017	0.570938	0.623681	0.489920	0.542190	1,886,120	57,093,800
12/08/2017	0.510862	0.612196	0.446691	0.562030	2,640,670	51,086,200
12/07/2017	0.637100	0.677622	0.511216	0.525709	4,804,840	63,710,000
12/06/2017	0.542021	0.724722	0.467556	0.634221	11,253,200	54,202,100
12/05/2017	0.577057	0.592368	0.530539	0.566721	3,030,690	57,705,700
12/04/2017	0.588048	0.588343	0.536912	0.576515	3,752,870	58,804,800
12/03/2017	0.381497	0.630124	0.379315	0.590426	20,843,800	38,149,700
12/02/2017	0.331429	0.399166	0.326920	0.377024	3,120,650	33,142,900
12/01/2017	0.304959	0.341513	0.297728	0.336537	2,772,110	30,495,900
11/30/2017	0.239836	0.380797	0.239836	0.309581	12,259,300	23,983,600
11/29/2017	0.196853	0.429800	0.189654	0.245185	16,005,700	19,685,300
11/28/2017	0.206116	0.206303	0.187289	0.191101	663,506	20,611,600
11/27/2017	0.180490	0.220936	0.175743	0.204442	3,030,500	18,049,000
11/26/2017	0.167628	0.228669	0.155767	0.179897	3,248,210	16,762,800
11/25/2017	0.158945	0.171523	0.155631	0.167882	708,982	15,894,500
11/24/2017	0.152263	0.159321	0.142384	0.159321	775,396	15,226,300
11/23/2017	0.161831	0.162470	0.148402	0.152467	877,033	16,183,100
11/22/2017	0.162881	0.172750	0.156438	0.161474	1,053,700	16,288,100
11/21/2017	0.180000	0.184662	0.159064	0.165794	1,832,400	18,000,000
11/20/2017	0.152868	0.234514	0.149124	0.181202	9,863,900	15,286,800
11/19/2017	0.131064	0.161019	0.130068	0.152853	2,363,160	13,106,400
11/18/2017	0.135208	0.136277	0.125119	0.133244	553,472	13,520,800
11/17/2017	0.147178	0.153050	0.123846	0.133581	937,349	14,717,800
11/16/2017	0.165780	0.169381	0.138341	0.142666	1,618,600	16,578,000
11/15/2017	0.176176	0.213483	0.158460	0.166214	7,260,780	17,617,600
11/14/2017	0.078510	0.256980	0.078510	0.170818	30,004,200	7,851,000
11/13/2017	0.020089	0.082123	0.018838	0.082123	398,436	2,008,900
11/12/2017	0.019667	0.024999	0.016695	0.020042	2,876	1,966,660
11/11/2017	0.029180	0.030268	0.019212	0.019671	7,305	2,918,030
11/10/2017	0.025330	0.036087	0.025330	0.029275	4,856	2,533,000
11/09/2017	0.026088	0.029159	0.022084	0.025668	13,519	2,608,800
11/08/2017	0.022542	0.026628	0.021684	0.026124	1,530	2,254,220
11/07/2017	0.023709	0.026759	0.021670	0.022641	4,036	2,370,900
11/06/2017	0.022862	0.030258	0.021701	0.023734	5,816	2,286,240
11/05/2017	0.028035	0.028507	0.022586	0.022846	966	2,803,490
11/04/2017	0.029565	0.029862	0.025139	0.028084	11,716	2,956,480
11/03/2017	0.032463	0.033352	0.022761	0.029711	5,602	3,246,340
11/02/2017	0.031171	0.037029	0.017309	0.032434	34,540	3,117,060
11/01/2017	0.031987	0.033755	0.021220	0.031287	15,490	3,198,660
10/31/2017	0.035323	0.036595	0.029157	0.032010	12,425	3,532,260
10/30/2017	0.033743	0.036810	0.028139	0.035403	32,332	3,374,310
10/29/2017	0.031376	0.037206	0.029842	0.033915	30,496	3,137,630
10/28/2017	0.029918	0.032904	0.028377	0.031447	10,799	2,991,790
10/27/2017	0.029957	0.032155	0.028734	0.029844	9,352	2,995,740
10/26/2017	0.031624	0.032641	0.026674	0.029986	12,183	3,162,360
10/25/2017	0.028164	0.031699	0.027471	0.031669	37,149	2,816,420
10/24/2017	0.030407	0.031322	0.028043	0.028146	6,561	3,040,680
10/23/2017	0.027189	0.033703	0.026980	0.030384	7,896	2,718,860
10/22/2017	0.033387	0.033944	0.025153	0.027231	8,647	3,338,730
10/21/2017	0.033465	0.036492	0.024339	0.033379	74,993	3,346,500
10/20/2017	0.025127	0.034615	0.024648	0.033547	45,939	2,512,720
10/19/2017	0.028041	0.028086	0.025126	0.025126	8,575	2,804,080
10/18/2017	0.025783	0.028157	0.022860	0.028025	47,954	2,578,310
10/17/2017	0.022066	0.031334	0.018470	0.025773	29,155	2,206,650
10/16/2017	0.014237	0.022361	0.014226	0.022123	8,640	1,423,740
10/15/2017	0.014532	0.014673	0.013654	0.014240	2,208	1,453,210
10/14/2017	0.013362	0.014523	0.013110	0.014515	4,204	1,336,220
10/13/2017	0.008705	0.015834	0.008652	0.013353	3,533	870,522
10/12/2017	0.007531	0.015220	0.007416	0.008683	1,880	753,110
10/11/2017	0.014944	0.015360	0.007470	0.007525	5,560	1,494,420
10/10/2017	0.010697	0.016385	0.009948	0.014930	1,727	1,069,660
10/09/2017	0.015447	0.015450	0.007927	0.010709	2,824	1,544,700
10/08/2017	0.020779	0.020934	0.010649	0.015444	7,189	2,077,940
10/07/2017	0.015709	0.020853	0.012388	0.020835	6,804	1,570,860
10/06/2017	0.017225	0.021230	0.015060	0.015705	2,431	1,722,490
10/05/2017	0.016781	0.020230	0.015826	0.017228	4,118	1,678,140
10/04/2017	0.021940	0.027452	0.016250	0.016770	4,170	2,193,940
10/03/2017	0.016899	0.030221	0.014879	0.021889	26,616	1,689,870
10/02/2017	0.026327	0.029031	0.015700	0.016898	12,792	2,632,660
10/01/2017	0.032472	0.032578	0.016559	0.026338	2,292	3,247,210
09/30/2017	0.034279	0.035065	0.018195	0.032453	1,833	3,427,930
09/29/2017	0.016761	0.036047	0.009786	0.034275	109,522	1,676,120
09/28/2017	0.010336	0.016819	0.009613	0.016774	40,018	1,033,600
09/27/2017	0.011956	0.016840	0.009091	0.010372	52	1,195,600
09/26/2017	0.012259	0.015222	0.011883	0.011954	1,412	1,225,920
09/25/2017	0.013495	0.015919	0.011812	0.012260	1,076	1,349,500
09/24/2017	0.010538	0.014001	0.010431	0.013503	771	1,053,800
09/23/2017	0.013413	0.013419	0.010408	0.010551	1,411	1,341,280
09/22/2017	0.013449	0.016579	0.013180	0.013440	1,098	1,344,890
09/21/2017	0.015864	0.015926	0.013247	0.013512	825	1,586,380
09/20/2017	0.016136	0.021487	0.013696	0.015914	1,635	1,613,590
09/19/2017	0.014359	0.024390	0.013528	0.016161	561	1,435,860
09/18/2017	0.013681	0.014349	0.012627	0.014321	488	1,368,110
09/17/2017	0.021197	0.021197	0.011743	0.013707	3,145	2,119,740
09/16/2017	0.009136	0.026637	0.009098	0.021147	7,706	913,606
09/15/2017	0.009445	0.012286	0.006461	0.009079	1,606	944,501
09/14/2017	0.009250	0.011193	0.004918	0.009372	192	924,969
09/13/2017	0.010248	0.010834	0.005229	0.009248	1,998	1,024,840
09/12/2017	0.011266	0.012800	0.007015	0.010279	865	1,126,580
09/11/2017	0.013222	0.013749	0.010513	0.011269	449	1,322,250
09/10/2017	0.016041	0.016041	0.012176	0.013297	193	1,604,060
09/09/2017	0.015436	0.016268	0.013078	0.016025	267	1,543,610
09/08/2017	0.012336	0.015509	0.012235	0.015378	458	1,233,570
09/07/2017	0.012030	0.012640	0.011751	0.012332	472	1,203,010
09/06/2017	0.012790	0.018471	0.011433	0.012030	540	1,279,050
09/05/2017	0.014525	0.014577	0.008338	0.012780	414	1,452,540
09/04/2017	0.016521	0.018085	0.013441	0.014500	1,901	1,652,080
09/03/2017	0.018483	0.019029	0.012745	0.016528	2,099	1,848,340
09/02/2017	0.021340	0.021823	0.018138	0.018472	471	2,133,950
09/01/2017	0.016933	0.021313	0.014867	0.021313	3,185	1,693,310
08/31/2017	0.015885	0.028169	0.009545	0.016925	22,128	1,588,460
08/30/2017	0.018514	0.018834	0.015849	0.015896	1,272	1,851,380
08/29/2017	0.018994	0.020276	0.017250	0.018538	3,275	1,899,370
08/28/2017	0.019457	0.019740	0.015421	0.018961	1,825	1,945,700
08/27/2017	0.018732	0.019556	0.015958	0.019458	2,362	1,873,150
08/26/2017	0.017103	0.020923	0.010830	0.018740	17,687	1,710,270
08/25/2017	0.016233	0.019635	0.016127	0.017071	1,937	1,623,280
08/24/2017	0.017781	0.018831	0.016021	0.016251	5,552	1,778,120
08/23/2017	0.016172	0.019800	0.016157	0.017775	3,144	1,617,200
08/22/2017	0.016497	0.017341	0.015248	0.016203	1,660	1,649,700
08/21/2017	0.020392	0.021342	0.015136	0.016460	3,153	2,039,230
08/20/2017	0.020049	0.022911	0.019468	0.020471	969	2,004,890
08/19/2017	0.015553	0.020752	0.014930	0.020131	4,803	1,555,250
08/18/2017	0.015698	0.015756	0.014006	0.015554	1,600	1,569,820
08/17/2017	0.013994	0.018843	0.012933	0.015692	2,397	1,399,410
08/16/2017	0.014789	0.015527	0.013754	0.014005	8	1,478,930
08/15/2017	0.021700	0.021700	0.011064	0.014774	6,426	2,170,010
08/14/2017	0.015970	0.021757	0.010667	0.021646	14,864	1,597,040
08/13/2017	0.015216	0.017045	0.015216	0.015990	1,639	1,521,600
08/12/2017	0.017798	0.018195	0.014791	0.015230	1,826	1,779,750
08/11/2017	0.017308	0.018177	0.016170	0.017839	5,111	1,730,780
08/10/2017	0.017541	0.017647	0.013591	0.017309	2,287	1,754,100
08/09/2017	0.013886	0.017590	0.012811	0.017539	1,384	1,388,550
08/08/2017	0.013748	0.016953	0.013728	0.013895	2,532	1,374,760
08/07/2017	0.014584	0.015999	0.013229	0.013899	1,795	1,458,390
08/06/2017	0.012740	0.017101	0.011768	0.014613	3,486	1,273,980
08/05/2017	0.015132	0.017640	0.012562	0.012738	738	1,513,180
08/04/2017	0.014353	0.015606	0.011440	0.015240	2,027	1,435,350
08/03/2017	0.012597	0.014455	0.011592	0.014369	4,023	1,259,710
08/02/2017	0.013226	0.013248	0.011106	0.012577	1,262	1,322,600
08/01/2017	0.011037	0.013788	0.010901	0.013229	1,482	1,103,690
07/31/2017	0.009977	0.011860	0.007355	0.011032	1,795	997,651
07/30/2017	0.011067	0.011238	0.008836	0.009966	212	1,106,690
07/29/2017	0.011117	0.011264	0.010498	0.011044	433	1,111,680
07/28/2017	0.011723	0.012903	0.010314	0.011152	1,095	1,172,330
07/27/2017	0.010749	0.012756	0.009937	0.011695	543	1,074,870
07/26/2017	0.011968	0.012092	0.009949	0.010719	622	1,196,840
07/25/2017	0.012415	0.013005	0.010404	0.011928	3,128	1,241,500
07/24/2017	0.013347	0.014276	0.012399	0.012416	1,597	1,334,720
07/23/2017	0.013403	0.014488	0.012728	0.013352	1,393	1,340,290
07/22/2017	0.012751	0.013514	0.011014	0.013403	740	1,275,070
07/21/2017	0.012909	0.013292	0.011542	0.012750	1,403	1,290,920
07/20/2017	0.011197	0.013151	0.011072	0.012866	3,688	1,119,670
07/19/2017	0.011474	0.012490	0.010114	0.011235	574	1,147,420
07/18/2017	0.012098	0.013269	0.010825	0.011458	2,141	1,209,790
07/17/2017	0.010529	0.012113	0.009693	0.012068	3,605	1,052,910
07/16/2017	0.012689	0.012774	0.008747	0.010541	4,075	1,268,860
07/15/2017	0.014855	0.017184	0.010741	0.012721	2,031	1,485,530
07/14/2017	0.011467	0.021417	0.011119	0.014880	12,814	1,146,730
07/13/2017	0.011086	0.013551	0.010482	0.011469	2,928	1,108,610
07/12/2017	0.010433	0.011729	0.010132	0.011074	1,658	1,043,310
07/11/2017	0.012969	0.014328	0.010454	0.010454	5,272	1,296,860
07/10/2017	0.015685	0.017643	0.012960	0.012996	5,409	1,568,500
07/09/2017	0.015090	0.016631	0.014641	0.015655	1,884	1,508,950
07/08/2017	0.015365	0.015478	0.014114	0.015081	4,472	1,536,510
07/07/2017	0.018732	0.021924	0.015219	0.015373	4,441	1,873,240
07/06/2017	0.015689	0.018775	0.015382	0.018719	3,533	1,568,930
07/05/2017	0.016437	0.017480	0.015804	0.015831	4,938	1,643,660
07/04/2017	0.018252	0.022177	0.016207	0.016396	3,697	1,825,190
07/03/2017	0.017356	0.020505	0.017284	0.018294	1,596	1,735,620
07/02/2017	0.016492	0.017724	0.013350	0.017420	13,526	1,649,170
07/01/2017	0.019356	0.021662	0.015695	0.016495	1,938	1,935,570
06/30/2017	0.020405	0.022370	0.017296	0.019363	7,906	2,040,510
06/29/2017	0.020732	0.020973	0.016324	0.020366	5,750	2,073,230
06/28/2017	0.019879	0.025714	0.019435	0.020751	1,304	1,987,910
06/27/2017	0.020126	0.028610	0.016324	0.019746	4,289	2,012,620
06/26/2017	0.017721	0.019738	0.017639	0.019738	3,912	1,772,070
06/25/2017	0.019294	0.020142	0.016831	0.017736	3,905	1,929,350
06/24/2017	0.022950	0.023685	0.018655	0.019354	2,133	2,295,040
06/23/2017	0.020494	0.025446	0.020494	0.022946	3,119	2,049,350
06/22/2017	0.021106	0.024067	0.019434	0.020497	5,358	2,110,570
06/21/2017	0.015435	0.021157	0.015435	0.021107	6,382	1,543,510
06/20/2017	0.022200	0.022232	0.014687	0.015603	12,443	2,220,010
06/19/2017	0.022089	0.028122	0.015736	0.016834	5,769	2,208,850
06/18/2017	0.021854	0.029216	0.015604	0.022086	5,053	2,185,440
06/17/2017	0.018714	0.022290	0.016168	0.021850	9,544	1,871,440
06/16/2017	0.019711	0.021499	0.017994	0.018714	2,195	1,971,130
06/15/2017	0.024874	0.024874	0.016144	0.019726	2,657	2,487,440
06/14/2017	0.020480	0.027111	0.020109	0.024872	4,521	2,048,020
06/13/2017	0.025580	0.034266	0.020501	0.020501	11,659	2,558,010
06/12/2017	0.030474	0.035306	0.022796	0.025634	11,705	3,047,420
06/11/2017	0.028866	0.038832	0.022799	0.030514	22,266	2,886,560
06/10/2017	0.022371	0.046055	0.021092	0.028903	28,904	2,237,090
06/09/2017	0.017260	0.030650	0.017184	0.022355	15,599	1,726,020
06/08/2017	0.019328	0.024145	0.016501	0.017264	8,261	1,932,760
06/07/2017	0.019223	0.024234	0.013082	0.019225	6,972	1,922,320
06/06/2017	0.019787	0.023859	0.016948	0.019251	5,692	1,978,660
06/05/2017	0.017355	0.025733	0.016035	0.019727	9,077	1,735,470
06/04/2017	0.009826	0.019882	0.009826	0.017353	28,244	982,571
06/03/2017	0.009961	0.013862	0.008486	0.012276	8,086	996,071
06/02/2017	0.010292	0.010383	0.008400	0.009999	1,901	1,029,160
06/01/2017	0.010717	0.011839	0.007307	0.010287	1,033	1,071,720
05/31/2017	0.010921	0.010984	0.004438	0.010708	1,494	1,092,100
05/30/2017	0.010179	0.013098	0.004568	0.010877	7,000	1,017,930
05/29/2017	0.010733	0.010838	0.009375	0.010167	1,024	1,073,320
05/28/2017	0.008163	0.012639	0.008163	0.010755	1,222	816,321
05/27/2017	0.010309	0.011078	0.007976	0.008114	177	1,030,940
05/26/2017	0.011203	0.013120	0.009813	0.010275	14,516	1,120,260
05/25/2017	0.012135	0.013857	0.010968	0.011561	30,909	1,213,480
05/24/2017	0.010917	0.012789	0.010904	0.012473	50,011	1,091,720
05/23/2017	0.010148	0.011609	0.010103	0.010949	16,910	1,014,770
05/22/2017	0.010499	0.011500	0.009924	0.010142	32,053	1,049,890
05/21/2017	0.009615	0.011848	0.009470	0.010504	31,043	961,528
05/20/2017	0.009892	0.011789	0.008973	0.009598	11,073	989,170
05/19/2017	0.010332	0.010638	0.008546	0.009903	9,961	1,033,250
05/18/2017	0.010115	0.014696	0.009595	0.010289	21,090	1,011,450
05/17/2017	0.010948	0.011430	0.009182	0.010120	25,448	1,094,770
05/16/2017	0.008827	0.011689	0.008496	0.011382	29,234	882,669
05/15/2017	0.008101	0.009029	0.007784	0.008823	26,854	810,120
05/14/2017	0.008361	0.009793	0.007861	0.008096	22,527	836,073
05/13/2017	0.008897	0.009582	0.007698	0.008299	29,250	889,688
05/12/2017	0.010613	0.010743	0.007658	0.009605	20,650	1,061,270
05/11/2017	0.010024	0.011883	0.009165	0.010602	21,648	1,002,390
05/10/2017	0.009753	0.011915	0.008198	0.010006	15,369	975,287
05/09/2017	0.009995	0.010949	0.009296	0.009747	16,294	999,483
05/08/2017	0.009351	0.010919	0.008711	0.009756	17,556	935,081
05/07/2017	0.008763	0.011593	0.008638	0.009350	5,622	876,284
05/06/2017	0.039543	0.040120	0.008345	0.008673	21,743	3,954,290
05/05/2017	0.008219	0.040080	0.007748	0.039260	15,796	821,876
05/04/2017	0.009187	0.011499	0.007417	0.007970	10,734	918,657
05/03/2017	0.007493	0.011784	0.006482	0.008170	9,782	749,302
05/02/2017	0.008324	0.010004	0.006505	0.008544	14,496	832,407
05/01/2017	0.008151	0.012326	0.006958	0.008313	33,802	815,072
04/30/2017	0.007928	0.009202	0.006956	0.007814	6,423	792,814
04/29/2017	0.008527	0.009039	0.006072	0.006694	7,589	852,737
04/28/2017	0.009024	0.009271	0.004182	0.008518	11,837	902,449
04/27/2017	0.010311	0.010366	0.008803	0.009128	13,878	1,031,090
04/26/2017	0.008939	0.010935	0.008938	0.010304	11,667	893,872
04/25/2017	0.009756	0.012160	0.008514	0.008935	12,286	975,616
04/24/2017	0.010989	0.012404	0.008308	0.009754	17,855	1,098,870
04/23/2017	0.015186	0.017896	0.011012	0.011141	15,854	1,518,600
04/22/2017	0.007015	0.018613	0.006394	0.016909	70,350	701,459
04/21/2017	0.005720	0.010895	0.005720	0.006654	26,165	572,016
04/20/2017	0.004352	0.009694	0.003657	0.005719	9,604	435,200
04/19/2017	0.003366	0.007721	0.003294	0.007721	20,944	336,645
04/18/2017	0.004189	0.004757	0.003351	0.003365	3,569	418,898
04/17/2017	0.002921	0.004659	0.002883	0.004189	8,499	292,131
04/16/2017	0.002674	0.003560	0.002594	0.002919	6,091	267,355
04/15/2017	0.002441	0.003431	0.002157	0.002615	3,996	244,122
04/14/2017	0.002367	0.002838	0.001966	0.002442	6,333	236,660
04/13/2017	0.002148	0.002982	0.001271	0.002365	6,497	214,837
04/12/2017	0.004152	0.004286	0.002096	0.002183	5,862	415,206
04/11/2017	0.002565	0.004507	0.002067	0.004149	9,668	256,455
04/10/2017	0.002830	0.002912	0.002428	0.002530	8,641	283,047
04/09/2017	0.002440	0.003096	0.002386	0.002832	6,337	243,968
04/08/2017	0.002624	0.002714	0.002377	0.002440	5,529	262,427
04/07/2017	0.002910	0.003392	0.002453	0.002623	4,208	290,961
04/06/2017	0.002530	0.002929	0.002326	0.002919	5,630	-
04/05/2017	0.002302	0.003266	0.002257	0.002585	9,097	-
04/04/2017	0.002176	0.003212	0.001739	0.002301	4,576	-
04/03/2017	0.001279	0.002707	0.001238	0.002173	5,009	-
04/02/2017	0.002086	0.002606	0.001006	0.001367	4,610	-
04/01/2017	0.001672	0.004264	0.001672	0.002085	4,470	-
03/31/2017	0.001745	0.007455	0.001504	0.001672	2,078	-
03/30/2017	0.001180	0.001745	0.001176	0.001745	506	-
