Date	Open	High	Low	Close	Volume	Market Cap
07/15/2018	0.004668	0.004837	0.004595	0.004811	100	-
07/14/2018	0.004020	0.004767	0.003991	0.004670	21	-
07/13/2018	0.004623	0.004796	0.003991	0.004012	0	-
07/12/2018	0.004795	0.004795	0.003932	0.004618	27	-
07/11/2018	0.004795	0.004865	0.004752	0.004796	88	-
07/10/2018	0.004739	0.004802	0.004393	0.004795	25	-
07/09/2018	0.005165	0.005178	0.004738	0.004742	63	-
07/08/2018	0.005204	0.005214	0.005157	0.005166	9	-
07/07/2018	0.005069	0.005227	0.005019	0.005210	3	-
07/06/2018	0.004813	0.004880	0.004704	0.004722	5	-
07/05/2018	0.005006	0.006914	0.004757	0.004814	58	-
07/04/2018	0.005131	0.005195	0.004980	0.004996	96	-
07/03/2018	0.004932	0.005508	0.004932	0.005133	60	-
07/02/2018	0.005448	0.005455	0.004738	0.004955	16	-
07/01/2018	0.005621	0.005652	0.005401	0.005444	0	-
06/30/2018	0.004902	0.005640	0.004902	0.005620	11	-
06/29/2018	0.004577	0.005085	0.004525	0.004895	88	-
06/28/2018	0.005078	0.005094	0.004549	0.004574	60	-
06/27/2018	0.005047	0.005115	0.004959	0.005077	101	-
06/26/2018	0.005397	0.005418	0.005044	0.005049	33	-
06/25/2018	0.005459	0.006361	0.005100	0.005397	218	-
06/24/2018	0.005427	0.006082	0.004725	0.005469	834	-
06/23/2018	0.006171	0.006272	0.005366	0.005427	470	-
06/22/2018	0.006157	0.006365	0.006062	0.006170	17	-
06/21/2018	0.007697	0.007780	0.006830	0.006843	3	-
06/20/2018	0.006890	0.007699	0.006323	0.007696	109	-
06/19/2018	0.006294	0.006894	0.006227	0.006886	380	-
06/18/2018	0.006412	0.006471	0.006137	0.006297	124	-
06/17/2018	0.006459	0.006510	0.006024	0.006433	498	-
06/16/2018	0.006154	0.006504	0.006135	0.006442	277	-
06/15/2018	0.006511	0.006699	0.005582	0.006177	1,630	-
06/14/2018	0.006193	0.006753	0.006180	0.006522	17	-
06/13/2018	0.006575	0.006583	0.006166	0.006196	47	-
06/12/2018	0.006888	0.006936	0.006376	0.006558	277	-
06/11/2018	0.007046	0.007091	0.006764	0.006891	66	-
06/10/2018	0.007861	0.008446	0.006961	0.007036	11	-
06/09/2018	0.007905	0.007990	0.007242	0.007851	1,721	-
06/08/2018	0.007941	0.007958	0.007798	0.007908	280	-
06/07/2018	0.007943	0.008647	0.007747	0.007935	733	-
06/06/2018	0.008615	0.008636	0.007935	0.007935	954	-
06/05/2018	0.007727	0.009412	0.007718	0.008617	576	-
06/04/2018	0.008726	0.008740	0.007695	0.007724	304	-
06/03/2018	0.008778	0.008881	0.008681	0.008722	7	-
06/02/2018	0.008432	0.008809	0.008371	0.008775	364	-
06/01/2018	0.008206	0.008585	0.008190	0.008436	94	-
05/31/2018	0.008121	0.008526	0.008097	0.008200	259	-
05/30/2018	0.008212	0.009016	0.008064	0.008122	168	-
05/29/2018	0.007380	0.008291	0.007380	0.008206	337	-
05/28/2018	0.008596	0.008921	0.007371	0.007382	1,467	-
05/27/2018	0.008535	0.009247	0.008350	0.008594	922	-
05/26/2018	0.008812	0.009072	0.007535	0.008531	2,632	-
05/25/2018	0.009055	0.009212	0.008711	0.008824	121	-
05/24/2018	0.009631	0.009884	0.008491	0.009038	802	-
05/23/2018	0.010727	0.014379	0.009487	0.009672	9,361	-
05/22/2018	0.011335	0.016609	0.010164	0.010747	23,256	-
05/21/2018	0.012584	0.016922	0.010710	0.011356	14,274	-
05/20/2018	0.012955	0.027280	0.012072	0.012568	18,493	-
05/19/2018	0.013183	0.013626	0.012486	0.012945	10,260	-
05/18/2018	0.012871	0.016229	0.012272	0.013185	127,722	-
05/17/2018	0.014145	0.015914	0.012021	0.012765	8,863	-
05/16/2018	0.014050	0.041312	0.010785	0.016192	30,501	-
05/15/2018	0.015061	0.016021	0.014003	0.014057	5,209	-
05/14/2018	0.013388	0.019060	0.012181	0.015086	110,104	-
05/13/2018	0.015343	0.016398	0.013174	0.013390	13,216	-
05/12/2018	0.015134	0.017234	0.014132	0.015348	24,979	-
05/11/2018	0.010966	0.017986	0.009742	0.015178	160,037	-
05/10/2018	0.012491	0.012994	0.010284	0.010953	8,298	-
05/09/2018	0.013401	0.014418	0.012034	0.012494	2,210	-
05/08/2018	0.013188	0.013578	0.011956	0.013422	2,021	-
05/07/2018	0.014133	0.015387	0.012892	0.013159	3,009	-
05/06/2018	0.017891	0.017959	0.010697	0.014123	13,703	-
05/05/2018	0.018290	0.019639	0.016959	0.017878	48,622	-
05/04/2018	0.018068	0.020665	0.017122	0.018299	28,984	-
05/03/2018	0.029034	0.031102	0.017508	0.018075	102,112	-
05/02/2018	0.005259	0.039101	0.005259	0.029292	936,679	-
05/01/2018	0.012111	0.012111	0.005247	0.005272	625	-
04/30/2018	0.011849	0.013277	0.011528	0.012101	101	-
04/29/2018	0.012218	0.014490	0.011747	0.011853	502	-
04/28/2018	0.012035	0.012717	0.012010	0.012222	82	-
04/27/2018	0.011987	0.012365	0.011703	0.012086	107	-
04/26/2018	0.010446	0.014611	0.004015	0.011967	4,747	-
04/25/2018	0.012690	0.017355	0.008158	0.010350	5,536	-
04/24/2018	0.011541	0.017897	0.007145	0.012697	11,431	-
04/23/2018	0.011931	0.012131	0.009846	0.011540	1,353	-
04/22/2018	0.009235	0.015265	0.009059	0.011965	201	-
04/21/2018	0.014646	0.014656	0.009235	0.009235	16,326	-
04/20/2018	0.011633	0.015703	0.006062	0.014655	6,820	-
04/19/2018	0.011243	0.013830	0.009817	0.011646	3,601	-
04/18/2018	0.010233	0.013191	0.010219	0.011236	8,840	-
04/17/2018	0.008264	0.012095	0.008237	0.010225	15,189	-
04/16/2018	0.010014	0.010087	0.008203	0.008261	1,138	-
04/15/2018	0.010011	0.010179	0.008635	0.010018	291	-
04/14/2018	0.012134	0.012164	0.009882	0.010001	147	-
04/13/2018	0.009664	0.013649	0.009503	0.012134	31	-
04/12/2018	0.009407	0.010563	0.008965	0.009652	244	-
04/11/2018	0.010469	0.010503	0.008444	0.009433	1,243	-
04/10/2018	0.009004	0.013068	0.008065	0.010455	11,584	-
04/09/2018	0.010524	0.014325	0.008814	0.008998	7,312	-
04/08/2018	0.010951	0.012861	0.010437	0.010507	135	-
04/07/2018	0.009733	0.011118	0.009719	0.010941	52	-
04/06/2018	0.010257	0.010364	0.009637	0.009722	167	-
04/05/2018	0.010256	0.011864	0.010080	0.010309	361	-
04/04/2018	0.011125	0.011646	0.010158	0.010251	14	-
04/03/2018	0.011742	0.012016	0.010788	0.011132	55	-
04/02/2018	0.011000	0.011753	0.010928	0.011732	34	-
04/01/2018	0.010495	0.011225	0.010392	0.010946	189	-
03/31/2018	0.010119	0.010834	0.010089	0.010495	78	-
03/30/2018	0.011140	0.011445	0.009793	0.010117	186	-
03/29/2018	0.012087	0.012106	0.010897	0.011169	33	-
03/28/2018	0.012337	0.013104	0.011972	0.012072	47	-
03/27/2018	0.013996	0.014037	0.011823	0.012340	929	-
03/26/2018	0.014569	0.014703	0.013471	0.014014	23	-
03/25/2018	0.015901	0.016023	0.013924	0.014581	134	-
03/24/2018	0.015699	0.016761	0.014886	0.016123	1,204	-
03/23/2018	0.013289	0.015732	0.012752	0.015474	178	-
03/22/2018	0.016635	0.016635	0.012988	0.013290	1,154	-
03/21/2018	0.014911	0.016696	0.014790	0.016665	1,176	-
03/20/2018	0.015589	0.016143	0.014853	0.014883	10	-
03/19/2018	0.013918	0.015458	0.013746	0.015432	39	-
03/18/2018	0.014906	0.014906	0.012427	0.013977	10,764	-
03/17/2018	0.015607	0.015722	0.014642	0.014942	30	-
03/16/2018	0.013809	0.016129	0.013292	0.015581	39	-
03/15/2018	0.013488	0.015895	0.012703	0.013817	319	-
03/14/2018	0.014602	0.014654	0.012771	0.013115	79	-
03/13/2018	0.014935	0.015598	0.014642	0.015094	24	-
03/12/2018	0.015748	0.017639	0.014508	0.015050	85	-
03/11/2018	0.016657	0.016833	0.015060	0.015798	40	-
03/10/2018	0.015339	0.018530	0.015258	0.016712	68	-
03/09/2018	0.015233	0.016338	0.013673	0.015332	77	-
03/08/2018	0.016323	0.016656	0.014929	0.015330	266	-
03/07/2018	0.018246	0.018517	0.015782	0.016346	1,063	-
03/06/2018	0.019339	0.021053	0.018091	0.018266	851	-
03/05/2018	0.020536	0.020840	0.019206	0.019392	1,105	-
03/04/2018	0.020898	0.020915	0.018311	0.020551	432	-
03/03/2018	0.021642	0.022313	0.020388	0.020935	51	-
03/02/2018	0.018048	0.021987	0.018048	0.021669	354	-
03/01/2018	0.018616	0.019404	0.017138	0.018095	2,419	-
02/28/2018	0.020740	0.021478	0.017885	0.018588	913	-
02/27/2018	0.018237	0.020896	0.017896	0.020765	542	-
02/26/2018	0.016463	0.019012	0.015860	0.018185	360	-
02/25/2018	0.018168	0.019232	0.016420	0.016442	992	-
02/24/2018	0.018407	0.019835	0.017627	0.018195	223	-
02/23/2018	0.018446	0.021906	0.017858	0.018430	367	-
02/22/2018	0.016715	0.019487	0.016404	0.018464	1,681	-
02/21/2018	0.021804	0.021968	0.016243	0.016732	1,457	-
02/20/2018	0.021199	0.026603	0.020718	0.021831	2,080	-
02/19/2018	0.020879	0.022340	0.020660	0.021180	591	-
02/18/2018	0.022528	0.022893	0.020675	0.020976	573	-
02/17/2018	0.021888	0.024372	0.021427	0.022459	525	-
02/16/2018	0.021241	0.021948	0.019930	0.021893	1,102	-
02/15/2018	0.019910	0.021530	0.019683	0.021327	409	-
02/14/2018	0.017900	0.020714	0.017900	0.019899	967	-
02/13/2018	0.020577	0.020577	0.017821	0.017949	538	-
02/12/2018	0.017101	0.022719	0.017101	0.020122	1,942	-
02/11/2018	0.019972	0.019972	0.016993	0.016993	595	-
02/10/2018	0.019962	0.021053	0.018055	0.019989	1,120	-
02/09/2018	0.018512	0.021392	0.016764	0.019935	671	-
02/08/2018	0.018630	0.020395	0.017884	0.019120	1,022	-
02/07/2018	0.018986	0.021755	0.017383	0.018704	1,250	-
02/06/2018	0.017930	0.019978	0.014941	0.019196	4,098	-
02/05/2018	0.024026	0.027128	0.017434	0.017799	9,999	-
02/04/2018	0.037532	0.038720	0.023187	0.024261	159,356	-
02/03/2018	0.036869	0.046045	0.033586	0.037513	284,801	-
02/02/2018	0.025493	0.092597	0.020821	0.036563	262,630	-
02/01/2018	0.029302	0.030605	0.025065	0.025546	334	-
01/31/2018	0.030152	0.030375	0.027448	0.029234	352	-
01/30/2018	0.032725	0.035958	0.030019	0.030104	671	-
01/29/2018	0.042535	0.042563	0.032294	0.032714	1,792	-
01/28/2018	0.038627	0.042872	0.034976	0.042577	2,006	-
01/27/2018	0.039720	0.041687	0.034716	0.038427	646	-
01/26/2018	0.037289	0.039872	0.034742	0.039746	1,029	-
01/25/2018	0.039258	0.042759	0.036670	0.037389	965	-
01/24/2018	0.038440	0.043307	0.036758	0.038623	823	-
01/23/2018	0.041804	0.046186	0.035600	0.038462	3,630	-
01/22/2018	0.038836	0.049068	0.037063	0.041915	1,601	-
01/21/2018	0.042212	0.048127	0.037297	0.038313	2,424	-
01/20/2018	0.040223	0.048325	0.037648	0.042114	1,366	-
01/19/2018	0.042568	0.044382	0.038710	0.039798	2,654	-
01/18/2018	0.033437	0.043169	0.032033	0.043015	2,910	-
01/17/2018	0.035633	0.040397	0.028815	0.033255	2,044	-
01/16/2018	0.048619	0.052099	0.031092	0.035809	4,997	-
01/15/2018	0.053933	0.063076	0.048552	0.048552	6,415	-
01/14/2018	0.060634	0.062629	0.047048	0.054303	5,840	-
01/13/2018	0.048082	0.061271	0.047029	0.061222	6,323	-
01/12/2018	0.048414	0.052694	0.044993	0.048137	5,132	-
01/11/2018	0.044557	0.048443	0.039139	0.048094	8,277	-
01/10/2018	0.050344	0.052736	0.042149	0.044608	4,385	-
01/09/2018	0.040001	0.053213	0.039911	0.050278	10,263	-
01/08/2018	0.043002	0.051738	0.040076	0.040108	11,405	-
01/07/2018	0.037587	0.052322	0.036963	0.047203	22,357	-
01/06/2018	0.054262	0.142503	0.028984	0.037615	69,604	-
01/05/2018	0.043011	0.059254	0.039192	0.054223	2,447	-
01/04/2018	0.031688	0.050433	0.031498	0.042977	3,774	-
01/03/2018	0.031492	0.035635	0.031492	0.031524	675	-
01/02/2018	0.026485	0.042714	0.026485	0.031582	1,806	-
01/01/2018	0.028292	0.031568	0.022815	0.026489	1,037	-
12/31/2017	0.023620	0.028459	0.022368	0.028191	1,026	-
12/30/2017	0.029258	0.029265	0.023841	0.023841	350	-
12/29/2017	0.024619	0.030873	0.023149	0.029328	1,219	-
12/28/2017	0.024214	0.024848	0.021780	0.024370	456	-
12/27/2017	0.025404	0.027600	0.023615	0.024265	935	-
12/26/2017	0.022408	0.027684	0.022059	0.025385	4,960	-
12/25/2017	0.023799	0.024201	0.021360	0.022430	1,855	-
12/24/2017	0.023493	0.025001	0.020182	0.023554	5,185	-
12/23/2017	0.022425	0.025045	0.021941	0.023237	2,658	-
12/22/2017	0.019442	0.024109	0.016266	0.022216	2,904	-
12/21/2017	0.018786	0.024165	0.015309	0.019375	1,806	-
12/20/2017	0.020934	0.024855	0.013907	0.018737	542	-
12/19/2017	0.019167	0.021929	0.017601	0.020955	169	-
12/18/2017	0.022054	0.022080	0.018229	0.019155	612	-
12/17/2017	0.020867	0.022696	0.018374	0.021988	1,634	-
12/16/2017	0.025477	0.029493	0.020731	0.020865	451	-
12/15/2017	0.016559	0.025468	0.016556	0.025468	313	-
12/14/2017	0.017554	0.018135	0.016325	0.016535	514	-
12/13/2017	0.018399	0.021127	0.016841	0.017611	699	-
12/12/2017	0.017095	0.018828	0.016724	0.018384	2,575	-
12/11/2017	0.018954	0.019609	0.016974	0.017041	2,871	-
12/10/2017	0.016169	0.019553	0.014135	0.019091	195	-
12/09/2017	0.020348	0.020650	0.014373	0.015921	1,444	-
12/08/2017	0.022390	0.023122	0.015272	0.021273	1,980	-
12/07/2017	0.022215	0.027620	0.020217	0.022339	1,726	-
12/06/2017	0.015801	0.022478	0.015801	0.022254	6,276	-
12/05/2017	0.016069	0.017228	0.014718	0.015836	2,417	-
12/04/2017	0.015080	0.018233	0.012963	0.016039	4,026	-
12/03/2017	0.021569	0.021569	0.013671	0.015031	4,434	-
12/02/2017	0.022115	0.028415	0.018280	0.021552	13,868	-
12/01/2017	0.015040	0.031298	0.012730	0.022134	94,353	-
11/30/2017	0.060018	0.061523	0.011992	0.015114	108,841	-
11/29/2017	0.049702	0.080186	0.049702	0.059110	421,433	-
11/28/2017	0.050625	0.051657	0.049701	0.049752	284	-
11/27/2017	0.052901	0.058346	0.049219	0.050494	495	-
11/26/2017	0.050222	0.053526	0.049327	0.052891	101	-
11/25/2017	0.049263	0.050683	0.046888	0.050243	276	-
11/24/2017	0.056846	0.057138	0.048117	0.049362	8,564	-
11/23/2017	0.059304	0.072514	0.054382	0.056924	13,478	-
11/22/2017	0.052011	0.081262	0.042221	0.059323	9,465	-
11/21/2017	0.047602	0.052387	0.040954	0.051885	88	-
11/20/2017	0.054936	0.055061	0.043247	0.047593	1,781	-
11/19/2017	0.061627	0.063297	0.048247	0.054962	92	-
11/18/2017	0.044851	0.061846	0.042824	0.061741	1,757	-
11/17/2017	0.053258	0.127571	0.045022	0.045022	8,975	-
11/16/2017	0.047803	0.054833	0.046755	0.053345	1,717	-
11/15/2017	0.043913	0.047655	0.039948	0.047554	1,138	-
11/14/2017	0.043339	0.046760	0.039083	0.043883	2,837	-
11/13/2017	0.045214	0.050080	0.039749	0.043281	1,660	-
11/12/2017	0.049901	0.049901	0.041906	0.045149	28,656	-
11/11/2017	0.051908	0.060316	0.048112	0.049920	3,779	-
11/10/2017	0.035739	0.053694	0.028806	0.052091	15,873	-
11/09/2017	0.040478	0.040592	0.028642	0.035633	16,396	-
11/08/2017	0.029735	0.040394	0.028951	0.038070	2,202	-
11/07/2017	0.030477	0.032150	0.029296	0.029829	783	-
11/06/2017	0.032845	0.034096	0.028176	0.030526	321	-
11/05/2017	0.031303	0.034028	0.030284	0.032777	286	-
11/04/2017	0.032516	0.032809	0.030088	0.031362	1,692	-
11/03/2017	0.031246	0.034379	0.029163	0.032598	4,241	-
11/02/2017	0.035261	0.035825	0.028291	0.031287	4,651	-
11/01/2017	0.044281	0.046030	0.027670	0.035222	4,336	-
10/31/2017	0.044696	0.045119	0.039966	0.044313	6,007	-
10/30/2017	0.049325	0.051574	0.038839	0.044848	10,856	-
10/29/2017	0.046682	0.060053	0.033997	0.049447	52,531	-
10/28/2017	0.055631	0.077135	0.035337	0.039331	229,530	-
10/27/2017	0.051503	0.090742	0.049127	0.055480	42,226	-
10/26/2017	0.045506	0.052078	0.045269	0.051491	53,972	-
10/25/2017	0.030912	0.047126	0.030858	0.045512	46,816	-
10/24/2017	0.039256	0.039256	0.030485	0.030900	112	-
10/23/2017	0.046598	0.050899	0.037230	0.039342	1,449	-
10/22/2017	0.060764	0.060947	0.044316	0.046672	2,907	-
10/21/2017	0.052783	0.063754	0.037032	0.060841	6,113	-
10/20/2017	0.030234	0.053799	0.025497	0.052894	5,837	-
10/19/2017	0.034522	0.039357	0.029783	0.030225	915	-
10/18/2017	0.044750	0.044751	0.028969	0.034504	653	-
10/17/2017	0.053288	0.062981	0.040629	0.044747	10,383	-
10/16/2017	0.185954	0.253469	0.052619	0.062788	61,678	-
10/15/2017	0.088003	0.390725	0.083458	0.186271	194,341	-
10/14/2017	0.041343	0.118446	0.040275	0.087846	27,263	-
10/13/2017	0.032502	0.042143	0.032296	0.041332	1,401	-
10/12/2017	0.034652	0.037670	0.029375	0.032403	202	-
10/11/2017	0.024290	0.034818	0.024097	0.034623	169	-
10/10/2017	0.028717	0.029163	0.023898	0.024294	415	-
10/09/2017	0.027608	0.030133	0.026142	0.028719	738	-
10/08/2017	0.030617	0.030617	0.023640	0.027593	527	-
10/07/2017	0.034947	0.034947	0.027130	0.030699	1,927	-
10/06/2017	0.055343	0.058928	0.034936	0.034936	73,551	-
10/05/2017	0.139839	0.139839	0.048019	0.055343	44,459	-
09/02/2017	0.099225	0.103580	0.084161	0.084698	4	-
09/01/2017	0.120138	0.131007	0.082000	0.098958	12	-
08/31/2017	0.305072	0.312160	0.052567	0.120186	260	-
08/30/2017	0.124389	0.305623	0.121253	0.305623	211	-
08/29/2017	0.113916	0.166653	0.113430	0.124462	46	-
08/28/2017	0.165174	0.165174	0.089882	0.113935	112	-
08/27/2017	0.150601	0.166366	0.088755	0.165008	147	-
08/26/2017	0.183450	0.184925	0.149181	0.150640	419	-
08/25/2017	0.084411	0.230038	0.084411	0.183107	157	-
08/24/2017	0.272356	0.290991	0.070553	0.084544	1,777	-
08/23/2017	0.266842	0.565707	0.259977	0.271762	8,828	-
08/22/2017	0.372095	0.535285	0.260524	0.267386	9,946	-
08/21/2017	0.325909	0.582460	0.314381	0.337048	50,731	-
08/20/2017	0.340099	0.340534	0.324365	0.327869	4,986	-
08/19/2017	0.460644	0.501726	0.329873	0.333585	93,024	-
08/18/2017	0.454431	0.610272	0.415349	0.461034	70,852	-
08/17/2017	0.494057	0.586461	0.447157	0.455824	1,199	-
08/16/2017	0.456741	0.592164	0.413224	0.494511	8,950	-
08/15/2017	0.808860	0.876863	0.411408	0.456242	73,913	-
08/14/2017	0.697633	0.808374	0.697633	0.806625	35,388	-
08/13/2017	0.635956	0.716653	0.631631	0.697417	17,115	-
08/12/2017	0.573363	0.637629	0.487708	0.636514	13,661	-
08/11/2017	0.611688	0.644087	0.469054	0.573759	4,589	-
08/10/2017	0.635167	0.684772	0.415265	0.609892	56,841	-
08/09/2017	0.403446	0.659057	0.399271	0.625179	2,761	-
08/08/2017	0.678343	0.783416	0.403426	0.403719	28,543	-
08/07/2017	0.610950	0.680615	0.610786	0.677659	8,495	-
