Date	Open	High	Low	Close	Volume	Market Cap
07/15/2018	0.038434	0.041375	0.037877	0.038083	211,143	8,358,290
07/14/2018	0.037200	0.044314	0.036287	0.038694	309,788	8,090,040
07/13/2018	0.038083	0.040256	0.036546	0.037244	246,855	8,281,900
07/12/2018	0.037650	0.037797	0.035739	0.037000	173,131	8,187,770
07/11/2018	0.038061	0.041712	0.036614	0.037414	383,406	8,277,290
07/10/2018	0.042912	0.042912	0.037187	0.038338	189,111	9,332,240
07/09/2018	0.045776	0.045918	0.042624	0.042624	284,526	9,955,060
07/08/2018	0.044541	0.048118	0.044401	0.045742	812,364	9,686,370
07/07/2018	0.040488	0.053065	0.039771	0.044292	2,248,310	8,805,090
07/06/2018	0.042494	0.042751	0.038975	0.040546	276,548	9,241,320
07/05/2018	0.045826	0.048871	0.041950	0.042399	893,910	9,965,980
07/04/2018	0.040511	0.059220	0.039534	0.045643	3,125,470	8,810,000
07/03/2018	0.042535	0.044875	0.040086	0.040338	624,050	9,250,230
07/02/2018	0.039343	0.045170	0.037142	0.042909	667,295	8,555,980
07/01/2018	0.036270	0.044400	0.035337	0.039336	1,712,230	7,887,620
06/30/2018	0.034563	0.036869	0.033666	0.036261	234,044	7,516,550
06/29/2018	0.033456	0.034820	0.030850	0.034578	219,665	7,275,760
06/28/2018	0.036059	0.036805	0.032234	0.033438	113,201	7,841,910
06/27/2018	0.036166	0.036625	0.034052	0.036001	133,258	7,865,040
06/26/2018	0.041123	0.041514	0.036216	0.036216	301,024	8,943,030
06/25/2018	0.036630	0.045365	0.035850	0.041135	962,449	7,966,050
06/24/2018	0.041119	0.041783	0.034299	0.036752	212,497	8,942,270
06/23/2018	0.041184	0.042658	0.039957	0.041154	105,313	8,956,280
06/22/2018	0.048462	0.051080	0.040246	0.041060	556,361	10,539,100
06/21/2018	0.050074	0.053381	0.048334	0.048534	412,319	10,889,800
06/20/2018	0.052759	0.053382	0.049458	0.050123	466,422	11,473,600
06/19/2018	0.051707	0.053204	0.051081	0.052585	200,358	11,244,800
06/18/2018	0.050477	0.056524	0.049256	0.051771	786,050	10,977,400
06/17/2018	0.048084	0.057469	0.047800	0.050570	658,374	10,456,800
06/16/2018	0.048722	0.050395	0.047291	0.048031	115,488	10,595,700
06/15/2018	0.050669	0.054669	0.048799	0.048928	331,540	11,019,100
06/14/2018	0.046721	0.052708	0.046642	0.050760	239,457	10,160,600
06/13/2018	0.050790	0.054263	0.045925	0.046669	1,096,400	11,045,500
06/12/2018	0.056455	0.059814	0.050811	0.051023	847,123	12,277,300
06/11/2018	0.054938	0.056575	0.051589	0.056575	207,516	11,947,400
06/10/2018	0.065436	0.065436	0.053217	0.054858	446,951	14,230,500
06/09/2018	0.069527	0.070849	0.065490	0.065490	268,398	15,120,200
06/08/2018	0.071679	0.073414	0.067518	0.069880	291,089	15,588,200
06/07/2018	0.070930	0.073170	0.070572	0.071786	311,892	15,425,400
06/06/2018	0.072940	0.073835	0.069321	0.070612	298,388	15,862,500
06/05/2018	0.074029	0.075188	0.069601	0.073372	304,273	16,099,300
06/04/2018	0.079475	0.080443	0.072764	0.073856	468,014	17,283,600
06/03/2018	0.081572	0.084820	0.079020	0.079305	461,194	17,739,600
06/02/2018	0.077434	0.084583	0.075241	0.081574	687,966	16,839,700
06/01/2018	0.076607	0.078030	0.072704	0.077463	265,690	16,659,800
05/31/2018	0.073370	0.078199	0.072011	0.076780	258,412	15,956,000
05/30/2018	0.073942	0.076184	0.070963	0.073695	238,761	16,080,400
05/29/2018	0.067680	0.076040	0.064837	0.074005	483,357	14,718,600
05/28/2018	0.075058	0.075396	0.066997	0.067717	267,458	16,323,100
05/27/2018	0.075715	0.075715	0.073450	0.074960	191,873	16,465,800
05/26/2018	0.076083	0.082272	0.074183	0.075545	508,404	16,546,000
05/25/2018	0.077678	0.080964	0.074122	0.076154	897,115	16,892,700
05/24/2018	0.074314	0.077492	0.069736	0.077492	455,494	16,161,100
05/23/2018	0.087353	0.088123	0.073022	0.074494	1,210,110	18,996,800
05/22/2018	0.096494	0.096897	0.087035	0.087240	345,954	20,989,000
05/21/2018	0.101120	0.102167	0.095427	0.096256	322,379	21,995,100
05/20/2018	0.097473	0.102390	0.096696	0.100762	338,037	21,201,900
05/19/2018	0.098966	0.099795	0.096173	0.097399	279,715	21,526,700
05/18/2018	0.096030	0.098918	0.093289	0.098918	510,185	20,888,000
05/17/2018	0.099442	0.101712	0.094599	0.095626	513,252	21,630,100
05/16/2018	0.104292	0.104594	0.095857	0.100068	448,336	22,685,200
05/15/2018	0.104124	0.114544	0.102562	0.104334	1,367,810	22,648,600
05/14/2018	0.106901	0.109527	0.098586	0.104548	728,615	23,252,600
05/13/2018	0.098835	0.110343	0.097706	0.106490	950,451	21,498,100
05/12/2018	0.096347	0.102096	0.091888	0.099086	689,194	20,957,000
05/11/2018	0.110809	0.110809	0.094562	0.096803	1,169,920	24,102,700
05/10/2018	0.123281	0.127234	0.110470	0.110470	1,717,950	26,815,500
05/09/2018	0.127672	0.130936	0.116736	0.123308	932,862	27,770,700
05/08/2018	0.133115	0.135686	0.122304	0.128250	1,355,530	28,954,600
05/07/2018	0.134072	0.137210	0.124113	0.132812	1,725,500	29,162,700
05/06/2018	0.141193	0.144562	0.130833	0.134136	1,112,950	30,711,700
05/05/2018	0.140452	0.152134	0.139072	0.141042	1,576,930	30,550,500
05/04/2018	0.141495	0.147262	0.134684	0.140442	1,466,800	30,777,300
05/03/2018	0.143343	0.146165	0.138589	0.141999	2,032,120	31,179,200
05/02/2018	0.141746	0.144788	0.137355	0.143597	1,404,230	30,832,000
05/01/2018	0.145701	0.145701	0.130952	0.141982	2,296,890	31,692,200
04/30/2018	0.140989	0.160428	0.139734	0.145414	7,379,760	30,667,300
04/29/2018	0.125372	0.142614	0.125372	0.141706	3,309,780	27,270,300
04/28/2018	0.116710	0.127854	0.116090	0.125093	1,118,040	25,386,300
04/27/2018	0.125188	0.128441	0.117161	0.117161	1,358,370	27,230,400
04/26/2018	0.111668	0.127980	0.106084	0.124618	1,729,380	24,289,600
04/25/2018	0.136623	0.136623	0.106297	0.111046	1,912,820	29,717,700
04/24/2018	0.131660	0.139918	0.128674	0.138439	2,974,870	28,598,500
04/23/2018	0.117224	0.138976	0.117224	0.131561	5,523,160	25,462,800
04/22/2018	0.108553	0.125367	0.106673	0.117016	2,882,360	23,579,300
04/21/2018	0.114873	0.115104	0.100061	0.109161	1,588,900	24,952,200
04/20/2018	0.110888	0.117106	0.106170	0.115362	1,580,080	24,086,600
04/19/2018	0.104166	0.113881	0.102555	0.111453	2,209,090	22,626,500
04/18/2018	0.095337	0.106186	0.095337	0.104104	2,239,540	20,708,600
04/17/2018	0.092149	0.105554	0.090852	0.095517	2,911,100	20,016,100
04/16/2018	0.099021	0.099191	0.090428	0.091905	551,256	21,505,300
04/15/2018	0.093898	0.099648	0.093193	0.099219	923,514	20,392,700
04/14/2018	0.091578	0.097902	0.090478	0.093640	827,944	19,888,900
04/13/2018	0.092915	0.100254	0.090382	0.091584	1,250,670	20,173,300
04/12/2018	0.078227	0.092786	0.075834	0.092786	1,667,120	16,984,200
04/11/2018	0.075080	0.079429	0.075080	0.078798	556,768	16,300,900
04/10/2018	0.071961	0.076190	0.071961	0.074986	708,988	15,623,900
04/09/2018	0.079346	0.081731	0.070841	0.071910	622,824	17,227,100
04/08/2018	0.076890	0.080546	0.076476	0.079130	287,906	16,694,000
04/07/2018	0.074257	0.079589	0.073343	0.076837	257,313	16,122,300
04/06/2018	0.075657	0.076772	0.072035	0.074246	279,476	16,426,200
04/05/2018	0.076326	0.077726	0.073829	0.076015	327,953	16,571,400
04/04/2018	0.086101	0.087519	0.075926	0.076835	666,520	18,693,700
04/03/2018	0.080984	0.086969	0.080984	0.086673	594,872	17,581,900
04/02/2018	0.076393	0.081254	0.075598	0.081137	317,175	16,585,200
04/01/2018	0.086301	0.087393	0.073205	0.076014	782,798	18,736,200
03/31/2018	0.090349	0.099854	0.085249	0.086238	972,793	19,614,900
03/30/2018	0.099044	0.100153	0.086695	0.090555	1,025,200	21,502,600
03/29/2018	0.120905	0.124456	0.095169	0.099784	1,518,790	26,248,900
03/28/2018	0.105391	0.125629	0.104812	0.121917	2,013,160	22,880,600
03/27/2018	0.112047	0.112342	0.101860	0.105968	888,168	24,325,800
03/26/2018	0.115213	0.120172	0.102187	0.112192	1,057,130	25,013,000
03/25/2018	0.108422	0.123034	0.108422	0.114154	2,059,450	23,538,800
03/24/2018	0.105311	0.119176	0.104258	0.109964	1,001,110	22,863,300
03/23/2018	0.107889	0.108003	0.098389	0.103992	437,086	23,422,900
03/22/2018	0.111701	0.115558	0.103716	0.107791	463,105	24,250,600
03/21/2018	0.109994	0.120333	0.109511	0.112148	509,460	23,875,100
03/20/2018	0.110664	0.113944	0.101981	0.109390	845,776	24,020,600
03/19/2018	0.095225	0.109873	0.093209	0.107657	563,125	20,669,200
03/18/2018	0.096204	0.096417	0.078221	0.095791	536,227	20,881,800
03/17/2018	0.105876	0.114886	0.094964	0.096468	861,950	22,981,100
03/16/2018	0.099957	0.115796	0.092438	0.104727	2,120,470	21,696,400
03/15/2018	0.089350	0.108751	0.081590	0.099516	2,293,040	19,394,100
03/14/2018	0.104463	0.107107	0.085939	0.088782	538,711	22,674,500
03/13/2018	0.103400	0.111697	0.101607	0.104244	372,289	22,443,900
03/12/2018	0.111263	0.116745	0.101591	0.104053	307,648	24,147,400
03/11/2018	0.105026	0.113473	0.099418	0.111547	314,001	22,793,800
03/10/2018	0.111018	0.115204	0.102669	0.105782	386,800	24,094,100
03/09/2018	0.113813	0.114468	0.098879	0.110639	866,701	24,700,900
03/08/2018	0.135509	0.146098	0.111999	0.113315	5,181,160	29,409,500
03/07/2018	0.127606	0.147698	0.100102	0.134763	2,658,800	27,694,300
03/06/2018	0.141677	0.141677	0.124869	0.127601	519,088	30,748,200
03/05/2018	0.147170	0.147170	0.139377	0.142448	495,975	31,939,300
03/04/2018	0.150111	0.151509	0.137596	0.146287	827,358	32,577,600
03/03/2018	0.145568	0.175801	0.140815	0.150246	2,378,440	31,591,700
03/02/2018	0.146113	0.148271	0.139238	0.144448	531,300	31,709,900
03/01/2018	0.142689	0.153827	0.141757	0.146296	524,812	30,966,000
02/28/2018	0.150417	0.154561	0.143695	0.143716	741,927	32,643,200
02/27/2018	0.155165	0.159708	0.147876	0.150397	566,684	33,673,600
02/26/2018	0.150731	0.157855	0.144336	0.154724	532,240	32,711,300
02/25/2018	0.144703	0.154789	0.143068	0.150808	597,367	31,403,100
02/24/2018	0.155625	0.161025	0.141630	0.144947	804,605	33,773,300
02/23/2018	0.155162	0.166351	0.149920	0.155639	756,841	33,672,900
02/22/2018	0.167014	0.180046	0.150934	0.155013	778,925	36,245,100
02/21/2018	0.193939	0.193939	0.166165	0.167897	1,458,070	42,088,100
02/20/2018	0.189546	0.213554	0.188814	0.191894	5,204,710	41,134,900
02/19/2018	0.177793	0.191997	0.177098	0.189374	652,516	38,584,100
02/18/2018	0.198829	0.200976	0.176566	0.179003	1,820,700	43,149,500
02/17/2018	0.178196	0.203826	0.175840	0.197945	2,075,470	38,671,700
02/16/2018	0.179940	0.184996	0.166981	0.178202	748,899	39,050,300
02/15/2018	0.171528	0.182283	0.165776	0.178500	1,236,690	37,217,100
02/14/2018	0.150259	0.173612	0.150259	0.170997	1,276,570	32,602,300
02/13/2018	0.161862	0.162653	0.142569	0.151501	1,471,370	35,119,700
02/12/2018	0.136284	0.172144	0.136284	0.158560	1,541,570	29,570,100
02/11/2018	0.150196	0.150196	0.128807	0.134489	579,843	32,588,500
02/10/2018	0.155141	0.173771	0.144449	0.150460	1,243,920	33,661,500
02/09/2018	0.149295	0.158338	0.141343	0.155059	79,200	32,393,000
02/08/2018	0.135860	0.155068	0.135860	0.148896	767,805	29,478,100
02/07/2018	0.142570	0.161286	0.126432	0.136880	809,184	30,932,600
02/06/2018	0.114907	0.145366	0.092403	0.144915	1,383,490	24,930,600
02/05/2018	0.154583	0.164118	0.104151	0.114195	1,169,510	33,539,000
02/04/2018	0.184801	0.189930	0.148235	0.156152	678,804	40,095,200
02/03/2018	0.173368	0.195154	0.158582	0.184353	1,352,610	37,614,600
02/02/2018	0.184381	0.184439	0.124992	0.171909	1,523,870	40,004,000
02/01/2018	0.228816	0.235297	0.165643	0.186219	1,570,430	49,644,800
01/31/2018	0.224533	0.232739	0.208395	0.228365	1,442,050	48,715,500
01/30/2018	0.276281	0.278103	0.214908	0.225779	2,914,550	59,943,100
01/29/2018	0.367902	0.376558	0.268604	0.275056	19,866,000	79,821,500
01/28/2018	0.245940	0.390948	0.242063	0.353418	33,190,200	53,360,100
01/27/2018	0.238072	0.258112	0.227838	0.245183	1,871,430	51,653,200
01/26/2018	0.251270	0.275278	0.212373	0.238040	2,579,880	54,516,500
01/25/2018	0.242896	0.257068	0.238118	0.251979	1,940,800	52,699,700
01/24/2018	0.246443	0.252374	0.237191	0.239919	1,485,520	53,469,200
01/23/2018	0.249118	0.264214	0.213931	0.249143	1,606,260	54,049,700
01/22/2018	0.276958	0.301043	0.226610	0.250392	2,322,860	60,089,900
01/21/2018	0.346816	0.346816	0.258331	0.274462	2,510,620	75,246,500
01/20/2018	0.316155	0.358455	0.316155	0.345460	4,431,810	68,594,300
01/19/2018	0.300174	0.384400	0.287740	0.314076	5,732,800	65,126,900
01/18/2018	0.312110	0.363004	0.279779	0.299964	2,825,290	67,716,600
01/17/2018	0.255444	0.343396	0.203259	0.311441	7,529,910	55,422,200
01/16/2018	0.328069	0.330884	0.200790	0.255218	5,552,820	71,179,100
01/15/2018	0.411742	0.427932	0.328816	0.328816	3,999,330	89,333,100
01/14/2018	0.467002	0.499457	0.408808	0.413580	3,756,820	101,323,000
01/13/2018	0.499058	0.512363	0.460421	0.466567	4,522,960	108,278,000
01/12/2018	0.531915	0.537282	0.492495	0.500061	4,408,800	115,406,000
01/11/2018	0.579472	0.646666	0.486994	0.521629	16,102,900	125,725,000
01/10/2018	0.471375	0.587038	0.434529	0.574807	15,400,400	102,271,000
01/09/2018	0.476333	0.504432	0.437342	0.475730	6,402,010	103,347,000
01/08/2018	0.526628	0.549092	0.388858	0.475193	7,475,730	114,259,000
01/07/2018	0.445347	0.562996	0.444798	0.522829	9,992,010	96,624,300
01/06/2018	0.445072	0.507794	0.436747	0.443408	7,244,850	96,564,500
01/05/2018	0.486745	0.598005	0.384556	0.421806	14,897,300	105,606,000
01/04/2018	0.315438	0.494134	0.314923	0.489989	15,757,100	68,438,800
01/03/2018	0.292113	0.331387	0.278695	0.316538	6,761,060	63,377,900
01/02/2018	0.304739	0.339945	0.265071	0.289272	5,728,350	66,117,500
01/01/2018	0.314294	0.314294	0.263870	0.302829	4,915,090	68,165,100
12/31/2017	0.236906	0.317597	0.229606	0.314123	6,326,560	51,381,000
12/30/2017	0.270128	0.270764	0.211938	0.236991	5,066,780	58,586,200
12/29/2017	0.292839	0.317433	0.257456	0.271066	5,883,990	63,512,000
12/28/2017	0.335900	0.335900	0.254371	0.293662	8,186,750	72,851,200
12/27/2017	0.298170	0.424281	0.290397	0.329767	23,229,200	64,668,200
12/26/2017	0.197247	0.335285	0.196578	0.291948	17,094,500	42,779,600
12/25/2017	0.211243	0.220983	0.190238	0.197790	3,763,380	45,815,100
12/24/2017	0.199248	0.239211	0.182333	0.211231	5,466,040	43,213,600
12/23/2017	0.141895	0.235675	0.138476	0.196613	7,301,620	30,774,600
12/22/2017	0.181167	0.185436	0.097869	0.143298	2,445,020	39,292,100
12/21/2017	0.171270	0.210817	0.162504	0.179789	3,977,260	37,145,600
12/20/2017	0.205154	0.205154	0.163086	0.174119	3,682,970	44,494,500
12/19/2017	0.176275	0.240285	0.160906	0.205175	6,349,490	38,227,500
12/18/2017	0.135712	0.177825	0.130549	0.177825	4,254,470	29,430,900
12/17/2017	0.107731	0.169331	0.107101	0.135147	5,703,810	23,362,900
12/16/2017	0.091001	0.109805	0.087453	0.108204	2,105,410	19,734,700
12/15/2017	0.096221	0.097382	0.075957	0.090217	1,508,070	20,866,900
12/14/2017	0.083382	0.095766	0.070578	0.095766	2,155,680	18,082,400
12/13/2017	0.072510	0.088749	0.062279	0.084005	1,916,970	15,724,800
12/12/2017	0.081946	0.086198	0.065036	0.072350	1,396,330	17,771,100
12/11/2017	0.082132	0.086704	0.080045	0.082898	983,968	17,811,300
12/10/2017	0.095124	0.095124	0.074006	0.082969	816,877	20,628,900
12/09/2017	0.076835	0.100781	0.074105	0.094975	1,252,820	16,662,600
12/08/2017	0.084753	0.084753	0.068183	0.076675	991,843	18,379,800
12/07/2017	0.089144	0.102224	0.073874	0.086072	1,576,760	19,332,000
12/06/2017	0.097116	0.097424	0.072855	0.089239	2,056,570	21,060,900
12/05/2017	0.071153	0.109139	0.070830	0.096396	2,980,230	15,430,500
12/04/2017	0.062256	0.071973	0.062188	0.071739	823,391	13,501,100
12/03/2017	0.059187	0.068818	0.057955	0.062940	975,839	12,835,600
12/02/2017	0.056051	0.061575	0.054821	0.059320	618,619	12,155,400
12/01/2017	0.052533	0.059005	0.050349	0.056091	584,611	11,392,600
11/30/2017	0.052700	0.056518	0.047472	0.053275	665,981	11,428,700
11/29/2017	0.062785	0.065235	0.049071	0.051926	778,635	13,615,800
11/28/2017	0.065372	0.065372	0.061239	0.062557	666,353	14,176,700
11/27/2017	0.065689	0.068562	0.062725	0.064798	667,953	14,245,400
11/26/2017	0.066379	0.067474	0.062860	0.065341	693,393	14,395,100
11/25/2017	0.064493	0.071468	0.063768	0.065588	622,939	13,986,100
11/24/2017	0.059344	0.068250	0.058198	0.064539	701,407	12,869,500
11/23/2017	0.061183	0.064270	0.059405	0.059640	745,650	13,268,400
11/22/2017	0.059567	0.066282	0.056248	0.061045	800,231	12,917,800
11/21/2017	0.062565	0.065715	0.055875	0.059068	556,285	13,568,200
11/20/2017	0.068537	0.068755	0.060714	0.062539	522,600	14,863,100
11/19/2017	0.071709	0.072107	0.058726	0.068628	553,029	15,551,100
11/18/2017	0.068462	0.073421	0.063859	0.071858	628,398	14,847,000
11/17/2017	0.074982	0.076945	0.066864	0.069642	458,377	16,260,900
11/16/2017	0.075708	0.078748	0.068746	0.071975	540,765	16,418,400
11/15/2017	0.076970	0.080755	0.071862	0.074994	519,151	16,692,000
11/14/2017	0.077572	0.081873	0.073639	0.074710	510,856	16,822,500
11/13/2017	0.071424	0.080849	0.070718	0.076044	473,714	15,489,200
11/12/2017	0.074725	0.079898	0.067900	0.072016	455,119	16,205,100
11/11/2017	0.082936	0.091552	0.075496	0.075730	661,995	17,985,700
11/10/2017	0.095527	0.104944	0.077209	0.083333	834,072	20,716,300
11/09/2017	0.082798	0.100995	0.081484	0.095328	775,612	17,955,800
11/08/2017	0.071212	0.084473	0.070966	0.082173	578,565	15,443,000
11/07/2017	0.065657	0.077843	0.065657	0.071242	645,301	14,238,300
11/06/2017	0.073025	0.076294	0.065404	0.065676	501,238	15,836,200
11/05/2017	0.072682	0.081362	0.071712	0.072898	550,024	15,761,900
11/04/2017	0.068417	0.075001	0.063894	0.073179	504,572	14,834,100
11/03/2017	0.056031	0.068346	0.053627	0.068346	491,676	12,148,700
11/02/2017	0.055653	0.057647	0.048721	0.055937	501,710	12,066,700
11/01/2017	0.068640	0.070139	0.054431	0.055545	583,515	14,882,400
10/31/2017	0.069493	0.071645	0.062324	0.066083	501,649	15,067,400
10/30/2017	0.071462	0.075621	0.067022	0.069593	403,137	15,494,400
10/29/2017	0.072959	0.076821	0.070560	0.071719	349,988	15,819,000
10/28/2017	0.073766	0.077279	0.070722	0.073023	281,258	15,994,000
10/27/2017	0.072157	0.075042	0.068021	0.073646	362,836	15,645,100
10/26/2017	0.075760	0.080029	0.067573	0.072138	283,249	16,426,300
10/25/2017	0.075642	0.079413	0.073589	0.075844	201,226	16,400,800
10/24/2017	0.074385	0.083476	0.069846	0.074645	484,389	16,128,200
10/23/2017	0.083674	0.085076	0.069031	0.073722	201,901	18,142,300
10/22/2017	0.085675	0.088593	0.080855	0.084556	220,098	18,575,900
10/21/2017	0.079763	0.089450	0.074083	0.084966	391,486	17,294,200
10/20/2017	0.081205	0.082268	0.073584	0.079900	253,479	17,606,800
10/19/2017	0.083106	0.087764	0.079358	0.081223	273,435	18,019,000
10/18/2017	0.085303	0.087832	0.077397	0.083160	415,738	18,495,400
10/17/2017	0.097285	0.101476	0.084024	0.085353	211,748	21,093,400
10/16/2017	0.096464	0.102479	0.086102	0.097191	271,628	20,915,400
10/15/2017	0.103842	0.107543	0.091304	0.096336	307,705	22,515,000
10/14/2017	0.111634	0.113819	0.102850	0.102850	300,929	24,204,400
10/13/2017	0.096090	0.139877	0.093094	0.111568	1,024,520	20,834,200
10/12/2017	0.104466	0.110338	0.094435	0.096172	223,139	22,650,300
10/11/2017	0.103535	0.114357	0.094132	0.104440	209,890	22,448,300
10/10/2017	0.097628	0.104328	0.092526	0.103546	279,531	21,167,600
10/09/2017	0.102883	0.113105	0.094376	0.097415	513,367	22,307,100
10/08/2017	0.123794	0.130144	0.102872	0.102872	338,911	26,840,900
10/07/2017	0.141694	0.145533	0.117828	0.124015	339,068	30,722,100
10/06/2017	0.138094	0.144452	0.136670	0.141843	262,550	29,933,700
10/05/2017	0.129590	0.143520	0.129590	0.139346	449,742	28,090,400
10/04/2017	0.135822	0.157281	0.126974	0.128993	402,377	29,441,200
10/03/2017	0.144910	0.154598	0.134627	0.135538	455,594	31,411,200
10/02/2017	0.171609	0.174248	0.145797	0.147604	731,474	37,198,600
10/01/2017	0.137811	0.183047	0.136740	0.171593	1,128,420	29,872,400
09/30/2017	0.132455	0.142539	0.129014	0.137928	351,187	28,711,300
09/29/2017	0.137929	0.174802	0.122836	0.132429	394,875	29,898,000
09/28/2017	0.159697	0.161395	0.128912	0.138123	533,497	34,616,400
09/27/2017	0.123726	0.160967	0.122109	0.159816	626,903	26,819,200
09/26/2017	0.123601	0.222245	0.116966	0.123920	526,672	26,792,200
09/25/2017	0.116291	0.127597	0.113190	0.123648	491,525	25,207,600
09/24/2017	0.145881	0.148933	0.101126	0.115534	702,874	31,621,700
09/23/2017	0.140455	0.163244	0.131033	0.145553	419,814	30,445,600
09/22/2017	0.156164	0.160695	0.142021	0.142021	592,697	33,850,600
09/21/2017	0.193780	0.305009	0.147788	0.156219	647,349	42,004,400
09/20/2017	0.176773	0.217149	0.161128	0.194443	1,166,480	38,305,000
09/19/2017	0.178651	0.190862	0.167370	0.179799	615,339	38,711,800
09/18/2017	0.186664	0.322435	0.185260	0.185677	657,704	40,313,400
09/17/2017	0.195455	0.220611	0.174196	0.187031	625,908	42,212,000
09/16/2017	0.187857	0.215001	0.175934	0.194885	591,624	40,216,400
09/15/2017	0.172523	0.354822	0.156175	0.186535	619,595	36,933,700
09/14/2017	0.218869	0.330408	0.173416	0.173416	435,359	46,855,300
09/13/2017	0.253016	0.265894	0.199026	0.218856	1,028,680	54,165,500
09/12/2017	0.240160	0.367915	0.240160	0.250626	1,303,530	51,413,200
09/11/2017	0.220724	0.251640	0.186489	0.238158	1,327,440	47,252,500
09/10/2017	0.275435	0.275508	0.218930	0.220087	1,118,340	58,964,900
09/09/2017	0.266110	0.334240	0.262413	0.274880	1,167,320	56,968,700
09/08/2017	0.342717	0.342717	0.235698	0.266492	1,340,900	73,368,500
09/07/2017	0.285825	0.411638	0.281778	0.341991	4,799,890	61,189,300
09/06/2017	0.226195	0.289715	0.226195	0.285338	2,743,890	-
