Date	Open	High	Low	Close	Volume	Market Cap
07/15/2018	0.032844	0.063874	0.030104	0.063016	546	552,526
07/14/2018	0.056071	0.061203	0.056003	0.060654	0	943,264
07/13/2018	0.056351	0.056798	0.055633	0.056227	408	947,976
07/12/2018	0.057508	0.057508	0.055471	0.055754	132	967,447
07/11/2018	0.057711	0.070626	0.057009	0.057521	528	970,857
07/09/2018	0.073276	0.073672	0.072971	0.073349	797	1,232,700
07/08/2018	0.073912	0.074071	0.073203	0.073470	799	1,243,410
07/07/2018	0.053499	0.053710	0.052469	0.052852	446	899,996
07/06/2018	0.053283	0.053753	0.053090	0.053753	453	896,361
07/04/2018	0.044113	0.045572	0.043524	0.045242	30	742,105
07/03/2018	0.039586	0.044708	0.037947	0.043960	403	665,940
07/02/2018	0.069627	0.072665	0.068959	0.072469	39	1,171,320
07/01/2018	0.064959	0.070119	0.044482	0.069622	1,212	1,092,790
06/30/2018	0.040284	0.065175	0.040265	0.064945	65	677,689
06/29/2018	0.021465	0.061432	0.021158	0.040239	1,075	361,093
06/28/2018	0.033883	0.060153	0.021368	0.021459	549	569,999
06/26/2018	0.064995	0.065956	0.064337	0.064791	8	1,093,400
06/25/2018	0.066734	0.067147	0.063450	0.064995	241	1,122,650
06/24/2018	0.079982	0.080112	0.030330	0.066863	532	1,345,520
06/23/2018	0.036802	0.080910	0.036584	0.079993	1,520	619,116
06/22/2018	0.087088	0.087238	0.077105	0.078010	390	1,465,070
06/21/2018	0.132619	0.135295	0.086847	0.087185	866	2,231,010
06/20/2018	0.052691	0.133375	0.052691	0.132593	4,937	886,413
06/17/2018	0.046348	0.046695	0.046029	0.046196	231	779,706
06/16/2018	0.045627	0.046669	0.045179	0.046226	231	767,568
06/15/2018	0.041854	0.041886	0.041629	0.041629	416	704,101
06/14/2018	0.044868	0.045021	0.038429	0.041746	417	754,796
06/13/2018	0.046245	0.047744	0.043387	0.044888	45	777,964
06/12/2018	0.049437	0.049498	0.045141	0.046098	1,892	831,661
06/11/2018	0.043016	0.048531	0.041993	0.048447	26	723,640
06/10/2018	0.038603	0.043103	0.032887	0.043103	640	649,405
06/09/2018	0.028416	0.054229	0.023070	0.038782	971	478,036
06/08/2018	0.046411	0.051081	0.028432	0.028432	364	780,760
06/07/2018	0.046706	0.049384	0.037792	0.046393	1,191	785,726
06/06/2018	0.056417	0.056461	0.045757	0.046663	141	949,086
06/05/2018	0.053266	0.056878	0.045680	0.056432	684	896,086
06/04/2018	0.056995	0.057153	0.015315	0.053241	2,540	958,818
06/03/2018	0.055211	0.057085	0.052185	0.056970	117	928,807
06/02/2018	0.053969	0.055659	0.053667	0.055484	1	907,912
06/01/2018	0.053401	0.054114	0.053257	0.053993	2	898,354
05/31/2018	0.050111	0.056349	0.049740	0.056123	112	843,006
05/30/2018	0.051431	0.053774	0.039011	0.050096	370	865,212
05/29/2018	0.053033	0.056189	0.051218	0.051396	771	892,158
05/28/2018	0.054723	0.055214	0.052889	0.053050	53	920,594
05/27/2018	0.054646	0.054866	0.049842	0.054711	383	919,302
05/26/2018	0.051288	0.056465	0.050758	0.054622	929	862,808
05/25/2018	0.056343	0.057006	0.050435	0.051348	2,220	947,836
05/24/2018	0.056012	0.057460	0.032040	0.056237	56	942,274
05/23/2018	0.059866	0.060040	0.037024	0.056154	899	1,007,100
05/22/2018	0.061847	0.062520	0.059590	0.059928	150	1,040,430
05/21/2018	0.046434	0.062681	0.045413	0.061846	1,446	781,147
05/20/2018	0.061635	0.062522	0.045158	0.046276	11	1,036,860
05/19/2018	0.063483	0.064155	0.061372	0.061589	62	1,067,960
05/18/2018	0.060426	0.064137	0.059407	0.063550	10	1,016,530
05/17/2018	0.061902	0.061909	0.060060	0.060289	41	1,041,360
05/16/2018	0.064410	0.065368	0.061348	0.064749	7	1,083,550
05/15/2018	0.066535	0.067683	0.063320	0.064490	679	1,119,300
05/14/2018	0.065359	0.067207	0.062417	0.066524	268	1,099,510
05/13/2018	0.054595	0.066056	0.053647	0.065357	1,826	918,432
05/12/2018	0.053731	0.054911	0.053185	0.054491	1,732	903,903
05/09/2018	0.058677	0.059640	0.057359	0.059338	5	987,106
05/08/2018	0.060229	0.060785	0.058252	0.058767	50	1,013,220
05/07/2018	0.045522	0.060752	0.042808	0.060102	60	765,798
05/06/2018	0.073420	0.074108	0.045050	0.045532	29	1,235,130
05/05/2018	0.047302	0.073567	0.046834	0.073371	1,772	795,744
05/04/2018	0.073400	0.073565	0.047253	0.047253	2,489	1,234,790
05/03/2018	0.069420	0.073780	0.069170	0.073428	73	1,167,840
05/02/2018	0.044630	0.069687	0.041918	0.069418	129	750,790
05/01/2018	0.068563	0.068564	0.044416	0.044664	108	1,153,420
04/30/2018	0.070114	0.072726	0.065327	0.068573	456	1,179,500
04/29/2018	0.078502	0.080013	0.070044	0.070337	352	1,320,620
04/28/2018	0.051711	0.079080	0.041414	0.078533	1,175	869,914
04/27/2018	0.053825	0.053825	0.051889	0.051889	1,127	905,482
04/26/2018	0.047684	0.050783	0.018314	0.018814	3	802,179
04/25/2018	0.040133	0.053950	0.033443	0.047274	415	675,138
04/24/2018	0.066045	0.070871	0.039615	0.039908	2	1,111,050
04/23/2018	0.067014	0.080471	0.057976	0.065988	14,392	1,127,360
04/22/2018	0.056175	0.068555	0.032220	0.067154	4,193	945,016
04/21/2018	0.057991	0.057991	0.057689	0.057689	12	975,574
04/20/2018	0.085786	0.085786	0.054502	0.057829	93	1,443,160
04/19/2018	0.085088	0.085833	0.085088	0.085526	77	1,431,410
04/18/2018	0.068231	0.068862	0.068167	0.068862	28	1,147,830
04/17/2018	0.072007	0.072790	0.068169	0.068287	27	1,211,350
04/16/2018	0.054267	0.072022	0.051470	0.071970	892	912,921
04/15/2018	0.052082	0.070699	0.052082	0.054290	64	876,160
04/14/2018	0.051135	0.052949	0.050960	0.052101	224	860,235
04/13/2018	0.053505	0.053515	0.050850	0.051135	1,368	900,095
04/12/2018	0.054851	0.063452	0.053414	0.061061	215	922,741
04/11/2018	0.038949	0.054978	0.038734	0.054978	208	655,232
04/10/2018	0.032190	0.032887	0.031719	0.032784	23	541,524
04/09/2018	0.031731	0.032143	0.031134	0.032143	35	533,798
04/07/2018	0.037948	0.038952	0.037911	0.038943	237	638,388
04/06/2018	0.039046	0.039295	0.037472	0.037921	231	656,854
04/05/2018	0.029840	0.029997	0.029095	0.029095	242	501,990
04/04/2018	0.037636	0.037636	0.029545	0.029861	825	633,134
03/30/2018	0.038787	0.041931	0.036045	0.038228	16	652,503
03/29/2018	0.043450	0.043600	0.038166	0.038751	183	730,952
03/28/2018	0.042194	0.043914	0.042092	0.043447	222	709,810
03/27/2018	0.044570	0.044570	0.041100	0.042172	49	749,793
03/26/2018	0.062754	0.063071	0.042530	0.044624	1,888	1,055,700
03/25/2018	0.083862	0.084701	0.044837	0.062802	1,723	1,410,790
03/24/2018	0.030304	0.085653	0.030304	0.085012	5,884	509,800
03/23/2018	0.028985	0.030028	0.028031	0.030028	1,126	487,600
03/22/2018	0.037025	0.037798	0.035720	0.035909	49	622,858
03/21/2018	0.037946	0.038274	0.036267	0.036909	79	638,361
03/20/2018	0.048586	0.048910	0.047773	0.048028	287	817,357
03/19/2018	0.046471	0.048658	0.045807	0.048229	288	781,770
03/18/2018	0.047319	0.047319	0.045314	0.045857	223	796,041
03/17/2018	0.041549	0.049162	0.040614	0.047435	231	698,972
03/16/2018	0.041453	0.051781	0.040332	0.041653	26	697,355
03/15/2018	0.049873	0.053524	0.046496	0.052349	31	839,000
03/14/2018	0.050321	0.051474	0.049573	0.049848	32	846,542
03/13/2018	0.045444	0.052154	0.044866	0.050314	68	764,488
03/12/2018	0.045519	0.045830	0.044061	0.045706	2,618	765,758
03/11/2018	0.048704	0.048907	0.047041	0.048108	433	819,335
03/10/2018	0.051484	0.062691	0.048429	0.048873	440	866,098
03/09/2018	0.050828	0.051735	0.046103	0.051462	360	855,062
03/08/2018	0.062092	0.064491	0.050567	0.050910	199	1,044,550
03/07/2018	0.059597	0.063179	0.052716	0.062062	37	1,002,590
03/06/2018	0.064231	0.064231	0.058975	0.059675	19	1,080,540
03/05/2018	0.068254	0.071033	0.063770	0.064407	4,496	1,148,230
03/04/2018	0.067484	0.069693	0.063205	0.068194	2,944	1,135,270
03/03/2018	0.066627	0.067595	0.066077	0.067560	36	1,120,840
03/02/2018	0.061847	0.062705	0.060964	0.062395	1	1,040,440
03/01/2018	0.060117	0.063139	0.060080	0.061949	2	1,011,330
02/28/2018	0.085315	0.088265	0.083325	0.084320	3,388	1,435,240
02/27/2018	0.082287	0.086225	0.081158	0.085416	4,599	1,384,290
02/26/2018	0.076885	0.083108	0.075087	0.082050	24	1,293,420
02/24/2018	0.079376	0.094154	0.077722	0.092041	92	1,335,320
02/23/2018	0.082203	0.100967	0.054587	0.079556	5,404	1,382,880
02/22/2018	0.049387	0.094721	0.048820	0.082373	1,510	830,819
02/21/2018	0.093321	0.104118	0.049247	0.049440	2,835	1,569,920
02/20/2018	0.074081	0.120845	0.072702	0.093346	1,886	1,246,240
02/19/2018	0.072281	0.095815	0.071938	0.074039	628	1,215,970
02/18/2018	0.076725	0.079624	0.060616	0.072618	3,816	1,290,720
02/17/2018	0.089060	0.103932	0.059541	0.076682	21,014	1,498,230
02/16/2018	0.080724	0.089090	0.080289	0.088888	228	1,357,990
02/15/2018	0.111684	0.117412	0.077727	0.081070	354	1,878,830
02/14/2018	0.075122	0.111839	0.075122	0.111802	22	1,263,760
02/13/2018	0.104546	0.105022	0.074978	0.075294	1,928	1,758,750
02/12/2018	0.088129	0.105723	0.088129	0.104356	2	1,482,560
02/11/2018	0.082372	0.101062	0.073872	0.087816	6,626	1,385,710
02/10/2018	0.082037	0.103153	0.076865	0.082451	5,459	1,380,080
02/09/2018	0.089525	0.100369	0.069627	0.081982	5,886	1,506,060
02/08/2018	0.090750	0.093321	0.076996	0.089645	4,638	1,526,660
02/07/2018	0.076853	0.100940	0.071396	0.091114	4,073	1,292,870
02/06/2018	0.069403	0.091794	0.057687	0.077556	4,617	1,167,550
02/05/2018	0.094363	0.096096	0.067524	0.069316	699	1,587,440
02/04/2018	0.106781	0.108294	0.091069	0.095287	48	1,796,340
02/03/2018	0.093001	0.118305	0.086253	0.106681	2,318	1,564,520
02/02/2018	0.078015	0.110846	0.067974	0.097345	2,981	1,312,430
02/01/2018	0.073072	0.082473	0.059776	0.078340	1,545	1,229,270
01/31/2018	0.101775	0.103677	0.071376	0.072983	1,156	1,712,140
01/30/2018	0.084545	0.118474	0.081638	0.101602	367	1,422,280
01/29/2018	0.140031	0.140115	0.083448	0.084399	5,691	2,355,700
01/28/2018	0.147742	0.148300	0.103019	0.140191	3,354	2,485,430
01/27/2018	0.158610	0.160476	0.133689	0.147010	81	2,668,260
01/25/2018	0.154981	0.166741	0.154566	0.158846	0	2,607,200
01/24/2018	0.108030	0.156410	0.105617	0.154243	1,521	1,817,360
01/23/2018	0.094310	0.135160	0.090144	0.109318	1,483	1,586,550
01/22/2018	0.131338	0.157194	0.062754	0.094380	9,947	2,209,460
01/21/2018	0.172557	0.172557	0.098895	0.132189	101	2,902,880
01/20/2018	0.161665	0.182701	0.161653	0.172156	8,918	2,719,640
01/19/2018	0.137545	0.168495	0.128099	0.160062	2,098	2,313,880
01/18/2018	0.159835	0.179856	0.134702	0.137332	10,859	2,688,860
01/17/2018	0.135785	0.164568	0.124287	0.159604	3,754	2,284,280
01/16/2018	0.178428	0.179413	0.141678	0.146883	117	3,001,640
01/15/2018	0.181237	0.186914	0.133919	0.178158	1,233	3,048,900
01/14/2018	0.177882	0.182645	0.132298	0.182067	2,494	2,992,460
01/13/2018	0.193974	0.204051	0.175951	0.177784	2,944	3,263,170
01/12/2018	0.147133	0.199418	0.143490	0.194320	2,735	2,475,170
01/11/2018	0.114564	0.213549	0.101118	0.146238	2,274	1,927,280
01/10/2018	0.102498	0.114237	0.097476	0.114237	8,613	1,724,300
01/09/2018	0.117493	0.118450	0.100607	0.102311	7,940	1,976,550
01/08/2018	0.093054	0.117732	0.087413	0.117469	1,243	1,565,430
01/07/2018	0.127900	0.127936	0.090786	0.093182	1,613	2,151,630
01/06/2018	0.101904	0.128431	0.098177	0.128292	2,555	1,714,300
01/05/2018	0.082272	0.102685	0.081219	0.101823	210	1,384,050
01/04/2018	0.083692	0.083999	0.078336	0.082252	94	1,407,920
01/03/2018	0.113019	0.116361	0.078420	0.083396	1,612	1,901,280
01/02/2018	0.101779	0.113276	0.088982	0.113209	6,382	1,712,200
01/01/2018	0.105559	0.105559	0.079434	0.101792	2,686	1,775,790
12/31/2017	0.097803	0.106768	0.088575	0.105380	809	1,645,310
12/30/2017	0.098571	0.101974	0.084251	0.098377	2,414	1,658,240
12/29/2017	0.106192	0.110075	0.098109	0.098820	5,434	1,786,430
12/28/2017	0.118346	0.118653	0.096680	0.105104	757	1,990,900
12/27/2017	0.099366	0.118936	0.091311	0.118698	3,576	1,671,610
12/26/2017	0.122506	0.123654	0.105045	0.105045	2,789	2,060,880
12/25/2017	0.088147	0.090685	0.082741	0.086805	1	1,482,880
12/24/2017	0.084252	0.087426	0.072534	0.087426	1,347	1,417,360
12/23/2017	0.070250	0.089741	0.066783	0.083431	1,545	1,181,800
12/22/2017	0.075468	0.076633	0.057774	0.063519	254	1,269,580
12/21/2017	0.071043	0.079415	0.070641	0.075243	501	1,195,130
12/20/2017	0.103535	0.103535	0.067945	0.070857	73	1,741,750
12/19/2017	0.094244	0.107539	0.080266	0.103642	4,429	1,585,440
12/18/2017	0.107148	0.117615	0.093931	0.093931	376	1,802,520
12/17/2017	0.099177	0.112536	0.091058	0.106867	3,069	1,668,440
12/16/2017	0.095225	0.104615	0.093717	0.099176	493	1,601,950
12/15/2017	0.099738	0.102859	0.093342	0.095111	2,029	1,677,870
12/14/2017	0.103303	0.107090	0.091765	0.099795	2,236	1,737,830
12/13/2017	0.115691	0.118972	0.095313	0.103434	745	1,946,250
12/12/2017	0.110417	0.126265	0.101608	0.115798	4,287	1,857,510
12/11/2017	0.083861	0.111460	0.083495	0.110493	34	1,410,780
12/10/2017	0.108612	0.110122	0.079060	0.084471	679	1,827,160
12/09/2017	0.105227	0.109638	0.078796	0.108298	567	1,770,200
12/08/2017	0.084526	0.105348	0.069562	0.105333	263	1,421,950
12/07/2017	0.109276	0.134328	0.090908	0.090908	7,621	1,838,310
12/06/2017	0.083206	0.109431	0.083067	0.109431	4,381	1,399,750
12/05/2017	0.081477	0.083652	0.064371	0.083196	1,061	1,370,670
12/04/2017	0.054523	0.081317	0.052808	0.081317	1	917,219
12/03/2017	0.063416	0.068301	0.053032	0.054343	28	1,066,830
12/02/2017	0.060348	0.065724	0.059861	0.063358	420	1,015,230
12/01/2017	0.060605	0.074846	0.059389	0.060186	4,098	1,019,550
11/30/2017	0.046524	0.064543	0.042939	0.060895	3,497	782,663
11/29/2017	0.063591	0.065651	0.044020	0.046244	1,343	1,069,770
11/28/2017	0.060634	0.063381	0.059627	0.063082	779	1,020,030
11/27/2017	0.063418	0.064211	0.058531	0.060619	326	1,066,870
11/26/2017	0.057790	0.064698	0.057421	0.063378	217	972,189
11/25/2017	0.049356	0.057773	0.048344	0.057767	1,204	830,298
11/24/2017	0.045116	0.049766	0.043959	0.049423	852	758,975
11/23/2017	0.045795	0.046209	0.045019	0.045046	14	770,394
11/22/2017	0.045682	0.054100	0.042612	0.045835	694	768,502
11/21/2017	0.047018	0.047117	0.038820	0.045572	4,610	790,965
11/20/2017	0.037447	0.048358	0.037447	0.047022	2,811	629,964
11/19/2017	0.040036	0.040297	0.035970	0.037465	704	673,507
11/18/2017	0.040339	0.047166	0.039291	0.040105	2,580	678,607
11/17/2017	0.044078	0.044366	0.040384	0.040384	43	741,510
11/16/2017	0.042742	0.045370	0.041839	0.043023	1,918	719,033
11/15/2017	0.043307	0.045602	0.040699	0.042701	621	728,547
11/14/2017	0.039581	0.043408	0.038005	0.043278	858	665,854
11/13/2017	0.031790	0.045241	0.030068	0.039507	1,684	534,803
11/12/2017	0.034776	0.035915	0.031259	0.031705	4	585,031
11/11/2017	0.039096	0.040758	0.023244	0.034795	237	657,706
11/10/2017	0.043512	0.044667	0.035835	0.039169	404	731,994
11/09/2017	0.035092	0.046223	0.034894	0.043284	1,011	590,344
11/08/2017	0.030794	0.037160	0.028882	0.035137	1,612	518,045
11/07/2017	0.027928	0.030943	0.027425	0.030943	130	469,831
11/06/2017	0.033344	0.040712	0.027783	0.027967	180	560,938
11/05/2017	0.037706	0.042284	0.032903	0.033270	40	634,321
11/04/2017	0.026535	0.049432	0.025125	0.037781	3,605	446,385
11/03/2017	0.024170	0.033441	0.023262	0.026631	2,320	406,599
11/02/2017	0.025448	0.026919	0.021559	0.023996	620	428,108
11/01/2017	0.027994	0.028047	0.025633	0.025863	500	470,931
10/31/2017	0.034316	0.034392	0.026991	0.028006	538	577,285
10/30/2017	0.025746	0.035288	0.025614	0.034360	357	433,112
10/29/2017	0.025325	0.026560	0.025094	0.025841	2,921	426,032
10/28/2017	0.026276	0.026771	0.025660	0.025779	0	442,029
10/27/2017	0.030217	0.030356	0.023858	0.026214	1,282	508,335
10/26/2017	0.033514	0.033578	0.029004	0.030293	648	563,793
10/25/2017	0.031838	0.033684	0.030437	0.033684	555	535,609
10/24/2017	0.046040	0.054801	0.031443	0.031725	1,352	774,516
10/23/2017	0.037819	0.051296	0.037259	0.046390	3,705	636,226
10/22/2017	0.039061	0.044043	0.036452	0.037879	761	657,107
10/21/2017	0.050742	0.050742	0.038439	0.039058	126	853,621
10/20/2017	0.051341	0.055562	0.040225	0.050906	3,264	863,698
10/19/2017	0.047853	0.051566	0.030432	0.051327	709	805,013
10/18/2017	0.047521	0.048052	0.039696	0.047841	213	799,437
10/17/2017	0.045706	0.047831	0.032942	0.047512	1,019	768,907
10/16/2017	0.035867	0.047317	0.027775	0.045970	125	603,373
10/15/2017	0.052842	0.053330	0.029067	0.035882	133	888,950
10/14/2017	0.039591	0.053092	0.039356	0.052788	482	666,030
10/13/2017	0.041784	0.044734	0.033304	0.039583	89	702,921
10/12/2017	0.058181	0.062305	0.040556	0.041743	16	978,763
10/11/2017	0.043884	0.058310	0.011035	0.058136	3,241	738,243
10/10/2017	0.053419	0.054332	0.043575	0.043811	1,399	898,653
10/09/2017	0.050625	0.057760	0.045549	0.053441	882	851,649
10/08/2017	0.048835	0.050732	0.044486	0.050612	664	821,543
10/07/2017	0.044866	0.050009	0.040821	0.048966	190	754,764
10/06/2017	0.039746	0.063068	0.039721	0.044876	510	668,630
10/05/2017	0.053800	0.058277	0.039519	0.039825	16	905,062
10/04/2017	0.039715	0.054043	0.039516	0.053774	850	668,120
10/03/2017	0.058118	0.058216	0.039327	0.039627	4,803	977,696
10/02/2017	0.048460	0.059043	0.048419	0.058159	276	815,221
10/01/2017	0.043492	0.048481	0.038807	0.048481	1,176	731,650
09/30/2017	0.048792	0.055400	0.043143	0.043468	174	820,821
09/29/2017	0.024000	0.049332	0.024000	0.048787	205	403,746
09/28/2017	0.052893	0.055309	0.024000	0.024000	2	889,809
09/27/2017	0.042965	0.053106	0.032739	0.052892	953	722,790
09/26/2017	0.051543	0.051712	0.029617	0.043090	4,453	867,099
09/25/2017	0.036832	0.051862	0.036832	0.051547	1,745	619,614
09/24/2017	0.042107	0.042107	0.036836	0.036865	3,127	708,352
09/23/2017	0.047402	0.049173	0.039314	0.042118	168	797,432
09/22/2017	0.049010	0.050540	0.046545	0.047535	639	824,483
09/21/2017	0.055454	0.058188	0.039834	0.049036	812	932,883
09/20/2017	0.058222	0.061035	0.040367	0.055720	2,834	979,451
09/19/2017	0.043097	0.060226	0.040576	0.058302	848	725,012
09/18/2017	0.036485	0.063536	0.036413	0.042992	1,376	613,775
09/17/2017	0.061962	0.063335	0.036399	0.036511	73	1,042,370
09/16/2017	0.058093	0.062284	0.054656	0.061865	578	977,290
09/15/2017	0.046292	0.059743	0.030019	0.057561	3,683	778,758
09/14/2017	0.062472	0.065945	0.034533	0.045952	412	1,050,960
09/13/2017	0.062937	0.070198	0.029083	0.062472	9,721	1,058,780
09/12/2017	0.062936	0.065719	0.046841	0.062747	1,090	1,058,750
09/11/2017	0.063955	0.065744	0.046822	0.046822	6,479	1,075,900
09/10/2017	0.066356	0.066356	0.061682	0.063742	343	1,116,290
09/09/2017	0.060604	0.068049	0.059202	0.066286	1,022	1,019,530
09/08/2017	0.066667	0.067812	0.058377	0.060631	2,307	1,121,520
09/07/2017	0.052507	0.069612	0.050588	0.066694	1,645	883,318
09/06/2017	0.068379	0.069666	0.047384	0.052487	3,562	1,150,320
09/05/2017	0.062304	0.068917	0.059055	0.068614	527	1,048,130
09/04/2017	0.052948	0.076756	0.052525	0.062509	4,882	890,729
09/03/2017	0.052748	0.072266	0.052748	0.052924	11,678	887,367
09/02/2017	0.059741	0.076447	0.044300	0.052622	8,575	1,005,000
09/01/2017	0.051359	0.062733	0.045672	0.059676	1,655	863,994
08/31/2017	0.042658	0.159294	0.026388	0.051372	3,830	717,620
08/30/2017	0.051625	0.053407	0.041547	0.042691	841	868,479
08/29/2017	0.083174	0.083440	0.051293	0.051650	1,069	1,399,210
08/28/2017	0.064363	0.084661	0.048439	0.083107	4,616	1,082,760
08/27/2017	0.049560	0.070016	0.049475	0.064303	54	833,738
08/26/2017	0.057999	0.061042	0.047897	0.049636	1,960	975,707
08/25/2017	0.057226	0.073550	0.056768	0.057897	699	962,699
08/24/2017	0.058355	0.076109	0.055643	0.057316	5,262	981,692
08/23/2017	0.054100	0.058581	0.053915	0.058336	626	910,102
08/22/2017	0.068044	0.068444	0.052433	0.054210	171	1,144,690
08/21/2017	0.075389	0.083200	0.067548	0.067548	201	1,268,260
08/20/2017	0.058779	0.077290	0.057154	0.075819	3,279	988,818
08/19/2017	0.068764	0.088046	0.057209	0.058732	11,103	1,156,800
08/18/2017	0.104028	0.108223	0.066448	0.068659	219	1,750,030
08/17/2017	0.068001	0.105415	0.067964	0.102730	808	1,143,970
08/16/2017	0.069065	0.087866	0.056408	0.066397	9,842	1,161,860
08/15/2017	0.095170	0.119775	0.070195	0.070228	9,075	1,601,010
08/14/2017	0.098356	0.099427	0.073165	0.094930	5,246	1,654,620
08/13/2017	0.050096	0.081446	0.050096	0.080147	16,860	842,751
