Date	Open	High	Low	Close	Volume	Market Cap
07/15/2018	0.229380	0.245032	0.228618	0.232904	5,531	458,760
07/14/2018	0.233558	0.236033	0.227540	0.229438	1,361	467,116
07/13/2018	0.228629	0.234446	0.227533	0.234107	4,046	457,258
07/12/2018	0.234049	0.239141	0.224337	0.228386	1,028	468,098
07/11/2018	0.252542	0.259863	0.232309	0.234100	12,723	505,084
07/10/2018	0.300268	0.301404	0.252389	0.252533	12,112	600,536
07/09/2018	0.314204	0.315928	0.296087	0.300481	12,078	628,408
07/08/2018	0.321852	0.328947	0.309332	0.314271	8,706	643,704
07/07/2018	0.321846	0.322918	0.303650	0.321775	4,090	643,692
07/06/2018	0.315067	0.359494	0.302962	0.321977	51,167	630,134
07/05/2018	0.338288	0.339725	0.307706	0.315130	5,739	676,576
07/04/2018	0.328329	0.347342	0.325099	0.337508	1,572	656,658
07/03/2018	0.331313	0.351746	0.327111	0.328455	221	662,626
07/02/2018	0.327230	0.349038	0.312808	0.332862	5,050	654,460
07/01/2018	0.328953	0.334785	0.323341	0.327193	614	657,906
06/30/2018	0.312823	0.356749	0.308544	0.328831	2,126	625,646
06/29/2018	0.311069	0.317086	0.288996	0.312456	7,445	622,138
06/28/2018	0.341750	0.344385	0.309116	0.310871	11,598	683,499
06/27/2018	0.336182	0.370158	0.333054	0.341346	19,359	672,364
06/26/2018	0.302483	0.401039	0.293278	0.334888	54,732	604,967
06/25/2018	0.291336	0.367477	0.274717	0.302483	6,857	582,671
06/24/2018	0.342439	0.343001	0.263202	0.291901	20,693	684,879
06/23/2018	0.342897	0.352511	0.322382	0.342486	2,859	685,795
06/22/2018	0.425352	0.430281	0.332555	0.333030	21,349	850,703
06/21/2018	0.411965	0.441028	0.408119	0.425750	35,667	823,930
06/20/2018	0.423752	0.424016	0.399006	0.411912	5,680	847,503
06/19/2018	0.367215	0.424703	0.367144	0.423488	10,634	734,430
06/18/2018	0.356557	0.367411	0.342005	0.367411	3,886	713,113
06/17/2018	0.342963	0.426388	0.342820	0.357677	14,118	685,925
06/16/2018	0.345356	0.354785	0.335563	0.342142	714	690,712
06/15/2018	0.358655	0.358655	0.343719	0.346563	988	717,310
06/14/2018	0.342408	0.359213	0.323274	0.359213	3,170	684,816
06/13/2018	0.353491	0.353900	0.311075	0.342526	11,399	706,981
06/12/2018	0.370653	0.403669	0.350238	0.352538	7,560	741,306
06/11/2018	0.381427	0.386525	0.349460	0.370743	3,323	762,855
06/10/2018	0.424115	0.427716	0.366334	0.380871	5,149	848,230
06/09/2018	0.432683	0.447083	0.423764	0.423764	1,801	865,367
06/08/2018	0.423814	0.445967	0.401037	0.432831	14,326	847,629
06/07/2018	0.433372	0.438544	0.411450	0.423474	11,663	866,743
06/06/2018	0.431879	0.444625	0.427187	0.432974	7,727	863,758
06/05/2018	0.441462	0.442823	0.418038	0.432128	5,281	882,923
06/04/2018	0.443360	0.456412	0.430210	0.441253	4,659	886,720
06/03/2018	0.433599	0.469136	0.431817	0.443168	7,026	867,197
06/02/2018	0.408875	0.465256	0.405791	0.434909	8,042	817,749
06/01/2018	0.426048	0.434644	0.395669	0.409044	6,304	852,096
05/31/2018	0.392807	0.430183	0.391578	0.425467	4,918	785,615
05/30/2018	0.414276	0.422942	0.390099	0.392918	9,035	828,552
05/29/2018	0.405020	0.436894	0.387411	0.413999	17,958	810,040
05/28/2018	0.451574	0.457974	0.404782	0.405305	7,598	903,148
05/27/2018	0.465014	0.465014	0.442672	0.451495	4,310	930,028
05/26/2018	0.467131	0.509384	0.459898	0.468377	4,176	934,262
05/25/2018	0.485082	0.495948	0.457143	0.467661	10,069	970,164
05/24/2018	0.483067	0.523617	0.461441	0.474990	10,645	966,135
05/23/2018	0.537878	0.592281	0.464376	0.485035	243,944	1,075,760
05/22/2018	0.542295	0.698639	0.521348	0.551145	122,251	1,084,590
05/21/2018	0.585181	0.651149	0.533879	0.554768	25,604	1,170,360
05/20/2018	0.532449	0.593186	0.523716	0.584695	36,009	1,064,900
05/19/2018	0.519398	0.539579	0.514502	0.532043	13,426	1,038,800
05/18/2018	0.530761	0.535783	0.505573	0.519467	10,325	1,061,520
05/17/2018	0.526801	0.719010	0.497416	0.536811	367,117	1,053,600
05/16/2018	0.546348	0.546863	0.498814	0.525310	11,031	1,092,700
05/15/2018	0.547285	0.583466	0.539628	0.546619	16,371	1,094,570
05/14/2018	0.584860	0.596287	0.528053	0.548203	29,458	1,169,720
05/13/2018	0.568797	0.601611	0.553194	0.584971	16,217	1,137,590
05/12/2018	0.588826	0.622359	0.529340	0.569055	76,178	1,177,650
05/11/2018	0.673001	0.685213	0.571256	0.590478	69,140	1,346,000
05/10/2018	0.752147	0.860897	0.672636	0.673297	202,252	1,504,290
05/09/2018	0.616250	0.861750	0.595170	0.748898	420,041	1,232,500
05/08/2018	0.678919	0.683481	0.598269	0.617151	29,338	1,357,840
05/07/2018	0.711363	0.712048	0.648788	0.676326	18,340	1,422,730
05/06/2018	0.715011	0.726885	0.675530	0.710859	10,962	1,430,020
05/05/2018	0.742682	0.764808	0.698344	0.714690	33,111	1,485,360
05/04/2018	0.750362	0.757893	0.708447	0.742754	19,127	1,500,720
05/03/2018	0.717248	0.781974	0.716260	0.750694	37,334	1,434,500
05/02/2018	0.697578	0.737024	0.677621	0.717243	35,808	1,395,160
05/01/2018	0.683053	0.698639	0.622866	0.698639	26,723	1,366,110
04/30/2018	0.700714	0.752798	0.678330	0.687565	47,884	1,401,430
04/29/2018	0.682772	0.792932	0.652264	0.713028	1,244,710	1,365,540
04/28/2018	0.666414	0.713380	0.664757	0.683033	18,950	1,332,830
04/27/2018	0.685954	0.710297	0.654607	0.668794	36,755	1,371,910
04/26/2018	0.628044	0.701392	0.612818	0.685003	15,543	1,256,090
04/25/2018	0.707921	0.707921	0.623253	0.623253	23,854	1,415,840
04/24/2018	0.702470	0.722919	0.688470	0.712410	45,006	1,404,940
04/23/2018	0.710684	0.744613	0.669276	0.701934	107,128	1,421,370
04/22/2018	0.754334	0.754334	0.701595	0.712160	49,298	1,508,670
04/21/2018	0.783701	0.812492	0.715572	0.755113	84,546	1,567,400
04/20/2018	0.695342	0.805594	0.666844	0.783453	199,956	1,390,680
04/19/2018	0.534257	0.789842	0.526961	0.694936	435,739	1,068,510
04/18/2018	0.513493	0.538394	0.497540	0.533871	28,257	1,026,990
04/17/2018	0.506383	0.528693	0.495974	0.513073	20,401	1,012,770
04/16/2018	0.513244	0.524946	0.478083	0.506139	16,360	1,026,490
04/15/2018	0.484390	0.513439	0.475171	0.513439	10,013	968,780
04/14/2018	0.452389	0.499717	0.450693	0.483958	16,187	904,778
04/13/2018	0.446299	0.478750	0.433040	0.452390	8,794	892,599
04/12/2018	0.442712	0.475297	0.396682	0.461867	39,017	885,424
04/11/2018	0.373520	0.443873	0.373520	0.443873	60,731	747,039
04/10/2018	0.348267	0.373274	0.341723	0.372950	8,009	696,534
04/09/2018	0.363093	0.373610	0.336732	0.347976	4,946	726,186
04/08/2018	0.352121	0.365603	0.352121	0.362505	4,550	704,241
04/07/2018	0.343844	0.362808	0.343474	0.351803	6,160	687,687
04/06/2018	0.355498	0.371296	0.338049	0.343597	6,144	710,996
04/05/2018	0.360834	0.372219	0.341419	0.357303	7,493	721,667
04/04/2018	0.395136	0.395136	0.351967	0.360685	3,192	790,272
04/03/2018	0.361745	0.406158	0.360321	0.395362	7,058	723,490
04/02/2018	0.351832	0.377109	0.349680	0.361477	5,424	703,665
04/01/2018	0.345173	0.361108	0.330653	0.350228	8,465	690,346
03/31/2018	0.344683	0.361335	0.340260	0.345183	4,283	689,366
03/30/2018	0.370713	0.377714	0.323856	0.344663	14,058	741,426
03/29/2018	0.412074	0.431736	0.362677	0.371639	14,863	824,148
03/28/2018	0.378792	0.434808	0.376677	0.411556	44,987	757,583
03/27/2018	0.406125	0.407463	0.353523	0.378876	18,787	812,250
03/26/2018	0.429923	0.442875	0.386100	0.406712	26,417	859,846
03/25/2018	0.440494	0.448868	0.385990	0.430365	22,994	880,988
03/24/2018	0.446890	0.482110	0.434488	0.446515	14,451	893,780
03/23/2018	0.451207	0.464917	0.428755	0.440602	15,842	902,415
03/22/2018	0.473295	0.489906	0.449116	0.451219	6,799	946,590
03/21/2018	0.492145	0.498917	0.459279	0.481842	14,907	984,289
03/20/2018	0.459269	0.512539	0.441516	0.490843	14,717	918,539
03/19/2018	0.426932	0.492979	0.414749	0.454309	14,583	853,864
03/18/2018	0.417872	0.438742	0.365739	0.432116	37,615	835,744
03/17/2018	0.469864	0.483222	0.411655	0.418886	40,975	939,728
03/16/2018	0.495326	0.502166	0.445795	0.469150	44,198	990,652
03/15/2018	0.531639	0.534972	0.438185	0.495599	39,996	1,063,280
03/14/2018	0.625764	0.649846	0.512848	0.531874	32,903	1,251,530
03/13/2018	0.625502	0.647735	0.608854	0.625677	6,978	1,251,000
03/12/2018	0.682067	0.690268	0.602809	0.628978	27,357	1,364,130
03/11/2018	0.627322	0.694397	0.594465	0.682959	12,703	1,254,640
03/10/2018	0.650435	0.706175	0.627703	0.638709	47,226	1,300,870
03/09/2018	0.660109	0.667857	0.575147	0.650306	32,033	1,320,220
03/08/2018	0.708077	0.716568	0.634779	0.664249	10,290	1,416,150
03/07/2018	0.761583	0.787989	0.663776	0.709084	22,745	1,523,170
03/06/2018	0.878406	0.881211	0.750002	0.762114	49,906	1,756,810
03/05/2018	0.929875	0.929875	0.860601	0.880453	27,465	1,859,750
03/04/2018	0.938714	0.954268	0.885354	0.930505	43,069	1,877,430
03/03/2018	0.865419	0.970252	0.865419	0.954183	58,634	1,730,840
03/02/2018	0.807169	0.911107	0.800546	0.865928	61,285	1,614,340
03/01/2018	0.722798	0.858063	0.707433	0.809166	50,382	1,445,600
02/28/2018	0.746759	0.799359	0.721126	0.721754	25,563	1,493,520
02/27/2018	0.753708	0.793263	0.720879	0.747630	37,334	1,507,420
02/26/2018	0.729075	0.809021	0.725668	0.751541	18,300	1,458,150
02/25/2018	0.754204	0.795064	0.720048	0.728148	18,355	1,508,410
02/24/2018	0.771425	0.837178	0.734269	0.755464	20,705	1,542,850
02/23/2018	0.770878	0.819551	0.747153	0.772385	12,250	1,541,760
02/22/2018	0.865561	0.866680	0.743230	0.771646	91,480	1,731,120
02/21/2018	0.944931	0.957774	0.829615	0.866578	45,423	1,889,860
02/20/2018	0.936463	1.01	0.927032	0.946109	62,807	1,872,930
02/19/2018	0.884386	0.958903	0.882053	0.935735	47,264	1,768,770
02/18/2018	0.945080	0.965311	0.868608	0.888376	11,617	1,890,160
02/17/2018	0.862182	0.963336	0.860044	0.942233	36,983	1,724,360
02/16/2018	0.847859	0.874017	0.824246	0.862005	60,643	1,695,720
02/15/2018	0.817470	0.894381	0.807200	0.851449	36,567	1,634,940
02/14/2018	0.759442	0.826625	0.743002	0.817035	54,735	1,518,880
02/13/2018	0.798799	0.802362	0.739066	0.761708	46,534	1,597,600
02/12/2018	0.747608	0.817704	0.735920	0.797366	17,291	1,495,220
02/11/2018	0.815391	0.815391	0.710703	0.743024	35,008	1,630,780
02/10/2018	0.863135	0.896674	0.763621	0.816114	33,626	1,726,270
02/09/2018	0.824469	0.865078	0.729386	0.862523	27,777	1,648,940
02/08/2018	0.729176	0.824331	0.724710	0.821993	35,026	1,458,350
02/07/2018	0.743582	0.872804	0.668550	0.732038	28,353	1,487,160
02/06/2018	0.620158	0.796017	0.511701	0.750195	33,171	1,240,320
02/05/2018	0.807002	0.826182	0.584493	0.619215	21,408	1,614,000
02/04/2018	0.929311	0.942971	0.755905	0.814903	54,251	1,858,620
02/03/2018	0.878060	0.958005	0.768231	0.928766	43,347	1,756,120
02/02/2018	0.958323	0.958323	0.684470	0.884580	94,042	1,916,650
02/01/2018	1.20	1.22	0.915672	0.960378	59,348	2,398,680
01/31/2018	1.18	1.29	1.12	1.18	94,944	2,353,110
01/30/2018	1.50	1.52	1.16	1.17	108,711	3,001,080
01/29/2018	1.53	1.59	1.42	1.47	130,992	3,051,010
01/28/2018	1.40	1.59	1.40	1.58	167,083	2,796,190
01/27/2018	1.33	1.46	1.28	1.40	69,848	2,653,790
01/26/2018	1.34	1.40	1.18	1.31	106,006	2,687,850
01/25/2018	1.51	1.52	1.32	1.35	141,184	3,016,920
01/24/2018	1.41	1.50	1.34	1.49	124,158	2,815,940
01/23/2018	1.50	1.54	1.32	1.41	273,474	2,990,470
01/22/2018	1.69	1.78	1.42	1.50	98,526	3,379,280
01/21/2018	1.90	1.91	1.66	1.69	228,176	3,790,220
01/20/2018	1.72	2.06	1.66	1.89	279,939	3,444,530
01/19/2018	1.63	1.80	1.54	1.70	244,454	3,269,040
01/18/2018	1.59	1.85	1.53	1.65	252,676	3,175,900
01/17/2018	1.44	1.63	1.07	1.59	363,068	2,887,030
01/16/2018	2.37	2.37	1.21	1.46	1,167,920	4,745,310
01/15/2018	2.49	2.70	2.34	2.34	477,504	4,981,870
01/14/2018	3.06	3.06	2.43	2.51	1,155,190	6,113,000
01/13/2018	3.09	3.53	2.91	3.04	2,889,560	6,178,740
01/12/2018	2.07	3.31	1.94	3.05	4,755,620	4,138,610
01/11/2018	2.09	2.34	1.90	2.06	724,381	4,177,720
01/10/2018	2.06	2.25	1.79	2.25	462,929	4,122,500
01/09/2018	1.97	2.30	1.94	2.09	892,041	3,946,800
01/08/2018	2.19	2.23	1.83	1.98	577,940	4,376,630
01/07/2018	1.92	2.41	1.79	2.17	978,337	3,842,510
01/06/2018	1.77	1.99	1.72	1.92	551,216	3,549,430
01/05/2018	2.03	2.06	1.74	1.76	510,335	4,055,830
01/04/2018	2.12	2.18	1.97	2.03	451,825	4,236,300
01/03/2018	1.80	2.16	1.63	2.15	744,722	3,594,070
01/02/2018	1.68	1.93	1.62	1.80	881,837	3,364,620
01/01/2018	1.80	1.82	1.59	1.68	871,674	3,609,100
12/31/2017	1.60	2.07	1.60	1.77	1,346,460	3,203,560
12/30/2017	2.18	2.22	1.61	1.61	779,702	4,356,780
12/29/2017	2.11	2.69	2.10	2.20	1,368,320	4,226,230
12/28/2017	2.22	2.33	1.76	2.09	648,342	4,449,310
12/27/2017	2.00	2.28	1.74	2.23	810,584	3,996,750
12/26/2017	1.88	2.03	1.48	1.97	1,271,730	3,769,740
12/25/2017	1.17	2.66	1.17	1.92	4,465,040	2,344,050
12/24/2017	1.14	1.20	0.981260	1.20	483,345	2,275,860
12/23/2017	1.03	1.26	1.03	1.13	219,068	2,056,710
12/22/2017	1.30	1.31	0.811322	1.01	278,300	2,601,650
12/21/2017	1.06	1.39	1.06	1.27	605,819	2,113,260
12/20/2017	1.14	1.21	1.01	1.05	293,242	2,279,620
12/19/2017	1.16	1.28	1.10	1.14	883,459	2,328,710
12/18/2017	1.09	1.16	1.04	1.16	258,071	2,173,250
12/17/2017	1.09	1.19	1.07	1.08	173,431	2,178,410
12/16/2017	0.976650	1.11	0.941118	1.09	300,561	1,953,300
12/15/2017	0.992120	1.03	0.908185	0.975061	208,510	1,984,240
12/14/2017	0.936896	1.29	0.899885	1.01	1,040,200	1,873,790
12/13/2017	0.912226	0.968113	0.832436	0.932072	403,506	1,824,450
12/12/2017	0.820275	0.977353	0.806148	0.922065	156,857	1,640,550
12/11/2017	0.795018	0.905015	0.791859	0.820261	128,585	1,590,040
12/10/2017	0.855120	0.875396	0.756234	0.800232	69,903	1,710,240
12/09/2017	0.906578	0.934718	0.805142	0.851769	122,024	1,813,160
12/08/2017	0.921133	0.921133	0.769066	0.907736	116,420	1,842,270
12/07/2017	0.984405	1.00	0.806080	0.902436	194,337	1,968,810
12/06/2017	0.983032	1.01	0.948498	0.986262	172,459	1,966,060
12/05/2017	0.995646	1.02	0.947562	0.985199	105,582	1,991,290
12/04/2017	0.928819	1.02	0.894235	0.993820	184,816	1,857,640
12/03/2017	0.901046	1.04	0.844573	0.925955	227,278	1,802,090
12/02/2017	0.995931	1.03	0.884185	0.900298	149,962	1,991,860
12/01/2017	0.885114	0.997814	0.829539	0.996680	103,514	1,770,230
11/30/2017	0.930925	1.01	0.783378	0.889329	254,174	1,861,850
11/29/2017	0.931473	1.09	0.870803	0.908044	460,222	1,862,950
11/28/2017	1.07	1.25	0.886003	0.932353	1,247,680	2,142,620
11/27/2017	0.823833	1.27	0.793315	1.07	1,118,630	1,647,670
11/26/2017	0.808804	0.839340	0.772984	0.823687	72,986	1,617,610
11/25/2017	0.782020	0.810385	0.768154	0.809073	150,662	1,564,040
11/24/2017	0.753776	0.785618	0.727216	0.783351	61,781	1,507,550
11/23/2017	0.758524	0.808491	0.748174	0.748174	86,318	1,517,050
11/22/2017	0.746271	0.822804	0.733471	0.758707	90,053	1,492,540
11/21/2017	0.768426	0.788752	0.710906	0.744518	89,214	1,536,850
11/20/2017	0.796299	0.836395	0.748431	0.768580	168,774	1,592,600
11/19/2017	0.833745	0.903971	0.769533	0.795189	223,832	1,667,490
11/18/2017	0.849262	0.873522	0.793810	0.835311	53,800	1,698,520
11/17/2017	0.895707	0.911375	0.805216	0.852452	271,027	1,791,410
11/16/2017	0.875299	0.929174	0.856377	0.899625	318,451	1,750,600
11/15/2017	0.841760	0.899631	0.830512	0.877780	58,182	1,683,520
11/14/2017	0.799888	0.856066	0.778749	0.841167	427,216	1,599,780
11/13/2017	0.729160	0.830338	0.723418	0.805086	210,325	1,458,320
11/12/2017	0.853208	0.864830	0.684420	0.737843	971,709	1,706,420
11/11/2017	0.860070	0.893251	0.805854	0.865882	166,459	1,720,140
11/10/2017	0.955420	0.997215	0.829948	0.856774	575,074	1,910,840
11/09/2017	0.934361	1.00	0.908981	0.971193	908,778	1,868,720
11/08/2017	0.922914	0.951251	0.861986	0.939711	248,015	1,845,830
11/07/2017	0.957498	0.979875	0.844576	0.925711	820,391	1,915,000
11/06/2017	1.12	1.20	0.905784	0.937919	816,791	2,247,620
11/05/2017	0.974080	1.30	0.966447	1.11	3,664,260	1,948,160
11/04/2017	0.911923	0.999215	0.895460	0.975404	1,713,360	1,823,850
11/03/2017	0.919786	1.02	0.896253	0.914258	789,628	1,839,570
11/02/2017	0.978163	1.08	0.913540	0.920890	668,448	1,956,330
11/01/2017	0.971250	1.11	0.948680	0.976963	242,755	1,942,500
10/31/2017	0.931602	1.03	0.873254	0.971966	1,388,000	1,863,200
10/30/2017	0.957330	1.09	0.907883	0.934721	594,195	1,914,660
10/29/2017	0.928335	0.988989	0.887044	0.946446	368,006	1,856,670
10/28/2017	0.926976	1.18	0.898743	0.929601	932,946	1,853,950
10/27/2017	0.910046	0.931205	0.845787	0.914258	847,389	1,820,090
10/26/2017	0.918576	0.940578	0.833286	0.909931	128,884	1,837,150
10/25/2017	0.856416	0.956134	0.830422	0.924991	327,829	1,712,830
10/24/2017	0.806050	0.915044	0.751439	0.856538	199,884	1,612,100
10/23/2017	0.905175	0.994026	0.799762	0.811151	558,803	1,810,350
10/22/2017	0.913801	0.954660	0.866101	0.905328	69,688	1,827,600
10/21/2017	1.03	1.06	0.898530	0.913529	476,709	2,068,570
10/20/2017	0.923627	1.04	0.840302	1.02	629,500	1,847,250
10/19/2017	0.902272	0.949841	0.874009	0.923369	153,168	1,804,540
10/18/2017	0.849164	0.907633	0.786710	0.886051	791,418	1,698,330
10/17/2017	0.937497	0.970043	0.805104	0.864723	1,246,150	1,874,990
10/16/2017	0.916865	1.11	0.824346	0.937322	1,059,060	1,833,730
10/15/2017	0.775515	1.51	0.752816	0.916669	4,430,950	1,551,030
10/14/2017	0.776841	0.800989	0.718791	0.774057	45,577	1,553,680
10/13/2017	0.794999	0.819068	0.669678	0.776593	78,299	1,590,000
10/12/2017	0.861608	1.04	0.770437	0.792778	237,350	1,723,220
10/11/2017	0.798932	0.920998	0.766754	0.860978	81,302	1,597,860
10/10/2017	0.819320	0.830693	0.736560	0.795461	49,088	1,638,640
10/09/2017	0.838086	0.929949	0.748167	0.806099	118,628	1,676,170
10/08/2017	1.03	1.06	0.831713	0.837877	130,934	2,066,230
10/07/2017	1.03	1.04	0.997970	1.04	40,683	2,061,960
10/06/2017	1.02	1.08	1.00	1.03	40,112	2,046,520
10/05/2017	1.05	1.10	0.999749	1.03	27,001	2,091,550
10/04/2017	1.11	1.16	0.997360	1.04	118,284	2,211,230
10/03/2017	1.10	1.15	1.05	1.10	71,098	2,209,780
10/02/2017	1.19	1.19	1.06	1.10	134,098	2,373,590
10/01/2017	1.17	1.23	1.14	1.19	141,437	2,336,290
09/30/2017	1.13	1.26	1.12	1.17	131,909	2,255,080
09/29/2017	1.19	1.20	1.10	1.13	97,353	2,371,110
09/28/2017	1.25	1.32	1.16	1.19	270,878	2,507,170
09/27/2017	1.08	1.35	1.08	1.25	606,370	2,165,990
09/26/2017	1.07	1.12	1.04	1.09	94,162	2,139,630
09/25/2017	0.988219	1.07	0.983054	1.07	114,429	1,976,440
09/24/2017	1.02	1.06	0.964100	0.989187	65,118	2,035,240
09/23/2017	0.997112	1.05	0.958979	1.02	72,471	1,994,220
09/22/2017	0.950552	0.999862	0.904381	0.999862	74,130	1,901,100
09/21/2017	1.10	1.13	0.897954	0.951626	192,489	2,190,550
09/20/2017	1.07	1.12	1.05	1.07	137,919	2,149,310
09/19/2017	1.16	1.18	1.06	1.08	129,238	2,320,880
09/18/2017	1.07	1.25	1.06	1.15	299,979	2,138,770
09/17/2017	1.10	1.11	0.986844	1.07	229,342	2,195,710
09/16/2017	1.21	1.24	1.08	1.10	290,027	2,412,690
09/15/2017	1.07	1.24	0.928032	1.21	511,842	2,149,910
09/14/2017	1.14	1.27	1.05	1.07	393,470	2,277,230
09/13/2017	1.24	1.24	1.07	1.14	160,137	2,483,860
09/12/2017	1.26	1.46	1.19	1.24	381,462	2,516,010
09/11/2017	1.27	1.38	1.18	1.25	238,587	2,531,390
09/10/2017	1.36	1.40	1.13	1.26	174,086	2,711,000
09/09/2017	1.48	1.51	1.34	1.38	272,162	2,961,350
09/08/2017	1.54	1.55	1.28	1.43	283,918	3,087,340
09/07/2017	1.58	1.59	1.48	1.54	349,375	3,152,350
09/06/2017	1.43	1.72	1.39	1.58	456,898	2,862,030
09/05/2017	1.30	1.51	1.15	1.43	212,583	2,607,650
09/04/2017	1.58	1.60	1.15	1.30	402,186	3,154,670
09/03/2017	1.56	1.68	1.50	1.57	282,834	3,117,550
09/02/2017	1.79	1.80	1.52	1.56	612,158	3,573,830
09/01/2017	1.52	2.15	1.41	1.79	1,719,100	3,038,430
08/31/2017	1.56	1.61	1.40	1.51	535,318	3,113,900
08/30/2017	1.68	1.68	1.49	1.55	679,441	3,368,010
08/29/2017	1.91	1.91	1.56	1.63	1,172,910	3,826,580
08/28/2017	2.14	2.16	1.78	1.93	1,755,570	4,289,020
08/27/2017	2.96	3.00	2.05	2.14	7,686,830	5,921,210
08/26/2017	3.71	4.17	2.65	3.12	6,828,790	7,410,310
08/25/2017	3.14	4.28	3.00	3.71	6,234,540	6,284,720
08/24/2017	3.23	3.43	2.64	3.13	3,219,310	6,454,420
08/23/2017	2.64	4.12	2.51	3.23	7,107,880	5,280,880
08/22/2017	2.28	2.65	1.91	2.65	1,394,190	4,560,320
08/21/2017	1.87	2.40	1.85	2.27	1,236,210	3,744,820
08/20/2017	1.66	1.97	1.60	1.88	282,370	3,321,090
08/19/2017	1.65	1.75	1.48	1.67	192,334	3,297,370
08/18/2017	1.97	2.11	1.60	1.64	699,454	3,934,000
08/17/2017	1.59	2.15	1.58	1.97	1,067,430	3,183,330
08/16/2017	1.33	1.70	1.29	1.58	405,792	2,666,060
08/15/2017	1.44	1.52	1.20	1.31	146,584	2,873,390
08/14/2017	1.53	1.68	1.25	1.44	518,438	3,054,240
08/13/2017	1.57	1.93	1.38	1.53	777,561	3,136,320
08/12/2017	1.25	2.11	1.17	1.59	1,681,000	2,504,800
08/11/2017	1.20	1.42	1.04	1.28	720,603	2,399,690
08/10/2017	1.58	1.76	1.20	1.20	1,898,740	3,151,600
08/09/2017	1.18	3.03	1.18	1.59	9,105,410	2,366,730
08/08/2017	0.811918	1.49	0.771545	1.19	332,664	1,623,840
08/07/2017	0.857192	0.968555	0.787047	0.811342	76,784	1,714,380
08/06/2017	0.839412	0.897216	0.807837	0.859107	114,883	1,678,820
08/05/2017	0.809759	0.924873	0.777594	0.837878	52,913	1,619,520
08/04/2017	0.808363	0.909411	0.795206	0.810117	241,719	1,616,730
08/03/2017	0.796269	0.912708	0.769836	0.808558	160,116	1,592,540
08/02/2017	0.871443	0.877679	0.794848	0.794848	52,404	1,742,890
08/01/2017	0.798577	0.892801	0.729052	0.871809	48,448	1,597,150
07/31/2017	0.763553	0.881379	0.749226	0.798162	173,683	1,527,110
07/30/2017	0.823063	0.888669	0.757890	0.762761	228,231	1,646,130
07/29/2017	0.854798	0.882395	0.807514	0.825840	47,444	1,709,600
07/28/2017	0.930020	0.930020	0.804159	0.857706	23,917	1,860,040
07/27/2017	0.881868	0.947731	0.867686	0.926199	69,399	1,763,740
07/26/2017	0.917487	0.930962	0.874504	0.879361	337,667	1,834,970
07/25/2017	1.05	1.06	0.866638	0.920412	450,871	2,107,790
07/24/2017	1.10	1.12	1.03	1.05	298,828	2,203,570
07/23/2017	1.12	1.13	1.03	1.10	15,024	2,242,570
07/22/2017	1.14	1.17	1.07	1.12	21,389	2,284,960
07/21/2017	1.42	1.42	1.08	1.14	93,338	2,837,270
07/20/2017	1.13	1.45	1.13	1.41	68,731	2,258,450
07/19/2017	0.923411	1.39	0.900527	1.13	143,591	1,846,820
07/18/2017	0.845187	0.963467	0.738930	0.921496	65,556	1,690,370
07/17/2017	0.768161	0.859257	0.712077	0.842852	17,998	1,536,320
07/16/2017	0.800894	0.824691	0.674222	0.769072	7,977	1,601,790
07/15/2017	0.876863	0.889462	0.780982	0.803470	12,908	1,753,730
07/14/2017	0.936852	0.943952	0.822643	0.878387	18,697	1,873,700
07/13/2017	1.01	1.09	0.937614	0.937614	124,468	2,013,870
07/12/2017	0.941050	1.05	0.901641	1.01	11,300	1,882,100
07/11/2017	0.942953	1.03	0.867593	0.942578	31,248	1,885,910
07/10/2017	1.20	1.24	0.945446	0.945446	31,474	2,402,110
07/09/2017	1.21	1.25	1.20	1.20	7,924	2,425,290
07/08/2017	1.20	1.28	1.19	1.21	30,122	2,405,140
07/07/2017	1.63	1.77	1.19	1.20	175,246	3,261,290
07/06/2017	1.56	1.66	1.29	1.63	67,939	3,116,230
07/05/2017	1.88	2.15	1.01	1.76	47,891	3,767,020
07/04/2017	1.81	9.86	1.69	1.76	88,548	3,623,380
07/03/2017	1.73	9.91	1.71	1.82	28,153	3,462,130
07/02/2017	1.55	1.79	1.54	1.74	21,887	3,099,160
07/01/2017	1.67	1.83	1.54	1.55	24,933	3,335,840
06/30/2017	1.66	1.93	1.60	1.67	1,029,660	3,327,530
06/29/2017	1.76	1.78	1.64	1.66	13,355	3,519,610
06/28/2017	1.65	1.84	1.59	1.76	24,107	3,302,420
06/27/2017	1.59	1.73	1.54	1.64	23,235	3,172,620
06/26/2017	1.76	1.83	1.50	1.61	17,673	3,511,640
06/25/2017	1.95	2.16	1.70	1.76	67,380	3,892,060
06/24/2017	1.93	2.26	1.78	1.88	119,834	3,863,320
06/23/2017	1.62	2.04	1.62	1.93	36,033	3,242,500
06/22/2017	1.86	2.20	1.54	1.62	309,479	3,727,290
06/21/2017	1.99	2.31	1.75	1.83	122,461	3,970,860
06/20/2017	1.18	2.44	1.14	2.11	477,421	2,350,240
06/19/2017	1.46	1.46	1.12	1.18	136,138	2,918,860
06/18/2017	1.58	1.60	1.42	1.47	102,965	-
06/17/2017	2.14	2.22	1.53	1.56	585,254	-
06/16/2017	1.78	2.31	1.75	2.15	1,676,930	-
