Date	Open	High	Low	Close	Volume	Market Cap
07/15/2018	0.128784	0.132647	0.125254	0.131995	114,118	18,029,800
07/14/2018	0.129656	0.131577	0.125764	0.127981	63,555	18,151,800
07/13/2018	0.118938	0.133439	0.117470	0.127601	143,108	16,651,300
07/12/2018	0.123021	0.124025	0.114228	0.117524	73,396	17,222,900
07/11/2018	0.119997	0.125989	0.116173	0.123027	106,884	16,799,600
07/10/2018	0.115220	0.132916	0.097734	0.119993	97,094	16,130,800
07/09/2018	0.110929	0.125450	0.109965	0.115403	31,299	15,530,100
07/08/2018	0.121384	0.121575	0.109874	0.110947	72,605	16,993,800
07/07/2018	0.115686	0.123544	0.111789	0.121521	4,892	16,196,000
07/06/2018	0.117145	0.119843	0.113131	0.115823	40,912	16,400,300
07/05/2018	0.118553	0.120246	0.114276	0.117198	52,261	16,597,400
07/04/2018	0.115030	0.120383	0.113657	0.118167	79,180	16,104,200
07/03/2018	0.117617	0.121332	0.114523	0.115014	109,762	16,466,400
07/02/2018	0.113690	0.121538	0.105918	0.117775	114,541	15,916,600
07/01/2018	0.117182	0.117686	0.110183	0.113653	90,233	16,405,500
06/30/2018	0.114122	0.120676	0.112182	0.117104	89,614	15,977,100
06/29/2018	0.113656	0.115489	0.101754	0.114018	153,784	15,911,800
06/28/2018	0.126563	0.126963	0.108795	0.113611	89,160	17,718,900
06/27/2018	0.120668	0.127601	0.117681	0.126392	47,600	16,893,500
06/26/2018	0.125593	0.126398	0.115751	0.117795	86,937	17,583,000
06/25/2018	0.120632	0.134827	0.116981	0.125851	59,725	16,888,400
06/24/2018	0.133053	0.133450	0.110977	0.121015	87,835	18,627,400
06/23/2018	0.132636	0.142663	0.132418	0.133087	72,843	18,569,000
06/22/2018	0.164062	0.164062	0.127002	0.132154	140,539	22,968,700
06/21/2018	0.126292	0.212505	0.124726	0.162748	325,843	17,680,900
06/20/2018	0.126495	0.130244	0.119696	0.126037	143,395	17,709,200
06/19/2018	0.125963	0.130662	0.118751	0.129672	96,464	17,634,800
06/18/2018	0.116833	0.127596	0.113212	0.126035	111,772	16,356,700
06/17/2018	0.117295	0.135902	0.112456	0.118604	91,823	16,421,300
06/16/2018	0.107662	0.117910	0.106580	0.116844	108,643	15,072,600
06/15/2018	0.122081	0.122556	0.103026	0.107970	79,256	17,091,300
06/14/2018	0.111299	0.124220	0.109884	0.121666	86,446	15,581,900
06/13/2018	0.112867	0.117476	0.105617	0.111219	83,317	15,801,400
06/12/2018	0.121335	0.124230	0.111266	0.112791	67,392	16,986,900
06/11/2018	0.118401	0.121768	0.115554	0.121314	95,848	16,576,200
06/10/2018	0.141244	0.141244	0.115027	0.118214	200,309	19,774,200
06/09/2018	0.137964	0.144656	0.137496	0.140178	46,845	19,314,900
06/08/2018	0.144197	0.145497	0.132146	0.139797	115,488	20,187,600
06/07/2018	0.141305	0.148435	0.135353	0.144005	124,659	19,782,700
06/06/2018	0.145342	0.148208	0.139653	0.141290	56,853	20,347,800
06/05/2018	0.143089	0.146928	0.139225	0.145480	62,118	20,032,500
06/04/2018	0.147205	0.149015	0.140264	0.142134	17,652	20,608,600
06/03/2018	0.142705	0.149060	0.142213	0.146816	44,692	19,978,600
06/02/2018	0.140695	0.159561	0.139772	0.142720	121,709	19,697,400
06/01/2018	0.129776	0.141019	0.129173	0.140721	121,575	18,168,600
05/31/2018	0.130880	0.134329	0.127203	0.129654	40,506	18,323,100
05/30/2018	0.128707	0.138349	0.127774	0.131134	53,753	18,019,000
05/29/2018	0.123830	0.133993	0.123830	0.132020	77,666	17,336,100
05/28/2018	0.130740	0.131072	0.122795	0.125400	50,090	18,303,600
05/27/2018	0.131243	0.132202	0.126166	0.130722	63,241	18,374,100
05/26/2018	0.140570	0.140570	0.130625	0.131446	58,926	19,679,800
05/25/2018	0.130011	0.140732	0.124117	0.140732	79,032	18,201,500
05/24/2018	0.128368	0.131881	0.121511	0.129813	30,544	17,971,500
05/23/2018	0.143112	0.146187	0.125558	0.128754	80,577	20,035,700
05/22/2018	0.153857	0.153869	0.141270	0.143264	10,976	21,540,000
05/21/2018	0.156904	0.162177	0.152048	0.154153	56,511	21,966,500
05/20/2018	0.163422	0.163422	0.151508	0.156968	24,254	22,879,100
05/19/2018	0.160610	0.163813	0.151325	0.163296	43,806	22,485,400
05/18/2018	0.148279	0.163666	0.144783	0.160050	40,109	20,759,100
05/17/2018	0.150932	0.155726	0.145515	0.148174	25,242	21,130,500
05/16/2018	0.154476	0.156080	0.146862	0.150837	15,624	21,626,600
05/15/2018	0.159595	0.165852	0.150003	0.154506	31,417	22,343,300
05/14/2018	0.171159	0.173675	0.143108	0.159970	82,811	23,962,300
05/13/2018	0.158948	0.171325	0.149219	0.170776	86,188	22,252,700
05/12/2018	0.172714	0.177456	0.154228	0.159024	63,077	24,179,900
05/11/2018	0.198251	0.198251	0.167871	0.168585	32,229	27,755,100
05/10/2018	0.204199	0.208151	0.185513	0.198025	46,240	28,587,800
05/09/2018	0.190838	0.212298	0.183261	0.204316	43,704	26,717,400
05/08/2018	0.211245	0.218891	0.186205	0.191122	18,601	29,574,300
05/07/2018	0.228663	0.228663	0.194963	0.210690	113,525	32,012,800
05/06/2018	0.224629	0.241581	0.198884	0.227820	117,104	31,448,100
05/05/2018	0.233278	0.246298	0.198399	0.225287	119,184	32,658,900
05/04/2018	0.257557	0.257821	0.219492	0.233263	144,657	36,057,900
05/03/2018	0.241977	0.266271	0.233789	0.258305	332,968	33,876,800
05/02/2018	0.198314	0.250740	0.188600	0.242507	365,579	27,763,900
05/01/2018	0.192849	0.203448	0.182902	0.199502	69,224	26,998,900
04/30/2018	0.199246	0.206321	0.186229	0.195946	118,035	27,894,400
04/29/2018	0.203282	0.206304	0.189478	0.199290	79,301	28,459,500
04/28/2018	0.192521	0.204370	0.177517	0.203237	160,194	26,952,900
04/27/2018	0.162250	0.207272	0.160527	0.193412	158,504	22,715,000
04/26/2018	0.154257	0.163358	0.147643	0.162003	94,292	21,595,900
04/25/2018	0.165440	0.168780	0.146966	0.152276	110,324	23,161,600
04/24/2018	0.159386	0.176393	0.157233	0.165521	148,423	22,314,100
04/23/2018	0.140093	0.161602	0.139228	0.160447	91,312	19,613,100
04/22/2018	0.153108	0.155180	0.139202	0.140436	71,492	21,435,100
04/21/2018	0.140897	0.156889	0.138591	0.153304	52,598	19,725,600
04/20/2018	0.137162	0.154058	0.131038	0.140734	103,158	19,202,700
04/19/2018	0.138277	0.146439	0.126858	0.137115	37,170	19,358,800
04/18/2018	0.121991	0.138492	0.118086	0.137982	57,715	17,078,800
04/17/2018	0.123658	0.129317	0.111459	0.121887	94,088	17,312,100
04/16/2018	0.132154	0.133061	0.120773	0.123610	41,366	18,501,600
04/15/2018	0.131968	0.136173	0.125329	0.132207	68,823	18,475,500
04/14/2018	0.138316	0.140516	0.128929	0.131500	50,085	19,364,300
04/13/2018	0.139751	0.142816	0.133724	0.135757	31,284	19,565,100
04/12/2018	0.128263	0.141366	0.119988	0.139521	104,564	17,956,800
04/11/2018	0.112629	0.128583	0.107776	0.128583	32,226	15,768,100
04/10/2018	0.105809	0.112576	0.104349	0.112515	22,096	14,813,200
04/09/2018	0.109770	0.122070	0.104786	0.106064	21,692	15,367,800
04/08/2018	0.108267	0.118159	0.108164	0.109583	23,929	15,157,400
04/07/2018	0.103719	0.111293	0.103565	0.108267	5,225	14,520,600
04/06/2018	0.111182	0.112214	0.101450	0.104578	6,139	15,565,400
04/05/2018	0.117554	0.119419	0.103016	0.111785	75,558	16,457,600
04/04/2018	0.134227	0.137711	0.115832	0.117570	23,261	18,791,800
04/03/2018	0.137446	0.142665	0.129766	0.138480	29,341	19,242,500
04/02/2018	0.130135	0.142215	0.121886	0.138070	90,884	18,218,900
04/01/2018	0.123208	0.141279	0.120499	0.130392	52,793	17,249,100
03/31/2018	0.112778	0.137773	0.112778	0.123104	33,172	15,788,900
03/30/2018	0.107772	0.124466	0.100262	0.112799	76,413	15,088,100
03/29/2018	0.115517	0.123600	0.105831	0.108058	84,099	16,172,300
03/28/2018	0.121029	0.121467	0.112032	0.115599	91,615	16,944,000
03/27/2018	0.124675	0.127087	0.117263	0.121039	91,360	17,454,500
03/26/2018	0.131250	0.135529	0.117545	0.124893	25,084	18,375,000
03/25/2018	0.132967	0.136693	0.127435	0.131263	25,972	18,615,300
03/24/2018	0.136560	0.142303	0.129345	0.134756	50,599	19,118,400
03/23/2018	0.129815	0.136094	0.119019	0.134583	65,805	18,174,100
03/22/2018	0.134010	0.141551	0.124524	0.128802	85,460	18,761,400
03/21/2018	0.133322	0.137973	0.127252	0.134151	41,313	18,665,000
03/20/2018	0.135580	0.137997	0.125731	0.133631	29,843	18,981,200
03/19/2018	0.124761	0.144425	0.122633	0.134444	89,599	17,466,500
03/18/2018	0.114895	0.135301	0.094935	0.126508	94,134	16,085,300
03/17/2018	0.128613	0.128613	0.107200	0.116562	33,694	18,005,800
03/16/2018	0.115364	0.137390	0.110475	0.124517	88,962	16,150,900
03/15/2018	0.121971	0.124857	0.109143	0.115371	33,105	17,076,000
03/14/2018	0.141496	0.148076	0.114378	0.122021	57,898	19,809,400
03/13/2018	0.129986	0.166867	0.121895	0.141656	100,116	18,198,100
03/12/2018	0.157214	0.162341	0.116481	0.129926	186,717	22,009,900
03/11/2018	0.151047	0.161719	0.146132	0.157682	44,693	21,146,600
03/10/2018	0.159201	0.181323	0.150790	0.151559	58,218	22,288,200
03/09/2018	0.149233	0.159894	0.130699	0.159188	49,887	20,892,700
03/08/2018	0.168047	0.177657	0.149579	0.150139	60,304	23,526,500
03/07/2018	0.179359	0.191989	0.160399	0.167405	77,466	25,110,200
03/06/2018	0.206259	0.209682	0.175405	0.179629	80,498	28,876,300
03/05/2018	0.222954	0.228007	0.206719	0.206790	47,587	31,213,600
03/04/2018	0.212517	0.240016	0.197637	0.223077	88,027	29,752,400
03/03/2018	0.195021	0.227587	0.190595	0.212799	121,671	27,302,900
03/02/2018	0.186255	0.208348	0.181667	0.193931	256,550	26,075,700
03/01/2018	0.185644	0.197116	0.169477	0.186632	165,376	25,990,200
02/28/2018	0.176075	0.224473	0.155508	0.185388	100,662	24,650,500
02/27/2018	0.160931	0.178664	0.158312	0.176224	48,942	22,530,300
02/26/2018	0.163475	0.176381	0.155481	0.160464	104,984	22,886,500
02/25/2018	0.164148	0.172792	0.156947	0.162125	54,080	22,980,700
02/24/2018	0.178014	0.179664	0.157259	0.164451	48,234	24,922,000
02/23/2018	0.155934	0.194283	0.152153	0.184041	145,198	21,830,800
02/22/2018	0.160004	0.171194	0.149942	0.156958	56,610	22,400,500
02/21/2018	0.180035	0.188019	0.154565	0.160186	92,644	25,204,900
02/20/2018	0.220279	0.228822	0.182346	0.183442	181,233	30,839,000
02/19/2018	0.224884	0.231063	0.207991	0.220153	66,930	31,483,800
02/18/2018	0.249255	0.253882	0.209688	0.225716	205,104	34,895,700
02/17/2018	0.206173	0.251811	0.199272	0.249404	230,937	28,864,300
02/16/2018	0.186141	0.212538	0.186141	0.202243	194,733	26,059,800
02/15/2018	0.170456	0.202671	0.166236	0.187927	318,703	23,863,900
02/14/2018	0.160185	0.176175	0.158009	0.170467	133,467	22,425,900
02/13/2018	0.157843	0.175304	0.150060	0.167236	251,379	22,098,000
02/12/2018	0.138883	0.178725	0.137911	0.157563	106,538	19,443,600
02/11/2018	0.139488	0.144449	0.128092	0.138168	114,410	19,528,300
02/10/2018	0.157572	0.164309	0.135173	0.137523	238,621	22,060,000
02/09/2018	0.166765	0.175778	0.144036	0.157566	257,929	23,347,200
02/08/2018	0.154782	0.177472	0.154782	0.169110	53,561	21,669,500
02/07/2018	0.170072	0.194725	0.149447	0.155301	107,665	23,810,000
02/06/2018	0.156043	0.174623	0.110891	0.170405	143,647	21,846,100
02/05/2018	0.168661	0.171537	0.137886	0.156847	79,293	23,612,500
02/04/2018	0.197832	0.209996	0.161326	0.170013	54,718	27,696,500
02/03/2018	0.199985	0.219997	0.156157	0.200157	144,309	27,997,800
02/02/2018	0.195326	0.209234	0.152883	0.199069	162,174	27,345,600
02/01/2018	0.235880	0.250718	0.176945	0.203031	299,612	33,023,200
01/31/2018	0.255602	0.273308	0.229508	0.233506	136,635	35,784,200
01/30/2018	0.296677	0.313851	0.238807	0.254984	220,184	41,534,800
01/29/2018	0.341973	0.353317	0.296448	0.296655	228,172	47,876,200
01/28/2018	0.328716	0.382411	0.317034	0.342448	173,420	46,020,200
01/27/2018	0.330522	0.370332	0.302518	0.331148	387,599	46,273,100
01/26/2018	0.330460	0.364840	0.283864	0.330743	1,093,240	46,264,500
01/25/2018	0.342643	0.367380	0.316427	0.326740	541,428	47,970,000
01/24/2018	0.302623	0.334603	0.283992	0.331822	185,408	42,367,200
01/23/2018	0.288509	0.309344	0.267084	0.302746	156,534	40,391,300
01/22/2018	0.332064	0.349280	0.261611	0.290476	343,776	46,489,000
01/21/2018	0.403495	0.407809	0.316908	0.329263	215,724	56,489,300
01/20/2018	0.384904	0.448413	0.372066	0.406274	428,990	53,886,600
01/19/2018	0.365448	0.443426	0.359336	0.380904	527,746	51,162,700
01/18/2018	0.366253	0.402517	0.316343	0.368502	578,259	51,275,500
01/17/2018	0.336220	0.379371	0.228130	0.364360	862,220	47,070,800
01/16/2018	0.458979	0.458979	0.278721	0.334636	1,169,950	64,257,000
01/15/2018	0.483587	0.534562	0.434079	0.458381	1,134,410	67,702,200
01/14/2018	0.581510	0.599404	0.468820	0.486929	1,023,240	81,411,500
01/13/2018	0.502545	0.598924	0.497163	0.580866	1,415,250	70,356,400
01/12/2018	0.470896	0.540027	0.454869	0.516082	781,244	65,925,400
01/11/2018	0.495838	0.510851	0.378296	0.462362	1,259,950	69,417,300
01/10/2018	0.464002	0.504794	0.424001	0.496130	675,154	64,960,200
01/09/2018	0.396540	0.469711	0.384253	0.452431	989,608	55,515,500
01/08/2018	0.443353	0.473546	0.344119	0.398195	1,119,330	62,069,500
01/07/2018	0.404698	0.469248	0.325328	0.443651	1,224,940	56,657,800
01/06/2018	0.394939	0.426277	0.357431	0.422794	588,992	55,291,500
01/05/2018	0.397701	0.436632	0.364620	0.393642	798,861	55,678,100
01/04/2018	0.407142	0.423295	0.362837	0.396972	1,096,980	56,999,900
01/03/2018	0.331197	0.399844	0.299546	0.379774	1,294,610	46,367,600
01/02/2018	0.258101	0.365267	0.258101	0.339476	1,395,330	36,134,100
01/01/2018	0.294826	0.298484	0.257764	0.257764	432,954	41,275,600
12/31/2017	0.255823	0.304133	0.253050	0.292860	249,798	35,815,300
12/30/2017	0.302764	0.308030	0.239624	0.259762	603,003	42,386,900
12/29/2017	0.267660	0.348198	0.251399	0.300678	1,713,740	37,472,400
12/28/2017	0.413881	0.414448	0.182131	0.260896	1,779,880	57,943,400
12/27/2017	0.194071	0.229040	0.171467	0.222865	455,036	27,170,000
12/26/2017	0.180329	0.203579	0.174426	0.193910	395,555	25,246,100
12/25/2017	0.162335	0.181481	0.157037	0.180493	394,913	22,726,900
12/24/2017	0.175497	0.176566	0.142481	0.156296	255,848	24,569,500
12/23/2017	0.155236	0.187505	0.155236	0.173534	234,463	21,733,100
12/22/2017	0.174820	0.192203	0.117156	0.153710	308,318	24,474,800
12/21/2017	0.152982	0.185903	0.135032	0.174202	644,083	21,417,400
12/20/2017	0.159910	0.168055	0.134286	0.152616	229,524	22,387,400
12/19/2017	0.153047	0.189967	0.143829	0.159194	594,149	21,426,500
12/18/2017	0.134807	0.155037	0.127113	0.150461	275,193	18,873,000
12/17/2017	0.141674	0.152563	0.128379	0.134794	265,760	19,834,300
12/16/2017	0.110516	0.143492	0.106861	0.141464	237,968	15,472,200
12/15/2017	0.101953	0.119976	0.094627	0.110359	209,784	14,273,400
12/14/2017	0.098153	0.114132	0.091296	0.102181	123,271	13,741,400
12/13/2017	0.116647	0.121267	0.089768	0.099001	241,101	16,330,600
12/12/2017	0.113583	0.123885	0.106278	0.117622	219,221	15,901,600
12/11/2017	0.103299	0.113450	0.099082	0.113450	200,164	14,461,900
12/10/2017	0.111085	0.111633	0.096238	0.104979	287,697	15,551,900
12/09/2017	0.112888	0.135383	0.104015	0.111056	278,027	15,804,300
12/08/2017	0.100087	0.121710	0.096064	0.112975	252,207	14,012,200
12/07/2017	0.116039	0.122933	0.079356	0.099423	467,431	16,245,400
12/06/2017	0.106992	0.147505	0.103314	0.116252	104,403	14,978,800
12/05/2017	0.117259	0.122960	0.087878	0.107218	309,166	16,416,300
12/04/2017	0.121716	0.126106	0.105831	0.116850	360,368	17,040,300
12/03/2017	0.119599	0.136392	0.109438	0.120194	266,716	16,743,800
12/02/2017	0.132777	0.135112	0.104914	0.121056	392,891	18,588,800
12/01/2017	0.115085	0.133237	0.110381	0.125933	111,011	16,111,800
11/30/2017	0.124514	0.131039	0.104946	0.113937	304,741	17,431,900
11/29/2017	0.138039	0.150222	0.114026	0.123532	375,219	19,325,500
11/28/2017	0.144172	0.150922	0.132347	0.139084	478,929	20,184,100
11/27/2017	0.129938	0.148876	0.129938	0.143842	249,871	18,191,300
11/26/2017	0.127214	0.138699	0.125295	0.129946	381,492	17,810,000
11/25/2017	0.130605	0.135625	0.120513	0.129097	293,263	18,284,600
11/24/2017	0.129931	0.157329	0.122799	0.131117	377,123	18,190,300
11/23/2017	0.111254	0.137081	0.103868	0.128096	831,406	15,575,600
11/22/2017	0.108285	0.114087	0.106619	0.111225	60,854	15,160,000
11/21/2017	0.118533	0.123906	0.106977	0.108488	2,420,590	16,594,600
11/20/2017	0.116471	0.123314	0.108060	0.115624	241,196	16,305,900
11/19/2017	0.108617	0.118289	0.106753	0.116530	137,499	15,206,400
11/18/2017	0.113908	0.120803	0.108325	0.108884	108,691	15,947,100
11/17/2017	0.132250	0.135021	0.113812	0.114334	92,113	18,515,000
11/16/2017	0.109271	0.138053	0.100997	0.132460	298,495	15,297,900
11/15/2017	0.097452	0.113746	0.097431	0.109492	83,572	13,643,300
11/14/2017	0.094408	0.102470	0.090520	0.098372	55,289	13,217,200
11/13/2017	0.087005	0.100089	0.087005	0.094485	37,124	12,180,600
11/12/2017	0.099522	0.102259	0.083036	0.088499	32,601	13,933,100
11/11/2017	0.099482	0.115614	0.095922	0.099588	45,218	13,927,500
11/10/2017	0.120940	0.124835	0.097410	0.099836	38,325	16,931,600
11/09/2017	0.115844	0.126185	0.111269	0.121122	67,333	16,218,200
11/08/2017	0.095376	0.118523	0.095026	0.116037	104,078	13,352,600
11/07/2017	0.095012	0.098981	0.092804	0.095508	43,529	13,301,700
11/06/2017	0.095511	0.102080	0.090643	0.095158	45,002	13,371,500
11/05/2017	0.098095	0.104597	0.093272	0.093671	32,346	13,733,300
11/04/2017	0.089813	0.111846	0.089813	0.098018	35,697	12,573,800
11/03/2017	0.088999	0.108105	0.086031	0.091127	59,305	12,459,900
11/02/2017	0.121419	0.123206	0.089081	0.093457	184,953	16,998,600
11/01/2017	0.127293	0.128663	0.120095	0.121580	52,656	17,821,000
10/31/2017	0.119814	0.133728	0.119814	0.127089	96,394	16,774,000
10/30/2017	0.126394	0.126833	0.116122	0.120062	63,133	17,695,100
10/29/2017	0.124925	0.134021	0.120564	0.127692	113,010	17,489,600
10/28/2017	0.123552	0.130267	0.115002	0.124292	48,338	17,297,200
10/27/2017	0.117762	0.123432	0.110890	0.123233	85,152	16,486,700
10/26/2017	0.110907	0.120108	0.106030	0.116917	77,199	15,526,900
10/25/2017	0.119789	0.122597	0.103128	0.110748	128,762	16,770,500
10/24/2017	0.107420	0.129141	0.104331	0.117147	180,566	15,038,800
10/23/2017	0.104766	0.111050	0.098190	0.107545	89,520	14,667,300
10/22/2017	0.102972	0.109684	0.094036	0.106149	124,181	14,416,100
10/21/2017	0.113469	0.120967	0.095510	0.102338	144,083	15,885,600
10/20/2017	0.128602	0.129431	0.113460	0.113460	77,212	18,004,300
10/19/2017	0.126609	0.142927	0.119100	0.128889	155,227	17,725,200
10/18/2017	0.109062	0.131187	0.095322	0.126445	185,107	15,268,700
10/17/2017	0.090204	0.112955	0.088534	0.109225	158,773	12,628,600
10/16/2017	0.089974	0.113932	0.089974	0.092731	331,343	12,596,400
10/15/2017	0.102631	0.118667	0.082841	0.090451	149,981	14,368,300
10/14/2017	0.125929	0.130816	0.097523	0.105281	191,453	17,630,000
10/13/2017	0.114194	0.134006	0.109008	0.126063	137,997	15,987,100
10/12/2017	0.118030	0.131534	0.106620	0.118407	229,493	16,524,100
10/11/2017	0.102354	0.149865	0.102004	0.116604	133,478	14,329,500
10/10/2017	0.106812	0.115696	0.094873	0.102018	232,717	14,953,600
10/09/2017	0.118630	0.133982	0.097929	0.108074	179,331	16,608,200
10/08/2017	0.123431	0.136448	0.117818	0.117818	174,185	17,280,400
10/07/2017	0.137552	0.140903	0.120125	0.123946	213,375	19,257,200
10/06/2017	0.152328	0.153661	0.124799	0.137764	192,775	21,325,900
10/05/2017	0.158434	0.161010	0.145805	0.152685	124,246	22,180,800
10/04/2017	0.161268	0.162905	0.153967	0.158722	91,352	22,577,600
10/03/2017	0.161696	0.165796	0.152672	0.159774	127,379	22,637,400
10/02/2017	0.177141	0.182094	0.155176	0.161441	139,907	24,799,800
10/01/2017	0.172649	0.185916	0.168655	0.177219	62,757	24,170,900
09/30/2017	0.162243	0.178242	0.161952	0.171955	53,580	22,714,000
09/29/2017	0.168476	0.181012	0.158378	0.162987	75,451	23,586,700
09/28/2017	0.150066	0.178510	0.149417	0.168800	175,619	21,009,300
09/27/2017	0.158966	0.167164	0.150278	0.150441	187,658	22,255,300
09/26/2017	0.162202	0.164648	0.151470	0.157778	117,667	22,708,300
09/25/2017	0.160148	0.173156	0.154102	0.161133	135,204	22,420,700
09/24/2017	0.160551	0.171518	0.151794	0.160298	176,925	22,477,200
09/23/2017	0.163997	0.167069	0.148289	0.160786	419,405	22,959,600
09/22/2017	0.167598	0.177035	0.162762	0.165879	62,663	23,463,800
09/21/2017	0.186843	0.191351	0.166667	0.167759	122,578	26,158,000
09/20/2017	0.193741	0.201179	0.181524	0.186886	136,015	27,123,700
09/19/2017	0.203039	0.205651	0.179316	0.190683	223,899	28,425,500
09/18/2017	0.186365	0.207093	0.186365	0.202203	178,797	26,091,000
09/17/2017	0.192573	0.193502	0.174221	0.185867	256,916	26,960,200
09/16/2017	0.191605	0.205765	0.176401	0.192590	148,250	26,824,700
09/15/2017	0.162414	0.208911	0.151843	0.192251	357,231	22,738,000
09/14/2017	0.200870	0.218321	0.159607	0.164243	297,748	28,121,800
09/13/2017	0.216260	0.216260	0.173520	0.200757	244,107	30,276,400
09/12/2017	0.208629	0.226300	0.201177	0.216042	209,153	29,208,100
09/11/2017	0.212647	0.236457	0.201979	0.208154	172,293	29,770,600
09/10/2017	0.230401	0.246162	0.200782	0.211999	270,833	32,256,200
09/09/2017	0.242677	0.252707	0.213265	0.233797	319,565	33,974,800
09/08/2017	0.236891	0.276946	0.221228	0.230553	473,219	33,164,700
09/07/2017	0.227943	0.237398	0.218209	0.234003	196,453	31,912,100
09/06/2017	0.233319	0.249810	0.221395	0.227749	295,150	32,664,600
09/05/2017	0.224487	0.234788	0.192461	0.228974	243,519	31,428,200
09/04/2017	0.247232	0.252476	0.190443	0.227993	444,024	34,612,500
09/03/2017	0.281156	0.281800	0.229081	0.247331	330,912	39,361,800
09/02/2017	0.252610	0.290446	0.241392	0.275692	423,668	35,365,500
09/01/2017	0.248960	0.277845	0.239647	0.252241	440,954	34,854,400
08/31/2017	0.245418	0.260717	0.221850	0.250220	464,752	34,358,500
08/30/2017	0.227328	0.248630	0.204319	0.242939	434,164	31,825,900
08/29/2017	0.249123	0.257764	0.206735	0.227957	378,709	34,877,200
08/28/2017	0.266192	0.266192	0.221774	0.247747	426,230	37,266,800
08/27/2017	0.273788	0.288025	0.239115	0.255242	474,145	38,330,300
08/26/2017	0.232529	0.296225	0.232529	0.269699	1,234,720	32,554,100
08/25/2017	0.208990	0.232015	0.200983	0.229094	420,801	29,258,500
08/24/2017	0.198744	0.224068	0.191344	0.209451	462,662	27,824,200
08/23/2017	0.169612	0.206474	0.162437	0.200244	535,714	23,745,700
08/22/2017	0.165419	0.177837	0.135108	0.163052	281,073	23,158,700
08/21/2017	0.172984	0.181381	0.161784	0.165355	199,116	24,217,800
08/20/2017	0.171690	0.185928	0.165662	0.173858	183,029	24,036,600
08/19/2017	0.157999	0.180181	0.140169	0.171829	199,200	22,119,900
08/18/2017	0.184722	0.194154	0.128993	0.162008	295,533	25,861,000
08/17/2017	0.208108	0.218341	0.141213	0.185360	828,638	29,135,100
08/16/2017	0.144402	0.204460	0.123488	0.195784	1,031,530	20,216,300
08/15/2017	0.096998	0.145072	0.088433	0.144039	522,148	13,579,800
08/14/2017	0.092068	0.096988	0.078655	0.096213	247,693	12,889,500
08/13/2017	0.088448	0.098416	0.080765	0.091974	161,536	12,382,800
08/12/2017	0.073911	0.096716	0.071721	0.088249	338,616	10,347,500
08/11/2017	0.073789	0.079077	0.067536	0.074010	153,631	10,330,400
08/10/2017	0.056415	0.079545	0.039614	0.074847	304,842	7,898,120
08/09/2017	0.056341	0.057928	0.050699	0.056467	66,526	7,887,790
08/08/2017	0.059658	0.062397	0.054771	0.056171	80,819	8,352,170
08/07/2017	0.060784	0.062056	0.044053	0.059627	104,458	8,509,820
08/06/2017	0.057992	0.061820	0.054582	0.060989	90,447	8,118,890
08/05/2017	0.055170	0.064002	0.054883	0.058961	51,927	7,723,770
08/04/2017	0.054993	0.061320	0.052777	0.055195	49,345	7,698,970
08/03/2017	0.055270	0.056767	0.050180	0.054991	53,652	7,737,860
08/02/2017	0.058674	0.064293	0.048537	0.048688	58,449	8,214,360
08/01/2017	0.063266	0.065930	0.050686	0.057349	52,924	8,857,220
07/31/2017	0.056025	0.064081	0.046110	0.053080	52,549	7,843,490
07/30/2017	0.060663	0.064827	0.055161	0.055900	53,322	8,492,790
07/29/2017	0.044109	0.066535	0.044007	0.060646	113,563	6,175,230
07/28/2017	0.040124	0.050351	0.030421	0.040248	88,727	5,617,310
