Date	Open	High	Low	Close	Volume	Market Cap
07/14/2018	0.020769	0.020922	0.020769	0.020790	6	575,079
07/13/2018	0.020601	0.021015	0.020579	0.020827	10	570,424
07/12/2018	0.020426	0.020580	0.020212	0.020580	14	565,593
07/10/2018	0.021986	0.022030	0.020985	0.021141	3	608,797
07/09/2018	0.022201	0.022305	0.021908	0.022002	3	614,731
07/08/2018	0.022330	0.022369	0.022167	0.022206	5	618,305
07/07/2018	0.021778	0.021808	0.021673	0.021726	323	603,018
07/06/2018	0.022351	0.022366	0.021313	0.021815	324	618,892
07/05/2018	0.022887	0.023095	0.022128	0.022355	229	633,737
07/04/2018	0.023531	0.023568	0.023300	0.023431	12	651,563
07/03/2018	0.023673	0.025575	0.023444	0.023540	16	655,503
07/02/2018	0.022848	0.024499	0.022610	0.023785	200	632,643
07/01/2018	0.023505	0.023716	0.022845	0.022845	969	650,854
06/30/2018	0.022338	0.023633	0.022336	0.023500	13	618,518
06/29/2018	0.021048	0.022691	0.021011	0.022307	34	582,813
06/28/2018	0.022082	0.022147	0.021902	0.021994	3	611,442
06/27/2018	0.021889	0.022180	0.021655	0.022074	24	606,106
06/26/2018	0.022618	0.022667	0.021878	0.021898	267	626,286
06/25/2018	0.023987	0.024087	0.022602	0.022618	276	664,201
06/24/2018	0.025037	0.025077	0.022531	0.024034	34	693,258
06/23/2018	0.023118	0.025327	0.023078	0.025040	148	640,140
06/22/2018	0.027060	0.029169	0.022710	0.023115	567	749,276
06/21/2018	0.027816	0.030365	0.024651	0.027090	2,755	770,213
06/20/2018	0.027311	0.027976	0.027209	0.027810	10	756,228
06/19/2018	0.027459	0.027741	0.027317	0.027512	9	760,335
06/18/2018	0.026492	0.028963	0.026273	0.027474	9	733,542
06/17/2018	0.027026	0.027209	0.026494	0.026582	117	748,329
06/16/2018	0.026459	0.028744	0.026413	0.026954	119	732,635
06/15/2018	0.028967	0.028989	0.026410	0.026556	46	802,077
06/14/2018	0.027679	0.029152	0.027623	0.029015	98	766,417
06/13/2018	0.031664	0.031702	0.027170	0.027691	30	876,770
06/12/2018	0.030925	0.033102	0.030654	0.031582	33	856,300
06/11/2018	0.030218	0.031102	0.027586	0.030942	27	836,725
06/10/2018	0.033474	0.033474	0.028899	0.030175	116	926,880
06/09/2018	0.032263	0.034077	0.031326	0.033432	89	893,340
06/08/2018	0.031114	0.032422	0.030618	0.032276	21	861,539
06/07/2018	0.031622	0.032000	0.030986	0.031091	25	875,611
06/06/2018	0.030724	0.031757	0.030453	0.031593	157	850,743
06/05/2018	0.032035	0.032069	0.029747	0.030733	15	887,031
06/04/2018	0.030518	0.032195	0.030487	0.032019	108	845,034
06/03/2018	0.030768	0.031130	0.030632	0.031004	5	851,965
06/02/2018	0.030367	0.030990	0.030197	0.030760	42	840,853
06/01/2018	0.031989	0.032416	0.029966	0.030380	32	885,769
05/31/2018	0.030121	0.032405	0.029974	0.031966	48	834,046
05/30/2018	0.030381	0.030729	0.029659	0.030127	234	841,234
05/29/2018	0.029257	0.032162	0.029096	0.030360	364	810,115
05/28/2018	0.030557	0.030924	0.029178	0.029267	56	846,106
05/27/2018	0.030514	0.031210	0.030093	0.030550	302	844,918
05/26/2018	0.034278	0.034991	0.030336	0.030500	194	949,140
05/25/2018	0.033201	0.035018	0.032240	0.034323	50	919,308
05/24/2018	0.034590	0.035518	0.031943	0.033138	40	957,778
05/23/2018	0.036736	0.036843	0.034204	0.034677	144	1,017,200
05/22/2018	0.042627	0.045599	0.033539	0.036774	2,684	1,180,320
05/21/2018	0.043149	0.043179	0.037598	0.041457	1,175	1,194,770
05/20/2018	0.046092	0.047488	0.040959	0.043095	100	1,276,270
05/19/2018	0.042183	0.046689	0.041960	0.046058	199	1,168,040
05/18/2018	0.040148	0.042342	0.040126	0.042190	718	1,111,680
05/17/2018	0.040907	0.041372	0.039692	0.040113	176	1,132,690
05/16/2018	0.040734	0.040885	0.039046	0.040882	616	1,127,900
05/15/2018	0.043199	0.043587	0.040522	0.040757	172	1,196,160
05/14/2018	0.039888	0.044108	0.038221	0.043273	403	1,104,490
05/13/2018	0.040814	0.044021	0.039323	0.039896	678	1,130,130
05/12/2018	0.042982	0.053060	0.036502	0.040829	1,848	1,190,150
05/11/2018	0.044376	0.052246	0.038653	0.043109	3,016	1,228,760
05/10/2018	0.039677	0.127710	0.037623	0.044323	30,817	-
05/09/2018	0.039280	0.046225	0.038398	0.039688	537	-
05/08/2018	0.040840	0.041217	0.037496	0.039340	532	-
05/07/2018	0.044415	0.044438	0.036858	0.040753	583	-
05/06/2018	0.055335	0.055854	0.031277	0.044383	7,262	-
05/05/2018	0.058446	0.059526	0.052553	0.055298	1,662	-
05/04/2018	0.076032	0.106122	0.046790	0.058474	9,255	-
05/03/2018	0.044713	0.082973	0.038594	0.076549	9,937	-
05/02/2018	0.042328	0.058588	0.041878	0.044712	2,015	-
05/01/2018	0.043709	0.043709	0.041315	0.042392	30	-
04/30/2018	0.046067	0.046647	0.042305	0.043671	465	-
04/29/2018	0.045512	0.049777	0.045512	0.046083	354	-
04/28/2018	0.053405	0.092228	0.039517	0.045530	6,065	-
04/27/2018	0.039270	0.054883	0.039186	0.053588	1,619	-
04/26/2018	0.037313	0.037679	0.036402	0.037531	101	-
04/25/2018	0.045096	0.045314	0.036955	0.037006	100	-
04/24/2018	0.037485	0.045404	0.037468	0.045404	22	-
04/23/2018	0.041710	0.045872	0.037104	0.037453	1,375	-
04/22/2018	0.045713	0.045986	0.041580	0.041795	140	-
04/21/2018	0.040938	0.045713	0.040625	0.045713	82	-
04/20/2018	0.034779	0.041304	0.034719	0.040924	299	-
04/18/2018	0.033164	0.034145	0.033100	0.034074	270	-
04/17/2018	0.037490	0.037506	0.033025	0.033133	355	-
04/16/2018	0.035467	0.035667	0.033651	0.034158	5	-
04/15/2018	0.036886	0.037475	0.034309	0.035482	16	-
04/14/2018	0.033041	0.037232	0.032928	0.036846	89	-
04/13/2018	0.036583	0.037657	0.032857	0.033041	765	-
04/12/2018	0.029244	0.036726	0.028470	0.036536	30	-
04/11/2018	0.031559	0.032067	0.028947	0.029315	22	-
04/10/2018	0.031368	0.031719	0.028011	0.031529	357	-
04/09/2018	0.032943	0.033268	0.030708	0.031343	132	-
04/07/2018	0.027810	0.028983	0.027768	0.028781	613	-
04/06/2018	0.029138	0.029442	0.027533	0.027776	592	-
04/05/2018	0.028865	0.029364	0.027946	0.029288	7	-
04/04/2018	0.034041	0.034041	0.028590	0.028853	21	-
04/03/2018	0.033848	0.034391	0.031733	0.034065	83	-
04/02/2018	0.031328	0.032581	0.031124	0.031992	9	-
04/01/2018	0.030491	0.031970	0.029145	0.031174	64	-
03/31/2018	0.031565	0.031667	0.030147	0.030492	11	-
03/30/2018	0.029893	0.030384	0.027867	0.030024	4	-
03/29/2018	0.037721	0.037783	0.029096	0.029968	34	-
03/28/2018	0.032705	0.038467	0.032523	0.037677	4	-
03/27/2018	0.035535	0.035649	0.032586	0.032712	620	-
03/26/2018	0.035495	0.035786	0.034157	0.035589	52	-
03/25/2018	0.043366	0.044255	0.042719	0.043927	34	-
03/24/2018	0.045081	0.045081	0.043866	0.043971	34	-
03/23/2018	0.044725	0.044725	0.043124	0.043207	34	-
03/22/2018	0.039051	0.046632	0.038992	0.044726	35	-
03/21/2018	0.039001	0.049544	0.038755	0.039123	123	-
03/20/2018	0.036649	0.039466	0.035472	0.038930	29	-
03/19/2018	0.036283	0.038450	0.035317	0.036244	67	-
03/18/2018	0.042351	0.042351	0.031826	0.036436	56	-
03/17/2018	0.049476	0.049476	0.042189	0.042454	46	-
03/16/2018	0.050390	0.050715	0.042487	0.049395	940	-
03/15/2018	0.050063	0.053800	0.046963	0.050418	45	-
03/14/2018	0.056726	0.059665	0.048774	0.050086	18	-
03/13/2018	0.056169	0.063676	0.055374	0.056718	110	-
03/12/2018	0.068624	0.068730	0.054460	0.056493	471	-
03/11/2018	0.062129	0.069890	0.060008	0.068841	150	-
03/10/2018	0.066670	0.068790	0.062006	0.062344	211	-
03/09/2018	0.067563	0.068360	0.060396	0.066641	3,317	-
03/08/2018	0.071212	0.072667	0.065252	0.067994	1,455	-
03/07/2018	0.094326	0.095745	0.069668	0.071313	4,782	-
03/06/2018	0.082838	0.096976	0.079830	0.094449	107	-
03/05/2018	0.106353	0.107081	0.083036	0.083068	3,410	-
03/04/2018	0.102958	0.114134	0.099878	0.106431	353	-
03/03/2018	0.109533	0.113472	0.101562	0.103136	74	-
03/02/2018	0.096388	0.110485	0.095890	0.109667	142	-
03/01/2018	0.090550	0.097800	0.089845	0.096637	54	-
02/28/2018	0.096726	0.100071	0.090337	0.090417	384	-
02/27/2018	0.104251	0.109500	0.095468	0.096840	8	-
02/26/2018	0.084361	0.104752	0.083085	0.103950	342	-
02/25/2018	0.085034	0.086508	0.081723	0.084253	5	-
02/24/2018	0.084420	0.094265	0.079024	0.085163	264	-
02/23/2018	0.089687	0.090612	0.081951	0.084527	149	-
02/22/2018	0.095349	0.099366	0.088818	0.089771	32	-
02/21/2018	0.102294	0.102874	0.093705	0.095446	598	-
02/20/2018	0.101884	0.109960	0.101327	0.102422	685	-
02/19/2018	0.104292	0.120228	0.100634	0.101791	150	-
02/18/2018	0.123915	0.129528	0.104528	0.104774	969	-
02/17/2018	0.120283	0.124266	0.104405	0.123536	648	-
02/16/2018	0.136221	0.138692	0.080597	0.120311	5,612	-
02/15/2018	0.131513	0.150996	0.111769	0.136805	1,892	-
02/14/2018	0.103394	0.131772	0.100012	0.131441	1,779	-
02/13/2018	0.108016	0.117919	0.101535	0.103704	117	-
02/12/2018	0.117461	0.126119	0.106666	0.107820	580	-
02/11/2018	0.096954	0.118009	0.088868	0.116798	3,608	-
02/10/2018	0.109480	0.109480	0.092762	0.097037	159	-
02/09/2018	0.104013	0.115667	0.097953	0.109400	1,669	-
02/08/2018	0.087113	0.106520	0.087113	0.103694	495	-
02/07/2018	0.090572	0.099054	0.078422	0.087463	3,162	-
02/06/2018	0.089530	0.092331	0.069471	0.091487	1,152	-
02/05/2018	0.125278	0.127469	0.086845	0.089417	1,433	-
02/04/2018	0.114106	0.127326	0.099012	0.126504	101	-
02/03/2018	0.101522	0.114061	0.093807	0.114061	846	-
02/02/2018	0.109945	0.109945	0.082150	0.101103	2,014	-
02/01/2018	0.126250	0.126795	0.104337	0.110182	5,620	-
01/31/2018	0.113315	0.125957	0.106777	0.125957	4,781	-
01/30/2018	0.127221	0.139440	0.111275	0.113126	2,075	-
01/29/2018	0.140849	0.142622	0.123891	0.128631	1,538	-
01/28/2018	0.137476	0.153192	0.129429	0.140987	995	-
01/27/2018	0.128947	0.153377	0.119738	0.136708	3,528	-
01/26/2018	0.141586	0.175811	0.125076	0.129032	3,794	-
01/25/2018	0.124431	0.180675	0.119754	0.141964	5,468	-
01/24/2018	0.125633	0.236064	0.112200	0.122418	28,556	-
01/23/2018	0.119654	0.141008	0.106057	0.125705	2,250	-
01/22/2018	0.132192	0.134507	0.101926	0.118886	712	-
01/21/2018	0.159894	0.159930	0.109848	0.130804	7,308	-
01/20/2018	0.160320	0.167978	0.119173	0.159522	5,718	-
01/19/2018	0.165959	0.176872	0.110945	0.158600	17,826	-
01/18/2018	0.131724	0.167426	0.125740	0.167426	4,614	-
01/17/2018	0.217357	0.217357	0.105702	0.130335	8,165	-
01/16/2018	0.209218	0.324723	0.102750	0.229205	43,682	-
01/15/2018	0.174143	0.228910	0.174027	0.208957	3,400	-
01/14/2018	0.189788	0.244181	0.143747	0.175410	11,449	-
01/13/2018	0.182154	0.201693	0.158897	0.194736	7,209	-
01/12/2018	0.179452	0.227419	0.141067	0.182343	5,439	-
01/11/2018	0.181277	0.228979	0.147308	0.178024	18,031	-
01/10/2018	0.233691	0.251459	0.167050	0.181480	7,211	-
01/09/2018	0.198658	0.277029	0.152983	0.233519	23,222	-
01/08/2018	0.214524	0.218863	0.139289	0.199201	5,754	-
01/07/2018	0.160508	0.241269	0.159544	0.214639	12,052	-
01/06/2018	0.203415	0.215034	0.160452	0.160490	4,561	-
01/05/2018	0.187356	0.269812	0.178319	0.203983	10,463	-
01/04/2018	0.229091	0.235597	0.137793	0.187453	40,817	-
01/03/2018	0.248420	0.380697	0.152107	0.227885	37,237	-
01/02/2018	0.067763	0.425933	0.067763	0.253572	24,353	-
01/01/2018	0.090362	0.090362	0.066305	0.067781	2,333	-
12/31/2017	0.099649	0.106835	0.080545	0.090189	972	-
12/30/2017	0.118227	0.118263	0.093515	0.100630	510	-
12/29/2017	0.063050	0.129833	0.062459	0.118520	6,319	-
12/28/2017	0.078946	0.079212	0.055108	0.062565	8,423	-
12/27/2017	0.061246	0.081453	0.059364	0.079109	576	-
12/26/2017	0.092356	0.294313	0.059821	0.061111	1,278	-
12/25/2017	0.083937	0.094002	0.082566	0.092328	1,395	-
12/24/2017	0.082233	0.112985	0.055246	0.083276	1,370	-
12/23/2017	0.065639	0.089759	0.061015	0.081325	258	-
12/22/2017	0.064423	0.070571	0.052333	0.065025	36	-
12/21/2017	0.065868	0.071031	0.062048	0.064201	66	-
12/20/2017	0.060125	0.067548	0.052594	0.065696	3,264	-
12/19/2017	0.071401	0.076642	0.057609	0.060187	7,545	-
12/18/2017	0.057043	0.072337	0.053210	0.071380	5,463	-
12/17/2017	0.054799	0.058172	0.049970	0.057009	501	-
12/16/2017	0.055469	0.067884	0.054476	0.054715	501	-
12/15/2017	0.060583	0.061120	0.054466	0.055386	1,260	-
12/14/2017	0.060432	0.064693	0.047433	0.060504	580	-
12/13/2017	0.043847	0.061087	0.039975	0.060561	993	-
12/12/2017	0.042721	0.045343	0.036239	0.043816	4,503	-
12/11/2017	0.024129	0.044316	0.023716	0.042985	3,276	-
12/10/2017	0.032638	0.033146	0.024015	0.024102	1,218	-
12/09/2017	0.033045	0.037568	0.031441	0.032531	1,437	-
12/08/2017	0.060004	0.060552	0.032790	0.033045	1,195	-
12/07/2017	0.032962	0.064789	0.032962	0.061231	4,073	-
12/06/2017	0.034260	0.034447	0.031663	0.033048	882	-
12/05/2017	0.035131	0.065544	0.034710	0.065142	3	-
12/04/2017	0.033495	0.035102	0.031671	0.035102	239	-
12/03/2017	0.034386	0.035317	0.032362	0.033433	226	-
12/02/2017	0.052114	0.052114	0.029825	0.034366	169	-
12/01/2017	0.047030	0.081269	0.030889	0.052153	5,346	-
11/30/2017	0.043996	0.047641	0.039706	0.047165	533	-
11/29/2017	0.058877	0.061786	0.042046	0.043396	3,951	-
11/28/2017	0.066226	0.066577	0.056003	0.058931	1,383	-
11/27/2017	0.060658	0.073935	0.060658	0.066188	921	-
11/26/2017	0.058394	0.060997	0.052554	0.060660	1,064	-
11/25/2017	0.061310	0.064858	0.058265	0.058394	2,354	-
11/24/2017	0.061060	0.069492	0.057428	0.061374	452	-
11/23/2017	0.047531	0.063390	0.041898	0.061363	1,333	-
11/22/2017	0.057480	0.076969	0.040607	0.047449	1,551	-
11/21/2017	0.060916	0.061079	0.056869	0.057395	231	-
11/20/2017	0.067046	0.076027	0.060998	0.060998	1,015	-
11/19/2017	0.060371	0.067285	0.060002	0.067105	1,020	-
11/18/2017	0.055336	0.060789	0.053662	0.060522	1,166	-
11/17/2017	0.057761	0.060114	0.055269	0.055449	304	-
11/16/2017	0.043351	0.060116	0.042557	0.057801	290	-
11/15/2017	0.061148	0.078544	0.042562	0.043185	437	-
11/14/2017	0.032935	0.062065	0.032935	0.061118	515	-
11/13/2017	0.040466	0.044206	0.030083	0.032908	1,502	-
11/12/2017	0.048896	0.059769	0.040204	0.040403	766	-
11/11/2017	0.049681	0.078707	0.045756	0.048908	2,457	-
11/10/2017	0.060796	0.087091	0.049858	0.049858	1,174	-
11/09/2017	0.106927	0.109028	0.044804	0.060622	879	-
11/08/2017	0.091573	0.110144	0.080321	0.107549	1,240	-
11/07/2017	0.071373	0.114805	0.071216	0.091709	3,027	-
11/06/2017	0.100750	0.128840	0.071267	0.071267	1,628	-
11/05/2017	0.119111	0.155637	0.100054	0.100616	2,064	-
11/04/2017	0.133400	0.166305	0.118001	0.118958	1,788	-
11/03/2017	0.114144	0.138383	0.112744	0.133503	1,042	-
11/02/2017	0.134650	0.136008	0.099954	0.113752	2,071	-
11/01/2017	0.138825	0.138948	0.105033	0.134280	1,155	-
10/31/2017	0.142879	0.228675	0.137258	0.139047	2,401	-
10/30/2017	0.162461	0.165168	0.105999	0.142816	1,838	-
10/29/2017	0.186851	0.187373	0.146936	0.162796	3,949	-
10/28/2017	0.114830	0.187332	0.101191	0.186985	5,765	-
10/27/2017	0.080401	0.121166	0.080133	0.114682	735	-
