Date	Open	High	Low	Close	Volume	Market Cap
07/15/2018	0.041436	0.043084	0.032379	0.032379	427	2,898,080
07/14/2018	0.053017	0.053512	0.040987	0.041475	2,024	3,682,730
07/13/2018	0.052580	0.053990	0.052574	0.052916	6,791	3,651,140
07/12/2018	0.054420	0.054420	0.048401	0.052426	17,034	3,778,930
07/11/2018	0.052814	0.054546	0.052031	0.054420	5,337	3,665,970
07/10/2018	0.056081	0.063038	0.048733	0.052813	40,237	3,892,610
07/09/2018	0.052609	0.059099	0.051933	0.056154	509,562	3,640,930
07/08/2018	0.054440	0.055567	0.051318	0.052663	54,539	3,767,640
07/07/2018	0.060559	0.066065	0.049046	0.054387	1,397	4,191,110
07/06/2018	0.058603	0.058603	0.051771	0.057517	5,543	4,055,520
07/05/2018	0.053095	0.062003	0.052640	0.058638	266,888	3,655,290
07/04/2018	0.052831	0.061921	0.050763	0.052916	116,915	3,636,920
07/03/2018	0.052861	0.056067	0.049915	0.052815	119,724	3,638,280
07/02/2018	0.045039	0.055612	0.044296	0.055612	107,422	3,099,300
07/01/2018	0.041799	0.049248	0.033837	0.045022	98,255	2,876,290
06/30/2018	0.051757	0.055807	0.040309	0.041757	119,975	3,561,460
06/29/2018	0.053309	0.053472	0.045234	0.050861	53,368	3,658,810
06/28/2018	0.054020	0.054179	0.050559	0.053296	3,886	3,705,550
06/27/2018	0.055275	0.055644	0.045917	0.053925	9,431	3,234,090
06/26/2018	0.058452	0.060036	0.050379	0.055414	56,456	3,416,920
06/25/2018	0.047845	0.062669	0.047593	0.057589	113,761	2,789,600
06/24/2018	0.061673	0.082355	0.047301	0.047930	2,632	3,594,620
06/23/2018	0.050828	0.065153	0.050768	0.061697	4,452	2,962,400
06/22/2018	0.059997	0.060007	0.049879	0.050910	3,367	3,431,260
06/21/2018	0.061761	0.062747	0.059979	0.060161	10,802	3,521,270
06/20/2018	0.067593	0.067646	0.060360	0.061718	8,503	3,831,340
06/19/2018	0.062978	0.067698	0.054818	0.067530	9,237	3,568,000
06/18/2018	0.062918	0.063177	0.060192	0.062898	2,665	3,562,330
06/17/2018	0.060745	0.063224	0.059500	0.062960	11,183	3,426,990
06/16/2018	0.061491	0.061597	0.056091	0.060768	5,307	3,469,090
06/15/2018	0.064492	0.071792	0.058679	0.061518	5,080	3,637,550
06/14/2018	0.061972	0.089009	0.061150	0.064497	1,886	3,490,340
06/13/2018	0.064588	0.088142	0.056218	0.061825	451	3,637,320
06/12/2018	0.105244	0.118458	0.063506	0.064332	12,408	5,925,380
06/11/2018	0.090964	0.156108	0.073126	0.105202	16,520	5,116,280
06/10/2018	0.103155	0.105650	0.082046	0.090917	7,771	5,782,990
06/09/2018	0.092569	0.103812	0.064799	0.103115	8,661	5,148,800
06/08/2018	0.087614	0.102953	0.083417	0.092545	18,275	4,844,970
06/07/2018	0.100749	0.102901	0.087164	0.087460	3,791	5,565,380
06/06/2018	2.25	2.54	2.15	2.27	6,086	6,293,130
06/05/2018	2.22	2.45	2.14	2.25	86,514	6,202,460
06/04/2018	2.60	2.71	2.13	2.22	260,312	7,279,790
06/03/2018	3.04	3.07	2.29	2.55	420,168	8,503,040
06/02/2018	3.00	3.45	2.92	3.05	519,277	8,399,490
06/01/2018	2.92	3.01	2.86	3.00	489,905	8,177,900
05/31/2018	2.86	3.19	2.00	2.92	208,013	8,011,940
05/30/2018	3.22	3.61	2.58	2.83	37,491	9,021,960
05/29/2018	3.04	3.88	2.58	3.22	117,432	8,521,560
05/28/2018	3.68	3.99	2.58	3.05	175,174	10,312,400
05/27/2018	2.41	3.70	2.24	3.64	226,031	6,739,170
05/26/2018	2.49	2.78	2.22	2.40	31,942	6,970,900
05/25/2018	2.41	3.22	2.21	2.49	44,352	6,740,730
05/24/2018	3.15	3.19	2.02	2.41	530,018	8,819,040
05/23/2018	3.83	4.13	2.44	3.16	1,455,290	10,723,200
05/22/2018	2.51	4.66	2.25	3.84	676,186	7,027,700
05/21/2018	2.65	2.77	2.23	2.52	8,159	7,408,690
05/20/2018	2.47	2.66	2.44	2.64	1,512	6,907,040
05/19/2018	2.63	2.64	2.18	2.47	3,668	7,376,250
05/18/2018	2.18	2.64	1.85	2.63	7,006	6,091,990
05/17/2018	2.67	2.71	2.16	2.18	3,142	7,470,400
05/16/2018	2.41	2.67	2.22	2.67	3,512	6,741,450
05/15/2018	2.19	2.41	1.88	2.41	2,000	6,141,290
05/14/2018	2.24	2.49	1.96	2.20	4,957	6,280,750
05/13/2018	2.04	2.27	1.98	2.24	1,903	5,711,370
05/12/2018	2.41	2.58	2.01	2.04	2,502	6,749,930
05/11/2018	2.31	2.44	1.87	2.42	2,652	6,458,480
05/10/2018	2.27	2.55	2.17	2.30	3,515	6,366,750
05/09/2018	2.83	3.02	1.98	2.27	55,113	7,924,900
05/08/2018	2.64	2.91	2.52	2.84	18,836	7,392,990
05/07/2018	2.39	2.90	2.29	2.63	8,260	6,685,660
05/06/2018	3.01	3.03	2.12	2.65	19,481	8,420,280
05/05/2018	3.23	3.77	2.79	3.01	9,420	9,043,850
05/04/2018	3.15	3.34	2.83	3.23	4,492	8,809,520
05/03/2018	2.87	3.38	2.87	3.15	19,052	8,036,240
05/02/2018	2.90	3.25	2.84	2.87	9,420	8,124,210
05/01/2018	3.13	3.29	2.62	2.91	54,959	8,748,640
04/30/2018	3.03	3.36	2.99	3.12	8,908	8,492,690
04/29/2018	3.25	3.46	3.03	3.03	25,478	9,087,590
04/28/2018	3.07	3.66	3.05	3.25	19,275	8,584,870
04/27/2018	3.08	3.20	2.99	3.09	4,884	8,627,840
04/26/2018	2.92	3.13	2.83	3.08	6,395	8,180,690
04/25/2018	3.55	3.55	2.89	2.90	13,553	9,944,040
04/24/2018	3.23	3.77	3.23	3.56	9,921	9,035,000
04/23/2018	3.31	3.74	3.17	3.23	6,814	9,259,970
04/22/2018	3.52	3.57	3.12	3.32	5,872	9,843,530
04/21/2018	3.46	3.57	3.13	3.54	5,078	9,673,200
04/20/2018	3.12	3.82	2.96	3.45	19,674	8,745,330
04/19/2018	2.94	3.13	2.86	3.13	8,692	8,241,850
04/18/2018	2.56	2.96	2.41	2.94	5,447	7,164,540
04/17/2018	2.62	2.74	2.36	2.56	10,486	7,332,860
04/16/2018	2.92	3.09	2.58	2.62	24,071	8,163,770
04/15/2018	2.89	3.02	2.83	2.91	3,238	8,078,280
04/14/2018	3.27	3.39	2.77	2.88	9,136	9,163,160
04/13/2018	3.06	3.44	2.98	3.27	5,525	8,579,050
04/12/2018	2.38	3.65	2.33	3.06	19,674	6,670,410
04/11/2018	2.41	2.48	2.20	2.39	13,361	6,734,760
04/10/2018	2.43	2.43	1.91	2.40	130,706	6,791,800
04/09/2018	2.42	2.84	2.27	2.42	25,211	6,778,710
04/08/2018	2.45	2.56	2.39	2.42	2,495	6,852,070
04/07/2018	2.52	2.80	2.40	2.45	19,134	7,050,780
04/06/2018	2.82	2.85	2.27	2.52	14,594	7,900,330
04/05/2018	2.68	2.84	2.40	2.83	92,646	7,508,160
04/04/2018	2.99	3.20	2.66	2.68	25,163	8,361,110
04/03/2018	2.96	3.19	2.82	2.84	7,950	8,275,960
04/02/2018	2.85	3.09	2.81	3.07	19,886	7,981,580
04/01/2018	3.19	3.50	2.73	2.84	89,997	8,929,800
03/31/2018	3.01	4.11	2.91	3.19	44,769	8,431,760
03/30/2018	3.06	3.50	2.89	3.01	36,287	8,557,170
03/29/2018	4.26	4.34	3.00	3.06	136,170	11,912,700
03/28/2018	3.61	4.53	3.57	4.25	56,935	10,116,800
03/27/2018	3.27	4.47	3.17	3.61	74,085	9,166,290
03/26/2018	3.50	4.38	3.15	3.28	193,831	9,797,370
03/25/2018	3.43	3.73	3.28	3.51	87,313	9,599,260
03/24/2018	3.85	3.87	3.28	3.47	11,381	10,789,300
03/23/2018	3.47	3.82	3.15	3.82	163,283	9,711,100
03/22/2018	3.53	3.92	3.22	3.24	150,261	9,892,350
03/21/2018	3.13	4.23	3.12	3.53	186,470	8,762,160
03/20/2018	3.30	3.96	2.87	3.11	91,668	9,244,900
03/19/2018	2.94	3.64	2.92	3.27	5,680	8,241,140
03/18/2018	3.21	3.21	2.53	2.96	14,481	8,994,770
03/17/2018	3.15	3.56	2.93	3.22	53,296	8,824,010
03/16/2018	3.70	4.23	2.94	3.15	30,352	10,358,700
03/15/2018	3.92	3.94	3.21	3.70	9,680	10,965,400
03/14/2018	4.80	4.83	3.64	3.91	85,390	13,445,900
03/13/2018	5.27	5.37	4.66	4.68	69,159	14,749,000
03/12/2018	5.57	5.72	4.70	5.28	109,643	15,592,500
03/11/2018	4.50	6.02	4.10	5.59	46,283	12,601,000
03/10/2018	4.76	5.36	4.10	4.52	8,017	13,322,700
03/09/2018	5.09	5.18	4.44	4.76	12,834	14,255,300
03/08/2018	3.68	5.78	3.31	5.17	289,877	10,296,700
03/07/2018	3.31	3.98	3.20	3.68	9,734	9,271,710
03/06/2018	3.88	3.93	3.16	3.31	82,383	10,872,400
03/05/2018	4.03	4.23	3.79	3.88	54,585	11,279,900
03/04/2018	4.54	4.87	3.62	3.62	34,509	12,711,900
03/03/2018	3.47	4.97	3.47	4.73	63,401	9,726,600
03/02/2018	5.07	5.48	3.48	3.48	23,039	14,205,400
03/01/2018	4.99	5.64	4.58	5.08	17,315	13,975,600
02/28/2018	4.72	5.89	4.70	4.99	31,237	13,209,700
02/27/2018	4.69	6.88	4.54	4.72	82,164	13,117,000
02/26/2018	6.54	6.54	3.64	4.65	217,375	18,311,800
02/25/2018	6.75	6.92	5.93	6.52	1,524,580	18,897,900
02/24/2018	7.34	7.67	6.58	6.77	2,239,160	20,549,600
02/23/2018	6.80	7.61	6.67	7.51	550,816	19,036,600
02/22/2018	6.94	7.20	6.51	6.81	605,268	19,418,000
02/21/2018	6.92	7.78	6.68	6.95	1,054,010	19,375,000
02/20/2018	10.01	10.01	6.70	6.94	51,694	28,022,100
02/19/2018	8.15	10.01	8.07	10.00	13,668	22,814,400
02/18/2018	9.58	9.82	7.96	8.18	460,293	26,812,900
02/17/2018	8.87	10.11	8.49	9.56	16,851	24,823,800
02/16/2018	9.32	9.32	7.95	8.86	50,278	26,101,900
02/15/2018	8.30	9.34	7.56	9.34	203,483	23,245,400
02/14/2018	7.46	8.39	7.32	8.30	23,524	20,882,600
02/13/2018	7.63	7.69	6.77	7.46	229,708	21,366,700
02/12/2018	6.92	7.69	6.92	7.62	516,466	19,361,600
02/11/2018	8.15	8.15	6.77	6.78	566,454	22,806,100
02/10/2018	9.05	9.32	7.65	7.89	48,979	25,334,400
02/09/2018	7.61	9.12	6.96	9.05	44,708	21,301,400
02/08/2018	7.04	7.76	6.34	7.60	274,714	19,710,100
02/07/2018	8.18	8.69	6.54	7.06	21,100	22,906,000
02/06/2018	6.36	8.32	5.08	8.25	27,548	17,796,000
02/05/2018	8.01	8.68	5.95	6.34	35,720	22,424,800
02/04/2018	7.88	9.77	7.67	8.09	46,082	22,059,000
02/03/2018	8.01	8.68	7.17	7.88	104,022	22,425,600
02/02/2018	8.80	9.20	6.92	7.98	23,209	24,631,000
02/01/2018	9.84	11.18	7.79	8.82	67,126	27,544,300
01/31/2018	8.88	11.11	7.90	9.82	39,772	24,866,000
01/30/2018	8.91	9.94	8.54	8.87	49,722	24,931,800
01/29/2018	9.80	17.87	6.26	8.90	147,211	27,442,900
01/28/2018	10.01	11.06	9.52	9.81	15,077	28,017,500
01/27/2018	9.14	10.09	8.69	9.95	32,084	25,573,300
01/26/2018	8.50	9.84	7.68	9.24	57,843	23,787,400
01/25/2018	8.54	8.95	7.81	8.52	46,318	23,904,700
01/24/2018	8.19	8.63	7.71	8.38	29,499	22,931,400
01/23/2018	7.87	8.60	7.46	8.19	8,018	22,024,700
01/22/2018	9.19	9.46	7.34	7.89	23,470	25,728,800
01/21/2018	10.50	10.50	8.65	9.11	21,358	29,388,000
01/20/2018	9.46	10.62	9.44	10.47	42,016	26,486,600
01/19/2018	8.99	10.57	8.91	9.37	18,730	25,161,300
01/18/2018	8.99	10.54	7.80	9.07	35,537	25,179,000
01/17/2018	10.25	10.48	7.07	8.94	28,876	28,687,400
01/16/2018	12.99	12.99	8.59	10.30	64,795	36,358,300
01/15/2018	14.34	14.72	12.48	12.56	87,947	40,135,000
01/14/2018	12.85	14.56	11.80	14.53	71,955	35,962,200
01/13/2018	10.68	14.24	10.68	14.24	107,920	29,905,200
01/12/2018	10.86	11.14	9.54	10.69	47,569	30,410,400
01/11/2018	10.53	14.44	9.62	10.76	70,262	29,484,900
01/10/2018	9.85	10.91	7.46	10.43	62,279	27,565,300
01/09/2018	11.10	11.94	9.08	9.72	41,647	31,083,300
01/08/2018	11.77	12.64	9.93	11.14	66,109	32,939,600
01/07/2018	9.83	14.46	7.97	11.75	208,146	27,512,800
01/06/2018	6.62	9.85	6.58	9.83	31,052	18,533,800
01/05/2018	6.82	10.53	6.22	6.61	98,101	19,099,100
01/04/2018	6.97	6.97	5.57	6.90	90,475	19,509,300
01/03/2018	5.47	7.05	5.47	6.94	65,955	15,324,200
01/02/2018	4.57	6.26	4.57	5.47	46,664	12,807,500
01/01/2018	5.10	5.10	4.37	4.57	71,159	14,286,200
12/31/2017	4.30	5.21	4.22	5.10	65,117	12,043,500
12/30/2017	4.15	4.40	3.35	4.34	88,680	11,621,600
12/29/2017	3.50	4.16	3.25	4.16	59,104	9,805,030
12/28/2017	4.05	4.13	2.95	3.48	45,646	11,334,300
12/27/2017	3.49	4.06	2.90	4.06	38,811	9,765,040
12/26/2017	3.01	4.08	2.82	3.48	37,247	8,431,440
12/25/2017	2.86	3.24	2.82	3.01	3,421	8,005,740
12/24/2017	3.08	3.42	2.55	2.84	12,346	8,633,870
12/23/2017	3.24	3.58	2.95	3.05	13,147	9,083,970
12/22/2017	3.82	3.84	2.47	3.22	13,524	10,686,600
12/21/2017	3.26	4.12	3.26	3.80	38,215	8,526,250
12/20/2017	3.22	3.56	2.87	3.37	33,169	8,416,160
12/19/2017	3.62	3.63	2.62	3.22	42,256	9,480,960
12/18/2017	3.34	3.72	2.72	3.63	42,132	8,746,220
12/17/2017	3.60	3.93	2.55	3.35	854,744	9,428,080
12/16/2017	3.97	4.08	2.23	3.59	1,199,930	10,375,900
12/15/2017	1.70	4.01	1.69	3.97	704,531	4,436,010
12/14/2017	1.82	2.12	1.68	1.69	9,270	4,764,450
12/13/2017	1.95	2.21	1.72	1.82	12,886	5,104,120
12/12/2017	1.91	2.08	1.67	1.95	18,493	4,996,980
12/11/2017	1.77	1.91	1.55	1.91	18,162	4,623,400
12/10/2017	1.60	1.83	1.34	1.77	9,380	4,186,420
12/09/2017	1.71	1.96	1.47	1.59	4,364	4,484,750
12/08/2017	1.54	1.86	1.49	1.71	8,364	4,028,160
12/07/2017	1.50	1.69	1.45	1.54	8,926	3,926,780
12/06/2017	1.39	1.89	1.30	1.50	15,750	3,641,270
12/05/2017	1.44	1.77	0.919354	1.39	24,454	3,761,310
12/04/2017	1.71	2.04	1.40	1.44	17,179	4,464,090
12/03/2017	2.04	2.06	1.44	1.64	28,399	5,336,720
12/02/2017	2.13	2.25	1.93	2.04	7,348	5,574,720
12/01/2017	1.97	2.22	1.64	2.13	3,290	5,162,620
11/30/2017	2.10	2.19	1.57	1.98	14,094	5,486,440
11/29/2017	2.23	2.51	1.81	2.07	27,228	5,827,020
11/28/2017	1.87	2.49	1.75	2.23	17,070	4,898,270
11/27/2017	2.27	2.53	1.86	1.87	19,140	5,936,160
11/26/2017	2.47	2.50	2.12	2.27	26,896	6,459,930
11/25/2017	2.51	2.81	2.37	2.47	56,245	6,578,720
11/24/2017	2.39	2.67	2.14	2.52	87,367	6,250,700
11/23/2017	2.26	2.45	2.17	2.40	22,958	5,920,500
11/22/2017	2.17	2.26	2.00	2.26	107,202	5,684,590
11/21/2017	2.02	2.49	1.91	2.17	109,166	5,288,190
11/20/2017	2.14	2.18	1.96	2.02	8,081	5,590,590
11/19/2017	2.07	2.38	1.89	2.14	34,632	5,409,400
11/18/2017	2.03	2.27	1.83	2.07	50,324	5,304,490
11/17/2017	2.27	2.38	2.03	2.03	12,228	5,951,960
11/16/2017	2.25	2.47	2.12	2.28	3,558	5,888,770
11/15/2017	2.12	2.36	2.06	2.35	5,413	5,552,460
11/14/2017	1.99	2.24	1.93	2.12	16,325	5,199,430
11/13/2017	1.78	2.03	1.76	1.99	6,151	4,653,360
11/12/2017	2.12	2.12	1.76	1.78	2,666	5,543,150
11/11/2017	2.06	2.25	2.01	2.12	6,919	5,390,020
11/10/2017	1.84	2.28	1.81	2.07	17,527	4,816,120
11/09/2017	2.06	2.16	1.73	1.84	19,694	5,392,510
11/08/2017	1.83	2.07	1.66	2.07	21,629	4,791,600
11/07/2017	1.71	1.87	1.64	1.83	10,212	4,462,620
11/06/2017	1.54	2.07	1.53	1.70	8,237	4,022,750
11/05/2017	1.79	2.05	1.41	1.54	31,834	4,681,460
11/04/2017	1.97	2.06	1.39	1.79	30,862	5,147,210
11/03/2017	1.98	2.21	1.89	1.97	19,691	5,191,320
11/02/2017	2.11	2.18	1.76	1.98	11,154	5,525,040
11/01/2017	2.37	2.41	1.87	2.11	15,473	6,201,230
10/31/2017	1.95	2.38	1.95	2.37	10,477	5,108,000
10/30/2017	2.17	2.26	1.84	1.95	16,407	5,665,110
10/29/2017	2.22	2.36	2.08	2.17	24,180	5,819,840
10/28/2017	2.27	2.32	2.11	2.23	26,679	5,935,870
10/27/2017	2.13	2.40	2.06	2.27	38,836	5,581,440
10/26/2017	2.53	2.54	2.04	2.13	36,661	6,619,640
10/25/2017	2.14	2.55	2.10	2.54	10,847	5,607,020
10/24/2017	2.26	2.58	2.11	2.14	30,893	5,919,300
10/23/2017	2.53	2.60	1.83	2.24	29,663	6,619,250
10/22/2017	2.44	2.65	2.14	2.53	14,113	6,385,700
10/21/2017	2.74	2.76	2.09	2.44	38,308	7,170,260
10/20/2017	2.91	2.92	2.20	2.74	42,830	7,608,180
10/19/2017	2.77	3.11	2.11	2.91	34,991	7,258,900
10/18/2017	2.65	2.97	2.09	2.78	34,738	6,940,080
10/17/2017	3.68	4.01	2.27	2.65	49,962	9,639,210
10/16/2017	2.19	3.77	2.15	2.90	93,598	5,741,970
10/15/2017	2.07	2.21	1.99	2.19	3,253	5,404,560
10/14/2017	2.11	2.61	1.92	2.06	15,579	5,511,540
10/13/2017	1.91	2.29	1.89	2.12	5,995	4,989,980
10/12/2017	2.08	2.24	1.90	1.91	5,188	5,453,030
10/11/2017	1.91	2.56	1.84	2.08	15,719	4,803,220
10/10/2017	2.11	2.25	1.88	1.91	3,655	5,308,150
10/09/2017	2.00	2.31	1.99	2.11	12,118	5,030,890
10/08/2017	2.10	2.24	2.00	2.00	6,013	5,276,860
10/07/2017	2.09	2.34	2.03	2.10	11,833	5,252,740
10/06/2017	2.41	2.41	2.05	2.09	20,071	6,055,640
10/05/2017	2.31	2.58	2.00	2.41	18,156	5,813,730
10/04/2017	2.20	4.52	2.08	2.31	63,084	5,536,600
10/03/2017	2.04	2.41	2.04	2.20	16,260	5,132,410
10/02/2017	2.25	2.32	2.03	2.04	15,522	5,674,060
10/01/2017	2.28	2.31	2.08	2.24	20,569	5,732,080
09/30/2017	2.19	2.31	2.13	2.28	13,219	5,508,750
09/29/2017	2.41	2.45	2.08	2.19	31,786	6,072,630
09/28/2017	2.26	2.44	2.15	2.42	26,774	5,682,710
09/27/2017	2.21	2.40	2.13	2.26	22,322	5,558,550
09/26/2017	2.25	2.25	1.80	2.21	14,555	5,646,060
09/25/2017	2.30	2.38	1.95	2.25	14,511	5,774,720
09/24/2017	2.46	2.56	1.92	2.30	12,807	6,173,820
09/23/2017	2.18	2.46	1.98	2.46	5,082	5,464,100
09/22/2017	2.06	2.19	1.82	2.18	3,952	5,162,720
09/21/2017	2.37	2.39	1.81	2.06	6,450	5,944,760
09/20/2017	2.35	2.48	2.05	2.38	10,698	5,903,660
09/19/2017	2.71	2.73	2.05	2.36	24,236	6,849,040
09/18/2017	2.36	2.71	2.36	2.70	8,280	5,982,150
09/17/2017	2.39	2.39	2.18	2.37	16,544	6,046,240
09/16/2017	2.45	2.48	2.06	2.38	18,102	6,190,400
09/15/2017	2.04	2.53	1.77	2.43	25,709	5,157,620
09/14/2017	2.22	2.49	1.93	2.02	19,089	5,627,020
09/13/2017	2.50	2.91	2.09	2.22	29,117	6,327,730
09/12/2017	2.19	2.84	2.06	2.84	35,649	5,537,970
09/11/2017	2.28	2.60	1.92	2.19	18,188	5,757,220
09/10/2017	2.15	2.36	1.90	2.27	9,873	5,436,090
09/09/2017	2.38	2.39	2.10	2.15	2,795	6,023,950
09/08/2017	2.56	2.69	2.10	2.38	12,696	6,487,540
09/07/2017	2.27	2.94	1.90	2.59	26,212	5,739,690
09/06/2017	2.11	2.50	1.99	2.27	9,956	5,331,870
09/05/2017	2.38	2.40	1.86	2.13	9,898	6,017,670
09/04/2017	3.09	3.10	1.49	2.39	34,737	7,829,880
09/03/2017	2.81	3.11	2.61	3.09	18,508	7,098,730
09/02/2017	3.07	3.14	1.86	2.77	37,976	7,777,990
09/01/2017	2.99	5.27	2.48	3.07	38,544	7,576,600
08/31/2017	3.20	3.32	2.58	2.98	19,238	8,096,420
08/30/2017	3.41	3.59	3.01	3.20	36,733	8,634,320
08/29/2017	3.42	3.75	2.83	3.23	57,813	8,665,600
08/28/2017	2.88	4.08	2.81	3.42	33,213	7,282,530
08/27/2017	3.29	3.80	2.81	2.88	26,227	8,329,590
08/26/2017	4.12	4.12	2.70	3.29	38,197	10,415,100
08/25/2017	3.01	4.62	3.01	4.11	26,331	6,204,620
08/24/2017	3.18	3.72	2.30	3.02	42,247	6,548,520
08/23/2017	4.08	4.83	2.66	3.16	32,017	8,389,360
08/22/2017	5.32	5.72	3.29	4.09	38,321	10,948,500
08/21/2017	4.50	7.18	3.78	5.32	95,224	9,261,110
08/20/2017	3.24	4.91	2.23	4.74	61,751	5,045,590
08/19/2017	3.30	4.15	2.94	3.23	45,014	5,134,330
