Date	Open	High	Low	Close	Volume	Market Cap
07/15/2018	0.078757	0.092772	0.078121	0.092169	615	1,482,620
07/14/2018	0.079977	0.093357	0.077624	0.078777	1,764	1,505,580
07/13/2018	0.086117	0.086965	0.079275	0.080176	3,228	1,621,170
07/12/2018	0.082934	0.088005	0.081382	0.085963	1,390	1,561,240
07/11/2018	0.083062	0.100519	0.078567	0.082951	7,444	1,563,670
07/10/2018	0.093639	0.093839	0.082822	0.083059	3,115	1,762,780
07/09/2018	0.109375	0.120468	0.093322	0.093706	2,985	2,059,010
07/08/2018	0.094620	0.118076	0.090984	0.109395	1,207	1,781,250
07/07/2018	0.105325	0.105474	0.091249	0.094727	1,651	1,982,770
07/06/2018	0.098796	0.105685	0.098556	0.105504	489	1,859,860
07/05/2018	0.104934	0.106659	0.093666	0.098814	748	1,975,400
07/04/2018	0.102874	0.106577	0.090272	0.104711	4,421	1,936,620
07/03/2018	0.105134	0.118465	0.101261	0.102913	6,278	1,979,170
07/02/2018	0.087139	0.121653	0.082056	0.105607	9,300	1,640,400
07/01/2018	0.093681	0.098290	0.084887	0.087129	24,852	1,763,560
06/30/2018	0.082576	0.098657	0.082573	0.093660	3,298	1,554,520
06/29/2018	0.089438	0.089931	0.077351	0.082465	88,447	1,683,690
06/28/2018	0.097633	0.097922	0.088875	0.089385	2,175	1,837,970
06/27/2018	0.096863	0.098141	0.091613	0.097595	2,994	1,823,470
06/26/2018	0.104531	0.105905	0.094917	0.096943	3,260	1,967,810
06/25/2018	0.105053	0.106093	0.100455	0.104531	6,025	1,977,640
06/24/2018	0.111401	0.111574	0.098563	0.105256	4,339	2,097,150
06/23/2018	0.110630	0.112669	0.109048	0.111419	2,488	2,082,630
06/22/2018	0.121752	0.123399	0.107365	0.110434	1,258	2,292,000
06/21/2018	0.126281	0.126595	0.121327	0.121885	4,833	2,377,280
06/20/2018	0.122841	0.129931	0.120035	0.126253	8,009	2,312,510
06/19/2018	0.131739	0.138400	0.117148	0.122765	135,481	2,480,010
06/18/2018	0.125243	0.138536	0.124179	0.131803	9,162	2,357,720
06/17/2018	0.127279	0.134336	0.114351	0.125660	129,080	2,396,050
06/16/2018	0.122661	0.127891	0.119439	0.126944	2,435	2,309,110
06/15/2018	0.120654	0.128187	0.117174	0.123109	118,398	2,271,340
06/14/2018	0.111356	0.122904	0.111356	0.120817	9,095	2,096,300
06/13/2018	0.124780	0.128362	0.111219	0.111403	110,179	2,349,010
06/12/2018	0.119947	0.131766	0.115163	0.124456	100,993	2,375,430
06/11/2018	0.116894	0.126328	0.115281	0.120011	99,924	2,200,550
06/10/2018	0.129775	0.145302	0.115469	0.116735	19,385	2,443,040
06/09/2018	0.148665	0.149826	0.129611	0.129611	87,414	2,798,640
06/08/2018	0.142520	0.149332	0.140433	0.148727	6,801	2,682,970
06/07/2018	0.149230	0.160362	0.141920	0.142411	9,768	2,809,280
06/06/2018	0.141397	0.150244	0.138547	0.149118	8,835	2,661,830
06/05/2018	0.137473	0.145433	0.133926	0.141496	8,616	2,587,960
06/04/2018	0.152784	0.152784	0.135150	0.137413	6,230	2,876,180
06/03/2018	0.153231	0.161151	0.139842	0.152722	14,830	2,884,610
06/02/2018	0.165506	0.166061	0.152781	0.153190	10,051	3,115,680
06/01/2018	0.171170	0.173465	0.156815	0.165594	9,438	3,222,310
05/31/2018	0.170521	0.183769	0.159187	0.171039	19,287	3,210,090
05/30/2018	0.181229	0.183797	0.164119	0.170559	12,637	3,411,680
05/29/2018	0.185779	0.186119	0.165599	0.181123	12,093	3,497,330
05/28/2018	0.190005	0.194028	0.163938	0.185863	20,902	3,576,880
05/27/2018	0.197529	0.211195	0.180565	0.189919	11,136	3,718,520
05/26/2018	0.200628	0.215282	0.168546	0.197441	17,360	3,776,860
05/25/2018	0.197728	0.219218	0.185431	0.200870	17,006	3,722,280
05/24/2018	0.204228	0.216036	0.166538	0.197376	37,419	3,844,640
05/23/2018	0.254969	0.255212	0.192732	0.204742	65,954	4,799,840
05/22/2018	0.264208	0.331367	0.228636	0.255238	87,189	4,973,770
05/21/2018	0.263404	0.292703	0.241312	0.264208	66,065	4,958,630
05/20/2018	0.248370	0.290523	0.229325	0.263094	55,835	4,675,620
05/19/2018	0.209929	0.268541	0.201517	0.246926	91,345	3,951,960
05/18/2018	0.182812	0.221539	0.170370	0.210204	24,622	3,441,480
05/17/2018	0.183580	0.199602	0.175209	0.182689	7,394	3,455,930
05/16/2018	0.199077	0.199276	0.169775	0.183468	3,840	3,747,640
05/15/2018	0.207560	0.209357	0.177383	0.199169	7,181	3,907,320
05/14/2018	0.207273	0.209918	0.174002	0.207903	16,963	3,901,930
05/13/2018	0.173012	0.207610	0.163955	0.207316	31,656	3,256,960
05/12/2018	0.151086	0.175084	0.147115	0.173075	4,465	2,844,200
05/11/2018	0.185807	0.185807	0.149895	0.151509	9,335	3,497,840
05/10/2018	0.175505	0.191249	0.161330	0.185592	18,150	3,303,900
05/09/2018	0.172777	0.190563	0.161562	0.175545	10,069	3,252,540
05/08/2018	0.187282	0.209898	0.161331	0.173045	11,006	3,525,600
05/07/2018	0.204645	0.221206	0.180993	0.186888	10,229	3,852,450
05/06/2018	0.233390	0.235715	0.204502	0.204502	10,037	4,393,580
05/05/2018	0.251927	0.271667	0.220443	0.233240	10,254	4,742,540
05/04/2018	0.223530	0.256504	0.217396	0.252018	11,663	4,207,960
05/03/2018	0.230010	0.239228	0.213618	0.223676	12,607	4,329,950
05/02/2018	0.231188	0.256081	0.213393	0.230001	13,529	4,352,120
05/01/2018	0.240961	0.261419	0.210836	0.231554	16,443	4,536,100
04/30/2018	0.257597	0.270983	0.240707	0.240707	15,663	4,849,280
04/29/2018	0.261043	0.274448	0.248788	0.257645	16,189	4,914,150
04/28/2018	0.249368	0.271629	0.246354	0.261169	17,982	4,694,360
04/27/2018	0.286274	0.311648	0.254481	0.260651	24,809	5,389,120
04/26/2018	0.268689	0.289407	0.240818	0.285877	33,727	5,058,090
04/25/2018	0.236827	0.299745	0.196445	0.266511	57,910	4,458,280
04/24/2018	0.177400	0.237492	0.177164	0.237492	49,432	3,339,570
04/23/2018	0.197646	0.200968	0.174418	0.177219	17,991	3,720,700
04/22/2018	0.200199	0.200950	0.178101	0.198046	19,747	3,768,760
04/21/2018	0.194010	0.203162	0.183922	0.200143	8,924	3,652,250
04/20/2018	0.169572	0.195948	0.165472	0.193944	17,556	3,192,210
04/19/2018	0.159951	0.173470	0.151358	0.169462	10,427	3,011,080
04/18/2018	0.151758	0.163599	0.139143	0.159832	12,429	2,856,850
04/17/2018	0.163746	0.177522	0.148817	0.148876	12,411	3,082,540
04/16/2018	0.178096	0.179031	0.155223	0.163670	9,987	3,352,660
04/15/2018	0.177669	0.186695	0.154922	0.178162	20,113	3,344,620
04/14/2018	0.157202	0.178982	0.144385	0.177517	12,095	2,959,340
04/13/2018	0.129665	0.169350	0.129665	0.157227	20,466	2,440,950
04/12/2018	0.112511	0.132825	0.111002	0.129578	12,661	2,118,030
04/11/2018	0.109357	0.119085	0.104587	0.112753	7,999	2,058,650
04/10/2018	0.112055	0.114964	0.103530	0.109245	6,213	2,109,440
04/09/2018	0.111630	0.114157	0.103812	0.111950	3,714	2,101,450
04/08/2018	0.122972	0.124226	0.110827	0.111450	5,253	2,314,960
04/07/2018	0.114295	0.124869	0.114041	0.122870	3,271	2,151,610
04/06/2018	0.123992	0.124350	0.112036	0.114208	1,827	2,334,150
04/05/2018	0.116827	0.124932	0.113242	0.124603	1,624	2,199,280
04/04/2018	0.131378	0.131515	0.111875	0.116602	1,569	2,473,200
04/03/2018	0.109372	0.134012	0.109297	0.131397	6,797	2,058,930
04/02/2018	0.115451	0.118894	0.103981	0.109298	4,421	2,173,370
04/01/2018	0.107111	0.115405	0.100614	0.114937	7,140	2,016,370
03/31/2018	0.104652	0.117970	0.103829	0.107113	3,342	1,970,070
03/30/2018	0.106928	0.111707	0.099452	0.104637	5,435	2,012,930
03/29/2018	0.124667	0.124860	0.106762	0.107195	5,934	2,346,870
03/28/2018	0.128572	0.135906	0.118621	0.124521	7,650	2,420,370
03/27/2018	0.152620	0.153128	0.118849	0.128600	12,350	2,873,080
03/26/2018	0.165731	0.166640	0.145879	0.152836	909	3,119,900
03/25/2018	0.154461	0.170964	0.147036	0.165864	8,436	2,907,740
03/24/2018	0.165073	0.177439	0.150351	0.156558	11,997	3,107,510
03/23/2018	0.166330	0.175273	0.150659	0.175273	17,703	3,131,180
03/22/2018	0.187603	0.191135	0.160880	0.166431	15,140	3,531,640
03/21/2018	0.183864	0.213697	0.174573	0.187938	9,348	3,461,250
03/20/2018	0.208387	0.213084	0.174413	0.183526	21,249	3,922,900
03/19/2018	0.203447	0.217406	0.175432	0.206102	13,445	3,829,900
03/18/2018	0.183642	0.205405	0.143841	0.189246	14,326	3,457,070
03/17/2018	0.175323	0.207266	0.162079	0.184011	22,935	3,300,470
03/16/2018	0.187993	0.191692	0.174048	0.175291	3,843	3,538,990
03/15/2018	0.187696	0.195962	0.171748	0.188124	6,215	3,533,390
03/14/2018	0.214196	0.220254	0.182862	0.187780	15,317	4,032,250
03/13/2018	0.171166	0.220694	0.167409	0.214170	22,590	3,222,210
03/12/2018	0.162262	0.182882	0.147596	0.172068	22,198	3,054,590
03/11/2018	0.154818	0.206292	0.142385	0.162759	22,462	2,914,450
03/10/2018	0.194558	0.213970	0.137137	0.155351	26,990	3,662,560
03/09/2018	0.221686	0.247961	0.173566	0.194503	35,198	4,173,260
03/08/2018	0.274743	0.281066	0.215435	0.223059	19,887	5,172,060
03/07/2018	0.303546	0.310197	0.263392	0.272942	20,779	5,714,270
03/06/2018	0.335512	0.371850	0.302244	0.303845	19,706	6,316,040
03/05/2018	0.341177	0.366935	0.331411	0.336391	19,598	6,422,690
03/04/2018	0.321947	0.347503	0.318206	0.341270	12,499	6,060,660
03/03/2018	0.328517	0.369288	0.310943	0.322264	113,129	6,184,350
03/02/2018	0.313449	0.351740	0.299129	0.328864	329,939	5,900,690
03/01/2018	0.313026	0.337132	0.281042	0.313878	70,826	5,892,730
02/28/2018	0.298813	0.322515	0.292462	0.313154	73,454	5,625,180
02/27/2018	0.321189	0.330486	0.297246	0.299056	32,931	6,046,400
02/26/2018	0.270825	0.358056	0.268895	0.320413	32,369	5,098,290
02/25/2018	0.279239	0.291989	0.258981	0.270553	22,266	5,256,690
02/24/2018	0.314893	0.350860	0.270296	0.270296	44,090	5,927,880
02/23/2018	0.267146	0.324337	0.245237	0.323386	67,329	5,029,030
02/22/2018	0.294682	0.358454	0.254490	0.267429	90,534	5,547,410
02/21/2018	0.332538	0.332538	0.271262	0.294983	11,926	6,260,040
02/20/2018	0.294102	0.389603	0.278879	0.332887	158,121	5,536,480
02/19/2018	0.368826	0.385244	0.269331	0.294706	108,400	6,943,170
02/18/2018	0.482010	0.482010	0.307280	0.370710	124,974	9,073,860
02/17/2018	0.464091	0.515714	0.430451	0.464740	49,647	8,736,540
02/16/2018	0.436210	0.534657	0.371647	0.460126	110,193	8,211,690
02/15/2018	0.365424	0.438878	0.364409	0.438005	60,290	6,879,130
02/14/2018	0.418728	0.503399	0.362000	0.369450	97,095	7,882,590
02/13/2018	0.429917	0.433156	0.376117	0.419892	36,229	8,093,220
02/12/2018	0.426714	0.468096	0.398039	0.429267	45,200	8,032,910
02/11/2018	0.530298	0.530298	0.403424	0.424438	41,197	9,982,890
02/10/2018	0.390787	0.609892	0.385296	0.530778	154,015	7,356,580
02/09/2018	0.346439	0.396106	0.313181	0.381726	38,726	6,521,740
02/08/2018	0.348396	0.437415	0.344518	0.345571	25,700	6,558,580
02/07/2018	0.350847	0.403723	0.312473	0.349655	37,258	6,276,400
02/06/2018	0.285084	0.374213	0.233246	0.354010	41,950	5,099,940
02/05/2018	0.385310	0.392250	0.272935	0.280173	30,126	6,892,910
02/04/2018	0.474862	0.506548	0.341049	0.388954	37,752	8,494,930
02/03/2018	0.513153	0.540525	0.459816	0.474218	35,747	9,179,920
02/02/2018	0.454038	0.532156	0.393642	0.511373	58,003	8,122,400
02/01/2018	0.483448	0.567278	0.407042	0.460369	75,689	8,648,520
01/31/2018	0.609508	0.619502	0.477734	0.482281	50,862	10,903,700
01/30/2018	0.683440	0.761763	0.553788	0.608433	70,790	12,226,200
01/29/2018	0.714332	0.749112	0.580758	0.683210	118,221	12,778,900
01/28/2018	0.760951	0.818029	0.689961	0.718665	102,075	13,612,900
01/27/2018	0.836395	0.883330	0.728934	0.757072	89,011	14,962,500
01/26/2018	0.853448	0.953600	0.705549	0.836918	78,749	15,263,300
01/25/2018	0.895658	0.976165	0.838737	0.855720	92,479	16,018,200
01/24/2018	0.853392	0.969765	0.768514	0.882025	114,870	15,253,700
01/23/2018	0.813082	0.865946	0.703306	0.853851	121,177	14,533,200
01/22/2018	0.805135	0.910095	0.714154	0.814695	139,346	14,391,200
01/21/2018	0.945703	0.945703	0.735470	0.794424	133,559	16,903,700
01/20/2018	0.784647	1.12	0.741546	0.922996	175,975	14,025,000
01/19/2018	0.870713	0.964244	0.730500	0.776531	108,357	15,563,400
01/18/2018	0.960725	1.07	0.726278	0.879709	130,630	17,172,200
01/17/2018	0.787428	1.07	0.577395	0.957181	138,584	14,074,700
01/16/2018	1.23	1.23	0.722142	0.789744	203,349	22,039,300
01/15/2018	1.38	1.69	1.18	1.23	294,029	24,587,700
01/14/2018	1.73	1.81	1.21	1.40	293,589	30,940,600
01/13/2018	1.69	1.88	1.50	1.73	413,147	30,272,600
01/12/2018	1.87	2.05	1.40	1.70	332,332	33,353,500
01/11/2018	2.22	2.38	1.69	1.88	427,617	39,726,400
01/10/2018	2.16	3.01	1.62	2.19	1,145,220	38,681,900
01/09/2018	1.36	2.11	1.35	1.99	834,995	24,367,600
01/08/2018	1.27	1.41	1.11	1.37	424,109	22,692,000
01/07/2018	1.57	1.59	1.24	1.26	420,106	28,147,800
01/06/2018	1.48	1.60	1.23	1.58	602,942	26,497,800
01/05/2018	1.22	1.52	1.07	1.41	541,695	21,766,200
01/04/2018	0.797712	1.23	0.771654	1.22	683,586	14,257,900
01/03/2018	0.731079	0.907923	0.664926	0.795091	265,262	13,067,000
01/02/2018	0.717583	0.850958	0.672385	0.746883	302,739	12,825,700
01/01/2018	0.516947	1.88	0.460444	0.716233	286,808	9,239,650
12/31/2017	0.514138	0.585646	0.456055	0.516524	264,631	9,189,440
12/30/2017	0.508096	0.535340	0.388138	0.511069	174,504	9,081,450
12/29/2017	0.412523	0.625714	0.412398	0.508459	283,978	7,373,230
12/28/2017	0.368948	0.460618	0.311486	0.409429	166,365	6,594,390
12/27/2017	0.346643	0.369561	0.283271	0.369561	141,840	6,177,950
12/26/2017	0.340210	0.380744	0.281937	0.345516	109,328	6,061,600
12/25/2017	0.227820	0.371499	0.214204	0.340128	175,467	4,059,130
12/24/2017	0.220067	0.257205	0.194173	0.227295	51,716	3,920,990
12/23/2017	0.263442	0.287414	0.206964	0.217585	78,959	4,693,810
12/22/2017	0.233518	0.282645	0.171536	0.261290	26,485	3,932,950
12/21/2017	0.256675	0.269879	0.225785	0.232637	201	4,322,970
12/20/2017	0.275097	0.275142	0.234630	0.256401	28,923	4,633,240
12/19/2017	0.288950	0.293286	0.217353	0.275415	63,145	4,866,550
12/18/2017	0.215033	0.289824	0.189552	0.289824	142,320	3,621,630
12/17/2017	0.167641	0.241765	0.145874	0.215316	53,000	2,823,440
12/16/2017	0.138064	0.175953	0.128423	0.167115	29,770	2,325,300
12/15/2017	0.112438	0.138938	0.100180	0.136970	16,164	1,893,700
12/14/2017	0.112885	0.147841	0.097066	0.112518	18,947	1,901,230
12/13/2017	0.151323	0.179345	0.111458	0.112944	17,882	2,548,610
12/12/2017	0.148615	0.186994	0.128605	0.151219	21,753	-
12/11/2017	0.146697	0.168584	0.136383	0.149574	21,434	-
12/10/2017	0.140790	0.154124	0.127990	0.146532	7,082	-
12/09/2017	0.145091	0.169506	0.135246	0.140340	26,926	-
12/08/2017	0.118242	0.145381	0.105758	0.145095	12,118	-
12/07/2017	0.105992	0.118588	0.094464	0.118083	17,104	-
12/06/2017	0.135357	0.135357	0.104215	0.106361	19,799	-
12/05/2017	0.116743	0.137785	0.116011	0.135595	15,943	-
12/04/2017	0.137523	0.138274	0.113474	0.116683	19,020	-
12/03/2017	0.158611	0.159743	0.123946	0.125070	19,788	-
12/02/2017	0.149881	0.158596	0.142957	0.158558	38,318	-
12/01/2017	0.162389	0.163892	0.134315	0.149886	47,386	-
11/30/2017	0.170940	0.196493	0.157199	0.162792	94,353	-
11/29/2017	0.311596	0.316848	0.162967	0.168779	128,105	-
11/28/2017	0.251537	0.312999	0.249672	0.311347	305,113	-
