Date	Open	High	Low	Close	Volume	Market Cap
07/15/2018	0.001191	0.001314	0.001110	0.001274	137,168	23,053,600
07/14/2018	0.001058	0.001202	0.001058	0.001191	105,061	20,479,800
07/13/2018	0.001130	0.001257	0.001054	0.001119	183,013	21,872,500
07/12/2018	0.001337	0.001340	0.001049	0.001128	355,160	25,881,000
07/11/2018	0.001325	0.001413	0.001263	0.001337	226,360	25,653,900
07/10/2018	0.001404	0.001471	0.001271	0.001325	422,536	27,180,600
07/09/2018	0.001478	0.001545	0.001396	0.001468	245,748	28,622,900
07/08/2018	0.001583	0.001649	0.001351	0.001484	317,340	30,654,300
07/07/2018	0.001590	0.001651	0.001518	0.001578	84,091	30,785,600
07/06/2018	0.001695	0.001772	0.001513	0.001596	270,428	32,820,900
07/05/2018	0.001781	0.001866	0.001680	0.001696	120,602	34,491,500
07/04/2018	0.001889	0.001893	0.001696	0.001778	236,972	36,565,100
07/03/2018	0.001975	0.002098	0.001885	0.001889	186,935	38,231,800
07/02/2018	0.001847	0.002058	0.001785	0.001983	250,309	35,769,300
07/01/2018	0.001970	0.001981	0.001831	0.001850	91,648	38,150,100
06/30/2018	0.001798	0.001976	0.001742	0.001970	144,637	34,812,100
06/29/2018	0.001703	0.001834	0.001647	0.001796	251,242	32,966,100
06/28/2018	0.001723	0.001836	0.001692	0.001702	125,605	33,367,000
06/27/2018	0.001694	0.001784	0.001588	0.001781	269,542	32,790,000
06/26/2018	0.001686	0.001867	0.001632	0.001639	153,837	32,638,900
06/25/2018	0.001778	0.002049	0.001686	0.001686	476,995	34,434,900
06/24/2018	0.001784	0.001845	0.001572	0.001782	291,435	34,536,100
06/23/2018	0.001569	0.001895	0.001466	0.001784	622,884	30,374,200
06/22/2018	0.001471	0.001711	0.001222	0.001452	476,646	28,483,500
06/21/2018	0.001404	0.001477	0.001346	0.001413	107,634	27,190,100
06/20/2018	0.001414	0.001484	0.001321	0.001421	85,622	27,384,100
06/19/2018	0.001355	0.001481	0.001284	0.001476	332,326	26,240,100
06/18/2018	0.001301	0.001406	0.001227	0.001349	93,680	25,198,800
06/17/2018	0.001295	0.001376	0.001237	0.001291	136,927	25,079,300
06/16/2018	0.001402	0.001405	0.001235	0.001346	157,968	27,154,400
06/15/2018	0.001388	0.001441	0.001295	0.001350	123,391	26,871,500
06/14/2018	0.001270	0.001476	0.001254	0.001390	395,587	24,592,700
06/13/2018	0.001445	0.001449	0.001227	0.001317	116,726	27,985,000
06/12/2018	0.001371	0.001526	0.001243	0.001442	460,191	26,549,200
06/11/2018	0.001423	0.001477	0.001291	0.001372	301,962	27,555,600
06/10/2018	0.001661	0.001688	0.001378	0.001408	139,322	32,153,900
06/09/2018	0.001617	0.001752	0.001589	0.001660	267,513	31,311,700
06/08/2018	0.001636	0.001704	0.001594	0.001603	164,138	31,670,700
06/07/2018	0.001682	0.001768	0.001603	0.001634	281,547	32,557,400
06/06/2018	0.001721	0.001756	0.001483	0.001680	637,400	33,315,300
06/05/2018	0.001692	0.001789	0.001605	0.001722	158,428	32,761,400
06/04/2018	0.001812	0.001888	0.001674	0.001745	158,640	35,081,200
06/03/2018	0.001836	0.001890	0.001705	0.001812	366,207	35,541,100
06/02/2018	0.001910	0.001963	0.001707	0.001835	411,257	36,988,600
06/01/2018	0.001877	0.001976	0.001779	0.001916	169,222	36,343,100
05/31/2018	0.001767	0.001951	0.001701	0.001875	339,226	34,210,300
05/30/2018	0.001811	0.001899	0.001680	0.001767	222,873	35,067,400
05/29/2018	0.001715	0.001894	0.001691	0.001794	289,418	33,212,200
05/28/2018	0.001965	0.001993	0.001710	0.001775	275,685	38,053,000
05/27/2018	0.001924	0.002008	0.001830	0.001965	199,348	37,253,200
05/26/2018	0.002022	0.002068	0.001869	0.001927	202,333	39,152,900
05/25/2018	0.002133	0.002211	0.001806	0.002025	763,520	41,299,800
05/24/2018	0.002185	0.002278	0.002022	0.002129	396,974	42,303,300
05/23/2018	0.002637	0.002652	0.002089	0.002191	911,147	51,066,200
05/22/2018	0.002514	0.002918	0.002514	0.002644	1,454,730	48,681,400
05/21/2018	0.002472	0.002639	0.002363	0.002447	520,502	47,867,200
05/20/2018	0.002226	0.002559	0.002011	0.002469	795,343	43,102,600
05/19/2018	0.002230	0.002319	0.002204	0.002224	319,713	43,175,900
05/18/2018	0.002242	0.002306	0.002132	0.002287	343,852	43,415,300
05/17/2018	0.001869	0.002339	0.001842	0.002240	819,984	36,177,900
05/16/2018	0.002207	0.002236	0.001845	0.001932	783,343	42,734,200
05/15/2018	0.002348	0.002449	0.002148	0.002228	351,191	45,456,500
05/14/2018	0.002568	0.002601	0.002222	0.002360	520,848	49,712,000
05/13/2018	0.002449	0.002542	0.002336	0.002469	413,354	47,415,400
05/12/2018	0.002182	0.002503	0.002075	0.002379	764,306	42,245,500
05/11/2018	0.002530	0.002530	0.002133	0.002204	1,231,320	48,979,900
05/10/2018	0.002798	0.002889	0.002453	0.002453	589,963	54,177,500
05/09/2018	0.002744	0.002943	0.002464	0.002877	1,502,140	53,127,900
05/08/2018	0.003095	0.003203	0.002402	0.002682	2,509,180	59,931,700
05/07/2018	0.003566	0.003737	0.002889	0.003089	4,451,850	69,051,700
05/06/2018	0.002677	0.003652	0.002471	0.003563	3,078,410	51,833,200
05/05/2018	0.003396	0.003929	0.002596	0.002685	4,695,490	65,752,100
05/04/2018	0.004209	0.004348	0.003396	0.003396	4,360,710	81,497,600
05/03/2018	0.004249	0.004255	0.003872	0.004200	1,316,750	82,276,600
05/02/2018	0.003724	0.004260	0.003684	0.004249	1,421,270	72,113,400
05/01/2018	0.004252	0.004254	0.003497	0.003729	3,150,980	82,320,600
04/30/2018	0.003854	0.004334	0.003758	0.004247	2,598,930	74,627,600
04/29/2018	0.003277	0.003965	0.003191	0.003965	1,704,360	63,451,600
04/28/2018	0.003028	0.003839	0.002826	0.003186	6,057,820	58,636,600
04/27/2018	0.001769	0.003420	0.001758	0.003038	7,433,580	34,251,000
04/26/2018	0.001513	0.001949	0.001399	0.001858	2,501,000	29,294,000
04/25/2018	0.002046	0.002226	0.001501	0.001501	1,672,650	39,620,900
04/24/2018	0.001071	0.002316	0.000836	0.002059	5,398,900	20,727,700
04/23/2018	0.001326	0.001426	0.000976	0.001070	834,373	25,675,100
04/22/2018	0.001349	0.001510	0.001246	0.001268	486,931	26,123,400
04/21/2018	0.001505	0.001585	0.001232	0.001346	585,379	29,131,800
04/20/2018	0.001239	0.001641	0.001239	0.001421	652,679	23,986,800
04/19/2018	0.001406	0.001488	0.001145	0.001247	648,554	-
04/18/2018	0.001498	0.001628	0.001372	0.001406	501,716	-
04/17/2018	0.001610	0.001779	0.001297	0.001573	962,386	-
04/16/2018	0.001335	0.001859	0.001209	0.001612	2,729,120	-
04/15/2018	0.001128	0.001535	0.000652	0.001334	3,244,150	-
04/14/2018	0.001967	0.002128	0.001200	0.001205	3,691,850	-
04/13/2018	0.002378	0.002469	0.001957	0.001966	1,920,400	-
04/12/2018	0.002362	0.002510	0.001804	0.002453	3,122,020	-
04/11/2018	0.003006	0.003009	0.002137	0.002437	3,856,420	-
04/10/2018	0.002569	0.003168	0.002417	0.003071	3,584,200	-
04/09/2018	0.002740	0.003001	0.002294	0.002499	1,774,480	-
04/08/2018	0.001726	0.002953	0.001600	0.002735	2,903,840	-
04/07/2018	0.002582	0.002645	0.001446	0.001656	4,656,720	-
04/06/2018	0.002711	0.003270	0.002624	0.002645	2,608,930	-
04/05/2018	0.004347	0.004363	0.002719	0.002724	9,880,300	-
04/04/2018	0.003708	0.004781	0.003661	0.004345	10,116,400	-
04/03/2018	0.002397	0.003712	0.002389	0.003711	5,019,180	-
04/02/2018	0.001843	0.002539	0.001764	0.002395	3,215,890	-
04/01/2018	0.001802	0.001992	0.001330	0.001834	2,355,520	-
03/31/2018	0.001299	0.002938	0.001060	0.001733	8,016,520	-
03/30/2018	0.000779	0.001304	0.000672	0.001299	1,661,140	-
03/29/2018	0.000556	0.000901	0.000448	0.000852	1,095,690	-
03/28/2018	0.000389	0.000648	0.000389	0.000555	408,219	-
03/27/2018	0.000408	0.000488	0.000311	0.000467	135,076	-
03/26/2018	0.000253	0.000420	0.000252	0.000409	48,907	-
03/25/2018	0.000340	0.000434	0.000253	0.000253	110,900	-
03/24/2018	0.000356	0.000450	0.000345	0.000345	47,595	-
03/23/2018	0.000435	0.000522	0.000251	0.000351	327,585	-
03/22/2018	0.000534	0.000544	0.000426	0.000522	198,397	-
03/21/2018	0.000623	0.000638	0.000444	0.000535	113,917	-
03/20/2018	0.000536	0.000631	0.000535	0.000622	177,221	-
