Date	Open	High	Low	Close	Volume	Market Cap
07/15/2018	0.238767	0.246275	0.229934	0.232869	558,551	6,047,970
07/14/2018	0.237154	0.249923	0.221865	0.238891	538,202	6,007,110
07/13/2018	0.237885	0.249117	0.223256	0.237387	542,260	6,025,630
07/12/2018	0.217155	0.249840	0.206301	0.237491	556,401	5,500,540
07/11/2018	0.205883	0.252087	0.205683	0.217181	615,217	5,215,020
07/10/2018	0.229021	0.253155	0.205073	0.205875	556,603	5,801,100
07/09/2018	0.239194	0.270457	0.220051	0.229189	635,554	6,058,780
07/08/2018	0.250313	0.258524	0.222072	0.239239	591,002	6,340,430
07/07/2018	0.230678	0.250787	0.229464	0.250359	617,476	5,843,070
07/06/2018	0.276365	0.276748	0.213984	0.230903	598,189	7,000,330
07/05/2018	0.213510	0.281102	0.211880	0.276446	623,604	5,408,210
07/04/2018	0.208992	0.284983	0.206004	0.212913	634,527	5,293,770
07/03/2018	0.267995	0.271489	0.208331	0.208986	620,013	6,788,310
07/02/2018	0.195868	0.270628	0.193427	0.268646	662,487	4,961,340
07/01/2018	0.222032	0.234919	0.193650	0.195794	556,131	5,624,070
06/30/2018	0.233980	0.270076	0.218211	0.221916	571,336	5,926,710
06/29/2018	0.220721	0.242722	0.197761	0.233722	604,781	5,590,860
06/28/2018	0.216207	0.259927	0.201216	0.220607	565,394	5,476,530
06/27/2018	0.211826	0.253458	0.198903	0.215996	579,904	5,365,540
06/26/2018	0.213674	0.234797	0.200519	0.212147	562,613	5,412,370
06/25/2018	0.202779	0.225744	0.200257	0.213674	629,833	5,136,390
06/24/2018	0.223436	0.226690	0.189123	0.203405	347,320	5,659,620
06/23/2018	0.220651	0.242415	0.220394	0.223483	285,208	5,589,090
06/22/2018	0.260697	0.260939	0.214951	0.220574	505,461	6,603,460
06/21/2018	0.247408	0.261328	0.245428	0.260875	363,394	6,266,850
06/20/2018	0.257585	0.257603	0.229724	0.247467	394,165	6,524,640
06/19/2018	0.242857	0.261046	0.189018	0.257423	461,935	6,151,560
06/18/2018	0.232511	0.258894	0.222219	0.242996	400,103	5,889,490
06/17/2018	0.234573	0.246364	0.225322	0.232946	289,098	5,941,730
06/16/2018	0.223377	0.246061	0.222820	0.234287	245,190	5,658,130
06/15/2018	0.226081	0.251927	0.222615	0.224104	254,950	5,726,640
06/14/2018	0.229922	0.250926	0.214409	0.226320	213,281	5,823,930
06/13/2018	0.236978	0.291529	0.220048	0.229682	160,196	6,002,660
06/12/2018	0.253130	0.299673	0.224551	0.236197	178,945	6,411,780
06/11/2018	0.258026	0.266878	0.247103	0.253140	167,982	6,535,810
06/10/2018	0.306254	0.306254	0.251452	0.257619	91,005	7,757,420
06/09/2018	0.316095	0.319406	0.289713	0.305757	42,007	8,006,680
06/08/2018	0.306715	0.335175	0.298861	0.316073	46,568	7,769,080
06/07/2018	0.287639	0.339371	0.270366	0.306307	62,939	7,285,890
06/06/2018	0.251350	0.294425	0.240795	0.287668	63,305	6,366,680
06/05/2018	0.287756	0.304489	0.250800	0.251685	95,834	7,288,870
06/04/2018	0.301834	0.319198	0.284742	0.287718	40,574	7,645,460
06/03/2018	0.283703	0.315109	0.283220	0.302003	48,957	7,186,190
06/02/2018	0.308536	0.308939	0.275926	0.283965	35,490	7,815,230
06/01/2018	0.299565	0.319116	0.270304	0.308640	60,705	7,587,970
05/31/2018	0.286697	0.305387	0.260865	0.299188	31,489	7,262,020
05/30/2018	0.283212	0.320443	0.265961	0.286973	27,063	7,173,750
05/29/2018	0.269429	0.300322	0.252539	0.296530	22,333	6,824,640
05/28/2018	0.285258	0.287237	0.247880	0.270210	19,085	7,225,580
05/27/2018	0.277836	0.298821	0.264091	0.285275	5,850	7,037,590
05/26/2018	0.295387	0.306222	0.276315	0.277301	5,719	7,482,150
05/25/2018	0.299158	0.306628	0.273766	0.295344	6,191	7,577,660
05/24/2018	0.317649	0.333960	0.148062	0.298833	28,218	8,046,050
05/23/2018	0.353202	0.356230	0.292623	0.319084	21,181	8,946,620
05/22/2018	0.339501	0.379307	0.313966	0.353905	20,215	8,599,560
05/21/2018	0.414723	0.415022	0.335683	0.370256	16,644	10,504,900
05/20/2018	0.347144	0.425470	0.327387	0.414186	19,013	8,793,160
05/19/2018	0.305148	0.354211	0.300939	0.346854	20,261	7,729,410
05/18/2018	0.301032	0.338113	0.284728	0.305144	12,286	7,625,130
05/17/2018	0.310929	0.320760	0.288921	0.301330	7,650	7,875,840
05/16/2018	0.295287	0.310561	0.292808	0.310561	30,743	7,479,610
05/05/2018	0.352099	0.371886	0.350951	0.370476	386	8,918,660
05/04/2018	0.387758	0.415501	0.309466	0.351712	5,204	9,821,920
05/03/2018	0.377979	0.430940	0.287561	0.389020	13,973	9,574,210
05/02/2018	0.286639	0.380597	0.286639	0.378014	8,543	7,260,570
05/01/2018	0.387703	0.388181	0.286138	0.287470	21,738	9,820,510
04/30/2018	0.440134	0.441735	0.237884	0.386434	40,199	11,148,600
04/29/2018	0.471075	0.481592	0.364879	0.440083	27,566	11,932,300
04/28/2018	0.430306	0.496624	0.409646	0.471022	6,903	10,899,700
04/27/2018	0.529865	0.529865	0.434034	0.434034	40,067	13,421,500
04/26/2018	0.475464	0.555208	0.431845	0.528946	72,882	12,043,500
04/25/2018	0.493896	0.507553	0.416367	0.470846	33,528	12,510,400
04/24/2018	0.506167	0.605222	0.441666	0.442473	69,393	12,821,200
04/23/2018	0.562356	0.573436	0.463717	0.506153	39,358	14,244,500
04/22/2018	0.482790	0.597302	0.431192	0.564448	57,049	12,229,100
04/21/2018	0.427961	0.574870	0.364490	0.482790	53,316	10,840,300
04/20/2018	0.368923	0.425119	0.326262	0.410865	23,237	9,344,810
04/19/2018	0.299252	0.384064	0.272650	0.369364	17,510	7,580,050
04/18/2018	0.252792	0.299603	0.252128	0.299088	13,538	6,403,210
04/17/2018	0.274852	0.276344	0.252066	0.252669	5,606	6,962,010
04/16/2018	0.278063	0.279631	0.241030	0.274894	14,276	7,043,340
04/15/2018	0.269894	0.279576	0.259079	0.277697	8,172	6,836,410
04/14/2018	0.252468	0.273869	0.247581	0.270067	6,389	6,395,020
04/13/2018	0.265748	0.284060	0.244569	0.262539	10,594	6,731,390
04/12/2018	0.215712	0.266001	0.211190	0.265289	12,555	-
04/11/2018	0.232764	0.233956	0.206052	0.216795	11,973	-
04/10/2018	0.225053	0.234029	0.205487	0.232219	13,205	-
04/09/2018	0.203713	0.242949	0.203247	0.224016	9,080	-
04/08/2018	0.215210	0.225259	0.197823	0.203234	9,504	-
04/07/2018	0.193485	0.227087	0.185507	0.215308	28,689	-
04/06/2018	0.187920	0.193599	0.169341	0.193540	5,207	-
04/05/2018	0.189051	0.190639	0.167698	0.188644	5,037	-
04/04/2018	0.208835	0.209264	0.170145	0.189276	5,978	-
04/03/2018	0.182950	0.209978	0.162566	0.208424	21,395	-
04/02/2018	0.204840	0.210889	0.176914	0.182751	6,517	-
04/01/2018	0.213214	0.215748	0.188201	0.204183	1,493	-
03/31/2018	0.212023	0.224998	0.195621	0.213146	9,717	-
03/30/2018	0.191623	0.220835	0.182437	0.212217	8,078	-
03/29/2018	0.241304	0.243399	0.191895	0.192182	3,185	-
03/28/2018	0.244601	0.245375	0.207397	0.240875	15,980	-
03/27/2018	0.214824	0.244518	0.190828	0.244518	14,622	-
03/26/2018	0.262319	0.264024	0.197540	0.214955	14,257	-
03/25/2018	0.244917	0.268738	0.243325	0.262901	7,482	-
03/24/2018	0.271142	0.274725	0.246843	0.247887	22,878	-
03/23/2018	0.273987	0.274497	0.222462	0.268665	12,612	-
03/22/2018	0.270981	0.293953	0.231748	0.274033	24,481	-
03/21/2018	0.232616	0.273534	0.230075	0.270319	20,199	-
