Date	Open	High	Low	Close	Volume	Market Cap
07/15/2018	0.005002	0.005191	0.004875	0.005091	114,560	5,816,110
07/14/2018	0.004987	0.005487	0.004904	0.005015	123,867	5,798,810
07/13/2018	0.004746	0.005073	0.004674	0.004977	65,930	5,518,080
07/12/2018	0.005117	0.005269	0.004629	0.004732	48,618	5,948,880
07/11/2018	0.004827	0.005384	0.004827	0.005248	137,896	5,612,830
07/10/2018	0.005937	0.006043	0.004916	0.004933	120,421	6,903,100
07/09/2018	0.006399	0.006408	0.005919	0.005942	68,521	7,439,820
07/08/2018	0.006559	0.006631	0.006116	0.006400	135,010	7,625,730
07/07/2018	0.006341	0.006565	0.006246	0.006553	107,237	7,372,250
07/06/2018	0.006397	0.006572	0.006308	0.006343	106,943	7,437,780
07/05/2018	0.006559	0.006767	0.006295	0.006400	156,923	7,626,350
07/04/2018	0.006542	0.006801	0.006374	0.006515	90,193	7,606,080
07/03/2018	0.006702	0.006939	0.006426	0.006476	97,348	7,791,890
07/02/2018	0.006543	0.007155	0.006333	0.006714	154,179	7,607,370
07/01/2018	0.006491	0.006651	0.006300	0.006565	164,323	7,546,920
06/30/2018	0.006032	0.006735	0.006032	0.006428	161,850	7,013,310
06/29/2018	0.005814	0.006232	0.005567	0.006123	98,625	6,760,180
06/28/2018	0.006040	0.006208	0.005631	0.005859	93,789	7,023,070
06/27/2018	0.005781	0.006183	0.005548	0.006061	86,395	6,721,910
06/26/2018	0.006091	0.006117	0.005491	0.005775	82,891	7,082,440
06/25/2018	0.005875	0.006276	0.005681	0.006091	140,662	6,831,120
06/24/2018	0.006255	0.006276	0.005556	0.005899	63,388	7,272,710
06/23/2018	0.006194	0.006567	0.005985	0.006257	69,612	7,201,780
06/22/2018	0.007459	0.007459	0.005548	0.006184	101,368	8,671,960
06/21/2018	0.007514	0.007759	0.007109	0.007494	119,107	8,735,920
06/20/2018	0.007509	0.007518	0.006843	0.007518	120,564	8,730,570
06/19/2018	0.007426	0.008372	0.006180	0.007504	196,450	8,633,780
06/18/2018	0.006865	0.007430	0.006512	0.007430	112,398	7,981,360
06/17/2018	0.007323	0.007650	0.006760	0.006866	32,680	8,514,500
06/16/2018	0.007943	0.008054	0.006349	0.007324	65,887	9,235,400
06/15/2018	0.009552	0.010461	0.007304	0.007960	286,474	11,106,300
06/14/2018	0.007267	0.009554	0.006682	0.009554	50,293	8,449,780
06/13/2018	0.006841	0.007851	0.006562	0.007250	3,352	7,954,280
06/12/2018	0.006943	0.008885	0.006727	0.006814	31,314	8,073,070
06/11/2018	0.006677	0.009016	0.006625	0.006941	102,054	7,763,670
06/10/2018	0.008596	0.009665	0.006666	0.006666	110,525	9,994,340
06/09/2018	0.008787	0.009668	0.008556	0.008579	90,211	10,217,000
06/08/2018	0.007692	0.008825	0.007686	0.008785	74,509	8,942,890
06/07/2018	0.008170	0.008522	0.007487	0.007678	8,665	9,499,540
06/06/2018	0.007756	0.009235	0.005635	0.008173	26,270	9,018,100
06/05/2018	0.007467	0.009795	0.007052	0.007881	38,466	8,681,840
06/04/2018	0.009236	0.009473	0.007280	0.007468	9,526	10,738,700
06/03/2018	0.008280	0.010439	0.004025	0.009250	49,564	9,627,420
06/02/2018	0.008068	0.009210	0.008060	0.008291	9,853	9,380,860
06/01/2018	0.009401	0.009459	0.007682	0.008070	14,853	10,930,600
05/31/2018	0.008493	0.009454	0.007945	0.009381	31,515	9,874,880
05/30/2018	0.009812	0.010100	0.007707	0.008501	33,021	11,408,500
05/29/2018	0.008468	0.009908	0.008319	0.009806	17,622	9,845,380
05/28/2018	0.009835	0.009835	0.008275	0.009007	22,134	11,434,700
05/27/2018	0.009664	0.010140	0.009321	0.009835	14,293	11,235,600
05/26/2018	0.010950	0.011355	0.009571	0.009645	33,887	12,730,900
05/25/2018	0.010110	0.011912	0.009936	0.010948	28,890	11,755,400
05/24/2018	0.009879	0.011574	0.009255	0.010100	61,169	11,485,600
05/23/2018	0.011570	0.011669	0.009471	0.009923	47,920	13,452,900
05/22/2018	0.013048	0.013496	0.010595	0.011594	48,071	15,170,800
05/21/2018	0.010565	0.014815	0.010491	0.013076	156,913	12,284,200
05/20/2018	0.011643	0.011845	0.010287	0.010552	35,323	13,537,300
05/19/2018	0.011162	0.012115	0.009416	0.011633	22,077	-
05/18/2018	0.010665	0.011333	0.010004	0.011163	21,503	-
05/17/2018	0.012334	0.013369	0.009684	0.010675	63,781	-
05/16/2018	0.013091	0.013667	0.011523	0.012320	54,479	-
05/15/2018	0.010955	0.013900	0.010955	0.013085	75,133	-
05/14/2018	0.015463	0.015463	0.008020	0.010970	82,488	-
05/13/2018	0.013745	0.016419	0.013625	0.015470	93,083	-
05/12/2018	0.014869	0.015421	0.013417	0.013773	60,131	-
05/11/2018	0.017216	0.018135	0.014114	0.014896	126,114	-
05/10/2018	0.015934	0.019802	0.015894	0.017203	280,520	-
05/09/2018	0.019446	0.021742	0.015451	0.015919	116,599	-
05/08/2018	0.020553	0.022405	0.016272	0.019470	36,780	-
05/05/2018	0.014073	0.014864	0.014027	0.014723	462	-
05/04/2018	0.014652	0.015152	0.013370	0.014058	28,370	-
05/03/2018	0.012027	0.115263	0.011904	0.014700	54,257	-
05/02/2018	0.013565	0.013657	0.012015	0.012028	155,134	-
