Date	Open	High	Low	Close	Volume	Market Cap
07/15/2018	0.001441	0.001471	0.001144	0.001144	3	-
07/14/2018	0.000873	0.001453	0.000868	0.001441	156	-
07/13/2018	0.000938	0.000942	0.000865	0.000876	46	-
07/12/2018	0.000895	0.000895	0.000864	0.000866	1	-
07/11/2018	0.000893	0.000900	0.000887	0.000895	1	-
07/09/2018	0.000939	0.000943	0.000936	0.000941	17	-
07/08/2018	0.001081	0.001622	0.000938	0.000939	18	-
07/07/2018	0.001386	0.001650	0.001043	0.001083	197	-
07/06/2018	0.001372	0.001391	0.001356	0.001388	1	-
07/05/2018	0.001449	0.001464	0.001359	0.001373	105	-
07/04/2018	0.000780	0.001472	0.000772	0.001446	110	-
07/03/2018	0.000855	0.001190	0.000779	0.000780	63	-
07/02/2018	0.000825	0.000864	0.000819	0.000859	1	-
07/01/2018	0.001150	0.001156	0.000817	0.000825	11	-
06/30/2018	0.000895	0.001154	0.000889	0.001149	29	-
06/29/2018	0.001115	0.001125	0.001102	0.001118	5	-
06/28/2018	0.001104	0.001161	0.001094	0.001114	5	-
06/27/2018	0.000973	0.001109	0.000842	0.001104	117	-
06/26/2018	0.000937	0.000997	0.000923	0.000973	4	-
06/25/2018	0.000942	0.000944	0.000936	0.000937	187	-
06/22/2018	0.001007	0.001009	0.000892	0.000901	1	-
06/21/2018	0.001006	0.001010	0.001004	0.001008	2	-
06/20/2018	0.001351	0.001356	0.001317	0.001350	1	-
06/19/2018	0.001277	0.001353	0.001273	0.001350	13	-
06/18/2018	0.000972	0.001017	0.000964	0.001013	22	-
06/17/2018	0.001241	0.001250	0.000972	0.000975	23	-
06/16/2018	0.001220	0.001234	0.001218	0.001233	1	-
06/15/2018	0.000997	0.001263	0.000988	0.001225	1	-
06/14/2018	0.000973	0.001003	0.000954	0.000998	7	-
06/13/2018	0.000987	0.000993	0.000930	0.000947	1	-
06/12/2018	0.001309	0.001309	0.000976	0.000985	3	-
06/11/2018	0.001152	0.001316	0.001071	0.001309	15	-
06/10/2018	0.001351	0.001351	0.001133	0.001150	66	-
06/09/2018	0.001449	0.001452	0.001349	0.001349	50	-
06/08/2018	0.001613	0.001617	0.001436	0.001450	1	-
06/07/2018	0.001684	0.001705	0.001607	0.001612	52	-
06/06/2018	0.001601	0.001692	0.001350	0.001683	41	-
06/05/2018	0.001275	0.001727	0.001275	0.001601	113	-
06/04/2018	0.001311	0.001314	0.001270	0.001275	108	-
06/03/2018	0.001222	0.001700	0.001216	0.001310	324	-
06/02/2018	0.001527	0.001685	0.001220	0.001221	108	-
06/01/2018	0.001348	0.001664	0.001346	0.001636	5	-
05/31/2018	0.001550	0.001652	0.001339	0.001348	111	-
05/30/2018	0.001493	0.001586	0.001491	0.001551	143	-
05/29/2018	0.001424	0.001562	0.001416	0.001492	77	-
05/28/2018	0.001543	0.001556	0.001420	0.001424	164	-
05/27/2018	0.001687	0.001697	0.001531	0.001542	1	-
05/26/2018	0.001568	0.001743	0.001552	0.001686	39	-
05/25/2018	0.001815	0.001836	0.001550	0.001570	227	-
05/24/2018	0.001880	0.001930	0.001749	0.001812	19	-
05/23/2018	0.001761	0.001978	0.001646	0.001885	80	-
05/22/2018	0.001934	0.002147	0.001753	0.001763	115	-
05/21/2018	0.002388	0.002402	0.001917	0.001934	69	-
05/20/2018	0.001896	0.002394	0.001829	0.002385	620	-
05/19/2018	0.001730	0.002391	0.001729	0.001895	419	-
05/18/2018	0.001616	0.002314	0.001592	0.001730	389	-
05/17/2018	0.002087	0.002243	0.001605	0.001614	257	-
05/16/2018	0.002206	0.002208	0.001486	0.002086	776	-
05/15/2018	0.002082	0.002720	0.002078	0.002208	124	-
05/14/2018	0.001564	0.002693	0.001499	0.002085	514	-
05/13/2018	0.002117	0.002372	0.001565	0.001565	258	-
05/12/2018	0.001931	0.002417	0.001342	0.002118	777	-
05/11/2018	0.001988	0.002107	0.001459	0.001937	258	-
05/10/2018	0.002235	0.002435	0.001773	0.001986	51	-
05/09/2018	0.002392	0.002417	0.002136	0.002236	371	-
05/08/2018	0.002061	0.002406	0.002050	0.002395	19	-
05/07/2018	0.002115	0.002551	0.002026	0.002056	20	-
05/06/2018	0.002261	0.002877	0.001706	0.002113	340	-
05/05/2018	0.002714	0.003187	0.002160	0.002259	580	-
05/04/2018	0.002632	0.003029	0.002486	0.002715	155	-
05/03/2018	0.002028	0.002925	0.002023	0.002633	81	-
05/02/2018	0.002543	0.002776	0.002028	0.002028	149	-
05/01/2018	0.002403	0.002711	0.002318	0.002547	18	-
04/30/2018	0.002914	0.003888	0.002388	0.002401	1,945	-
04/29/2018	0.003084	0.003642	0.002910	0.002915	1,626	-
04/28/2018	0.002942	0.003114	0.002935	0.003085	7	-
04/27/2018	0.002975	0.003056	0.002926	0.002952	65	-
04/26/2018	0.003279	0.003311	0.002777	0.002971	160	-
04/25/2018	0.003200	0.003407	0.003002	0.003252	228	-
04/24/2018	0.003034	0.003500	0.003033	0.003222	172	-
04/23/2018	0.003073	0.003364	0.002835	0.003032	112	-
04/22/2018	0.003393	0.003503	0.002821	0.003080	278	-
04/21/2018	0.002829	0.003411	0.002689	0.003393	53	-
04/20/2018	0.002563	0.003313	0.002315	0.002828	828	-
04/19/2018	0.002694	0.002719	0.002208	0.002562	241	-
04/18/2018	0.002053	0.002791	0.002023	0.002692	365	-
04/17/2018	0.002247	0.002256	0.002044	0.002051	304	-
04/16/2018	0.002166	0.002250	0.001922	0.002246	82	-
04/15/2018	0.002400	0.002438	0.002160	0.002167	97	-
04/14/2018	0.002439	0.002533	0.001976	0.002398	382	-
04/13/2018	0.001936	0.002470	0.001900	0.002439	138	-
04/12/2018	0.002224	0.002538	0.001916	0.001933	360	-
04/11/2018	0.002039	0.002230	0.001777	0.002230	126	-
04/10/2018	0.001779	0.002050	0.001642	0.002037	137	-
04/09/2018	0.002401	0.002455	0.001730	0.001774	562	-
04/08/2018	0.002509	0.002534	0.002143	0.002397	13	-
04/07/2018	0.002378	0.002547	0.001935	0.002510	271	-
04/06/2018	0.002120	0.002782	0.001783	0.002378	123	-
04/05/2018	0.002377	0.002392	0.001923	0.002129	98	-
04/04/2018	0.002033	0.002390	0.001871	0.002376	272	-
04/03/2018	0.001762	0.002420	0.001757	0.002056	174	-
04/02/2018	0.002210	0.002351	0.001752	0.001761	23	-
04/01/2018	0.002297	0.002321	0.002074	0.002201	50	-
03/31/2018	0.001778	0.002297	0.001710	0.002297	130	-
03/30/2018	0.001841	0.001940	0.001734	0.001778	50	-
03/29/2018	0.002052	0.002522	0.001792	0.001846	402	-
03/28/2018	0.002025	0.002878	0.002014	0.002050	745	-
03/27/2018	0.002925	0.002939	0.002023	0.002025	598	-
03/26/2018	0.003036	0.003282	0.001529	0.002928	1,209	-
03/25/2018	0.004003	0.004081	0.003027	0.003039	100	-
03/24/2018	0.003917	0.004132	0.001372	0.004053	2,618	-
03/23/2018	0.003637	0.003861	0.003146	0.003861	479	-
03/22/2018	0.004102	0.004215	0.003443	0.003637	350	-
03/21/2018	0.003375	0.004242	0.003243	0.004103	2,409	-
03/20/2018	0.002846	0.003591	0.002754	0.003366	64	-
03/19/2018	0.002825	0.003534	0.002768	0.002814	380	-
03/18/2018	0.002574	0.003457	0.002050	0.002836	1,470	-
03/17/2018	0.003159	0.003490	0.002497	0.002581	916	-
03/16/2018	0.003268	0.003847	0.003154	0.003154	164	-
03/15/2018	0.003366	0.003839	0.003151	0.003270	266	-
03/14/2018	0.003402	0.004077	0.002960	0.003367	2,623	-
03/13/2018	0.003531	0.003531	0.002555	0.003402	2,257	-
03/12/2018	0.002962	0.003842	0.002920	0.003541	646	-
03/11/2018	0.003421	0.003935	0.002807	0.002971	814	-
03/10/2018	0.003560	0.004197	0.003103	0.003432	322	-
03/09/2018	0.003312	0.004663	0.002365	0.003559	4,618	-
03/08/2018	0.002737	0.004010	0.002669	0.003326	562	-
03/07/2018	0.005088	0.005130	0.002571	0.002741	1,349	-
03/06/2018	0.005488	0.005791	0.004749	0.005089	611	-
03/05/2018	0.004203	0.005733	0.004193	0.005498	2,914	-
03/04/2018	0.005216	0.005708	0.003254	0.004203	3,222	-
03/03/2018	0.006155	0.006327	0.004942	0.005221	750	-
03/02/2018	0.006026	0.006200	0.005261	0.006162	554	-
03/01/2018	0.005648	0.006103	0.005547	0.006037	865	-
02/28/2018	0.007027	0.007034	0.005560	0.005641	1,784	-
02/27/2018	0.006712	0.007206	0.005967	0.007034	4,393	-
02/26/2018	0.005685	0.008174	0.005668	0.006693	2,110	-
02/25/2018	0.008050	0.008641	0.005678	0.005678	3,730	-
02/24/2018	0.007774	0.009003	0.007751	0.008063	3,400	-
02/23/2018	0.008657	0.008689	0.007404	0.007784	3,960	-
02/22/2018	0.009280	0.011272	0.007825	0.008667	3,194	-
02/21/2018	0.012424	0.012916	0.009263	0.009292	4,944	-
02/20/2018	0.012819	0.015367	0.009388	0.012440	10,266	-
02/19/2018	0.009249	0.013152	0.007909	0.012811	4,465	-
02/18/2018	0.011530	0.012697	0.007737	0.008255	4,971	-
02/17/2018	0.005483	0.016361	0.005434	0.011501	17,265	-
02/16/2018	0.005599	0.006619	0.005245	0.005482	3,328	-
02/15/2018	0.005401	0.006799	0.004348	0.005693	5,315	-
02/14/2018	0.003539	0.005814	0.002828	0.005398	1,895	-
02/13/2018	0.006016	0.006037	0.003421	0.003543	3,648	-
02/12/2018	0.005673	0.006836	0.003538	0.006006	4,172	-
02/11/2018	0.006847	0.007383	0.005138	0.005638	3,093	-
02/10/2018	0.006194	0.009407	0.005141	0.006854	7,189	-
02/09/2018	0.007919	0.010043	0.005547	0.006190	2,812	-
02/08/2018	0.006923	0.009168	0.005043	0.007903	3,574	-
02/07/2018	0.010617	0.015562	0.006914	0.006948	3,502	-
02/06/2018	0.011379	0.012573	0.006970	0.010689	11,531	-
02/05/2018	0.012780	0.014869	0.010475	0.011359	3,592	-
02/04/2018	0.017013	0.019668	0.012613	0.014410	10,231	-
02/03/2018	0.017489	0.020339	0.014995	0.017009	13,514	-
02/02/2018	0.018823	0.021034	0.011719	0.017424	26,073	-
02/01/2018	0.024056	0.027120	0.018091	0.018870	14,751	-
01/31/2018	0.021093	0.024437	0.018185	0.024007	13,124	-
01/30/2018	0.025200	0.026256	0.020471	0.021050	9,302	-
01/29/2018	0.029992	0.030282	0.023387	0.025189	21,493	-
01/28/2018	0.024660	0.033005	0.023988	0.030028	45,650	-
01/27/2018	0.024469	0.025347	0.019046	0.024518	8,795	-
01/26/2018	0.023100	0.026938	0.023100	0.025490	8,567	-
01/25/2018	0.026542	0.027731	0.023057	0.023165	12,370	-
01/24/2018	0.027428	0.030729	0.024568	0.026187	12,853	-
01/23/2018	0.033019	0.033732	0.025027	0.027439	34,477	-
01/22/2018	0.034737	0.037411	0.027505	0.033104	32,281	-
01/21/2018	0.042565	0.046402	0.030041	0.034373	38,636	-
01/20/2018	0.030387	0.045130	0.030387	0.040596	11,995	-
01/19/2018	0.034791	0.039336	0.028631	0.030107	72,760	-
01/18/2018	0.022018	0.037399	0.022018	0.035138	63,888	-
01/17/2018	0.025367	0.032474	0.016687	0.021897	60,808	-
01/16/2018	0.043314	0.043345	0.021917	0.025769	85,515	-
01/15/2018	0.048398	0.053347	0.039731	0.043245	172,301	-
01/14/2018	0.059498	0.059945	0.038783	0.048508	222,020	-
01/13/2018	0.037816	0.066705	0.031742	0.059401	581,866	-
01/12/2018	0.012728	0.035860	0.012359	0.035747	153,213	-
01/11/2018	0.014233	0.014907	0.010030	0.012078	31,923	-
01/10/2018	0.017017	0.017603	0.012549	0.014201	27,941	-
01/09/2018	0.016005	0.021107	0.012423	0.016977	50,914	-
01/08/2018	0.012433	0.019376	0.012425	0.015963	62,921	-
01/07/2018	0.008531	0.013348	0.007208	0.012338	59,605	-
01/06/2018	0.011592	0.015212	0.008506	0.008506	34,889	-
01/05/2018	0.014296	0.015086	0.007937	0.011450	30,799	-
01/04/2018	0.015600	0.018005	0.011120	0.014307	31,958	-
01/03/2018	0.020047	0.021490	0.011306	0.015551	62,535	-
01/02/2018	0.024198	0.028163	0.015638	0.020335	183,172	-
01/01/2018	0.006346	0.025458	0.006191	0.025458	138,177	-
12/31/2017	0.006155	0.008872	0.004901	0.006878	28,950	-
12/30/2017	0.006063	0.010328	0.005028	0.006218	21,861	-
12/29/2017	0.003162	0.006721	0.002650	0.006075	36,568	-
12/28/2017	0.004172	0.006923	0.002116	0.003132	7,064	-
12/27/2017	0.002836	0.004183	0.002689	0.004179	31,256	-
12/26/2017	0.002757	0.003325	0.001879	0.002832	4,851	-
12/25/2017	0.003467	0.003499	0.001887	0.002759	7,948	-
12/24/2017	0.002743	0.004892	0.002675	0.003435	6,010	-
12/23/2017	0.002597	0.003374	0.002527	0.002713	3,161	-
12/22/2017	0.003761	0.003792	0.002126	0.002574	4,776	-
12/21/2017	0.003770	0.003991	0.002914	0.003748	4,023	-
12/20/2017	0.003304	0.004602	0.002962	0.003761	6,709	-
12/19/2017	0.004866	0.005292	0.002943	0.003308	25,890	-
12/18/2017	0.003805	0.005087	0.002908	0.005070	3,370	-
12/17/2017	0.002648	0.003876	0.002448	0.003798	8,826	-
12/16/2017	0.002191	0.003143	0.001898	0.002649	4,081	-
12/15/2017	0.002070	0.003116	0.002069	0.002188	4,138	-
12/14/2017	0.002135	0.002869	0.001735	0.002067	2,083	-
12/13/2017	0.001980	0.002493	0.001738	0.002140	3,548	-
12/12/2017	0.002404	0.002731	0.001437	0.001978	6,564	-
12/11/2017	0.002852	0.003308	0.002114	0.002658	4,049	-
12/10/2017	0.002990	0.003248	0.002230	0.002871	4,235	-
12/09/2017	0.002562	0.003154	0.002188	0.002979	8,775	-
12/08/2017	0.003601	0.003791	0.002368	0.002571	3,781	-
12/07/2017	0.003203	0.003584	0.002616	0.003584	7,386	-
12/06/2017	0.002601	0.003395	0.002444	0.003224	10,044	-
12/05/2017	0.002799	0.002843	0.002352	0.002607	5,573	-
12/04/2017	0.002339	0.002872	0.001816	0.002794	14,273	-
12/03/2017	0.002171	0.002679	0.002003	0.002334	6,049	-
12/02/2017	0.002481	0.002942	0.002169	0.002169	6,570	-
12/01/2017	0.001954	0.002686	0.001564	0.002482	6,944	-
11/30/2017	0.001871	0.002255	0.001618	0.001961	2,968	-
11/29/2017	0.002810	0.002901	0.001592	0.001845	4,316	-
11/28/2017	0.002701	0.002867	0.002150	0.002816	6,165	-
11/27/2017	0.002464	0.003174	0.002326	0.002711	10,574	-
11/26/2017	0.002980	0.003752	0.002387	0.002465	12,845	-
11/25/2017	0.002386	0.003497	0.002010	0.002981	41,811	-
11/24/2017	0.001016	0.002442	0.000984	0.002389	14,943	-
11/23/2017	0.001457	0.001462	0.000784	0.001019	11,445	-
11/22/2017	0.001451	0.001591	0.001164	0.001416	11,130	-
11/21/2017	0.001896	0.001928	0.001338	0.001507	19,972	-
11/20/2017	0.002601	0.002886	0.001602	0.001977	47,335	-
11/19/2017	0.003795	0.003832	0.002295	0.002781	188,732	-
11/18/2017	0.002798	0.005906	0.002239	0.003947	536,596	-
11/17/2017	0.031022	0.036087	0.002449	0.002813	586,619	-
11/16/2017	0.046450	0.053108	0.018133	0.030899	631,014	-
11/15/2017	0.057252	0.092940	0.030664	0.046320	801,984	-
11/14/2017	0.019727	0.061734	0.019365	0.059556	338,385	-
11/13/2017	0.009267	0.031149	0.009267	0.019695	118,674	-
