Date	Open	High	Low	Close	Volume	Market Cap
07/15/2018	0.116039	0.119991	0.113429	0.116032	593,159	9,402,320
07/14/2018	0.118266	0.119112	0.113853	0.116493	795,785	9,582,770
07/13/2018	0.117765	0.121423	0.116687	0.118334	858,354	9,542,170
07/12/2018	0.124579	0.125688	0.114403	0.117700	866,849	10,094,300
07/11/2018	0.121977	0.124832	0.117890	0.124377	655,284	9,883,460
07/10/2018	0.137426	0.137624	0.117640	0.121968	418,683	11,135,200
07/09/2018	0.140177	0.141505	0.115162	0.137540	947,154	11,358,200
07/08/2018	0.135130	0.141277	0.133487	0.139129	1,009,690	10,949,200
07/07/2018	0.132635	0.135861	0.128383	0.134117	1,023,350	10,747,000
07/06/2018	0.118142	0.140767	0.113010	0.132863	814,891	9,572,720
07/05/2018	0.126881	0.127399	0.112898	0.118095	858,272	10,280,800
07/04/2018	0.133251	0.134705	0.126313	0.126592	868,713	10,797,000
07/03/2018	0.135344	0.137703	0.130026	0.133303	824,261	10,966,600
07/02/2018	0.133182	0.139800	0.126652	0.135733	843,119	10,791,400
07/01/2018	0.139026	0.142240	0.129360	0.133181	950,227	11,264,900
06/30/2018	0.132694	0.144723	0.118858	0.138819	825,016	10,751,800
06/29/2018	0.129186	0.134502	0.103642	0.132432	917,994	10,467,600
06/28/2018	0.138970	0.141032	0.128804	0.129800	939,873	11,260,400
06/27/2018	0.141832	0.145418	0.135914	0.139505	1,023,230	11,492,200
06/26/2018	0.157036	0.158117	0.143669	0.143828	1,038,870	12,724,200
06/25/2018	0.152741	0.161035	0.146107	0.157401	1,140,620	12,376,200
06/24/2018	0.155920	0.156514	0.140537	0.153687	1,136,530	12,633,700
06/23/2018	0.156801	0.161804	0.150849	0.154904	1,140,560	12,705,100
06/22/2018	0.173358	0.173785	0.145453	0.157288	1,060,880	14,046,700
06/21/2018	0.142068	0.185762	0.133314	0.173201	935,867	11,511,400
06/20/2018	0.149352	0.152437	0.139616	0.142141	744,662	12,101,500
06/19/2018	0.150286	0.158042	0.146787	0.149011	650,804	12,177,200
06/18/2018	0.142163	0.155573	0.139314	0.151197	710,848	11,519,100
06/17/2018	0.146093	0.154142	0.141421	0.141647	753,152	11,837,500
06/16/2018	0.159625	0.162471	0.142562	0.146041	1,091,960	12,934,000
06/15/2018	0.169166	0.171002	0.154429	0.159714	986,138	13,707,100
06/14/2018	0.167758	0.175614	0.147863	0.169250	1,227,270	13,593,000
06/13/2018	0.163680	0.169166	0.149314	0.167486	1,164,980	13,262,600
06/12/2018	0.192037	0.192067	0.145958	0.163194	1,197,450	15,560,200
06/11/2018	0.195394	0.201553	0.184262	0.191130	765,311	15,832,200
06/10/2018	0.231381	0.231381	0.188058	0.195200	995,942	18,748,200
06/09/2018	0.244689	0.248337	0.232153	0.232153	1,018,890	19,826,500
06/08/2018	0.245579	0.255327	0.238723	0.244345	1,206,000	19,898,600
06/07/2018	0.243099	0.255133	0.241414	0.246344	1,421,370	19,697,700
06/06/2018	0.243281	0.250263	0.235764	0.242906	1,398,430	19,712,400
06/05/2018	0.239854	0.243976	0.230446	0.243561	1,189,470	19,434,700
06/04/2018	0.249636	0.253275	0.233107	0.239833	1,322,300	20,227,300
06/03/2018	0.244902	0.259146	0.240940	0.250911	1,044,600	19,843,700
06/02/2018	0.262515	0.268144	0.245167	0.245167	1,109,060	21,270,900
06/01/2018	0.254782	0.292278	0.254782	0.262492	1,386,080	20,644,300
05/31/2018	0.277357	0.284912	0.251079	0.254207	970,912	22,473,400
05/30/2018	0.304225	0.318444	0.270796	0.277909	851,099	24,650,500
05/29/2018	0.237384	0.305005	0.228927	0.303087	1,360,650	19,234,600
05/28/2018	0.247380	0.261503	0.227606	0.237910	922,395	20,044,500
05/27/2018	0.260931	0.272034	0.247350	0.253170	1,115,180	21,142,600
05/26/2018	0.262380	0.272887	0.251260	0.262278	1,118,120	21,259,900
05/25/2018	0.259526	0.279224	0.250058	0.262190	846,117	21,028,700
05/24/2018	0.251760	0.269854	0.235434	0.259803	745,344	20,399,500
05/23/2018	0.249828	0.254824	0.222801	0.250945	734,862	20,242,800
05/22/2018	0.277017	0.289645	0.246813	0.246813	962,888	22,445,900
05/21/2018	0.303519	0.335706	0.249391	0.277595	1,165,860	24,593,300
05/20/2018	0.327369	0.333102	0.283542	0.303065	1,030,890	26,525,800
05/19/2018	0.316989	0.346445	0.310615	0.325617	1,139,790	25,684,800
05/18/2018	0.312035	0.328294	0.296896	0.310114	1,117,050	25,283,300
05/17/2018	0.352381	0.354124	0.308966	0.312130	973,993	28,552,400
05/16/2018	0.362892	0.362892	0.341943	0.352981	1,124,410	29,404,200
05/15/2018	0.393242	0.406107	0.357546	0.362080	1,188,480	31,863,300
05/14/2018	0.421138	0.421144	0.377200	0.394834	1,188,380	34,123,600
05/13/2018	0.397078	0.432313	0.391315	0.421312	1,325,980	32,174,100
05/12/2018	0.370761	0.435712	0.369101	0.398527	1,550,860	30,041,700
05/11/2018	0.397608	0.429546	0.345297	0.371507	1,104,140	32,217,000
05/10/2018	0.481949	0.490400	0.377606	0.397907	1,385,270	39,051,000
05/09/2018	0.489496	0.503503	0.443830	0.488520	1,307,870	39,662,500
05/08/2018	0.402682	0.484704	0.373401	0.484704	1,172,770	32,628,200
05/07/2018	0.447703	0.452619	0.381527	0.400106	1,083,590	-
05/06/2018	0.471962	0.472382	0.392472	0.451912	1,089,820	-
05/05/2018	0.497669	0.522793	0.433049	0.466919	1,355,300	-
05/04/2018	0.608709	0.644625	0.487326	0.497535	1,307,720	-
05/03/2018	0.576805	0.659364	0.535582	0.607293	1,285,410	-
05/02/2018	0.567171	0.598883	0.530322	0.578365	972,966	-
05/01/2018	0.578561	0.594117	0.510206	0.568602	954,365	-
04/30/2018	0.606112	0.630015	0.571903	0.576869	1,063,890	-
04/29/2018	0.683925	0.701138	0.562169	0.604227	1,183,540	-
04/28/2018	0.644141	0.721093	0.643473	0.686481	1,172,870	-
04/27/2018	0.607048	0.653070	0.588399	0.646420	1,198,610	-
04/26/2018	0.554353	0.608468	0.521993	0.606013	790,840	-
04/25/2018	0.638884	0.643088	0.517291	0.550069	686,618	-
04/24/2018	0.602273	0.637972	0.602273	0.637823	1,122,840	-
04/23/2018	0.579745	0.608719	0.578954	0.601545	1,175,060	-
04/22/2018	0.588951	0.611450	0.575367	0.581673	914,698	-
04/21/2018	0.572071	0.616384	0.562779	0.597741	985,751	-
04/20/2018	0.495579	0.575965	0.462833	0.575783	956,590	-
04/19/2018	0.491602	0.512261	0.484189	0.496430	768,714	-
04/18/2018	0.508578	0.512361	0.487614	0.491261	754,024	-
04/17/2018	0.518838	0.520484	0.502283	0.508299	621,454	-
04/16/2018	0.546844	0.549531	0.502126	0.518856	708,404	-
04/15/2018	0.513167	0.546837	0.513167	0.546837	790,953	-
04/14/2018	0.499786	0.542097	0.481231	0.512620	942,378	-
04/13/2018	0.502749	0.540179	0.483037	0.498755	647,281	-
04/12/2018	0.437045	0.505120	0.416554	0.502005	563,384	-
04/11/2018	0.405928	0.446640	0.405928	0.439242	667,720	-
04/10/2018	0.405967	0.413772	0.369888	0.403294	590,829	-
04/09/2018	0.418975	0.447086	0.391765	0.404444	506,361	-
04/08/2018	0.404743	0.433675	0.396707	0.418892	408,440	-
04/07/2018	0.347427	0.410047	0.345930	0.404809	497,258	-
04/06/2018	0.381581	0.385636	0.341430	0.347623	540,487	-
04/05/2018	0.411047	0.423047	0.367402	0.383651	338,972	-
04/04/2018	0.425343	0.503448	0.398743	0.410879	688,966	-
04/03/2018	0.361738	0.424809	0.360648	0.424780	496,888	-
04/02/2018	0.301421	0.395688	0.299859	0.360364	454,456	-
04/01/2018	0.263595	0.316893	0.261821	0.300784	239,850	-
03/31/2018	0.254242	0.280169	0.246380	0.263532	151,663	-
03/30/2018	0.232572	0.258681	0.222496	0.254392	158,905	-
03/29/2018	0.295881	0.296359	0.228749	0.235420	213,103	-
03/28/2018	0.292070	0.312489	0.285153	0.295320	208,900	-
03/27/2018	0.309784	0.312882	0.285236	0.292113	170,074	-
03/26/2018	0.332413	0.342506	0.295757	0.310012	178,573	-
03/25/2018	0.332416	0.343779	0.329412	0.333056	90,464	-
03/24/2018	0.360979	0.378722	0.260201	0.336526	272,788	-
03/23/2018	0.338792	0.366406	0.308396	0.357357	236,565	-
03/22/2018	0.358224	0.377118	0.314939	0.338833	523,316	-
03/21/2018	0.365333	0.387236	0.351100	0.357783	309,415	-
03/20/2018	0.270597	0.384177	0.256290	0.363312	187,716	-
03/19/2018	0.260822	0.296702	0.253726	0.268122	222,958	-
03/18/2018	0.241199	0.276721	0.218099	0.261871	106,187	-
03/17/2018	0.242324	0.267913	0.223625	0.241530	66,249	-
03/16/2018	0.230106	0.252919	0.222389	0.242206	51,237	-
03/15/2018	0.214077	0.244170	0.190689	0.230340	67,677	-
03/14/2018	0.267533	0.272139	0.213803	0.213992	91,678	-
03/13/2018	0.285231	0.288741	0.253555	0.267442	60,363	-
03/12/2018	0.283367	0.298488	0.260120	0.285570	128,367	-
03/11/2018	0.281078	0.292158	0.255673	0.283789	37,111	-
03/10/2018	0.302848	0.321325	0.272896	0.281942	47,172	-
03/09/2018	0.283533	0.315419	0.250139	0.303027	87,916	-
03/08/2018	0.317611	0.341284	0.279723	0.284275	62,030	-
03/07/2018	0.330713	0.333644	0.298443	0.318102	89,005	-
03/06/2018	0.328461	0.361066	0.319197	0.330251	98,887	-
03/05/2018	0.319448	0.412582	0.303921	0.328648	86,689	-
03/04/2018	0.327046	0.414938	0.310659	0.319468	65,502	-
03/03/2018	0.304409	0.334291	0.295210	0.327173	63,311	-
03/02/2018	0.310121	0.362840	0.298161	0.303674	78,614	-
03/01/2018	0.312186	0.382715	0.294253	0.310236	92,230	-
02/28/2018	0.443499	0.454770	0.311971	0.312011	157,399	-
02/27/2018	0.437336	0.460378	0.405402	0.443422	107,600	-
02/26/2018	0.422192	0.447144	0.397986	0.436125	134,352	-
02/25/2018	0.397633	0.445345	0.375382	0.422534	99,130	-
02/24/2018	0.469293	0.505560	0.276422	0.410153	138,192	-
02/23/2018	0.484520	0.514564	0.459078	0.473985	174,695	-
02/22/2018	0.546338	0.553366	0.452390	0.485086	116,872	-
02/21/2018	0.624007	0.624007	0.463451	0.547165	228,944	-
02/20/2018	0.573066	0.734176	0.572775	0.624788	352,173	-
