Date	Open	High	Low	Close	Volume	Market Cap
07/15/2018	0.042469	0.046902	0.042133	0.045354	2,796,740	6,267,780
07/14/2018	0.046797	0.051966	0.041472	0.042275	2,814,200	6,906,630
07/13/2018	0.040914	0.047553	0.038812	0.046849	3,653,180	6,038,370
07/12/2018	0.052068	0.052068	0.039794	0.040936	2,844,580	7,684,550
07/11/2018	0.055482	0.056003	0.048751	0.052062	3,644,420	8,188,440
07/10/2018	0.059981	0.069236	0.054540	0.055338	3,892,600	8,852,410
07/09/2018	0.063052	0.067269	0.047660	0.060244	3,700,800	9,305,630
07/08/2018	0.064097	0.065359	0.053785	0.064608	4,024,070	9,459,820
07/07/2018	0.062630	0.063906	0.060934	0.063906	5,100,910	9,243,320
07/06/2018	0.063418	0.063840	0.061586	0.062549	5,273,920	9,359,580
07/05/2018	0.063107	0.071503	0.062575	0.063481	5,010,630	9,313,790
07/04/2018	0.067497	0.067620	0.062880	0.062999	4,532,150	9,961,620
07/03/2018	0.071066	0.072328	0.067353	0.067367	4,469,960	10,488,400
07/02/2018	0.070609	0.072371	0.067419	0.071684	3,810,400	10,420,900
06/30/2018	0.063782	0.066912	0.063782	0.066279	4,469,260	9,413,340
06/29/2018	0.060040	0.067053	0.059559	0.063720	4,297,420	8,861,020
06/28/2018	0.062391	0.066297	0.059561	0.059817	5,451,590	9,208,060
06/27/2018	0.059058	0.064327	0.058567	0.062242	5,863,640	8,716,200
06/26/2018	0.069882	0.070138	0.058785	0.058791	5,449,550	10,313,600
06/25/2018	0.064944	0.073212	0.064113	0.070002	4,216,710	9,584,770
06/24/2018	0.064423	0.065986	0.056937	0.065136	2,688,800	9,508,020
06/23/2018	0.066468	0.067403	0.063080	0.064460	2,721,400	9,809,760
06/22/2018	0.074410	0.079468	0.064593	0.066438	2,454,310	10,981,800
06/21/2018	0.077488	0.077875	0.072794	0.074412	2,738,160	11,436,200
06/20/2018	0.079072	0.079072	0.075397	0.077633	2,206,030	11,669,900
06/19/2018	0.077338	0.080693	0.076547	0.079022	3,316,180	11,414,000
06/18/2018	0.074841	0.077645	0.074082	0.077362	4,382,550	11,045,500
06/17/2018	0.074996	0.078085	0.074853	0.075120	5,456,180	11,068,400
06/16/2018	0.075739	0.076037	0.072735	0.074996	7,035,850	11,178,000
06/15/2018	0.079004	0.080387	0.074015	0.075890	8,151,480	11,659,900
06/14/2018	0.071825	0.080598	0.071811	0.079029	5,440,920	10,600,400
06/13/2018	0.079144	0.082116	0.070171	0.071742	1,720,090	11,680,500
06/12/2018	0.080708	0.090912	0.075939	0.078868	2,584,440	11,911,300
06/11/2018	0.082397	0.094304	0.072745	0.086064	4,388,690	12,160,600
06/10/2018	0.100684	0.100684	0.081836	0.082292	3,873,540	14,859,500
06/09/2018	0.099060	0.103545	0.095453	0.100495	4,809,370	14,619,800
06/08/2018	0.101779	0.102360	0.096836	0.099026	5,556,270	15,021,200
06/07/2018	0.101687	0.104700	0.099940	0.101651	4,715,810	15,007,600
06/06/2018	0.109426	0.111006	0.098493	0.101790	4,026,540	16,149,700
06/05/2018	0.107116	0.115583	0.104204	0.109495	6,266,880	15,808,800
06/04/2018	0.105617	0.110195	0.098184	0.107292	6,242,350	15,587,700
06/03/2018	0.108483	0.112477	0.105750	0.106064	9,858,880	16,010,600
06/02/2018	0.108702	0.112596	0.107204	0.108527	8,687,630	16,043,000
06/01/2018	0.107842	0.125247	0.106474	0.108696	6,262,930	15,916,000
05/31/2018	0.094585	0.110809	0.093147	0.107911	5,991,140	13,959,400
05/30/2018	0.099776	0.102442	0.091271	0.094485	3,922,470	14,725,600
05/29/2018	0.078628	0.105751	0.078337	0.099353	2,838,920	11,604,400
05/28/2018	0.065310	0.082980	0.065310	0.078706	2,365,250	9,638,900
05/27/2018	0.081968	0.090624	0.060782	0.065381	2,208,120	12,097,400
05/26/2018	0.080183	0.086363	0.059152	0.071328	2,820,910	11,833,900
05/25/2018	0.097760	0.100233	0.070044	0.080086	2,510,450	14,428,100
05/24/2018	0.102415	0.105148	0.092524	0.097731	3,171,670	15,115,100
05/23/2018	0.115197	0.118107	0.095682	0.101966	2,931,580	17,001,500
05/22/2018	0.125472	0.135276	0.114543	0.114543	4,513,570	18,518,000
05/21/2018	0.129043	0.130240	0.122523	0.125367	6,027,120	19,044,900
05/20/2018	0.124296	0.130347	0.119318	0.128937	8,202,650	18,344,400
05/19/2018	0.123327	0.125726	0.120178	0.124632	7,976,560	18,201,300
05/18/2018	0.109885	0.124153	0.109171	0.123361	7,287,830	16,217,500
05/17/2018	0.102085	0.123724	0.096177	0.109776	4,803,720	15,066,300
05/16/2018	0.083305	0.110199	0.082426	0.102510	7,235,650	12,294,600
05/15/2018	0.080915	0.082328	0.078232	0.080372	4,814,430	11,942,000
05/14/2018	0.080281	0.082890	0.075448	0.081048	7,730,380	11,848,300
05/13/2018	0.067710	0.084211	0.065085	0.080437	10,203,800	9,993,020
05/12/2018	0.066475	0.069031	0.063326	0.068706	4,151,840	9,810,850
05/11/2018	0.067083	0.070417	0.063619	0.066724	6,585,150	9,900,500
05/10/2018	0.066829	0.073152	0.066176	0.067062	5,049,060	9,862,760
05/09/2018	0.066160	0.068108	0.063414	0.066791	5,308,150	9,759,860
05/08/2018	0.058896	0.069368	0.054305	0.066196	3,763,240	8,679,360
05/07/2018	0.060849	0.062383	0.054655	0.058501	3,522,170	8,834,420
05/06/2018	0.070793	0.070957	0.056111	0.060821	3,422,550	9,569,490
05/05/2018	0.069026	0.072471	0.068747	0.070763	3,918,460	9,304,750
05/04/2018	0.072231	0.077421	0.066792	0.068986	3,564,740	9,734,310
05/03/2018	0.062415	0.076202	0.060061	0.072522	3,927,710	8,411,660
05/02/2018	0.053529	0.062983	0.053529	0.062326	8,996,530	7,202,580
05/01/2018	0.062604	0.062604	0.051379	0.053821	7,893,930	8,423,780
04/30/2018	0.048211	0.066172	0.047953	0.062469	9,100,420	6,475,070
04/29/2018	0.047522	0.050385	0.045502	0.048402	6,229,050	6,376,840
04/28/2018	0.045509	0.048626	0.044674	0.047455	6,284,160	6,105,630
04/27/2018	0.051651	0.052022	0.045841	0.045841	6,054,610	6,911,610
04/26/2018	0.051154	0.051805	0.045989	0.051643	5,505,630	6,425,190
04/25/2018	0.058546	0.059769	0.044730	0.050698	5,424,940	6,756,170
04/24/2018	0.043339	0.060487	0.043339	0.060487	5,512,730	4,998,040
04/23/2018	0.037873	0.044635	0.037766	0.043307	4,250,070	3,912,500
04/22/2018	0.039480	0.040318	0.037460	0.038019	3,981,890	4,078,620
04/21/2018	0.036912	0.039609	0.036242	0.039398	3,785,630	3,813,140
04/20/2018	0.036478	0.037202	0.031557	0.036926	3,727,890	3,768,090
04/19/2018	0.029507	0.036563	0.029231	0.036531	2,443,990	3,048,070
04/18/2018	0.028739	0.030265	0.027845	0.029489	2,122,590	2,968,660
04/17/2018	0.028657	0.030076	0.028050	0.028721	2,035,260	2,960,200
04/16/2018	0.029848	0.030398	0.027805	0.028665	1,120,110	3,083,210
04/15/2018	0.029760	0.030617	0.028528	0.029823	2,829,240	3,073,460
04/14/2018	0.029886	0.032569	0.026274	0.029739	2,994,390	3,086,430
04/13/2018	0.029590	0.032706	0.028846	0.029886	2,625,200	3,055,610
04/12/2018	0.025441	0.029860	0.025135	0.029469	2,856,540	2,625,750
04/11/2018	0.026794	0.027157	0.025484	0.025995	2,955,420	2,765,370
04/10/2018	0.025890	0.027058	0.025808	0.026676	3,016,820	2,672,100
04/09/2018	0.027991	0.029787	0.025485	0.025797	2,889,790	2,888,910
04/08/2018	0.027419	0.028280	0.027244	0.027983	2,992,220	2,829,950
04/07/2018	0.026398	0.028072	0.026336	0.027373	3,119,050	2,724,600
04/06/2018	0.027216	0.027464	0.025975	0.026441	2,978,350	2,808,930
04/05/2018	0.026737	0.027765	0.025954	0.027316	3,305,230	2,759,560
04/04/2018	0.029469	0.030140	0.026429	0.026748	2,441,150	3,041,670
04/03/2018	0.028961	0.030052	0.028352	0.029441	4,468,830	2,989,560
04/02/2018	0.027948	0.029468	0.027048	0.028880	4,544,350	2,885,550
04/01/2018	0.033757	0.033878	0.027471	0.028003	4,738,460	3,485,340
03/31/2018	0.031198	0.034789	0.031184	0.034295	2,687,680	3,221,150
03/30/2018	0.030664	0.031364	0.025503	0.028125	2,187,320	3,155,510
03/29/2018	0.035555	0.035667	0.030415	0.030642	3,497,260	3,658,770
03/28/2018	0.035097	0.036234	0.034615	0.035483	4,118,500	3,611,100
03/27/2018	0.037549	0.037711	0.034852	0.034900	4,335,090	3,863,400
03/26/2018	0.040006	0.040281	0.035282	0.037460	3,515,660	4,112,090
03/25/2018	0.039878	0.041461	0.034416	0.040137	2,159,900	4,098,890
03/24/2018	0.036278	0.043111	0.035477	0.039251	1,959,940	3,729,640
03/23/2018	0.034108	0.035867	0.031229	0.035867	3,683,060	2,615,420
03/22/2018	0.035096	0.035491	0.032138	0.034187	4,150,680	2,679,350
03/21/2018	0.034089	0.035370	0.033747	0.035207	3,402,140	2,602,490
03/20/2018	0.033933	0.047646	0.031988	0.033960	3,030,790	2,587,640
03/19/2018	0.034565	0.035596	0.031915	0.033668	3,478,060	2,635,860
03/18/2018	0.035933	0.035933	0.030546	0.034716	2,513,070	2,740,180
03/17/2018	0.039143	0.039551	0.035513	0.036047	5,458,160	2,985,000
03/16/2018	0.039338	0.040480	0.037803	0.038902	5,717,260	2,999,880
03/15/2018	0.039692	0.040118	0.037366	0.039324	4,239,130	3,026,850
03/14/2018	0.044821	0.045540	0.038873	0.039699	4,182,020	3,417,940
03/13/2018	0.045081	0.046926	0.044096	0.044800	4,707,450	-
03/12/2018	0.052749	0.053648	0.043616	0.045149	5,653,140	-
03/11/2018	0.049541	0.054311	0.048217	0.053060	7,360,080	-
03/10/2018	0.046205	0.053801	0.046075	0.049513	7,105,110	-
03/09/2018	0.043693	0.046157	0.040079	0.046157	6,444,210	-
03/08/2018	0.044799	0.047463	0.041634	0.043691	4,739,970	-
03/07/2018	0.047339	0.048597	0.042869	0.045102	5,088,690	-
03/06/2018	0.051560	0.051560	0.046645	0.047319	3,411,140	-
03/05/2018	0.052259	0.052874	0.051255	0.051650	3,629,760	-
03/04/2018	0.056800	0.056822	0.051041	0.052251	2,330,380	-
03/03/2018	0.060989	0.062457	0.055849	0.056778	2,631,740	-
03/02/2018	0.062531	0.070347	0.060052	0.061014	2,446,470	-
03/01/2018	0.059927	0.063199	0.059545	0.062655	6,716,700	-
02/28/2018	0.065110	0.065396	0.059820	0.059859	6,479,420	-
02/27/2018	0.066748	0.068148	0.058924	0.065150	4,371,070	-
02/26/2018	0.063315	0.067270	0.062760	0.066559	4,823,120	-
02/25/2018	0.066454	0.068098	0.061848	0.063255	2,250,710	-
02/24/2018	0.069816	0.071938	0.065008	0.066916	1,953,460	-
02/23/2018	0.069665	0.072093	0.067892	0.069881	1,905,040	-
02/22/2018	0.072654	0.079058	0.067719	0.069739	7,267,570	-
02/21/2018	0.078951	0.079763	0.070809	0.072749	9,792,250	-
02/20/2018	0.078567	0.083814	0.078533	0.079049	10,280,700	-
02/19/2018	0.075974	0.085463	0.074393	0.078523	11,404,900	-
02/18/2018	0.081122	0.086698	0.072995	0.076285	4,088,980	-
02/17/2018	0.082269	0.084694	0.071574	0.080967	10,556,100	-
02/16/2018	0.082008	0.085855	0.076905	0.082261	10,197,800	-
02/15/2018	0.079251	0.085690	0.076788	0.082252	8,245,650	-
02/14/2018	0.071304	0.081377	0.071304	0.079205	10,033,000	-
02/13/2018	0.084681	0.084889	0.070707	0.071084	8,792,860	-
02/12/2018	0.050399	0.088046	0.050399	0.084267	9,617,000	-
02/11/2018	0.058331	0.058331	0.047180	0.050126	5,071,060	-
02/10/2018	0.059341	0.061363	0.055873	0.058401	5,463,020	-
02/09/2018	0.056306	0.059654	0.053135	0.059326	6,440,160	-
02/08/2018	0.049679	0.059984	0.049679	0.056174	4,773,420	-
02/07/2018	0.049722	0.056045	0.047138	0.049849	5,044,440	-
02/06/2018	0.042825	0.054704	0.036360	0.050036	4,449,360	-
02/05/2018	0.055542	0.056893	0.040250	0.042732	4,405,600	-
02/04/2018	0.065088	0.065088	0.053709	0.056079	6,114,380	-
02/03/2018	0.060524	0.067027	0.057015	0.065079	6,693,820	-
02/02/2018	0.064965	0.068190	0.052021	0.060285	6,077,680	-
02/01/2018	0.078907	0.080533	0.063912	0.065134	5,882,410	-
01/31/2018	0.076771	0.083419	0.074137	0.078734	7,119,970	-
01/30/2018	0.080533	0.091643	0.076167	0.076596	6,046,450	-
01/29/2018	0.065295	0.093253	0.063492	0.080502	4,777,680	-
