Date	Open	High	Low	Close	Volume	Market Cap
07/15/2018	0.072925	0.074858	0.072014	0.073578	3,716	4,851,040
07/14/2018	0.072985	0.074008	0.072257	0.072944	1,919	4,854,990
07/13/2018	0.072667	0.074091	0.072037	0.073188	1,613	4,833,860
07/12/2018	0.074358	0.074939	0.071296	0.072596	1,272	4,946,330
07/11/2018	0.074539	0.075498	0.069896	0.074374	6,007	4,958,360
07/10/2018	0.080230	0.081486	0.073992	0.074536	3,456	5,336,980
07/09/2018	0.079865	0.083092	0.078576	0.080287	5,113	5,312,690
07/08/2018	0.081361	0.083115	0.079554	0.079692	2,126	5,412,160
07/07/2018	0.080778	0.081725	0.077859	0.081452	1,614	5,373,380
07/06/2018	0.081250	0.082835	0.075648	0.080915	4,800	5,404,820
07/05/2018	0.083416	0.083978	0.079458	0.081263	5,009	5,548,910
07/04/2018	0.081424	0.085885	0.079280	0.083239	3,909	5,416,350
07/03/2018	0.082296	0.086765	0.080951	0.081455	8,941	5,474,350
07/02/2018	0.077744	0.084334	0.072876	0.083336	4,978	5,171,610
07/01/2018	0.075881	0.081069	0.075236	0.077736	3,617	5,047,650
06/30/2018	0.072671	0.086404	0.072667	0.075865	19,614	4,834,130
06/29/2018	0.072273	0.072759	0.068069	0.072573	5,643	4,807,620
06/28/2018	0.076690	0.079314	0.071820	0.072226	9,193	5,101,500
06/27/2018	0.079809	0.079809	0.074381	0.076665	2,983	5,308,950
06/26/2018	0.083974	0.085279	0.076726	0.076798	3,502	5,586,030
06/25/2018	0.079443	0.086747	0.079112	0.083974	3,693	5,284,590
06/24/2018	0.082300	0.082434	0.074494	0.079595	2,979	5,474,650
06/23/2018	0.079476	0.083218	0.078869	0.082314	4,611	5,286,780
06/22/2018	0.091805	0.091962	0.078488	0.079465	7,600	6,106,950
06/21/2018	0.092509	0.094714	0.090120	0.091894	2,211	6,153,780
06/20/2018	0.094212	0.095214	0.087110	0.092490	6,932	6,267,020
06/19/2018	0.094740	0.095958	0.091521	0.094154	3,058	6,302,160
06/18/2018	0.089036	0.097065	0.088179	0.094791	34,841	5,922,750
06/17/2018	0.092226	0.093708	0.083133	0.089341	5,601	6,134,910
06/16/2018	0.086012	0.093776	0.085943	0.091982	6,849	5,721,590
06/15/2018	0.092763	0.093861	0.086159	0.086327	5,144	6,170,690
06/14/2018	0.089614	0.094680	0.088028	0.092922	4,720	5,961,190
06/13/2018	0.095984	0.096235	0.078788	0.088538	30,708	6,384,910
06/12/2018	0.103434	0.103434	0.094563	0.095733	6,373	6,880,480
06/11/2018	0.107552	0.111781	0.096414	0.103490	36,122	7,154,410
06/10/2018	0.120720	0.120720	0.105604	0.107398	6,080	8,030,350
06/09/2018	0.124646	0.127559	0.120568	0.120568	5,286	8,291,500
06/08/2018	0.136521	0.138049	0.120370	0.124699	36,719	9,081,460
06/07/2018	0.127112	0.139790	0.126285	0.136417	17,414	8,455,580
06/06/2018	0.124869	0.137608	0.123818	0.126995	25,444	8,306,340
06/05/2018	0.121830	0.125152	0.119465	0.124902	3,949	8,104,230
06/04/2018	0.130996	0.131875	0.121579	0.121772	3,955	8,713,920
06/03/2018	0.130072	0.139184	0.129825	0.130419	23,743	8,652,480
06/02/2018	0.126237	0.133089	0.125623	0.130037	6,284	8,397,340
06/01/2018	0.129912	0.132327	0.119075	0.126291	7,331	8,641,810
05/31/2018	0.128728	0.132896	0.126016	0.129817	7,573	8,563,100
05/30/2018	0.134442	0.135623	0.125127	0.127484	8,995	8,943,170
05/29/2018	0.127870	0.135575	0.127542	0.133685	15,422	8,505,980
05/28/2018	0.143588	0.146372	0.126145	0.127905	89,428	9,551,600
05/27/2018	0.137747	0.145335	0.135652	0.142703	50,786	9,163,030
05/26/2018	0.125099	0.149128	0.121293	0.137644	148,967	8,321,640
05/25/2018	0.130037	0.130037	0.115226	0.127052	25,165	8,650,140
05/24/2018	0.114357	0.137283	0.109012	0.129793	62,575	7,607,150
05/23/2018	0.129675	0.129962	0.112986	0.114647	17,763	8,626,110
05/22/2018	0.139050	0.149736	0.125039	0.129810	28,556	9,249,730
05/21/2018	0.144249	0.147474	0.138369	0.139075	23,361	9,595,560
05/20/2018	0.139260	0.255013	0.136688	0.144069	167,698	9,263,700
05/19/2018	0.138967	0.142306	0.137970	0.139152	5,543	9,244,190
05/18/2018	0.142249	0.142404	0.136588	0.138988	6,900	9,462,540
05/17/2018	0.147183	0.149336	0.139850	0.142125	10,104	9,790,720
05/16/2018	0.150146	0.150146	0.142147	0.146010	10,997	9,987,810
05/15/2018	0.157197	0.158496	0.149274	0.150232	12,051	10,456,900
05/14/2018	0.157684	0.160997	0.140643	0.157467	30,322	10,489,300
05/13/2018	0.152295	0.158961	0.149556	0.157715	6,952	10,130,800
05/12/2018	0.146450	0.155902	0.145189	0.152348	22,419	9,741,960
05/11/2018	0.167001	0.167200	0.145555	0.146882	22,543	11,109,000
05/10/2018	0.176876	0.177779	0.166365	0.166801	27,922	11,765,900
05/09/2018	0.177191	0.177271	0.170124	0.176925	18,580	11,786,900
05/08/2018	0.189179	0.191970	0.171807	0.177462	34,647	12,584,300
05/07/2018	0.206095	0.206130	0.181961	0.187808	40,003	13,709,600
05/06/2018	0.215909	0.218582	0.199136	0.205947	36,125	14,362,400
05/05/2018	0.212562	0.218372	0.211121	0.215690	22,782	14,139,800
05/04/2018	0.218437	0.218437	0.208380	0.212663	52,833	14,530,600
05/03/2018	0.208598	0.223501	0.207742	0.218522	64,994	13,876,100
05/02/2018	0.191338	0.211088	0.189166	0.208591	56,816	12,727,900
05/01/2018	0.191806	0.191806	0.183549	0.191626	27,695	12,759,100
04/30/2018	0.197725	0.199915	0.188725	0.191638	35,713	13,152,800
04/29/2018	0.194306	0.207476	0.190068	0.197792	69,195	12,925,400
04/28/2018	0.185456	0.197853	0.184980	0.194382	40,155	12,336,700
04/27/2018	0.194678	0.200529	0.187561	0.187561	61,486	12,950,200
04/26/2018	0.182182	0.195285	0.178373	0.194608	60,580	12,118,900
04/25/2018	0.221456	0.221795	0.180433	0.180685	54,160	14,731,400
04/24/2018	0.214562	0.223728	0.212699	0.223061	101,162	14,272,800
04/23/2018	0.189027	0.230359	0.187531	0.214379	485,262	12,574,200
04/22/2018	0.183377	0.196811	0.177926	0.189409	31,296	12,198,400
04/21/2018	0.195114	0.198017	0.173693	0.183377	45,942	12,979,100
04/20/2018	0.187474	0.196769	0.185863	0.195047	66,001	12,470,900
04/19/2018	0.176782	0.190046	0.174695	0.189268	74,249	11,759,700
04/18/2018	0.157317	0.176271	0.157156	0.176093	106,813	10,464,900
04/17/2018	0.158951	0.161509	0.156441	0.157172	12,378	10,573,600
04/16/2018	0.167468	0.169481	0.153812	0.158871	40,130	11,140,100
04/15/2018	0.144930	0.167571	0.144930	0.167571	47,169	9,640,870
04/14/2018	0.139457	0.148288	0.138203	0.144777	27,146	9,276,810
04/13/2018	0.141350	0.148262	0.137440	0.138154	40,924	9,402,690
04/12/2018	0.122140	0.142182	0.118660	0.141217	56,096	8,124,820
04/11/2018	0.121059	0.124116	0.120616	0.123096	28,175	8,052,970
04/10/2018	0.116089	0.121830	0.110005	0.121251	35,275	7,722,340
04/09/2018	0.115286	0.120687	0.109500	0.115995	14,930	7,668,910
04/08/2018	0.111524	0.118328	0.111524	0.115099	26,535	7,418,700
04/07/2018	0.098931	0.113414	0.098784	0.111424	29,326	6,580,970
04/06/2018	0.102100	0.103100	0.097108	0.098813	7,171	6,791,770
04/05/2018	0.102072	0.103230	0.097899	0.102623	11,182	6,789,900
04/04/2018	0.112244	0.112303	0.100082	0.102009	13,781	7,466,570
04/03/2018	0.103377	0.113192	0.103301	0.111791	23,512	6,876,740
04/02/2018	0.099828	0.104059	0.099676	0.103304	12,792	6,640,610
04/01/2018	0.105981	0.107364	0.097479	0.099339	5,865	7,049,910
03/31/2018	0.108174	0.112001	0.104864	0.105984	8,448	7,195,830
03/30/2018	0.110355	0.113638	0.101713	0.108157	12,808	7,340,910
03/29/2018	0.129758	0.130967	0.106838	0.110630	29,179	8,631,590
03/28/2018	0.128704	0.133966	0.126097	0.129990	15,735	8,561,520
03/27/2018	0.133514	0.138563	0.127875	0.128734	16,164	8,881,440
03/26/2018	0.139825	0.143249	0.127991	0.133716	23,225	9,301,300
03/25/2018	0.139098	0.145239	0.135791	0.139932	9,766	9,252,900
03/24/2018	0.145329	0.151383	0.141073	0.142618	28,711	9,667,410
03/23/2018	0.142793	0.144680	0.133925	0.143244	7,224	9,498,720
03/22/2018	0.152312	0.156825	0.141480	0.142884	16,204	10,131,900
03/21/2018	0.145018	0.161453	0.142211	0.154018	28,270	9,646,710
03/20/2018	0.139138	0.146812	0.134235	0.144718	19,568	9,255,610
03/19/2018	0.129973	0.142741	0.123218	0.140459	24,657	8,645,940
03/18/2018	0.127742	0.135819	0.107785	0.130513	25,518	8,497,490
03/17/2018	0.147064	0.147064	0.126086	0.128691	16,924	9,782,820
03/16/2018	0.137560	0.156438	0.132205	0.147214	56,639	9,150,630
03/15/2018	0.141163	0.142050	0.129000	0.137638	22,654	9,390,300
03/14/2018	0.165404	0.169408	0.136427	0.141227	41,611	11,002,800
03/13/2018	0.160482	0.174656	0.159048	0.165381	34,306	10,675,400
03/12/2018	0.179404	0.189573	0.156872	0.161408	44,311	11,934,100
03/11/2018	0.162211	0.183615	0.157837	0.179971	17,404	10,790,400
03/10/2018	0.167348	0.182340	0.160926	0.162775	33,370	11,132,200
03/09/2018	0.185243	0.189797	0.156888	0.167336	67,467	12,322,500
03/08/2018	0.201263	0.207391	0.181642	0.186423	72,507	13,388,200
03/07/2018	0.230850	0.236107	0.192418	0.201548	99,692	15,356,300
03/06/2018	0.266776	0.268138	0.228173	0.231150	71,613	17,746,200
03/05/2018	0.295847	0.309469	0.257868	0.267516	240,982	19,680,000
03/04/2018	0.260257	0.310636	0.253202	0.294783	504,083	17,312,600
03/03/2018	0.235598	0.271798	0.235598	0.260707	319,144	15,672,200
03/02/2018	0.215068	0.239553	0.212487	0.235887	94,626	14,306,500
03/01/2018	0.195731	0.216856	0.189680	0.215549	48,420	13,020,200
02/28/2018	0.211092	0.220156	0.194099	0.196332	35,932	14,042,000
02/27/2018	0.207069	0.218087	0.199771	0.211341	29,378	13,774,400
02/26/2018	0.195223	0.212726	0.188049	0.206473	27,768	12,986,400
02/25/2018	0.188738	0.198615	0.186188	0.194871	40,836	12,555,000
02/24/2018	0.198332	0.203064	0.182875	0.189024	19,337	13,193,300
02/23/2018	0.184578	0.201045	0.180988	0.198583	24,902	12,278,300
02/22/2018	0.210122	0.223163	0.184750	0.184750	40,252	13,977,500
02/21/2018	0.234981	0.235166	0.206000	0.210335	26,722	15,631,200
02/20/2018	0.257538	0.266134	0.228104	0.232947	83,201	17,131,700
02/19/2018	0.244199	0.262408	0.243085	0.257304	34,796	16,244,300
02/18/2018	0.286657	0.297281	0.245326	0.245326	56,833	19,068,700
02/17/2018	0.280121	0.295204	0.275941	0.285781	118,190	18,633,900
02/16/2018	0.282748	0.285157	0.262194	0.280184	40,576	18,808,700
02/15/2018	0.267009	0.293620	0.265623	0.283960	95,164	17,761,700
02/14/2018	0.235646	0.262802	0.235646	0.262143	51,941	15,675,400
02/13/2018	0.260059	0.261696	0.235205	0.236650	59,216	17,299,400
02/12/2018	0.230987	0.263184	0.230542	0.257601	77,128	15,365,500
02/11/2018	0.255024	0.255586	0.223568	0.229503	42,997	16,964,400
02/10/2018	0.261415	0.272390	0.244072	0.255242	62,869	17,389,600
02/09/2018	0.234408	0.262425	0.219947	0.261224	49,764	15,593,100
02/08/2018	0.215559	0.245823	0.215559	0.234687	20,373	14,339,200
02/07/2018	0.213117	0.241640	0.198216	0.216425	51,409	14,176,700
02/06/2018	0.194666	0.216753	0.161851	0.214939	44,772	12,949,400
02/05/2018	0.241876	0.246380	0.185418	0.194380	50,388	16,089,800
02/04/2018	0.281289	0.298954	0.234323	0.244305	61,443	18,711,600
02/03/2018	0.274408	0.287725	0.244664	0.281145	93,572	18,253,900
02/02/2018	0.302278	0.302278	0.234760	0.273132	135,250	20,107,900
02/01/2018	0.358817	0.361150	0.285792	0.302903	117,133	23,869,000
01/31/2018	0.360651	0.365866	0.340676	0.355904	83,931	23,991,100
01/30/2018	0.437665	0.440193	0.351201	0.360647	190,991	29,114,200
01/29/2018	0.475388	0.481601	0.429847	0.437521	115,468	31,623,600
01/28/2018	0.455515	0.484061	0.450257	0.475727	185,210	30,301,500
01/27/2018	0.429957	0.460878	0.414787	0.453199	122,902	28,601,400
01/26/2018	0.433629	0.452733	0.397876	0.430161	57,765	28,845,700
01/25/2018	0.457368	0.468208	0.413486	0.431196	152,835	30,424,900
01/24/2018	0.439815	0.458601	0.429907	0.451344	249,725	29,257,200
01/23/2018	0.409937	0.466012	0.391689	0.440064	197,259	27,269,600
01/22/2018	0.445930	0.467082	0.385803	0.414431	203,676	29,663,900
01/21/2018	0.501691	0.501691	0.433133	0.439247	210,620	33,373,300
01/20/2018	0.467076	0.537192	0.465293	0.500526	497,060	31,070,600
01/19/2018	0.453628	0.509337	0.438987	0.462476	371,877	30,176,000
01/18/2018	0.414569	0.575823	0.410631	0.459916	787,039	27,577,800
01/17/2018	0.445592	0.466303	0.318977	0.414807	592,505	29,641,500
01/16/2018	0.675155	0.675155	0.382181	0.447792	790,186	44,912,400
01/15/2018	0.611240	0.709076	0.602424	0.682379	1,575,910	40,660,700
01/14/2018	0.668614	0.678287	0.586036	0.615784	843,405	44,477,300
01/13/2018	0.694685	0.748670	0.656280	0.674001	1,185,320	46,211,500
01/12/2018	0.567787	0.702385	0.545029	0.699792	2,187,590	37,770,100
01/11/2018	0.663393	0.673903	0.543484	0.561950	701,928	44,130,000
01/10/2018	0.711974	0.711974	0.582205	0.671244	1,349,390	47,361,600
01/09/2018	0.676659	0.854158	0.676659	0.710795	2,898,220	45,012,500
01/08/2018	0.720774	0.732318	0.621458	0.675595	1,188,570	47,947,000
01/07/2018	0.742105	0.757291	0.679009	0.724506	966,958	49,366,000
01/06/2018	0.689346	0.821249	0.689346	0.725872	1,717,100	45,856,400
01/05/2018	0.763308	0.802793	0.637822	0.701325	3,278,460	50,776,500
01/04/2018	0.660449	0.879979	0.639635	0.767656	5,960,350	43,934,100
01/03/2018	0.595194	0.664091	0.565828	0.661761	1,520,920	39,593,300
01/02/2018	0.595633	0.665771	0.559132	0.598488	2,627,910	39,622,400
01/01/2018	0.504900	0.667466	0.481010	0.599221	2,403,420	33,586,700
12/31/2017	0.473962	0.511953	0.463711	0.496833	610,288	31,528,700
12/30/2017	0.501161	0.501772	0.401546	0.481147	923,152	33,338,000
12/29/2017	0.432208	0.532662	0.414164	0.499482	1,924,760	28,751,200
12/28/2017	0.399539	0.448588	0.360003	0.431593	926,168	26,578,000
12/27/2017	0.401316	0.452112	0.371318	0.400077	758,857	26,696,100
12/26/2017	0.453280	0.471535	0.323217	0.395032	1,481,010	30,152,900
12/25/2017	0.373325	0.470485	0.356145	0.450437	1,189,350	24,834,100
12/24/2017	0.397619	0.404082	0.319501	0.373595	874,111	26,450,200
12/23/2017	0.280902	0.443475	0.275290	0.410951	2,391,920	18,686,000
12/22/2017	0.324760	0.327871	0.207870	0.278339	551,706	21,603,600
12/21/2017	0.333136	0.390817	0.301088	0.323786	1,144,870	22,160,700
12/20/2017	0.297377	0.333921	0.253246	0.329334	1,116,250	19,782,000
12/19/2017	0.297432	0.328984	0.271815	0.293357	1,186,460	19,785,700
12/18/2017	0.249848	0.304943	0.240223	0.297181	1,246,740	16,620,300
12/17/2017	0.245639	0.261542	0.237251	0.249115	340,245	16,340,300
12/16/2017	0.218417	0.252109	0.214131	0.248194	293,856	14,529,400
12/15/2017	0.216354	0.259504	0.204670	0.218701	674,892	14,392,200
12/14/2017	0.207836	0.229661	0.204310	0.218151	385,691	13,825,600
12/13/2017	0.197539	0.242760	0.189910	0.208254	482,237	13,140,600
12/12/2017	0.189153	0.212543	0.180340	0.197374	316,001	12,582,800
12/11/2017	0.175608	0.212292	0.174243	0.192345	314,944	11,681,700
12/10/2017	0.208418	0.208418	0.161808	0.177622	398,262	13,864,300
12/09/2017	0.223803	0.258528	0.188662	0.207577	606,303	14,887,700
12/08/2017	0.199243	0.250933	0.170622	0.226704	612,089	13,253,900
12/07/2017	0.226513	0.238547	0.185379	0.200435	351,701	15,068,000
12/06/2017	0.229763	0.238684	0.215250	0.226611	267,645	15,284,200
12/05/2017	0.219327	0.231511	0.216150	0.231165	136,088	14,590,000
12/04/2017	0.201322	0.222623	0.198723	0.218896	274,154	13,392,300
12/03/2017	0.199295	0.216553	0.188977	0.200657	111,396	13,257,400
12/02/2017	0.193084	0.209007	0.186225	0.199105	137,934	12,844,200
12/01/2017	0.181016	0.198394	0.172273	0.193292	122,051	12,041,500
11/30/2017	0.184336	0.202667	0.161601	0.181932	104,597	12,262,300
11/29/2017	0.210052	0.228704	0.176031	0.181547	166,658	13,973,000
11/28/2017	0.209601	0.220236	0.204846	0.210117	189,371	13,943,000
11/27/2017	0.196465	0.213113	0.196465	0.212632	137,323	13,069,100
11/26/2017	0.202016	0.207199	0.188083	0.196708	235,273	13,438,400
11/25/2017	0.183836	0.204499	0.183527	0.202416	321,481	12,229,000
11/24/2017	0.166837	0.199541	0.165677	0.186040	556,554	11,098,300
11/23/2017	0.163967	0.177115	0.161662	0.167226	155,066	10,907,300
11/22/2017	0.164165	0.172101	0.159837	0.165406	92,183	10,920,500
11/21/2017	0.157194	0.171758	0.154581	0.163767	101,447	10,456,800
11/20/2017	0.163039	0.187417	0.157065	0.157065	583,976	10,845,600
11/19/2017	0.167383	0.170680	0.160590	0.163141	89,030	11,134,600
11/18/2017	0.160885	0.169470	0.156890	0.167573	74,535	10,702,300
11/17/2017	0.182109	0.183998	0.160766	0.161669	103,046	12,114,200
11/16/2017	0.173911	0.189335	0.169545	0.181975	117,202	11,568,900
11/15/2017	0.168463	0.177023	0.166516	0.173002	149,924	11,206,500
11/14/2017	0.160734	0.175153	0.158799	0.168656	103,395	10,692,300
11/13/2017	0.147293	0.168950	0.147293	0.160394	84,075	9,798,200
11/12/2017	0.173635	0.173635	0.141438	0.146454	224,877	11,550,500
11/11/2017	0.178844	0.192752	0.162923	0.173816	160,976	11,897,000
11/10/2017	0.207843	0.217994	0.171065	0.179456	354,042	13,826,100
11/09/2017	0.196974	0.212260	0.190899	0.207690	360,369	13,103,000
11/08/2017	0.184306	0.200083	0.174315	0.196850	314,414	12,260,300
11/07/2017	0.191454	0.214059	0.181482	0.185218	247,544	12,735,800
11/06/2017	0.172738	0.216054	0.163689	0.190412	400,455	11,490,800
11/05/2017	0.181011	0.191252	0.167603	0.172330	108,599	12,041,200
11/04/2017	0.175499	0.191746	0.171426	0.181355	122,094	11,674,500
11/03/2017	0.179682	0.188405	0.166618	0.176114	135,719	11,952,800
11/02/2017	0.191702	0.220337	0.154272	0.181808	425,608	12,752,300
11/01/2017	0.198064	0.201283	0.183754	0.191487	178,937	13,175,500
10/31/2017	0.214846	0.225983	0.195870	0.198230	420,731	14,291,900
10/30/2017	0.232879	0.233746	0.204092	0.215596	287,230	15,491,400
10/29/2017	0.222028	0.250120	0.194295	0.232941	944,363	14,769,600
10/28/2017	0.276190	0.278437	0.217373	0.223208	872,896	18,372,600
10/27/2017	0.251820	0.301767	0.225765	0.276828	2,810,770	16,751,400
10/26/2017	0.196986	0.253039	0.190862	0.250054	1,530,890	13,103,800
10/25/2017	0.190803	0.200388	0.171073	0.198135	250,014	12,692,500
10/24/2017	0.161590	0.196209	0.155514	0.190617	332,730	10,749,300
10/23/2017	0.157383	0.167246	0.152229	0.161124	73,464	10,469,400
10/22/2017	0.159188	0.170197	0.153897	0.158138	82,706	10,589,400
10/21/2017	0.178148	0.189342	0.151472	0.159140	147,363	11,850,700
10/20/2017	0.196314	0.202103	0.174231	0.179088	270,861	13,059,100
10/19/2017	0.208027	0.212334	0.184895	0.196259	400,953	13,838,300
10/18/2017	0.251369	0.270167	0.206609	0.207792	1,343,090	16,721,500
10/17/2017	0.172948	0.282750	0.167104	0.245618	2,143,420	11,504,800
10/16/2017	0.185479	0.187247	0.164361	0.174198	169,595	12,338,300
10/15/2017	0.201405	0.208538	0.171036	0.184717	101,394	13,397,800
10/14/2017	0.171795	0.226693	0.168040	0.201000	471,912	11,428,100
10/13/2017	0.191285	0.191919	0.154355	0.174996	303,677	12,724,600
10/12/2017	0.198898	0.210891	0.182767	0.190748	224,499	13,231,000
10/11/2017	0.196001	0.208784	0.193066	0.198729	142,958	13,038,300
10/10/2017	0.188624	0.218014	0.179637	0.196134	247,437	12,547,500
10/09/2017	0.232243	0.246718	0.180951	0.188407	445,247	15,449,200
10/08/2017	0.295450	0.303012	0.228677	0.231494	603,482	19,653,800
10/07/2017	0.312296	0.315742	0.275363	0.291200	764,459	20,774,400
10/06/2017	0.286748	0.344507	0.286748	0.312187	1,225,480	19,074,900
10/05/2017	0.269512	0.307699	0.250686	0.287571	471,947	17,928,400
10/04/2017	0.291316	0.310985	0.261464	0.269269	347,663	19,378,800
10/03/2017	0.262772	0.312851	0.260573	0.290642	741,344	17,480,000
10/02/2017	0.276306	0.278257	0.256470	0.262735	321,418	18,380,300
10/01/2017	0.309862	0.314154	0.278010	0.278084	386,894	20,612,500
09/30/2017	0.308936	0.322922	0.300676	0.309692	347,752	20,550,900
09/29/2017	0.329209	0.336570	0.279073	0.311825	1,044,420	21,899,500
09/28/2017	0.370577	0.379282	0.322062	0.330345	1,557,870	24,651,300
09/27/2017	0.421044	0.450258	0.361012	0.370305	3,402,600	28,008,500
09/26/2017	0.428690	0.501693	0.404425	0.429578	2,539,640	28,517,100
09/25/2017	0.410104	0.450014	0.392018	0.430448	2,152,360	27,280,800
09/24/2017	0.453252	0.503607	0.411329	0.412500	3,624,850	30,151,100
09/23/2017	0.340928	0.449723	0.332713	0.449723	2,678,870	22,679,100
09/22/2017	0.299712	0.347730	0.276491	0.339667	457,632	19,937,300
09/21/2017	0.318277	0.343967	0.281067	0.300056	349,796	21,172,300
09/20/2017	0.310059	0.347858	0.299693	0.319849	364,136	20,625,600
09/19/2017	0.347502	0.372887	0.303995	0.309024	695,123	23,116,400
09/18/2017	0.314774	0.405034	0.314774	0.352640	1,890,950	20,939,300
09/17/2017	0.241322	0.334018	0.233506	0.313654	1,145,600	16,053,200
09/16/2017	0.221450	0.246004	0.215018	0.242204	120,834	14,731,200
09/15/2017	0.200967	0.231905	0.170409	0.221461	205,823	13,368,600
09/14/2017	0.239354	0.246201	0.199055	0.199055	215,593	15,922,200
09/13/2017	0.251135	0.255952	0.215136	0.239066	209,328	16,705,900
09/12/2017	0.250614	0.271417	0.244137	0.252424	213,736	16,671,300
09/11/2017	0.239588	0.265522	0.229640	0.250325	229,048	15,937,800
09/10/2017	0.287920	0.287920	0.232987	0.239975	278,462	19,152,900
09/09/2017	0.250263	0.344730	0.242233	0.286700	1,050,940	16,647,900
09/08/2017	0.264721	0.280990	0.238441	0.249779	177,131	17,609,700
09/07/2017	0.256287	0.271306	0.248162	0.261385	76,879	17,048,600
09/06/2017	0.249794	0.272044	0.248372	0.256778	116,184	16,616,700
09/05/2017	0.237734	0.264076	0.207562	0.251373	276,105	15,814,400
09/04/2017	0.271727	0.271897	0.222593	0.236507	159,165	18,075,700
09/03/2017	0.272586	0.279392	0.258166	0.271631	78,115	18,132,900
09/02/2017	0.307639	0.309085	0.265739	0.272294	110,218	20,464,600
09/01/2017	0.312221	0.317832	0.298891	0.305817	207,083	20,769,400
08/31/2017	0.309858	0.317164	0.299072	0.312346	271,575	20,612,200
08/30/2017	0.331571	0.332888	0.307485	0.310438	214,046	22,056,700
08/29/2017	0.292282	0.377212	0.287164	0.332125	1,533,580	19,443,100
08/28/2017	0.250662	0.290749	0.239035	0.289887	312,110	16,674,400
08/27/2017	0.241691	0.256329	0.236241	0.249896	112,153	16,077,700
08/26/2017	0.240273	0.245757	0.233878	0.241393	115,497	15,983,400
08/25/2017	0.239081	0.252560	0.235247	0.239812	117,429	15,904,100
08/24/2017	0.245748	0.250344	0.231345	0.239137	157,141	16,347,500
08/23/2017	0.219272	0.261792	0.218204	0.245553	230,532	14,586,300
08/22/2017	0.228212	0.228212	0.200858	0.219724	148,854	15,181,000
08/21/2017	0.240945	0.252391	0.227693	0.227693	205,631	16,028,100
08/20/2017	0.200498	0.252928	0.194755	0.243818	218,450	13,337,500
08/19/2017	0.195860	0.205245	0.186082	0.201439	96,353	13,028,900
08/18/2017	0.219175	0.226459	0.194372	0.196027	125,730	14,579,900
08/17/2017	0.230287	0.253770	0.218584	0.219847	227,032	15,319,100
08/16/2017	0.208604	0.250694	0.199501	0.233582	452,444	13,876,700
08/15/2017	0.232012	0.244263	0.205885	0.208645	298,087	15,433,800
08/14/2017	0.268516	0.278075	0.211394	0.228075	525,007	17,862,100
08/13/2017	0.228895	0.277159	0.223299	0.267785	555,547	15,226,400
08/12/2017	0.203640	0.233401	0.197500	0.228366	183,097	13,546,500
08/11/2017	0.211316	0.216912	0.181958	0.215769	162,725	14,057,000
08/10/2017	0.206986	0.233456	0.204312	0.210034	312,856	13,769,100
08/09/2017	0.199474	0.219182	0.185583	0.206966	126,162	13,269,400
08/08/2017	0.185546	0.207666	0.177346	0.202966	95,550	12,342,800
08/07/2017	0.194852	0.206950	0.183705	0.183705	123,536	12,961,800
08/06/2017	0.194219	0.205952	0.190687	0.195303	75,181	12,919,700
08/05/2017	0.174440	0.201166	0.173676	0.194172	65,671	11,604,000
08/04/2017	0.172279	0.184664	0.168747	0.174518	112,143	11,460,300
08/03/2017	0.177995	0.197316	0.169633	0.172322	190,820	11,840,500
08/02/2017	0.155844	0.191231	0.154935	0.177677	141,632	10,367,000
08/01/2017	0.154363	0.165114	0.135001	0.154947	60,861	10,268,500
07/31/2017	0.140641	0.159100	0.138005	0.154289	50,057	9,355,650
07/30/2017	0.142090	0.144764	0.133211	0.140497	24,829	9,452,040
07/29/2017	0.141118	0.146028	0.132639	0.142110	36,619	9,387,380
07/28/2017	0.148782	0.152477	0.136833	0.141655	52,158	9,897,200
07/27/2017	0.151003	0.152876	0.142061	0.148332	39,566	10,044,900
07/26/2017	0.152440	0.155175	0.143120	0.150575	40,952	10,140,500
07/25/2017	0.194171	0.198268	0.143365	0.152371	153,461	12,916,600
07/24/2017	0.198067	0.207834	0.190042	0.194192	66,771	13,175,700
07/23/2017	0.211302	0.218376	0.195576	0.201114	75,806	14,056,100
07/22/2017	0.186686	0.214776	0.183522	0.212917	81,397	12,418,700
07/21/2017	0.186502	0.202065	0.174137	0.186748	126,693	12,406,400
07/20/2017	0.153995	0.196383	0.153995	0.185129	163,064	10,244,000
07/19/2017	0.139607	0.179593	0.137510	0.154459	211,758	9,286,910
07/18/2017	0.129316	0.150129	0.126016	0.139386	98,738	8,602,310
07/17/2017	0.104131	0.137229	0.103393	0.127589	226,604	6,926,950
07/16/2017	0.118006	0.122112	0.099458	0.103358	85,423	7,849,970
07/15/2017	0.131448	0.131548	0.117433	0.118362	27,222	8,744,110
07/14/2017	0.148467	0.150936	0.126853	0.131751	75,837	9,876,260
07/13/2017	0.153913	0.160025	0.141919	0.148576	170,808	10,238,600
07/12/2017	0.131805	0.153841	0.119883	0.153841	92,070	8,767,880
07/11/2017	0.148382	0.157334	0.117209	0.132455	109,153	9,870,570
07/10/2017	0.203616	0.203616	0.143478	0.148325	172,331	13,544,900
07/09/2017	0.213392	0.226079	0.203743	0.203743	143,461	14,195,200
07/08/2017	0.205607	0.365674	0.186826	0.211021	746,129	13,677,300
07/07/2017	0.251263	0.252637	0.202635	0.205434	147,090	16,714,400
07/06/2017	0.247526	0.262127	0.241982	0.251078	144,055	16,465,800
07/05/2017	0.274933	0.274933	0.245439	0.247310	122,300	18,289,000
07/04/2017	0.262214	0.281852	0.261344	0.273209	172,795	17,442,900
07/03/2017	0.237223	0.269821	0.225814	0.262842	378,370	15,780,500
07/02/2017	0.244018	0.247886	0.212480	0.236473	377,701	16,232,400
07/01/2017	0.236326	0.309242	0.234211	0.244968	1,391,360	15,720,800
06/30/2017	0.262840	0.264872	0.233173	0.236428	174,593	17,484,500
06/29/2017	0.282062	0.289747	0.257447	0.260342	180,333	18,763,200
06/28/2017	0.273887	0.371559	0.256523	0.281778	690,788	18,219,400
06/27/2017	0.291716	0.291716	0.226972	0.275162	343,469	19,405,400
06/26/2017	0.305910	0.318947	0.233297	0.281254	522,199	20,349,600
06/25/2017	0.342190	0.355232	0.297066	0.308537	250,549	22,763,000
06/24/2017	0.400532	0.403624	0.340030	0.342980	308,231	26,644,000
06/23/2017	0.358334	0.434840	0.357952	0.400578	743,288	23,837,000
06/22/2017	0.326796	0.388520	0.326796	0.359717	902,670	21,739,000
06/21/2017	0.290695	0.351713	0.286771	0.324348	748,895	19,337,500
06/20/2017	0.306716	0.318401	0.290512	0.293210	322,995	20,403,200
06/19/2017	0.289295	0.311132	0.285918	0.306536	304,326	19,244,400
06/18/2017	0.286637	0.291009	0.279383	0.289295	157,368	19,067,500
06/17/2017	0.293643	0.299007	0.280386	0.289197	231,521	19,533,600
06/16/2017	0.288506	0.307234	0.277533	0.293727	270,474	19,191,900
06/15/2017	0.289656	0.291020	0.239384	0.288720	218,385	19,268,400
06/14/2017	0.334303	0.340683	0.279012	0.289692	249,655	22,238,400
06/13/2017	0.298458	0.360640	0.290922	0.334404	437,539	19,853,900
06/12/2017	0.362694	0.362762	0.275115	0.299423	272,418	24,127,000
06/11/2017	0.382410	0.384360	0.329034	0.363830	606,944	25,438,500
06/10/2017	0.337348	0.397647	0.328074	0.376560	913,279	22,440,900
06/09/2017	0.313530	0.338699	0.307108	0.338506	355,818	20,856,500
06/08/2017	0.302952	0.318904	0.289174	0.313625	206,728	20,152,800
06/07/2017	0.315017	0.335130	0.295049	0.299661	372,223	20,955,400
06/06/2017	0.302837	0.323404	0.273850	0.312739	568,821	20,145,200
06/05/2017	0.282163	0.336771	0.279858	0.296069	1,071,590	18,769,900
06/04/2017	0.267560	0.295738	0.260562	0.285230	622,895	17,798,500
06/03/2017	0.259700	0.299103	0.257763	0.268285	656,838	17,275,700
06/02/2017	0.286523	0.286547	0.242956	0.258300	1,404,540	19,060,000
06/01/2017	0.377076	0.400810	0.243316	0.269978	7,970,060	25,083,700
05/31/2017	0.168392	0.402988	0.161551	0.384814	12,138,900	11,201,700
05/30/2017	0.171534	0.183026	0.163935	0.167655	83,373	11,410,700
05/29/2017	0.167903	0.178527	0.157427	0.171335	143,271	11,169,200
05/28/2017	0.221996	0.231975	0.145105	0.168302	209,371	14,767,500
05/27/2017	0.171278	0.223232	0.123057	0.220697	109,208	11,393,700
05/26/2017	0.188759	0.219869	0.162615	0.170701	182,205	12,556,500
05/25/2017	0.236567	0.242213	0.187169	0.190644	353,716	15,736,800
05/24/2017	0.204764	0.264303	0.201206	0.233020	994,919	13,621,200
05/23/2017	0.174975	0.205611	0.172076	0.205293	197,710	11,639,600
05/22/2017	0.188676	0.190848	0.162230	0.176005	240,234	12,551,000
05/21/2017	0.175439	0.192114	0.172779	0.188044	347,950	11,670,500
05/20/2017	0.166038	0.176984	0.164464	0.175482	124,717	11,045,100
05/19/2017	0.147584	0.172846	0.147273	0.166312	276,910	9,817,520
05/18/2017	0.138602	0.150872	0.138281	0.147499	233,180	9,220,020
05/17/2017	0.130150	0.153044	0.125598	0.138686	439,992	8,657,780
05/16/2017	0.135769	0.136571	0.123767	0.130131	83,130	9,031,570
05/15/2017	0.142766	0.146226	0.131478	0.135986	112,165	9,497,020
05/14/2017	0.135325	0.147769	0.133699	0.142689	101,823	9,002,030
05/13/2017	0.127869	0.138263	0.119557	0.134573	107,070	8,506,050
05/12/2017	0.134068	0.141147	0.127206	0.127361	183,662	8,918,420
05/11/2017	0.121492	0.137664	0.114456	0.134733	132,287	8,081,840
05/10/2017	0.126558	0.129458	0.113919	0.121275	194,311	8,418,840
05/09/2017	0.133649	0.141239	0.118960	0.123962	157,846	8,890,540
05/08/2017	0.123765	0.133652	0.116318	0.133607	237,881	8,233,040
05/07/2017	0.127428	0.139080	0.118064	0.123623	303,450	8,476,710
05/06/2017	0.121494	0.130036	0.119187	0.127374	93,441	8,081,970
05/05/2017	0.111836	0.130467	0.111635	0.121388	172,292	7,439,510
05/04/2017	0.108049	0.123306	0.107937	0.111618	100,410	7,187,590
05/03/2017	0.109617	0.116822	0.104193	0.107380	126,187	7,291,900
05/02/2017	0.116471	0.118433	0.101749	0.110920	118,337	7,747,840
05/01/2017	0.118144	0.120327	0.102648	0.116517	188,570	7,859,130
04/30/2017	0.118072	0.119661	0.113469	0.117647	76,464	7,854,340
04/29/2017	0.114707	0.121594	0.113512	0.118074	107,296	7,630,490
04/28/2017	0.118693	0.121837	0.112097	0.116536	88,541	7,895,650
04/27/2017	0.106882	0.117692	0.104009	0.115984	84,545	7,109,960
04/26/2017	0.102533	0.108687	0.101071	0.106827	78,276	6,820,660
04/25/2017	0.100167	0.104959	0.094993	0.102493	114,402	6,663,270
04/24/2017	0.102101	0.103044	0.096275	0.100143	118,872	6,791,920
04/23/2017	0.105234	0.108396	0.101193	0.101894	69,994	7,000,330
04/22/2017	0.106089	0.117274	0.106089	0.107271	83,647	7,057,210
04/21/2017	0.114534	0.118571	0.109645	0.109989	81,789	7,618,980
04/20/2017	0.112766	0.116547	0.104567	0.114479	186,355	7,501,370
04/19/2017	0.123404	0.125113	0.110834	0.112669	190,042	8,209,030
04/18/2017	0.130491	0.131626	0.118103	0.123403	236,353	8,680,470
04/17/2017	0.112267	0.131303	0.110144	0.129515	318,452	7,468,180
04/16/2017	0.107177	0.122139	0.104915	0.112237	207,689	7,129,580
04/15/2017	0.105477	0.118495	0.103773	0.107168	172,324	7,016,500
04/14/2017	0.093451	0.109156	0.093451	0.105814	202,234	6,216,500
04/13/2017	0.094556	0.100814	0.091832	0.094244	98,364	6,290,040
04/12/2017	0.090240	0.103345	0.087536	0.094505	85,003	6,002,930
04/11/2017	0.097681	0.098669	0.088361	0.090255	90,988	6,497,860
04/10/2017	0.097489	0.104405	0.093561	0.097653	231,316	6,485,140
04/09/2017	0.085545	0.101318	0.085300	0.097643	279,742	5,690,600
04/08/2017	0.077804	0.093580	0.076548	0.086498	185,762	5,175,660
04/07/2017	0.077682	0.082556	0.075394	0.078086	42,915	5,167,560
04/06/2017	0.083279	0.087950	0.073409	0.077928	145,623	5,539,820
04/05/2017	0.073651	0.101176	0.073535	0.085080	456,490	4,899,390
04/04/2017	0.063164	0.085513	0.061889	0.075293	395,114	4,201,770
04/03/2017	0.058863	0.064290	0.058863	0.062223	35,625	3,915,670
04/02/2017	0.060417	0.063569	0.057514	0.058821	67,807	4,019,030
04/01/2017	0.055279	0.062287	0.055279	0.060411	46,446	3,677,230
03/31/2017	0.055716	0.060481	0.054087	0.056633	83,650	3,706,300
03/30/2017	0.055737	0.063574	0.054969	0.055704	147,629	3,707,740
03/29/2017	0.054856	0.058862	0.051947	0.055316	72,229	3,649,130
03/28/2017	0.052950	0.057132	0.050729	0.054913	70,174	3,522,300
03/27/2017	0.049565	0.053020	0.049367	0.053020	60,673	3,297,150
03/26/2017	0.048126	0.052122	0.047028	0.048346	55,023	3,201,420
03/25/2017	0.048720	0.050079	0.045504	0.047666	82,999	3,240,910
03/24/2017	0.054929	0.055424	0.047401	0.048377	57,604	3,653,940
03/23/2017	0.056272	0.056902	0.053179	0.054843	54,264	3,743,330
03/22/2017	0.064370	0.067546	0.053553	0.056224	126,856	4,282,000
03/21/2017	0.060145	0.068024	0.058303	0.062492	167,233	4,000,940
03/20/2017	0.054123	0.060646	0.053186	0.060081	79,051	3,600,370
03/19/2017	0.052597	0.059858	0.051745	0.054097	75,218	3,498,830
03/18/2017	0.057118	0.063734	0.050969	0.052752	205,001	3,799,570
03/17/2017	0.064909	0.064909	0.055511	0.057146	126,386	4,317,840
03/16/2017	0.067609	0.067609	0.060134	0.065330	115,643	4,497,480
03/15/2017	0.064600	0.072261	0.064091	0.067941	87,237	4,297,290
03/14/2017	0.059563	0.065754	0.056634	0.064864	85,216	3,962,200
03/13/2017	0.056923	0.061228	0.053928	0.059859	67,366	3,786,590
03/12/2017	0.054466	0.060835	0.054050	0.058675	89,510	3,623,140
03/11/2017	0.052188	0.055939	0.050515	0.054429	39,664	3,471,630
03/10/2017	0.055460	0.060795	0.046009	0.052207	90,003	3,689,280
03/09/2017	0.054296	0.063839	0.051686	0.055419	126,321	3,611,890
03/08/2017	0.052599	0.062391	0.048998	0.054280	102,499	3,498,960
03/07/2017	0.050177	0.052145	0.047758	0.052049	19,649	3,337,870
03/06/2017	0.051003	0.052022	0.049640	0.050162	20,453	3,392,800
03/05/2017	0.052028	0.054236	0.050018	0.050989	11,195	3,460,980
03/04/2017	0.055632	0.056039	0.049441	0.052064	32,311	3,700,740
03/03/2017	0.049193	0.055558	0.048423	0.055526	54,707	3,272,420
03/02/2017	0.051216	0.056905	0.047059	0.048792	131,404	3,406,980
03/01/2017	0.061610	0.062635	0.049418	0.050697	95,470	4,098,390
02/28/2017	0.059071	0.062156	0.058280	0.061594	59,308	3,929,520
02/27/2017	0.058876	0.063188	0.058186	0.059872	49,729	3,916,500
02/26/2017	0.061516	0.065926	0.057025	0.058947	68,632	4,092,140
02/25/2017	0.068984	0.074428	0.060529	0.061470	93,878	4,588,920
02/24/2017	0.067877	0.069810	0.055957	0.069810	225,790	4,515,250
02/23/2017	0.065807	0.075909	0.063634	0.067530	182,550	4,377,600
02/22/2017	0.083610	0.083610	0.062699	0.067013	331,720	5,561,870
02/21/2017	0.079748	0.088330	0.074769	0.081049	239,589	5,304,960
02/20/2017	0.078649	0.084411	0.069611	0.079530	265,269	5,231,880
02/19/2017	0.081818	0.085299	0.076142	0.078661	84,301	5,442,640
02/18/2017	0.082583	0.084161	0.066541	0.081834	309,510	5,493,570
02/17/2017	0.082315	0.096741	0.080327	0.082347	436,789	5,475,740
02/16/2017	0.068208	0.098456	0.067428	0.080140	619,314	4,537,290
02/15/2017	0.063673	0.069879	0.063673	0.068257	89,478	4,235,630
02/14/2017	0.065752	0.066994	0.062656	0.063568	94,843	4,373,930
02/13/2017	0.068014	0.068922	0.063063	0.065680	161,572	4,524,410
02/12/2017	0.056127	0.069431	0.056018	0.067934	258,460	3,733,650
02/11/2017	0.055269	0.056847	0.054582	0.056199	20,027	3,676,610
02/10/2017	0.054461	0.056771	0.053507	0.055257	32,215	3,622,840
02/09/2017	0.058388	0.059278	0.050789	0.054522	91,099	3,884,070
02/08/2017	0.057929	0.061764	0.055594	0.055599	63,203	3,853,500
02/07/2017	0.062434	0.064112	0.057311	0.057876	83,820	4,153,210
02/06/2017	0.066301	0.066895	0.058237	0.062315	121,363	4,410,450
02/05/2017	0.062402	0.066925	0.056617	0.066212	115,388	4,151,110
02/04/2017	0.067637	0.076226	0.059723	0.060947	265,359	4,499,300
02/03/2017	0.062427	0.075943	0.058744	0.067543	366,507	4,152,740
02/02/2017	0.054519	0.063722	0.051719	0.062934	178,349	3,626,720
02/01/2017	0.047974	0.057964	0.047313	0.054935	189,853	3,191,320
01/31/2017	0.050183	0.050526	0.044036	0.047414	179,261	3,338,260
01/30/2017	0.055209	0.056230	0.047046	0.050216	313,426	3,672,580
01/29/2017	0.052466	0.060900	0.043703	0.054932	640,715	3,490,090
01/28/2017	0.064206	0.092367	0.049104	0.060634	0	4,271,100
01/27/2017	0.033584	0.110450	0.033584	0.065849	7,107,230	2,234,050
01/26/2017	0.031403	0.038129	0.030793	0.033446	143,448	2,089,000
01/25/2017	0.028845	0.033416	0.027402	0.030238	81,402	1,918,800
01/24/2017	0.032748	0.034939	0.027480	0.028423	104,561	2,178,440
01/23/2017	0.038408	0.038604	0.032382	0.033915	71,329	2,554,970
01/22/2017	0.041352	0.041721	0.037053	0.038374	50,595	2,750,780
01/21/2017	0.036616	0.041021	0.034702	0.041021	57,355	2,435,720
01/20/2017	0.034625	0.043278	0.031363	0.036150	340,009	2,303,280
01/19/2017	0.031083	0.035353	0.027726	0.034488	143,128	1,601,440
01/18/2017	0.022280	0.037705	0.021862	0.031023	303,963	1,147,880
01/17/2017	0.021671	0.023445	0.018924	0.022245	115,038	1,116,530
01/16/2017	0.014882	0.024070	0.014589	0.021686	181,333	766,770
01/15/2017	0.013123	0.015449	0.012493	0.014883	24,560	676,118
01/14/2017	0.012377	0.013799	0.012313	0.013132	6,249	637,688
01/13/2017	0.012956	0.013337	0.012213	0.012360	4,005	667,524
01/12/2017	0.012325	0.013914	0.010184	0.012974	29,355	635,019
01/11/2017	0.013751	0.015079	0.012366	0.012366	4,826	708,489
01/10/2017	0.013356	0.014401	0.013299	0.013751	4,550	688,127
01/09/2017	0.014292	0.014308	0.012720	0.013362	10,580	736,362
01/08/2017	0.013686	0.014456	0.012786	0.014443	12,947	705,135
01/07/2017	0.012269	0.014037	0.010321	0.013692	20,818	1,042,900
01/06/2017	0.012668	0.013365	0.011164	0.012126	6,910	1,076,770
01/05/2017	0.014505	0.017273	0.011796	0.012657	20,872	1,232,960
01/04/2017	0.016230	0.017094	0.013266	0.014480	26,681	1,379,550
01/03/2017	0.014803	0.016376	0.014078	0.016221	8,793	1,258,260
01/02/2017	0.013861	0.016271	0.013705	0.014805	14,291	1,178,170
01/01/2017	0.015852	0.015863	0.013645	0.013777	13,886	1,347,440
12/31/2016	0.012940	0.017185	0.012806	0.015719	29,923	1,099,870
12/30/2016	0.012831	0.015911	0.011383	0.012948	20,182	1,090,610
12/29/2016	0.010562	0.015466	0.010545	0.012227	21,338	897,796
12/28/2016	0.011478	0.012727	0.009558	0.010859	11,255	975,638
12/27/2016	0.013523	0.013707	0.011213	0.011458	8,903	-
12/26/2016	0.014350	0.014975	0.013037	0.013523	6,330	-
12/25/2016	0.011119	0.015712	0.011039	0.014338	15,194	-
12/24/2016	0.011134	0.013817	0.010891	0.011105	7,922	-
12/23/2016	0.012394	0.012806	0.010443	0.011177	30,610	-
12/22/2016	0.013814	0.014300	0.010743	0.012865	35,632	-
12/21/2016	0.013211	0.016136	0.012648	0.013607	77,158	-
12/20/2016	0.026148	0.028670	0.013060	0.013063	200,546	-
12/19/2016	0.018143	0.043348	0.018132	0.026158	11,251	-
12/16/2016	0.018934	0.019419	0.018867	0.019101	363	-
12/15/2016	0.018244	0.018935	0.014169	0.018935	360	-
12/14/2016	0.019309	0.019453	0.014637	0.018209	82	-
12/13/2016	0.012913	0.013038	0.012687	0.012722	39	-
