Date	Open	High	Low	Close	Volume	Market Cap
07/15/2018	0.092520	0.096337	0.091796	0.094907	1,762,210	51,811,400
07/14/2018	0.091197	0.093467	0.086513	0.092602	1,771,910	51,070,500
07/13/2018	0.090382	0.096728	0.087930	0.091686	1,633,590	50,614,100
07/12/2018	0.092424	0.092487	0.086161	0.090186	691,248	51,757,300
07/11/2018	0.095280	0.096842	0.088281	0.092353	760,542	53,356,500
07/10/2018	0.108272	0.108272	0.088844	0.095352	750,466	60,632,300
07/09/2018	0.109454	0.112735	0.107794	0.108354	797,882	61,294,200
07/08/2018	0.111922	0.113345	0.108430	0.109811	882,140	62,676,300
07/07/2018	0.111023	0.112053	0.105790	0.111861	1,005,850	62,172,900
07/06/2018	0.117415	0.117415	0.106424	0.111174	1,112,060	65,752,400
07/05/2018	0.113758	0.121997	0.112421	0.117453	787,100	63,704,500
07/04/2018	0.109463	0.118293	0.103782	0.113401	973,976	61,299,300
07/03/2018	0.114074	0.119446	0.107237	0.109348	1,289,380	63,881,400
07/02/2018	0.104167	0.116311	0.103119	0.114126	969,674	58,333,500
07/01/2018	0.104825	0.109443	0.101464	0.104077	800,302	58,702,000
06/30/2018	0.095731	0.109581	0.095731	0.105014	1,060,880	53,609,500
06/29/2018	0.097229	0.100556	0.093946	0.095668	837,044	54,448,100
06/28/2018	0.103181	0.104076	0.096736	0.096957	411,943	57,781,500
06/27/2018	0.092591	0.103658	0.086357	0.102986	735,695	51,850,700
06/26/2018	0.111344	0.111532	0.092093	0.093435	949,271	62,352,900
06/25/2018	0.104167	0.117661	0.091018	0.111494	1,059,610	58,333,600
06/24/2018	0.113728	0.114136	0.085880	0.109631	1,150,110	63,687,700
06/23/2018	0.104064	0.115327	0.102451	0.113730	763,976	58,275,700
06/22/2018	0.123779	0.125131	0.101558	0.103980	932,325	69,316,000
06/21/2018	0.124921	0.130787	0.122323	0.124136	2,860,430	69,955,500
06/20/2018	0.126575	0.134559	0.122841	0.124631	6,537,230	70,882,200
06/19/2018	0.123407	0.132799	0.122424	0.126351	7,703,050	69,108,100
06/18/2018	0.130934	0.133642	0.121323	0.123476	7,334,640	73,323,000
06/17/2018	0.138348	0.142243	0.130727	0.131171	7,689,830	77,475,000
06/16/2018	0.128702	0.138347	0.124545	0.138145	8,073,240	72,073,300
06/15/2018	0.132556	0.143307	0.119246	0.129135	7,194,710	74,231,500
06/14/2018	0.111147	0.134695	0.110944	0.133297	7,196,430	62,242,200
06/13/2018	0.126280	0.126280	0.109597	0.111109	7,083,590	70,717,100
06/12/2018	0.130882	0.132376	0.120729	0.125757	8,114,090	73,294,000
06/11/2018	0.133316	0.133316	0.125284	0.131037	5,110,110	74,657,200
06/10/2018	0.160106	0.160106	0.131501	0.133106	12,806,900	89,659,500
06/09/2018	0.162124	0.170232	0.159918	0.159993	15,943,600	90,789,400
06/08/2018	0.171047	0.171730	0.160886	0.162097	8,614,510	95,786,100
06/07/2018	0.175005	0.183828	0.161598	0.171047	4,458,440	98,002,900
06/06/2018	0.184398	0.185695	0.163085	0.175057	6,623,900	103,263,000
06/05/2018	0.184332	0.190479	0.175708	0.184934	7,221,410	103,226,000
06/04/2018	0.192574	0.197715	0.168318	0.184252	7,517,490	107,842,000
06/03/2018	0.180820	0.194071	0.176607	0.190750	2,557,690	101,259,000
06/02/2018	0.180468	0.182745	0.175985	0.181506	2,238,860	101,062,000
06/01/2018	0.186674	0.187765	0.176694	0.180408	5,037,050	104,537,000
05/31/2018	0.191708	0.197664	0.184704	0.186665	4,872,010	107,357,000
05/30/2018	0.192023	0.200394	0.187556	0.191980	5,993,820	107,533,000
05/29/2018	0.175135	0.198902	0.174590	0.191857	6,673,430	98,075,600
05/28/2018	0.194616	0.197881	0.173889	0.175279	7,694,250	108,985,000
05/27/2018	0.203463	0.206684	0.189237	0.197546	5,562,470	113,939,000
05/26/2018	0.187792	0.219422	0.185997	0.201991	7,910,730	105,164,000
05/25/2018	0.188877	0.194800	0.181818	0.187644	5,584,740	105,771,000
05/24/2018	0.157711	0.192169	0.155858	0.188582	6,541,280	88,318,400
05/23/2018	0.181030	0.198688	0.151001	0.158760	44,604,800	101,377,000
05/22/2018	0.202948	0.207678	0.179195	0.181609	2,571,000	113,651,000
05/21/2018	0.223631	0.228539	0.201026	0.203397	3,626,220	125,233,000
05/20/2018	0.221205	0.249070	0.217997	0.223236	4,857,850	123,875,000
05/19/2018	0.214314	0.259105	0.210827	0.221046	6,174,880	120,016,000
05/18/2018	0.212752	0.216606	0.199456	0.213681	6,662,610	119,141,000
05/17/2018	0.243736	0.245549	0.208799	0.212503	6,093,390	136,492,000
05/16/2018	0.245725	0.264319	0.221985	0.243772	3,944,250	137,606,000
05/15/2018	0.276781	0.290636	0.226744	0.242372	3,126,500	154,997,000
05/14/2018	0.308162	0.315840	0.260899	0.278419	3,223,080	172,571,000
05/13/2018	0.308499	0.315748	0.295944	0.308830	2,385,980	172,759,000
05/12/2018	0.317682	0.323679	0.273429	0.306133	2,175,080	177,902,000
05/11/2018	0.333529	0.337843	0.278067	0.314525	3,936,070	186,776,000
05/10/2018	0.408556	0.427821	0.331492	0.333254	4,505,430	228,791,000
05/09/2018	0.409665	0.410837	0.310526	0.407098	7,221,880	229,413,000
05/08/2018	0.302021	0.409093	0.288387	0.409093	3,599,120	169,132,000
05/07/2018	0.536074	0.539466	0.263986	0.300799	1,240,080	300,202,000
05/05/2018	0.264465	0.279328	0.237576	0.237576	73,931	148,101,000
05/04/2018	0.269605	0.269605	0.222812	0.264174	661,444	-
05/03/2018	0.216204	0.270243	0.206259	0.251810	1,289,820	-
05/02/2018	0.184738	0.216380	0.140025	0.216224	2,446,440	-
05/01/2018	0.190647	0.190687	0.171202	0.185004	3,226,150	-
