Date	Open	High	Low	Close	Volume	Market Cap
07/15/2018	0.383179	0.389590	0.355843	0.369772	153,274	4,023,380
07/14/2018	0.388870	0.394368	0.346504	0.382033	189,647	4,083,140
07/13/2018	0.379303	0.391836	0.378882	0.388074	158,281	3,982,680
07/12/2018	0.389940	0.390466	0.374380	0.379423	137,507	4,094,370
07/11/2018	0.412247	0.446986	0.380980	0.390677	182,952	4,328,590
07/10/2018	0.404553	0.432192	0.396338	0.412877	159,598	4,247,810
07/09/2018	0.410811	0.424797	0.404406	0.405808	129,182	4,313,520
07/08/2018	0.419051	0.419550	0.403127	0.410590	149,196	4,400,040
07/07/2018	0.384093	0.418764	0.380388	0.416159	151,639	4,032,980
07/06/2018	0.364545	0.386894	0.350609	0.386894	149,435	3,827,720
07/05/2018	0.357736	0.369708	0.346000	0.365585	171,711	3,756,230
07/04/2018	0.345946	0.365721	0.342607	0.357825	152,078	3,632,430
07/03/2018	0.357846	0.363633	0.344971	0.344971	99,761	3,757,380
07/02/2018	0.380957	0.381426	0.338432	0.360003	164,265	4,000,050
07/01/2018	0.377371	0.388053	0.372718	0.381041	143,223	3,962,400
06/30/2018	0.360933	0.383866	0.360933	0.375529	96,724	3,789,800
06/29/2018	0.365915	0.370074	0.343350	0.363959	140,228	3,842,110
06/28/2018	0.379434	0.380540	0.364250	0.367453	118,160	3,984,060
06/27/2018	0.367113	0.385059	0.360333	0.374684	164,005	3,854,690
06/26/2018	0.389217	0.390973	0.367714	0.368236	100,803	4,086,780
06/25/2018	0.390264	0.395063	0.380941	0.389219	96,689	4,097,780
06/24/2018	0.402939	0.406680	0.367842	0.391522	98,687	4,230,860
06/23/2018	0.405306	0.429462	0.390081	0.403055	107,306	4,255,710
06/22/2018	0.608549	0.619159	0.400918	0.405989	163,357	6,389,760
06/21/2018	0.618593	0.641883	0.597950	0.607291	162,515	6,495,220
06/20/2018	0.639908	0.639908	0.589661	0.618058	82,807	6,719,030
06/19/2018	0.589725	0.636056	0.585853	0.630202	147,796	6,192,120
06/18/2018	0.576039	0.590865	0.561794	0.590500	93,375	6,048,410
06/17/2018	0.599381	0.606213	0.574026	0.585398	122,868	6,293,500
06/16/2018	0.602649	0.614697	0.582965	0.601372	143,386	6,327,820
06/15/2018	0.651852	0.655732	0.589057	0.603843	150,655	6,844,450
06/14/2018	0.546587	0.652256	0.542761	0.650384	131,215	5,739,170
06/13/2018	0.574938	0.602350	0.523535	0.545935	137,907	6,036,850
06/12/2018	0.634613	0.642288	0.568365	0.575199	143,093	6,663,430
06/11/2018	0.639766	0.650862	0.610275	0.632148	214,742	6,717,550
06/10/2018	0.723678	0.723678	0.624250	0.640829	168,635	7,598,610
06/09/2018	0.742971	0.751304	0.724317	0.724317	208,452	7,801,200
06/08/2018	0.785843	0.786940	0.734480	0.742712	231,896	8,251,360
06/07/2018	0.789986	0.810867	0.776767	0.783145	201,485	8,294,850
06/06/2018	0.777488	0.802180	0.758057	0.780541	321,183	8,163,630
06/05/2018	0.735259	0.788853	0.730437	0.777890	238,480	7,720,220
06/04/2018	0.710352	0.745237	0.692115	0.735879	165,189	7,458,700
06/03/2018	0.710495	0.735915	0.699848	0.709250	156,494	7,460,200
06/02/2018	0.714085	0.734075	0.707151	0.710383	150,378	7,497,900
06/01/2018	0.705383	0.715579	0.697280	0.714832	134,710	7,406,520
05/31/2018	0.685575	0.714899	0.683610	0.704634	141,600	7,198,540
05/30/2018	0.682638	0.690140	0.673661	0.685819	100,343	7,167,700
05/29/2018	0.637879	0.686175	0.635341	0.680761	103,886	6,697,730
05/28/2018	0.713905	0.714839	0.635273	0.639302	98,936	7,496,000
05/27/2018	0.758852	0.764161	0.708167	0.708167	109,909	7,967,940
05/26/2018	0.869450	0.871554	0.755030	0.761430	107,606	9,129,230
05/25/2018	0.956687	0.966755	0.854598	0.870161	115,308	10,045,200
05/24/2018	0.930874	1.01	0.902610	0.950790	115,225	9,774,170
05/23/2018	1.05	1.05	0.923674	0.936515	111,959	10,999,100
05/22/2018	1.14	1.15	1.05	1.05	128,249	12,018,800
05/21/2018	1.15	1.15	1.12	1.15	163,443	12,069,300
05/20/2018	1.12	1.16	1.11	1.15	125,523	11,718,400
05/19/2018	1.12	1.14	1.11	1.12	104,407	11,778,500
05/18/2018	1.12	1.12	1.07	1.12	177,531	11,749,600
05/17/2018	1.21	1.22	1.11	1.12	173,916	12,733,700
05/16/2018	1.24	1.24	1.18	1.21	125,413	12,987,100
05/15/2018	1.35	1.35	1.23	1.24	160,201	14,137,600
05/14/2018	1.31	1.37	1.25	1.34	134,333	13,778,600
05/13/2018	1.29	1.33	1.27	1.31	137,345	13,541,700
05/12/2018	1.31	1.32	1.25	1.29	105,130	13,754,800
05/11/2018	1.41	1.42	1.31	1.31	134,715	14,795,900
05/10/2018	1.50	1.53	1.41	1.41	122,873	15,790,300
05/09/2018	1.52	1.53	1.45	1.51	134,947	16,007,500
05/08/2018	1.56	1.60	1.51	1.53	161,337	16,377,200
05/07/2018	1.52	1.55	1.41	1.55	163,891	15,957,400
05/06/2018	1.59	1.61	1.46	1.51	156,897	16,743,900
05/05/2018	1.48	1.59	1.47	1.59	154,809	15,590,900
05/04/2018	1.31	1.50	1.28	1.49	198,114	13,725,400
05/03/2018	1.28	1.32	1.25	1.31	219,517	13,490,800
05/02/2018	1.43	1.46	1.27	1.28	222,188	14,997,000
05/01/2018	1.46	1.47	1.38	1.44	160,943	15,321,100
04/30/2018	1.44	1.66	1.44	1.46	204,923	15,115,500
04/29/2018	1.33	1.47	1.31	1.44	168,482	13,925,100
04/28/2018	1.27	1.34	1.26	1.32	144,613	13,292,800
04/27/2018	1.34	1.35	1.26	1.27	164,244	14,112,700
04/26/2018	1.39	1.46	1.34	1.35	188,421	14,643,300
04/25/2018	1.64	1.66	1.37	1.38	155,676	17,245,400
04/24/2018	1.73	1.82	1.60	1.67	222,436	18,145,400
04/23/2018	1.68	1.74	1.68	1.74	159,949	17,624,800
04/22/2018	1.68	1.73	1.64	1.70	170,847	17,653,900
04/21/2018	1.76	1.76	1.60	1.67	162,030	18,528,900
04/20/2018	1.76	1.79	1.72	1.75	190,280	18,465,000
04/19/2018	1.64	1.76	1.62	1.76	141,233	17,169,300
04/18/2018	1.50	1.64	1.47	1.62	161,685	15,731,600
04/17/2018	1.72	1.82	1.36	1.50	199,768	18,048,800
04/16/2018	2.38	2.39	1.75	1.79	217,222	25,029,400
04/15/2018	2.47	2.55	2.36	2.38	193,853	25,889,300
04/14/2018	2.45	2.52	2.42	2.48	151,563	25,756,400
04/13/2018	2.58	2.69	2.43	2.45	132,950	27,077,500
04/12/2018	2.08	2.68	2.05	2.57	236,424	21,853,700
04/11/2018	1.96	2.12	1.96	2.11	126,510	20,560,200
04/10/2018	1.84	1.96	1.84	1.96	100,064	19,349,300
04/09/2018	1.90	2.00	1.80	1.84	103,627	19,962,200
04/08/2018	2.01	2.03	1.87	1.89	123,232	21,112,200
04/07/2018	1.91	2.07	1.91	2.01	143,086	20,107,300
04/06/2018	1.97	2.00	1.91	1.91	107,685	20,711,900
04/05/2018	1.86	2.04	1.80	1.99	122,044	19,517,500
04/04/2018	1.98	1.98	1.76	1.86	115,749	20,759,200
04/03/2018	1.86	1.99	1.86	1.98	109,427	19,570,200
04/02/2018	1.83	1.92	1.81	1.86	119,700	19,172,500
04/01/2018	1.96	1.98	1.80	1.83	100,070	20,584,800
03/31/2018	2.01	2.12	1.94	1.95	147,356	21,097,100
03/30/2018	2.15	2.17	1.93	2.01	127,003	22,553,300
03/29/2018	2.46	2.46	2.13	2.16	154,196	25,782,900
03/28/2018	2.29	2.58	2.27	2.45	202,254	24,075,300
03/27/2018	2.19	2.34	2.03	2.29	197,118	23,043,300
03/26/2018	2.04	2.19	1.92	2.19	174,939	21,380,500
03/25/2018	2.06	2.10	2.03	2.05	169,486	21,655,700
03/24/2018	2.13	2.20	2.08	2.09	170,978	22,353,700
03/23/2018	2.04	2.10	1.93	2.10	199,513	21,432,500
03/22/2018	2.29	2.36	2.03	2.06	197,081	24,085,000
03/21/2018	2.09	2.39	2.08	2.29	220,451	21,922,200
03/20/2018	1.95	2.11	1.90	2.08	133,393	20,484,100
03/19/2018	1.81	1.96	1.75	1.94	170,734	18,987,100
03/18/2018	1.83	1.86	1.57	1.82	199,956	19,246,700
03/17/2018	2.19	2.22	1.82	1.83	171,027	22,945,700
03/16/2018	2.09	2.28	2.09	2.19	180,542	21,947,500
03/15/2018	2.02	2.09	1.85	2.09	158,300	21,232,700
03/14/2018	2.45	2.48	1.97	2.02	181,533	25,758,400
03/13/2018	2.32	2.62	2.31	2.47	210,692	24,332,200
03/12/2018	2.44	2.64	2.27	2.32	260,089	25,608,600
03/11/2018	2.43	2.61	2.32	2.53	228,903	25,546,200
03/10/2018	2.48	2.66	2.39	2.43	170,873	26,078,000
03/09/2018	2.44	2.50	2.20	2.47	205,718	25,623,900
03/08/2018	2.57	2.70	2.38	2.46	228,189	26,944,300
03/07/2018	2.79	3.14	2.50	2.56	331,487	29,281,500
03/06/2018	3.70	3.70	2.20	2.80	668,943	38,865,800
03/05/2018	3.74	3.78	3.69	3.70	171,309	39,264,200
03/04/2018	3.73	3.75	3.61	3.75	177,156	39,208,200
03/03/2018	3.68	3.76	3.68	3.74	238,525	38,681,700
03/02/2018	3.64	3.74	3.51	3.68	208,078	38,251,000
03/01/2018	3.50	3.77	3.45	3.65	272,352	36,786,100
02/28/2018	3.77	3.82	3.51	3.51	282,960	39,605,400
02/27/2018	4.01	4.07	3.71	3.75	279,250	42,142,400
02/26/2018	4.03	4.12	3.88	4.01	116,493	42,312,500
02/25/2018	4.02	4.09	3.93	4.03	120,919	42,231,200
02/24/2018	4.24	4.34	3.82	4.03	216,132	44,472,700
02/23/2018	3.54	4.24	3.50	4.24	293,179	37,157,500
02/22/2018	4.04	4.05	3.14	3.52	335,520	42,386,100
02/21/2018	4.07	4.33	3.76	4.05	265,964	42,696,300
02/20/2018	4.74	4.82	3.87	4.00	245,494	49,821,000
02/19/2018	4.93	5.04	4.70	4.74	215,595	51,721,900
02/18/2018	4.87	5.12	4.54	4.93	270,052	51,150,400
02/17/2018	4.48	4.87	4.44	4.87	170,213	47,032,700
02/16/2018	4.57	4.63	4.32	4.45	155,055	47,966,300
02/15/2018	3.98	4.60	3.98	4.58	247,785	41,831,700
02/14/2018	3.56	3.99	3.48	3.98	184,825	37,372,900
02/13/2018	3.66	3.69	3.51	3.55	207,105	38,474,900
02/12/2018	3.10	3.72	3.10	3.67	416,489	32,601,500
02/11/2018	3.18	3.24	2.83	3.12	168,583	33,358,900
02/10/2018	3.17	3.33	3.11	3.18	223,808	33,276,700
02/09/2018	2.97	3.22	2.87	3.16	133,234	31,136,800
02/08/2018	2.65	3.18	2.65	2.96	149,169	27,868,500
02/07/2018	2.61	3.13	2.25	2.67	292,013	27,408,000
02/06/2018	2.35	2.64	1.80	2.62	281,064	24,655,400
02/05/2018	2.90	3.03	2.06	2.35	242,683	30,476,400
02/04/2018	3.41	3.41	2.81	2.94	152,586	35,842,500
02/03/2018	3.32	3.53	3.06	3.42	281,477	34,895,300
02/02/2018	3.31	3.43	2.76	3.32	312,009	34,724,100
02/01/2018	4.39	4.55	3.14	3.33	417,154	46,086,100
01/31/2018	4.54	4.58	3.98	4.40	256,554	47,709,800
01/30/2018	5.74	5.80	4.24	4.52	414,284	60,289,800
01/29/2018	5.85	6.00	5.42	5.72	303,933	61,453,700
01/28/2018	5.36	6.23	5.33	5.87	509,452	56,240,400
01/27/2018	5.02	5.42	4.90	5.33	265,374	52,688,900
01/26/2018	4.90	5.26	4.65	4.99	354,603	51,420,200
01/25/2018	5.18	5.41	4.73	4.95	353,422	54,396,800
01/24/2018	4.81	5.27	4.70	5.05	338,416	50,503,900
01/23/2018	4.66	5.29	4.47	4.81	380,965	48,906,000
01/22/2018	4.78	5.34	4.32	5.08	412,945	50,141,500
01/21/2018	4.99	4.99	4.51	4.77	365,629	52,392,900
01/20/2018	4.12	5.13	4.12	4.99	480,604	43,261,500
01/19/2018	4.74	4.87	3.92	4.08	443,501	49,794,900
01/18/2018	4.76	5.25	4.64	4.79	430,808	50,010,700
01/17/2018	4.41	4.85	3.06	4.77	471,611	46,261,900
01/16/2018	5.85	5.86	3.69	4.42	549,996	61,429,700
01/15/2018	6.26	7.09	5.84	5.84	494,459	65,756,400
01/14/2018	7.54	7.57	5.74	6.26	583,637	79,221,400
01/13/2018	6.02	7.86	6.02	7.52	645,686	63,199,100
01/12/2018	5.65	6.23	5.32	6.04	451,592	59,289,900
01/11/2018	6.47	6.54	5.43	5.63	450,433	67,907,600
01/10/2018	6.72	6.79	5.41	6.48	735,996	70,548,300
01/09/2018	6.80	7.15	6.55	6.78	744,636	71,437,600
01/08/2018	7.23	7.56	6.03	6.82	728,189	75,966,600
01/07/2018	6.95	7.86	6.86	7.17	936,658	73,022,600
01/06/2018	5.59	6.94	5.47	6.94	748,407	58,716,200
01/05/2018	5.56	5.92	5.27	5.61	446,988	58,381,200
01/04/2018	5.29	5.59	5.21	5.59	551,826	55,510,400
01/03/2018	4.80	5.29	4.63	5.28	595,176	50,430,800
01/02/2018	4.12	4.80	4.12	4.78	543,649	43,239,400
01/01/2018	4.23	4.24	3.90	4.12	436,686	44,451,800
12/31/2017	3.94	4.48	3.76	4.22	530,374	41,420,200
12/30/2017	5.02	5.31	3.60	4.00	655,782	52,668,200
12/29/2017	3.87	5.01	3.86	5.01	749,511	40,681,600
12/28/2017	3.17	3.83	3.02	3.83	591,334	33,291,100
12/27/2017	2.71	3.18	2.71	3.18	430,626	28,488,400
12/26/2017	2.62	2.76	2.49	2.71	387,066	27,502,200
12/25/2017	2.55	2.85	2.53	2.62	365,588	26,762,100
12/24/2017	2.58	2.58	2.13	2.53	411,575	27,043,300
12/23/2017	2.20	2.72	2.18	2.57	403,541	23,106,000
12/22/2017	2.23	2.31	1.70	2.19	360,083	23,405,800
12/21/2017	2.07	2.22	1.97	2.22	493,669	21,765,400
12/20/2017	2.02	2.19	1.83	2.08	416,582	21,255,900
12/19/2017	2.16	2.28	1.98	2.02	403,842	22,646,700
12/18/2017	2.27	2.27	2.03	2.15	430,763	23,846,900
12/17/2017	2.42	2.48	2.04	2.27	375,594	25,457,400
12/16/2017	2.03	2.43	2.03	2.43	389,438	21,353,500
12/15/2017	1.94	2.04	1.76	2.03	306,143	20,346,700
12/14/2017	1.67	1.97	1.66	1.93	388,506	17,586,600
12/13/2017	1.72	1.76	1.62	1.68	384,537	18,009,100
12/12/2017	1.84	1.86	1.66	1.71	365,134	19,328,500
12/11/2017	1.62	1.83	1.56	1.83	262,393	16,959,700
12/10/2017	1.66	1.71	1.50	1.62	222,041	17,447,000
12/09/2017	1.53	1.74	1.53	1.66	262,280	16,100,700
12/08/2017	1.51	1.53	1.25	1.53	248,482	15,887,900
12/07/2017	1.38	1.51	1.35	1.51	315,766	14,473,200
12/06/2017	1.35	1.40	1.34	1.38	229,648	14,211,900
12/05/2017	1.39	1.41	1.33	1.36	178,893	14,607,200
12/04/2017	1.12	1.39	1.10	1.39	231,193	11,768,100
12/03/2017	1.18	1.20	1.08	1.12	215,988	12,353,400
12/02/2017	1.08	1.18	1.08	1.17	185,333	11,323,100
12/01/2017	0.987120	1.08	0.962314	1.08	172,445	10,364,800
11/30/2017	0.988667	1.04	0.883253	0.995064	223,433	10,381,000
11/29/2017	1.13	1.25	0.967661	0.977941	233,785	11,906,100
11/28/2017	1.28	1.29	1.11	1.14	219,970	13,478,500
11/27/2017	1.24	1.31	1.23	1.28	233,192	13,033,500
11/26/2017	1.31	1.32	1.21	1.24	203,477	13,730,600
11/25/2017	1.34	1.40	1.29	1.31	181,879	14,022,300
11/24/2017	1.17	1.37	1.16	1.34	205,949	12,287,300
11/23/2017	1.29	1.30	1.11	1.17	185,518	13,507,600
11/22/2017	1.15	1.28	1.12	1.28	218,058	12,070,200
11/21/2017	1.21	1.21	1.14	1.15	130,119	12,679,100
11/20/2017	1.10	1.26	1.09	1.20	177,070	11,524,300
11/19/2017	1.00	1.10	0.997093	1.09	150,924	10,512,400
11/18/2017	1.01	1.02	0.968707	1.00	129,647	10,581,100
11/17/2017	1.12	1.12	0.972501	1.01	145,043	11,734,900
11/16/2017	1.07	1.13	1.03	1.12	143,245	11,258,000
11/15/2017	1.01	1.09	0.995750	1.07	139,667	10,641,100
11/14/2017	0.878703	1.02	0.878703	1.01	111,491	9,226,380
11/13/2017	0.865394	0.903232	0.851214	0.878323	66,590	9,086,630
11/12/2017	0.876769	0.888939	0.786933	0.866529	102,499	9,206,070
11/11/2017	0.880914	0.915735	0.862463	0.878140	79,676	9,249,600
11/10/2017	0.906920	0.916677	0.840612	0.883597	113,865	9,522,660
11/09/2017	0.830047	0.918441	0.825064	0.904801	126,079	8,715,490
11/08/2017	0.751819	0.830724	0.749828	0.829756	72,874	7,894,100
11/07/2017	0.783661	0.794779	0.739662	0.752841	59,149	8,228,440
11/06/2017	0.778821	0.804989	0.770770	0.784284	97,982	8,177,620
11/05/2017	0.747153	0.825452	0.743716	0.780280	115,544	7,845,100
11/04/2017	0.718804	0.750371	0.698951	0.747168	106,510	7,547,450
11/03/2017	0.624718	0.731331	0.613926	0.722495	120,662	6,559,540
11/02/2017	0.645731	0.649055	0.615441	0.619626	79,946	6,780,170
11/01/2017	0.706855	0.711194	0.644064	0.644064	82,791	7,421,980
10/31/2017	0.713347	0.723329	0.697156	0.708198	81,066	7,490,150
10/30/2017	0.702522	0.713974	0.638344	0.713974	104,957	7,376,480
10/29/2017	0.687233	0.715243	0.684742	0.703777	93,200	7,215,940
10/28/2017	0.687987	0.692490	0.656401	0.674672	96,095	7,223,860
10/27/2017	0.711340	0.715613	0.681329	0.687201	85,595	7,469,070
10/26/2017	0.727759	0.735303	0.703660	0.705527	95,615	7,641,460
10/25/2017	0.697699	0.731753	0.639453	0.724792	141,350	7,325,840
10/24/2017	0.663552	0.844055	0.651527	0.700619	130,961	6,967,290
10/23/2017	0.662708	0.694534	0.648791	0.664042	105,918	6,958,440
10/22/2017	0.667817	0.682787	0.630029	0.661032	100,708	7,012,080
10/21/2017	0.694851	0.698870	0.642831	0.670045	103,180	7,295,940
10/20/2017	0.718610	0.751194	0.659776	0.687426	127,689	7,545,410
10/19/2017	0.752984	0.752984	0.676177	0.720893	130,301	7,906,330
10/18/2017	0.786074	0.786074	0.711709	0.753753	110,773	8,253,780
10/17/2017	0.743601	0.802161	0.720700	0.779739	114,637	7,807,810
10/16/2017	0.768196	0.783990	0.729416	0.743354	104,206	8,066,060
10/15/2017	0.755576	0.821238	0.723597	0.768792	121,818	7,933,550
10/14/2017	0.681067	0.820885	0.668104	0.779391	111,918	7,151,200
10/13/2017	0.891052	0.897723	0.617713	0.679404	195,512	9,356,050
10/12/2017	0.887958	0.929262	0.843730	0.896115	112,846	9,323,560
10/11/2017	0.804826	0.901223	0.799441	0.891057	107,234	8,450,680
10/10/2017	0.867532	0.913444	0.800417	0.823914	131,399	9,109,090
10/09/2017	0.996421	1.00	0.861434	0.865818	116,681	10,462,400
10/08/2017	0.980819	1.00	0.955879	0.995614	118,148	10,298,600
10/07/2017	1.06	1.10	0.983792	0.984059	113,945	11,092,600
10/06/2017	1.04	1.06	1.01	1.06	118,940	10,918,500
10/05/2017	1.05	1.05	1.02	1.04	106,664	11,001,100
10/04/2017	0.988679	1.05	0.975217	1.04	95,838	10,381,100
10/03/2017	1.05	1.13	0.971219	0.979514	122,139	10,998,500
10/02/2017	1.06	1.06	0.946266	1.05	141,771	11,135,100
10/01/2017	1.12	1.12	1.02	1.06	102,264	11,768,700
09/30/2017	1.12	1.15	1.12	1.12	96,387	11,790,400
09/29/2017	1.06	1.13	1.03	1.12	106,577	11,143,000
09/28/2017	1.07	1.12	1.06	1.06	95,968	11,254,100
09/27/2017	0.955821	1.09	0.933301	1.07	98,161	10,036,100
09/26/2017	0.952846	1.06	0.944463	0.958045	101,012	10,004,900
09/25/2017	0.870168	0.968094	0.869284	0.952988	71,119	9,136,770
09/24/2017	0.901400	0.917118	0.867767	0.869865	65,773	9,464,700
09/23/2017	0.832280	0.910892	0.824478	0.901438	62,377	8,738,940
09/22/2017	0.824566	0.867537	0.808442	0.834800	80,707	8,657,950
09/21/2017	0.910005	0.915266	0.811912	0.826076	85,963	9,555,050
09/20/2017	0.929289	0.974332	0.901683	0.911566	88,907	9,757,540
09/19/2017	0.992631	1.00	0.920290	0.930047	98,782	10,422,600
09/18/2017	0.957599	1.02	0.951252	0.995797	113,223	10,054,800
09/17/2017	0.902321	0.982252	0.857974	0.978137	103,455	9,474,370
09/16/2017	0.964289	0.999308	0.888865	0.902310	98,201	10,125,000
09/15/2017	0.803649	1.01	0.733677	0.957252	129,532	8,438,310
09/14/2017	0.986359	0.998240	0.803020	0.803020	83,515	10,356,800
09/13/2017	1.06	1.07	0.935981	0.989392	106,437	11,108,500
09/12/2017	0.994987	1.20	0.994987	1.06	191,378	10,447,400
09/11/2017	1.02	1.05	0.954661	0.995351	130,196	10,760,100
09/10/2017	0.928110	1.03	0.877655	1.02	81,676	9,745,160
09/09/2017	0.945246	1.01	0.903728	0.927863	96,538	9,925,080
09/08/2017	1.03	1.06	0.901348	0.943814	107,433	10,845,600
09/07/2017	1.18	1.18	1.03	1.04	145,959	12,394,000
09/06/2017	1.16	1.20	1.10	1.18	141,383	12,163,400
09/05/2017	1.03	1.19	0.961215	1.15	130,714	10,844,000
09/04/2017	1.30	1.30	0.939213	1.03	172,329	13,653,200
09/03/2017	1.11	1.31	1.11	1.30	206,927	11,660,900
09/02/2017	1.15	1.15	1.04	1.11	171,528	12,092,900
09/01/2017	1.20	1.29	1.13	1.15	219,202	12,615,200
08/31/2017	1.35	1.41	1.20	1.20	288,898	14,164,000
08/30/2017	1.41	1.55	1.32	1.35	277,560	14,847,200
08/29/2017	1.54	1.55	1.41	1.41	252,017	16,174,100
08/28/2017	1.59	1.60	1.38	1.54	261,184	16,693,200
08/27/2017	1.46	1.60	1.42	1.58	244,039	15,368,500
08/26/2017	1.54	1.54	1.36	1.46	206,667	16,169,000
08/25/2017	1.54	1.63	1.53	1.55	211,176	16,216,100
08/24/2017	1.60	1.60	1.52	1.55	223,131	16,805,800
08/23/2017	1.50	1.66	1.48	1.60	212,171	15,725,700
08/22/2017	1.45	1.51	1.31	1.50	199,190	15,186,200
08/21/2017	1.44	1.53	1.37	1.44	226,845	15,136,200
08/20/2017	1.33	1.46	1.27	1.45	244,235	13,926,400
08/19/2017	1.41	1.49	1.30	1.33	268,444	14,760,500
08/18/2017	1.69	1.71	1.37	1.41	267,281	17,784,400
08/17/2017	1.73	1.79	1.69	1.70	358,407	18,178,100
08/16/2017	1.37	1.74	1.33	1.73	473,570	14,345,800
08/15/2017	1.28	1.43	1.28	1.37	317,503	13,465,100
08/14/2017	1.18	1.28	1.16	1.28	334,378	12,338,900
08/13/2017	1.38	1.38	1.14	1.17	309,875	14,442,300
08/12/2017	1.07	1.42	1.07	1.38	318,728	11,232,700
08/11/2017	0.761892	1.30	0.761892	1.07	360,381	7,999,870
08/10/2017	0.643202	0.765197	0.642990	0.762416	265,968	6,753,630
08/09/2017	0.670329	0.672481	0.572829	0.645181	215,535	7,038,460
08/08/2017	0.666331	0.690111	0.612252	0.669438	222,160	6,996,470
08/07/2017	0.741118	0.742645	0.587345	0.662219	216,418	7,781,740
08/06/2017	0.632656	0.784365	0.597520	0.741612	203,469	6,642,880
08/05/2017	0.667202	0.702819	0.609717	0.630695	207,337	7,005,620
08/04/2017	0.709168	0.724687	0.654503	0.670342	180,840	7,446,260
08/03/2017	0.821340	0.824680	0.694713	0.709102	183,795	8,624,070
08/02/2017	0.932464	1.00	0.647578	0.819286	262,453	9,790,870
08/01/2017	0.664464	0.935087	0.620152	0.933668	150,884	6,976,880
07/31/2017	0.618688	0.683591	0.556448	0.662748	147,386	6,496,220
07/30/2017	0.639502	0.659772	0.600948	0.616762	139,733	6,714,770
07/29/2017	0.671475	0.695380	0.582295	0.639293	113,855	7,050,490
07/28/2017	0.609508	0.702700	0.596987	0.670672	132,853	6,399,830
07/27/2017	0.656167	0.660348	0.579328	0.608510	159,583	6,889,750
07/26/2017	0.605847	0.703516	0.592025	0.656106	122,187	6,361,390
07/25/2017	0.839947	0.863821	0.593671	0.609340	201,486	8,819,440
07/24/2017	0.752918	0.844411	0.714841	0.837610	156,639	7,905,640
07/23/2017	0.804084	0.817172	0.681308	0.752984	226,401	8,442,880
07/22/2017	0.810687	0.820443	0.681117	0.808401	186,306	8,512,210
07/21/2017	0.944589	0.981069	0.739146	0.782228	310,086	9,918,190
07/20/2017	0.810787	1.70	0.752870	0.951879	448,713	8,513,260
07/19/2017	1.31	1.31	0.763499	0.812621	314,368	13,744,800
07/18/2017	3.65	3.65	0.280904	1.16	223,953	38,367,300
07/17/2017	0.736607	3.69	0.163357	2.76	44,907	7,734,380
07/16/2017	0.846423	1.56	0.610061	0.741579	10,061	8,887,440
07/15/2017	1.03	1.03	0.850124	0.850124	1,222	-
