Date	Open	High	Low	Close	Volume	Market Cap
07/15/2018	0.049905	0.051096	0.025171	0.049013	1,349	363,747
07/14/2018	0.053263	0.055300	0.047696	0.049938	26	388,220
07/13/2018	0.078922	0.079516	0.028746	0.053228	1,695	567,346
07/12/2018	0.063859	0.080815	0.063774	0.078692	311	459,063
07/11/2018	0.078884	0.080200	0.057058	0.063871	180	567,080
07/10/2018	0.082481	0.082788	0.077551	0.078882	558	592,936
07/09/2018	0.055929	0.085732	0.055762	0.082543	767	402,062
07/08/2018	0.059218	0.059384	0.055859	0.055940	6	425,705
07/07/2018	0.081904	0.082154	0.057033	0.059265	31	588,786
07/06/2018	0.066613	0.085414	0.056991	0.081946	634	478,861
07/05/2018	0.061064	0.087008	0.056831	0.066642	473	438,971
07/04/2018	0.079590	0.079842	0.057578	0.060870	285	572,154
07/03/2018	0.087429	0.089151	0.069078	0.079562	111	628,504
07/02/2018	0.067121	0.088249	0.064688	0.087385	396	482,516
07/01/2018	0.058741	0.077368	0.058061	0.067087	1,662	422,274
06/30/2018	0.058625	0.071456	0.058625	0.071222	13	421,441
06/29/2018	0.053617	0.058662	0.051283	0.058559	318	385,440
06/28/2018	0.068055	0.072428	0.053278	0.053593	382	489,226
06/27/2018	0.072231	0.088662	0.066772	0.067952	1,181	519,251
06/26/2018	0.088655	0.092095	0.072314	0.072409	1,431	637,315
06/25/2018	0.096503	0.096503	0.075095	0.088655	2,198	693,730
06/24/2018	0.097121	0.097779	0.066473	0.096897	26,614	698,180
06/23/2018	0.101666	0.104518	0.085540	0.097151	7,803	730,853
06/22/2018	0.074342	0.113784	0.056988	0.101331	16,038	534,426
06/21/2018	0.097405	0.098156	0.053248	0.074362	37,235	700,216
06/20/2018	0.098510	0.125844	0.059018	0.097457	39,903	708,161
06/19/2018	0.071373	0.167174	0.071373	0.098357	6,846	513,084
06/18/2018	0.091964	0.096558	0.069222	0.069464	266	661,104
06/17/2018	0.099444	0.101193	0.091828	0.092049	13	714,878
06/16/2018	0.061273	0.148939	0.061240	0.099455	2,995	440,474
06/15/2018	0.168855	0.207493	0.055769	0.061440	198	1,213,850
06/14/2018	0.118056	0.175890	0.096371	0.168889	1,624	848,674
06/13/2018	0.112287	0.127120	0.094990	0.117779	16,963	795,974
06/12/2018	0.122556	0.124220	0.107730	0.111843	33,585	868,769
06/11/2018	0.129826	0.132231	0.119287	0.122667	18,236	920,302
06/10/2018	0.168388	0.168388	0.122962	0.129604	340	1,193,660
06/09/2018	0.186370	0.189641	0.158137	0.168097	379	1,321,130
06/08/2018	0.153136	0.194864	0.152980	0.186321	101,692	1,085,540
06/07/2018	0.172992	0.181834	0.151969	0.152877	23,782	1,226,290
06/06/2018	0.172470	0.179590	0.168886	0.173254	27,091	1,222,590
06/05/2018	0.169638	0.198239	0.163405	0.172831	104,767	1,202,520
06/04/2018	0.139910	0.174654	0.134196	0.169679	253,279	991,783
06/03/2018	0.135503	0.149390	0.135365	0.140491	91,476	960,543
06/02/2018	0.133372	0.160798	0.119440	0.135701	199,268	945,441
06/01/2018	0.122545	0.135514	0.120864	0.133395	148,302	868,690
05/31/2018	0.122486	0.127618	0.118458	0.122281	292,091	868,273
05/30/2018	0.113877	0.132101	0.106400	0.122604	67,350	807,243
05/29/2018	0.112879	0.132186	0.112683	0.113807	81,954	800,171
05/28/2018	0.091533	0.118599	0.090936	0.113205	157,114	648,854
05/27/2018	0.093053	0.093460	0.089898	0.091486	146	659,629
05/26/2018	0.105099	0.105872	0.092658	0.092969	553	745,021
05/25/2018	0.099326	0.123417	0.097551	0.105086	11,343	704,099
05/24/2018	0.136431	0.137387	0.096113	0.099218	104,942	967,126
05/23/2018	0.116340	0.138132	0.103425	0.136838	1,157	824,700
05/22/2018	0.096940	0.129092	0.095183	0.116570	25,019	687,182
05/21/2018	0.098403	0.135169	0.090190	0.097104	4,688	697,554
05/20/2018	0.109683	0.110058	0.093090	0.098276	418	777,515
05/19/2018	0.108500	0.111466	0.095150	0.109592	67,661	769,127
05/18/2018	0.105410	0.108633	0.086879	0.108499	27,675	-
05/17/2018	0.096291	0.138582	0.082707	0.105514	12,829	-
05/16/2018	0.093496	0.096180	0.090469	0.096180	3,012	-
05/15/2018	0.097034	0.108305	0.061902	0.093455	11,228	-
05/14/2018	0.079092	0.099019	0.049028	0.097195	2,374	-
05/13/2018	0.079023	0.080112	0.073606	0.079122	288	-
05/12/2018	0.081787	0.088625	0.075758	0.079168	388	-
05/11/2018	0.079989	0.090891	0.062480	0.081941	345	-
05/10/2018	0.079187	0.096151	0.079187	0.079931	1,386	-
05/09/2018	0.081893	0.083642	0.078343	0.079167	9	-
05/08/2018	0.083444	0.085478	0.072094	0.081565	443	-
05/07/2018	0.086932	0.103044	0.077530	0.082904	3,161	-
05/06/2018	0.084011	0.096776	0.080661	0.086879	117	-
05/05/2018	0.091363	0.094391	0.076096	0.084022	1,019	-
05/04/2018	0.101037	0.126934	0.048093	0.091269	2,245	-
05/03/2018	0.103018	0.127203	0.097954	0.101362	2,798	-
05/02/2018	0.104028	0.104028	0.077699	0.103027	300	-
05/01/2018	0.100780	0.104311	0.096706	0.104268	2	-
04/30/2018	0.103809	0.105954	0.076812	0.100639	144	-
04/29/2018	0.107017	0.109102	0.100980	0.103806	155	-
04/28/2018	0.101655	0.108046	0.101033	0.107048	5	-
04/27/2018	0.093088	0.111083	0.091952	0.102533	3,503	-
04/26/2018	0.087346	0.095762	0.083269	0.092931	1,713	-
04/25/2018	0.095569	0.105690	0.080294	0.087983	1,277	-
04/24/2018	0.121031	0.129305	0.095101	0.095928	470	-
04/23/2018	0.073727	0.123922	0.073691	0.121025	1,296	-
04/22/2018	0.106053	0.114057	0.050139	0.073988	34	-
04/21/2018	0.080109	0.122860	0.076400	0.106053	1,001	-
04/20/2018	0.090531	0.092626	0.071693	0.080121	727	-
04/19/2018	0.195210	0.195210	0.049390	0.090648	6,859	-
04/18/2018	0.169594	0.210777	0.133568	0.195102	1,161	-
04/17/2018	0.155183	0.172826	0.133154	0.169036	748	-
04/16/2018	0.147716	0.229277	0.143361	0.155205	3,132	-
04/15/2018	0.195401	0.204438	0.144267	0.147526	422	-
04/14/2018	0.146527	0.197031	0.137918	0.184739	533	-
04/13/2018	0.132640	0.229435	0.126145	0.145753	4,479	-
04/12/2018	0.122310	0.185078	0.113963	0.132415	1,117	-
04/11/2018	0.148936	0.248876	0.117391	0.122908	4,255	-
04/10/2018	0.111419	0.149822	0.110610	0.148591	9,441	-
04/09/2018	0.109257	0.156135	0.105091	0.110909	9,712	-
04/08/2018	0.103032	0.109457	0.097709	0.109040	100	-
04/07/2018	0.100186	0.140453	0.100076	0.103077	1,543	-
04/06/2018	0.107694	0.135588	0.090679	0.100211	4,439	-
04/05/2018	0.109137	0.302210	0.079051	0.108116	3,558	-
04/04/2018	0.086024	0.118251	0.083891	0.109266	2,766	-
04/03/2018	0.085491	0.157531	0.083729	0.085863	4,526	-
04/02/2018	0.076216	0.095760	0.072511	0.085410	422	-
04/01/2018	0.074879	0.120706	0.071569	0.075968	507	-
03/31/2018	0.086439	0.099301	0.074232	0.074862	169	-
03/30/2018	0.131026	0.131737	0.069757	0.086495	1,514	-
03/29/2018	0.062316	0.158028	0.054358	0.131407	18,715	-
03/28/2018	0.067600	0.074349	0.062207	0.062207	57	-
03/27/2018	0.078681	0.085313	0.067431	0.067577	104	-
03/26/2018	0.088287	0.093522	0.076163	0.078730	71	-
03/25/2018	0.078400	0.098542	0.077391	0.088768	590	-
03/24/2018	0.082858	0.097618	0.071695	0.079365	157	-
03/23/2018	0.098806	0.098936	0.081096	0.082095	59	-
03/22/2018	0.066930	0.099484	0.066853	0.098819	294	-
03/21/2018	0.077050	0.084982	0.063840	0.066821	90	-
03/20/2018	0.087605	0.087819	0.060027	0.076836	35	-
03/19/2018	0.071443	0.086804	0.067631	0.086642	37	-
03/18/2018	0.096734	0.117183	0.066134	0.071736	234	-
03/17/2018	0.068691	0.158149	0.067783	0.096879	552	-
03/16/2018	0.219936	0.221594	0.068566	0.068644	92	-
03/15/2018	0.066583	0.222034	0.063811	0.220192	2,527	-
03/14/2018	0.078618	0.088347	0.065969	0.066582	182	-
03/13/2018	0.102231	0.128710	0.077511	0.078603	834	-
03/12/2018	0.107447	0.110715	0.099657	0.102447	201	-
03/11/2018	0.088620	0.108241	0.086008	0.107586	495	-
03/10/2018	0.097839	0.108336	0.088214	0.088909	414	-
03/09/2018	0.102916	0.104094	0.088716	0.097799	503	-
03/08/2018	0.098973	0.107050	0.095402	0.097241	908	-
03/07/2018	0.171713	0.174366	0.107941	0.109593	501	-
03/06/2018	0.171688	0.188741	0.139475	0.174305	3,428	-
03/05/2018	0.201924	0.228228	0.115819	0.171931	11,977	-
03/04/2018	0.165105	0.292227	0.134588	0.201940	2,797	-
03/03/2018	0.129541	0.198361	0.122470	0.165132	355	-
03/02/2018	0.157872	0.178680	0.117946	0.129664	797	-
03/01/2018	0.168417	0.170873	0.138105	0.158152	81	-
02/28/2018	0.199057	0.213492	0.168213	0.168281	607	-
02/27/2018	0.183024	0.216061	0.179812	0.198321	1,574	-
02/26/2018	0.177638	0.215012	0.169229	0.182518	702	-
02/25/2018	0.168736	0.186902	0.161317	0.177517	1,273	-
02/24/2018	0.224136	0.239566	0.165155	0.169118	1,390	-
02/23/2018	0.151000	0.245570	0.151000	0.224397	563	-
02/22/2018	0.218012	0.241952	0.148460	0.151116	2,309	-
02/21/2018	0.207804	0.283088	0.186200	0.218298	1,751	-
02/20/2018	0.372033	0.377244	0.206733	0.208063	4,849	-
02/19/2018	0.352329	0.453148	0.312823	0.371899	16,146	-
02/18/2018	0.374299	0.379662	0.348905	0.353710	288	-
02/17/2018	0.354752	0.377681	0.351823	0.376019	1,957	-
02/16/2018	0.351230	0.358063	0.334952	0.354663	1,060	-
02/15/2018	0.347485	0.372237	0.337759	0.352141	3,078	-
02/14/2018	0.401392	0.443789	0.317125	0.348624	417,621	-
02/13/2018	0.387114	0.416310	0.347810	0.401965	964,964	-
02/12/2018	0.369704	0.401126	0.361551	0.386512	311,852	-
02/11/2018	0.378921	0.386280	0.336572	0.364679	240,446	-
02/10/2018	0.355437	0.400936	0.338055	0.379429	64,475	-
02/09/2018	0.309055	0.374254	0.298208	0.355558	22,674	-
02/08/2018	0.324939	0.368937	0.277152	0.308610	60,309	-
02/07/2018	0.362972	0.378890	0.266574	0.326170	45,484	-
02/06/2018	0.304064	0.370551	0.252804	0.370551	68,201	-
02/05/2018	0.433919	0.447585	0.293118	0.303152	40,855	-
02/04/2018	0.412304	0.616731	0.397970	0.439311	27,920	-
02/03/2018	0.442389	0.498354	0.275942	0.412125	62,673	-
02/02/2018	0.542838	0.542838	0.400714	0.440423	24,805	-
02/01/2018	0.748383	0.748383	0.503367	0.546819	33,462	-
01/31/2018	0.522913	0.821840	0.497424	0.740952	40,587	-
01/30/2018	0.529689	0.586252	0.504270	0.521341	30,489	-
01/29/2018	0.598121	0.618486	0.487578	0.529455	59,187	-
01/28/2018	0.478889	0.601638	0.444457	0.598994	48,739	-
01/27/2018	0.494391	0.567238	0.169919	0.475618	44,736	-
01/26/2018	0.732787	0.791674	0.080519	0.494487	24,398	-
01/25/2018	0.723886	0.770438	0.678190	0.735345	4,662	-
01/24/2018	0.689311	0.737646	0.298585	0.721548	10,254	-
01/23/2018	0.760669	0.794408	0.212046	0.292715	7,357	-
01/22/2018	0.855723	0.883682	0.706782	0.762632	19,827	-
01/21/2018	1.05	1.05	0.684759	0.851211	12,842	-
01/20/2018	1.54	1.56	0.954035	1.05	54,138	-
01/19/2018	0.785107	1.53	0.693155	1.53	131,540	-
