Date	Open	High	Low	Close	Volume	Market Cap
07/15/2018	2.52	2.58	2.46	2.53	1,794,170	100,706,000
07/14/2018	2.57	2.58	2.39	2.52	1,885,230	102,656,000
07/13/2018	2.55	2.68	2.47	2.58	2,956,140	101,982,000
07/12/2018	2.45	2.67	2.41	2.52	5,688,320	98,064,000
07/11/2018	2.33	2.50	2.21	2.45	3,519,640	93,248,000
07/10/2018	2.71	2.75	2.32	2.34	3,523,570	108,569,000
07/09/2018	2.50	2.87	2.48	2.71	5,657,260	100,133,000
07/08/2018	2.46	2.55	2.36	2.50	2,559,280	98,520,400
07/07/2018	2.19	2.45	2.16	2.44	2,058,310	87,567,200
07/06/2018	2.21	2.25	2.09	2.19	2,212,800	88,594,800
07/05/2018	2.35	2.40	2.19	2.22	1,972,100	94,152,800
07/04/2018	2.30	2.46	2.24	2.35	1,813,970	92,125,200
07/03/2018	2.52	2.57	2.28	2.31	2,563,440	100,814,000
07/02/2018	2.16	2.57	2.16	2.52	3,813,440	86,483,600
07/01/2018	2.20	2.22	2.12	2.16	1,603,410	88,178,000
06/30/2018	1.97	2.21	1.97	2.20	1,705,610	78,939,200
06/29/2018	1.80	1.99	1.75	1.97	1,792,560	72,100,000
06/28/2018	1.99	2.01	1.80	1.80	1,428,260	79,794,400
06/27/2018	1.89	2.00	1.88	1.99	1,168,470	75,693,200
06/26/2018	2.07	2.09	1.90	1.90	1,226,850	82,655,700
06/25/2018	2.00	2.12	1.93	2.07	1,622,220	79,938,100
06/24/2018	2.20	2.20	1.81	2.01	2,326,870	88,036,500
06/23/2018	2.19	2.28	2.12	2.20	1,825,900	87,519,100
06/22/2018	2.59	2.59	2.10	2.18	2,257,590	103,569,000
06/21/2018	2.71	2.71	2.56	2.59	2,136,430	108,275,000
06/20/2018	2.82	2.83	2.62	2.70	2,078,120	112,796,000
06/19/2018	2.91	2.92	2.79	2.82	2,537,690	116,279,000
06/18/2018	2.65	3.01	2.61	2.89	3,545,150	106,023,000
06/17/2018	2.59	2.72	2.54	2.66	1,680,150	103,448,000
06/16/2018	2.58	2.61	2.48	2.58	1,576,360	103,030,000
06/15/2018	2.76	2.78	2.56	2.59	2,059,360	110,499,000
06/14/2018	2.37	2.85	2.37	2.77	3,638,830	94,701,900
06/13/2018	2.70	2.74	2.22	2.33	3,945,460	107,892,000
06/12/2018	3.21	3.28	2.64	2.69	4,397,780	128,477,000
06/11/2018	3.19	3.22	2.96	3.21	3,498,950	127,664,000
06/10/2018	3.57	3.57	3.17	3.21	4,024,870	142,781,000
06/09/2018	3.74	3.74	3.57	3.57	2,378,520	149,474,000
06/08/2018	3.80	3.84	3.65	3.74	2,266,770	152,044,000
06/07/2018	3.82	3.98	3.79	3.81	2,674,630	152,859,000
06/06/2018	3.81	3.82	3.66	3.82	2,630,700	152,222,000
06/05/2018	3.71	3.85	3.50	3.80	2,951,490	148,297,000
06/04/2018	4.04	4.13	3.69	3.71	3,723,100	161,684,000
06/03/2018	3.90	4.11	3.89	4.10	2,945,210	156,109,000
06/02/2018	3.97	4.13	3.89	3.90	3,451,200	158,745,000
06/01/2018	4.11	4.13	3.81	3.97	4,246,120	164,447,000
05/31/2018	3.87	4.26	3.74	4.11	6,829,070	154,983,000
05/30/2018	3.59	3.88	3.59	3.88	4,080,230	143,756,000
05/29/2018	3.22	3.63	3.14	3.58	3,145,690	128,771,000
05/28/2018	3.61	3.64	3.18	3.21	3,017,240	144,452,000
05/27/2018	3.71	3.81	3.59	3.61	2,650,820	148,336,000
05/26/2018	3.74	3.94	3.67	3.72	3,716,770	149,586,000
05/25/2018	3.73	3.79	3.51	3.73	3,422,410	149,015,000
05/24/2018	3.64	3.84	3.35	3.72	5,636,540	145,556,000
05/23/2018	4.13	4.17	3.50	3.65	7,116,970	165,289,000
05/22/2018	4.11	4.32	4.03	4.14	7,031,010	164,469,000
05/21/2018	4.56	4.56	3.98	4.10	9,151,070	182,314,000
05/20/2018	4.22	4.55	4.16	4.53	4,832,440	168,823,000
05/19/2018	4.30	4.38	4.20	4.22	4,065,500	171,872,000
05/18/2018	4.05	4.46	3.82	4.30	8,908,660	161,809,000
05/17/2018	4.46	4.49	3.93	4.02	7,959,070	178,438,000
05/16/2018	4.81	4.81	4.19	4.45	13,538,300	192,437,000
05/15/2018	5.15	5.30	4.81	4.83	18,437,800	206,032,000
05/14/2018	5.05	5.49	4.42	5.18	37,135,000	201,918,000
05/13/2018	4.23	5.05	4.16	5.05	13,220,800	169,249,000
05/12/2018	4.32	4.75	4.04	4.24	21,660,600	172,976,000
05/11/2018	4.15	4.48	3.75	4.34	31,378,600	165,908,000
05/10/2018	3.87	4.18	3.85	4.10	19,855,800	154,764,000
05/09/2018	3.71	3.98	3.51	3.87	18,408,300	148,212,000
05/08/2018	3.70	3.85	3.61	3.72	12,673,900	148,032,000
05/07/2018	3.78	3.80	3.54	3.70	14,587,700	151,364,000
05/06/2018	3.87	3.90	3.62	3.79	15,133,700	154,662,000
05/05/2018	3.96	4.02	3.82	3.85	15,596,500	158,550,000
05/04/2018	3.97	4.03	3.80	3.96	14,698,800	158,624,000
05/03/2018	3.99	4.10	3.96	3.97	18,408,500	159,668,000
05/02/2018	3.82	4.02	3.77	3.99	16,656,700	152,992,000
05/01/2018	3.85	3.85	3.56	3.83	17,584,800	154,087,000
04/30/2018	4.31	4.32	3.80	3.84	20,047,800	172,424,000
04/29/2018	3.88	4.35	3.60	4.30	23,983,000	155,272,000
04/28/2018	3.09	3.90	3.07	3.87	25,597,300	123,580,000
04/27/2018	3.04	3.42	3.00	3.13	17,173,500	121,726,000
04/26/2018	2.70	3.07	2.60	3.05	15,203,100	107,972,000
04/25/2018	3.25	3.25	2.63	2.67	14,232,500	130,027,000
04/24/2018	3.12	3.27	3.10	3.27	18,026,800	124,761,000
04/23/2018	2.79	3.15	2.78	3.12	17,157,600	111,660,000
04/22/2018	2.57	2.93	2.53	2.79	14,763,500	102,806,000
04/21/2018	2.71	2.71	2.46	2.57	12,304,200	108,479,000
04/20/2018	2.64	2.73	2.53	2.72	12,810,500	105,416,000
04/19/2018	2.43	2.64	2.42	2.63	12,968,300	97,204,200
04/18/2018	2.26	2.43	2.25	2.42	10,927,700	90,225,500
04/17/2018	2.28	2.34	2.23	2.25	9,592,190	91,063,900
04/16/2018	2.42	2.44	2.22	2.28	9,874,800	96,951,300
04/15/2018	2.32	2.45	2.31	2.42	9,495,830	92,654,800
04/14/2018	2.30	2.35	2.23	2.31	8,598,410	92,088,100
04/13/2018	2.40	2.44	2.28	2.32	10,424,600	96,107,500
04/12/2018	2.01	2.41	1.97	2.40	10,727,400	80,286,300
04/11/2018	1.88	2.01	1.88	2.01	7,079,970	75,077,200
04/10/2018	1.88	1.90	1.80	1.87	7,076,390	75,181,300
04/09/2018	1.98	2.06	1.81	1.89	7,724,880	79,167,600
04/08/2018	1.85	2.01	1.85	1.98	8,003,280	74,149,900
04/07/2018	1.72	1.95	1.71	1.85	8,388,750	68,669,800
04/06/2018	1.80	1.82	1.69	1.72	7,035,360	72,127,700
04/05/2018	1.84	1.87	1.74	1.82	7,593,550	73,787,200
04/04/2018	2.12	2.12	1.83	1.84	7,286,360	84,851,400
04/03/2018	2.03	2.12	2.00	2.12	9,970,510	81,190,400
04/02/2018	2.05	2.11	2.00	2.04	9,485,320	82,121,000
04/01/2018	2.22	2.25	2.00	2.04	9,604,130	88,614,800
03/31/2018	2.27	2.40	2.20	2.22	8,391,550	90,637,100
03/30/2018	2.18	2.37	2.01	2.27	10,499,100	87,338,800
03/29/2018	2.58	2.60	2.15	2.19	11,285,500	103,203,000
03/28/2018	2.51	2.68	2.50	2.58	13,024,900	100,285,000
03/27/2018	2.76	2.79	2.50	2.50	12,105,400	110,343,000
03/26/2018	2.96	3.14	2.54	2.78	12,755,900	118,393,000
03/25/2018	2.68	3.05	2.68	2.94	11,055,200	107,398,000
03/24/2018	2.70	2.94	2.70	2.73	10,027,500	108,192,000
03/23/2018	2.74	2.75	2.48	2.68	8,964,220	109,651,000
03/22/2018	2.91	2.97	2.59	2.74	10,947,300	116,236,000
03/21/2018	2.75	3.15	2.73	2.90	13,911,800	109,822,000
03/20/2018	2.66	2.87	2.39	2.72	11,374,000	62,694,800
03/19/2018	2.33	2.63	2.32	2.62	10,343,300	54,981,300
03/18/2018	2.25	2.41	1.86	2.34	9,299,880	53,061,500
03/17/2018	2.52	2.52	2.19	2.27	7,979,980	59,469,100
03/16/2018	2.55	2.63	2.35	2.52	9,890,550	60,143,300
03/15/2018	2.54	2.70	2.24	2.56	8,468,510	59,949,200
03/14/2018	3.07	3.14	2.45	2.54	5,051,770	72,242,400
03/13/2018	3.35	3.43	3.03	3.04	5,106,790	78,917,900
03/12/2018	3.44	3.60	3.18	3.37	4,977,940	81,095,800
03/11/2018	3.17	3.60	3.00	3.46	5,684,820	74,750,900
03/10/2018	3.15	3.65	3.14	3.19	7,608,590	74,267,900
03/09/2018	2.91	3.19	2.44	3.15	6,844,890	68,495,800
03/08/2018	3.65	3.65	2.77	2.94	6,830,040	85,909,200
03/07/2018	4.03	4.23	3.13	3.64	11,730,200	94,937,900
03/06/2018	3.77	4.21	3.57	4.03	17,650,400	88,832,700
03/05/2018	3.48	3.84	3.40	3.78	5,190,870	81,997,600
03/04/2018	3.52	3.59	3.28	3.49	5,355,450	83,022,200
03/03/2018	3.17	3.73	2.95	3.54	8,886,060	74,748,400
03/02/2018	2.75	3.33	2.75	3.16	6,656,630	64,751,700
03/01/2018	2.61	2.79	2.59	2.75	2,484,820	61,562,500
02/28/2018	2.87	2.91	2.60	2.60	2,311,090	67,534,900
02/27/2018	2.81	2.99	2.75	2.88	3,487,530	66,259,800
02/26/2018	2.87	2.93	2.65	2.82	4,299,190	67,649,500
02/25/2018	2.47	3.06	2.44	2.88	10,128,200	58,163,100
02/24/2018	2.58	2.64	2.38	2.47	2,157,470	60,885,100
02/23/2018	2.51	2.67	2.40	2.59	2,415,070	59,085,400
02/22/2018	2.60	2.88	2.41	2.52	3,269,020	61,159,400
02/21/2018	2.69	2.85	2.49	2.59	2,927,430	63,465,500
02/20/2018	3.30	3.30	2.69	2.71	4,074,230	77,669,400
02/19/2018	3.08	3.37	3.05	3.30	3,433,640	72,620,300
02/18/2018	3.58	3.63	3.09	3.10	4,518,260	84,440,000
02/17/2018	3.14	3.58	3.10	3.57	4,237,370	73,896,400
02/16/2018	3.12	3.28	3.01	3.12	4,816,730	73,413,900
02/15/2018	2.63	3.30	2.63	3.13	11,507,000	61,924,900
02/14/2018	2.34	2.81	2.32	2.64	2,975,080	55,037,400
02/13/2018	2.45	2.55	2.25	2.34	1,669,720	57,703,700
02/12/2018	2.32	2.52	2.32	2.44	4,310,040	54,713,800
02/11/2018	2.65	2.65	2.18	2.34	4,760,860	62,444,900
02/10/2018	3.04	3.14	2.46	2.63	4,960,410	71,571,500
02/09/2018	3.01	3.17	2.87	3.06	2,017,270	70,969,000
02/08/2018	2.71	3.12	2.71	3.03	3,771,760	63,872,300
02/07/2018	2.72	3.18	2.35	2.71	5,312,710	64,206,100
02/06/2018	2.11	2.75	1.47	2.68	5,318,410	49,769,900
02/05/2018	2.82	3.00	1.97	2.07	3,312,300	66,446,300
02/04/2018	3.47	3.59	2.71	2.85	3,142,410	81,739,100
02/03/2018	3.02	3.60	2.79	3.51	3,818,610	71,161,200
02/02/2018	3.56	3.56	2.37	3.01	4,613,780	83,930,900
02/01/2018	4.17	4.21	3.11	3.59	5,393,130	98,180,100
01/31/2018	4.01	4.35	3.87	4.15	4,611,260	94,572,100
01/30/2018	4.46	4.51	3.75	4.00	4,140,350	105,126,000
01/29/2018	4.80	4.86	4.41	4.47	3,955,740	113,051,000
01/28/2018	4.81	5.08	4.65	4.84	4,300,920	113,444,000
01/27/2018	4.77	5.03	4.54	4.78	3,830,670	112,365,000
01/26/2018	4.50	4.87	4.04	4.77	4,711,070	106,109,000
01/25/2018	4.62	4.95	4.48	4.51	4,299,540	108,926,000
01/24/2018	4.37	4.66	4.25	4.54	3,466,810	103,073,000
01/23/2018	4.21	4.77	3.88	4.36	3,943,520	99,209,700
01/22/2018	4.56	4.96	4.00	4.25	4,911,670	107,383,000
01/21/2018	5.35	5.35	4.24	4.51	4,042,010	125,956,000
01/20/2018	5.12	5.57	5.00	5.34	6,837,520	120,579,000
01/19/2018	5.44	5.82	4.99	5.07	6,858,540	128,113,000
01/18/2018	4.56	6.34	4.32	5.45	12,825,800	107,432,000
01/17/2018	3.92	4.89	2.90	4.52	9,556,240	92,397,900
01/16/2018	5.15	5.15	3.03	3.99	10,236,600	121,242,000
01/15/2018	5.91	6.44	5.07	5.11	9,471,440	139,205,000
01/14/2018	6.03	7.28	5.25	5.78	19,780,000	142,038,000
01/13/2018	6.70	6.87	5.95	6.01	10,497,300	157,940,000
01/12/2018	7.00	7.13	6.29	6.69	14,423,600	165,023,000
01/11/2018	8.21	8.40	6.49	6.97	18,635,700	193,500,000
01/10/2018	7.62	8.54	7.04	8.23	23,532,600	179,567,000
01/09/2018	6.97	8.25	6.56	7.59	21,911,400	164,263,000
01/08/2018	7.13	8.11	5.28	6.96	27,591,400	168,068,000
01/07/2018	6.02	7.36	5.70	7.16	33,066,000	141,754,000
01/06/2018	5.24	6.37	4.34	5.99	26,874,500	123,572,000
01/05/2018	4.49	5.33	3.51	5.27	26,935,500	105,692,000
01/04/2018	3.55	4.59	3.29	4.52	31,874,900	83,568,300
01/03/2018	2.30	3.79	2.07	3.56	18,564,100	54,165,700
01/02/2018	2.16	2.49	2.15	2.34	7,074,850	50,959,000
01/01/2018	2.25	2.38	1.96	2.18	6,226,810	53,130,700
12/31/2017	2.20	2.40	1.96	2.34	6,522,190	51,749,200
12/30/2017	2.15	2.32	1.70	2.08	6,224,630	50,636,300
12/29/2017	2.11	2.50	2.06	2.21	7,731,480	49,708,900
12/28/2017	2.09	2.22	1.74	2.10	7,212,260	49,268,400
12/27/2017	1.71	2.37	1.64	2.08	9,956,730	40,261,200
12/26/2017	1.78	1.90	1.60	1.72	5,869,280	41,882,200
12/25/2017	1.97	2.12	1.68	1.80	6,184,170	46,389,900
12/24/2017	1.65	2.07	1.38	1.96	13,993,800	38,856,100
12/23/2017	0.915395	2.03	0.899076	1.64	18,410,900	21,571,200
12/22/2017	1.13	1.14	0.743385	0.920280	4,089,970	26,728,600
12/21/2017	1.01	1.17	1.00	1.13	75,465,000	23,786,100
12/20/2017	1.14	1.14	0.974359	1.01	459,809,000	26,973,300
12/19/2017	1.23	1.34	1.10	1.14	61,563,400	-
12/18/2017	1.14	1.27	1.03	1.24	13,223,500	-
12/17/2017	1.10	1.20	1.05	1.13	43,891,200	-
12/16/2017	0.985912	1.12	0.973596	1.10	75,421,500	-
12/15/2017	1.02	1.05	0.893573	0.995082	44,966,900	-
12/14/2017	0.875653	1.13	0.827503	1.02	21,419,800	-
12/13/2017	0.793670	0.950585	0.759173	0.911195	3,181,330	-
12/12/2017	0.867258	0.923186	0.749934	0.796081	2,271,050	-
12/11/2017	0.781177	1.06	0.756222	0.883736	2,124,910	-
12/10/2017	0.887820	0.895880	0.726184	0.767329	2,043,310	-
12/09/2017	0.874562	0.982781	0.774391	0.851667	2,960,880	-
12/08/2017	0.860849	1.02	0.712996	0.864435	3,155,930	-
12/07/2017	0.980746	1.29	0.800961	0.902773	6,617,360	-
12/06/2017	0.728063	1.00	0.712779	0.968369	4,176,740	-
12/05/2017	0.769036	0.928577	0.698642	0.723617	3,531,950	-
12/04/2017	0.551567	0.793635	0.499546	0.763345	3,120,470	-
12/03/2017	0.495117	0.586868	0.485306	0.548473	991,724	-
12/02/2017	0.543986	0.543986	0.478639	0.491734	589,530	-
12/01/2017	0.511773	0.544206	0.464346	0.530721	920,101	-
11/30/2017	0.498050	0.512899	0.415339	0.512899	1,269,870	-
11/29/2017	0.593575	0.611806	0.448098	0.483502	1,319,140	-
11/28/2017	0.619581	0.664740	0.563186	0.588503	1,545,010	-
11/27/2017	0.668319	0.712619	0.607591	0.614537	2,078,110	-
11/26/2017	0.614588	0.700066	0.600691	0.675202	2,216,150	-
11/25/2017	0.599747	0.645173	0.580389	0.608633	2,187,220	-
11/24/2017	0.578852	0.635831	0.513253	0.589494	2,642,030	-
11/23/2017	0.697416	0.697416	0.568330	0.574498	2,294,320	-
11/22/2017	0.742628	0.749194	0.603306	0.678658	3,320,740	-
11/21/2017	0.849282	0.849282	0.716632	0.741822	4,216,300	-
11/20/2017	0.832272	0.926106	0.808810	0.862408	70,420,700	-
11/19/2017	0.759889	0.940992	0.733613	0.847398	45,826,200	-
11/18/2017	0.661671	0.792759	0.660023	0.764769	30,353,600	-
11/17/2017	0.784440	0.784440	0.657398	0.666624	5,407,500	-
11/16/2017	0.767628	0.824993	0.728745	0.789569	3,618,180	-
11/15/2017	0.794574	0.882761	0.713185	0.735744	3,045,360	-
11/14/2017	1.04	1.06	0.791844	0.807821	4,432,070	-
11/13/2017	0.574201	1.05	0.554979	1.05	7,497,080	-
11/12/2017	0.717353	0.737721	0.519787	0.545519	2,179,930	-
11/11/2017	0.618857	0.799266	0.571730	0.708030	3,340,790	-
11/10/2017	0.923467	0.940390	0.588090	0.615093	3,385,290	-
11/09/2017	0.608016	1.22	0.543419	0.911958	15,906,600	-
11/08/2017	0.177761	0.633672	0.176942	0.633672	4,441,610	-
11/07/2017	0.180655	0.184784	0.173171	0.179749	294,062	-
11/06/2017	0.166720	0.188537	0.149416	0.180945	39,259	-
11/05/2017	0.143110	0.170494	0.141692	0.166351	2,277	-
11/04/2017	0.163262	0.169193	0.137770	0.143381	7,694	-
11/03/2017	0.154091	0.171727	0.149072	0.163688	9,594	-
11/02/2017	0.134572	0.155647	0.130524	0.154293	6,099	-
11/01/2017	0.119213	0.171347	0.117844	0.134422	42,802	-
10/31/2017	0.125007	0.128170	0.110596	0.119300	5,627	-
10/30/2017	0.117597	0.128355	0.106399	0.125433	5,658	-
10/29/2017	0.095885	0.120759	0.095688	0.118284	11,374	-
10/28/2017	0.102416	0.104318	0.094801	0.096017	1,091	-
10/27/2017	0.100664	0.105535	0.095235	0.102137	29,940	-
10/26/2017	0.102072	0.105386	0.095609	0.100641	38,119	-
10/25/2017	0.098379	0.103070	0.098378	0.102084	26,708	-
