Date	Open	High	Low	Close	Volume	Market Cap
07/15/2018	0.009028	0.009033	0.008364	0.008674	3	419,819
07/14/2018	0.009058	0.009153	0.008045	0.009039	101	421,201
07/13/2018	0.009072	0.009380	0.008428	0.009059	928	421,861
07/12/2018	0.009236	0.010929	0.008595	0.009043	163	429,473
07/11/2018	0.008431	0.010687	0.008343	0.009226	7	392,022
07/10/2018	0.009268	0.010111	0.008215	0.008438	1,086	430,969
07/09/2018	0.010929	0.011075	0.009189	0.009254	369	508,185
07/08/2018	0.009456	0.011167	0.009331	0.011037	1,358	439,704
07/07/2018	0.009900	0.010638	0.009113	0.009483	339	460,365
07/06/2018	0.009478	0.011097	0.009097	0.009970	709	440,730
07/05/2018	0.010648	0.011410	0.009381	0.009403	661	495,123
07/04/2018	0.012802	0.012816	0.008840	0.010703	4,410	595,312
07/03/2018	0.009144	0.014499	0.009034	0.012779	4,205	425,196
07/02/2018	0.009743	0.012014	0.009054	0.009132	120	453,072
07/01/2018	0.009744	0.011847	0.009374	0.009753	1,054	453,075
06/30/2018	0.009649	0.010873	0.008932	0.009699	58	448,671
06/29/2018	0.009447	0.010083	0.008096	0.009679	1,696	439,283
06/28/2018	0.009601	0.010912	0.008741	0.009464	2,860	446,439
06/27/2018	0.008718	0.011264	0.005803	0.009581	7,120	405,377
06/26/2018	0.009301	0.011176	0.007389	0.008715	4,924	432,480
06/25/2018	0.009016	0.010725	0.008916	0.009301	163	419,234
06/24/2018	0.009251	0.009932	0.008309	0.009041	114	430,189
06/23/2018	0.010232	0.010436	0.009194	0.009253	0	475,779
06/22/2018	0.011519	0.013422	0.009981	0.010207	1,831	535,626
06/21/2018	0.010615	0.013069	0.008228	0.011527	947	493,604
06/20/2018	0.010657	0.011707	0.010127	0.010644	131	495,547
06/19/2018	0.011334	0.011664	0.009700	0.010688	349	527,028
06/18/2018	0.011095	0.012204	0.007188	0.011323	164	515,909
06/17/2018	0.011581	0.011789	0.007378	0.011108	1,862	538,533
06/16/2018	0.011440	0.012519	0.011214	0.011579	226	531,938
06/15/2018	0.012623	0.013812	0.011345	0.011383	177	586,949
06/14/2018	0.011424	0.013890	0.011229	0.012544	230	531,209
06/13/2018	0.012276	0.013148	0.010441	0.011296	490	570,822
06/12/2018	0.010944	0.013128	0.010513	0.012226	629	508,874
06/11/2018	0.011909	0.013676	0.010382	0.010880	862	553,791
06/10/2018	0.016116	0.016116	0.011747	0.011943	613	749,391
06/09/2018	0.018734	0.018734	0.014940	0.016288	394	871,115
06/08/2018	0.012127	0.020425	0.012127	0.020254	4,764	563,893
06/07/2018	0.013371	0.014423	0.011983	0.012138	1,923	621,736
06/06/2018	0.013952	0.015626	0.011462	0.013386	1,682	648,754
06/05/2018	0.014385	0.016326	0.013296	0.013956	672	668,906
06/04/2018	0.014264	0.014609	0.013237	0.014377	3,896	663,281
06/03/2018	0.015739	0.016855	0.014062	0.014266	1,364	731,855
06/02/2018	0.014922	0.016488	0.014657	0.015807	241	693,868
06/01/2018	0.015984	0.016403	0.014834	0.014943	1,180	743,271
05/31/2018	0.017245	0.018066	0.015878	0.015996	33	801,909
05/30/2018	0.016323	0.018080	0.015583	0.017224	233	758,996
05/29/2018	0.014751	0.016878	0.014422	0.016182	1,950	685,925
05/28/2018	0.015622	0.016270	0.014603	0.014646	3,719	726,443
05/27/2018	0.014892	0.016036	0.014637	0.015637	243	692,479
05/26/2018	0.015323	0.017715	0.014830	0.014841	581	712,518
05/25/2018	0.016432	0.016488	0.015061	0.015269	105	764,110
05/24/2018	0.015845	0.017193	0.014977	0.016448	452	736,784
05/23/2018	0.019542	0.019666	0.015915	0.015932	770	908,683
05/22/2018	0.020214	0.022291	0.017119	0.019473	2,344	939,950
05/21/2018	0.022997	0.024116	0.020108	0.020209	273	1,069,350
05/20/2018	0.022813	0.025603	0.022279	0.022882	2,812	1,060,810
05/19/2018	0.022954	0.024098	0.021888	0.022845	1,672	1,067,350
05/18/2018	0.021664	0.024542	0.021131	0.022976	705	1,007,400
05/17/2018	0.027709	0.029962	0.021470	0.021526	399	1,288,450
05/16/2018	0.024264	0.030746	0.020584	0.027738	5,976	1,128,250
05/15/2018	0.020452	0.026617	0.020123	0.024291	2,221	951,019
05/14/2018	0.027713	0.030858	0.015435	0.020434	9,754	1,288,640
05/13/2018	0.030218	0.031497	0.025549	0.027678	892	1,405,160
05/12/2018	0.030474	0.032352	0.024347	0.030079	3,647	1,417,050
05/11/2018	0.032557	0.032557	0.027563	0.030687	14	1,513,880
05/10/2018	0.032515	0.033530	0.030382	0.032626	857	1,511,970
05/09/2018	0.032521	0.032612	0.028429	0.032434	947	1,512,230
05/08/2018	0.034399	0.035213	0.029471	0.032768	1,204	1,599,570
05/07/2018	0.033206	0.035057	0.031516	0.034339	1,979	1,544,060
05/06/2018	0.034361	0.034572	0.032400	0.033218	487	1,597,780
05/05/2018	0.037354	0.038310	0.033826	0.034325	692	1,736,980
05/04/2018	0.036538	0.040710	0.035749	0.037314	926	1,699,030
05/03/2018	0.033023	0.041436	0.032038	0.036638	596	1,535,580
05/02/2018	0.034923	0.038968	0.031560	0.032935	6,307	1,623,910
05/01/2018	0.037729	0.037897	0.032378	0.034867	1,287	1,754,420
04/30/2018	0.039146	0.040501	0.034361	0.037783	1,498	1,820,280
04/29/2018	0.032934	0.043018	0.032934	0.039248	6,943	1,531,460
04/28/2018	0.035487	0.038322	0.028998	0.033226	12,885	1,650,150
04/27/2018	0.035280	0.036885	0.031286	0.035653	7,382	1,640,540
04/26/2018	0.029667	0.036084	0.027230	0.036068	3,599	1,379,540
04/25/2018	0.030602	0.035103	0.026787	0.029638	719	1,422,990
04/24/2018	0.036963	0.040719	0.029204	0.030449	13,117	1,718,780
04/23/2018	0.037919	0.038365	0.028731	0.037031	25,435	1,763,220
04/22/2018	0.037937	0.059348	0.029974	0.037953	5,384	1,764,070
04/21/2018	0.036268	0.062237	0.028661	0.037911	42,706	1,686,460
04/20/2018	0.035310	0.041029	0.034713	0.036217	5,219	1,641,910
04/19/2018	0.039197	0.041609	0.035234	0.035236	5,061	1,822,650
04/18/2018	0.032380	0.039220	0.031328	0.039183	2,162	1,505,680
04/17/2018	0.034754	0.035319	0.030160	0.032383	979	1,616,050
04/16/2018	0.035845	0.036143	0.033486	0.034785	1,334	1,666,810
04/15/2018	0.033878	0.036753	0.033878	0.035827	1,154	1,575,320
04/14/2018	0.035476	0.040656	0.032173	0.033939	6,535	1,649,620
04/13/2018	0.037917	0.041121	0.031424	0.035738	14,430	1,763,130
04/12/2018	0.029277	0.048643	0.028407	0.037876	21,356	1,361,390
04/11/2018	0.025721	0.029207	0.025682	0.029207	400	1,196,020
04/10/2018	0.026221	0.027631	0.025542	0.025706	2,238	1,219,280
04/09/2018	0.026888	0.028557	0.024637	0.026126	328	1,250,270
04/08/2018	0.025713	0.027724	0.025586	0.026843	1,103	1,195,630
04/07/2018	0.024177	0.027191	0.024154	0.025694	417	1,124,210
04/06/2018	0.026585	0.026666	0.021774	0.024182	44	1,236,220
04/05/2018	0.028953	0.029574	0.024536	0.026581	2,429	1,346,330
04/04/2018	0.033178	0.033509	0.026179	0.028976	2,418	1,542,770
04/03/2018	0.026554	0.033957	0.025945	0.033175	2,084	1,234,780
04/02/2018	0.025601	0.028890	0.025568	0.026517	1,865	1,190,430
04/01/2018	0.027344	0.027643	0.024379	0.025678	722	1,271,490
03/31/2018	0.028540	0.029744	0.026608	0.027290	983	1,327,130
03/30/2018	0.029445	0.030242	0.026500	0.028633	2,151	1,369,210
03/29/2018	0.031794	0.032893	0.028732	0.029359	3,964	1,478,440
03/28/2018	0.031013	0.033660	0.030897	0.031810	1,119	1,442,120
03/27/2018	0.035068	0.035068	0.030981	0.030981	573	1,630,670
03/26/2018	0.037917	0.038180	0.031715	0.035099	826	1,763,120
03/25/2018	0.039483	0.039483	0.035117	0.037944	96	1,835,960
03/24/2018	0.036380	0.041094	0.035532	0.039693	820	1,691,650
03/23/2018	0.035866	0.037589	0.031831	0.036227	5,995	1,667,750
03/22/2018	0.035034	0.038029	0.031600	0.035804	8,061	1,629,070
03/21/2018	0.038747	0.043717	0.034744	0.035005	5,847	1,801,720
03/20/2018	0.043127	0.043582	0.036939	0.038685	10,191	2,005,410
03/19/2018	0.039676	0.043703	0.036125	0.042884	7,135	1,844,950
03/18/2018	0.036846	0.039816	0.030765	0.039568	9,364	1,713,330
03/17/2018	0.035650	0.038724	0.033246	0.036908	1,180	1,657,700
03/16/2018	0.039663	0.044485	0.035647	0.035647	1,730	1,844,320
03/15/2018	0.038386	0.044023	0.035709	0.039727	3,022	1,784,940
03/14/2018	0.048673	0.049627	0.037174	0.038365	2,749	2,263,280
03/13/2018	0.043293	0.051179	0.042876	0.048660	2,488	2,013,110
03/12/2018	0.050531	0.053770	0.042081	0.043335	5,936	2,349,680
03/11/2018	0.051747	0.053576	0.046947	0.052400	2,747	2,406,250
03/10/2018	0.056035	0.057496	0.049785	0.051958	4,944	2,605,610
03/09/2018	0.052105	0.056689	0.046757	0.056148	10,051	2,422,880
03/08/2018	0.062667	0.064779	0.051890	0.052237	5,648	2,914,030
03/07/2018	0.062001	0.066521	0.056236	0.062646	12,048	2,883,030
03/06/2018	0.067221	0.068442	0.060187	0.061911	7,616	3,125,790
03/05/2018	0.067975	0.069916	0.065097	0.067384	3,873	3,160,830
03/04/2018	0.068343	0.073376	0.062251	0.067808	3,691	3,177,950
03/03/2018	0.064164	0.067138	0.063821	0.066869	678	2,983,650
03/02/2018	0.062516	0.065845	0.060592	0.063989	3,528	2,906,990
03/01/2018	0.058515	0.065069	0.057737	0.062589	5,295	2,720,950
02/28/2018	0.067103	0.067587	0.058456	0.058485	3,237	3,120,290
02/27/2018	0.060688	0.068486	0.059919	0.067249	9,574	2,822,010
02/26/2018	0.061499	0.066475	0.058130	0.060757	4,252	2,859,720
02/25/2018	0.055925	0.062021	0.054885	0.061746	5,070	2,600,510
02/24/2018	0.060469	0.065496	0.054825	0.055959	7,437	2,811,830
02/23/2018	0.057324	0.060698	0.056195	0.060593	1,923	2,665,580
02/22/2018	0.066295	0.067772	0.056980	0.057592	7,089	3,082,710
02/21/2018	0.068870	0.072589	0.061975	0.066430	1,691	3,202,440
02/20/2018	0.082338	0.082359	0.068247	0.068674	26,181	3,828,730
02/19/2018	0.078977	0.083678	0.073852	0.082276	4,264	3,672,410
02/18/2018	0.081008	0.083651	0.068442	0.079343	10,507	3,766,860
02/17/2018	0.072126	0.083162	0.070875	0.080950	3,729	3,353,850
02/16/2018	0.087163	0.090502	0.068995	0.071799	6,765	4,053,090
02/15/2018	0.071446	0.086548	0.065974	0.086121	16,816	3,322,250
02/14/2018	0.060414	0.071553	0.060227	0.071553	3,860	2,809,270
02/13/2018	0.058122	0.067126	0.055949	0.060513	1,269	2,702,690
02/12/2018	0.057248	0.068946	0.056563	0.058160	11,668	2,662,020
02/11/2018	0.069712	0.069712	0.055838	0.057433	5,959	3,241,610
02/10/2018	0.068204	0.077185	0.063837	0.069785	10,188	3,171,470
02/09/2018	0.066242	0.072497	0.059699	0.068285	2,921	3,080,250
02/08/2018	0.059469	0.072486	0.053687	0.066259	11,569	2,765,300
02/07/2018	0.076495	0.077089	0.052074	0.057441	6,261	3,557,020
02/06/2018	0.057586	0.078892	0.042437	0.076670	8,760	2,677,740
02/05/2018	0.067884	0.076665	0.049785	0.057539	15,158	3,156,600
02/04/2018	0.064357	0.072692	0.054280	0.068217	49,431	2,992,590
02/03/2018	0.056571	0.071127	0.052427	0.063719	11,750	2,630,550
02/02/2018	0.057525	0.061075	0.046782	0.056426	14,146	2,674,920
02/01/2018	0.067619	0.068863	0.054232	0.057852	2,733	3,144,270
01/31/2018	0.061031	0.070509	0.055603	0.067579	29,065	2,837,940
01/30/2018	0.068670	0.069134	0.060372	0.060906	1,662	3,193,170
01/29/2018	0.076519	0.077376	0.065378	0.068551	13,679	3,558,130
01/28/2018	0.078103	0.081093	0.072036	0.076795	9,401	3,631,780
01/27/2018	0.076481	0.080481	0.073108	0.077839	3,585	3,556,380
01/26/2018	0.073680	0.077912	0.069090	0.076470	4,014	3,426,110
01/25/2018	0.072021	0.079708	0.069732	0.073459	5,045	3,348,970
01/24/2018	0.068835	0.080966	0.066734	0.071841	14,498	3,200,840
01/23/2018	0.068650	0.074155	0.064243	0.068777	6,525	3,192,220
01/22/2018	0.071678	0.074630	0.062324	0.068640	5,588	3,333,030
01/21/2018	0.081933	0.082529	0.069796	0.072332	3,723	3,809,860
01/20/2018	0.077785	0.092557	0.077431	0.081822	34,534	3,616,990
01/19/2018	0.072204	0.080415	0.064165	0.077024	24,416	3,357,500
01/18/2018	0.078064	0.086772	0.066085	0.072275	16,995	3,629,970
01/17/2018	0.070808	0.079784	0.056332	0.078009	12,017	3,292,580
01/16/2018	0.089282	0.090017	0.062634	0.071000	8,970	4,151,630
01/15/2018	0.093388	0.095707	0.086360	0.089140	20,819	4,342,570
01/14/2018	0.101048	0.102340	0.081012	0.093688	38,579	4,698,720
01/13/2018	0.099286	0.102926	0.095866	0.100994	24,275	4,616,790
01/12/2018	0.095154	0.100443	0.092691	0.099520	15,253	4,424,640
01/11/2018	0.116781	0.116781	0.090045	0.094598	6,326	5,430,310
01/10/2018	0.120465	0.120841	0.095750	0.114770	83,641	5,601,610
01/09/2018	0.118006	0.128269	0.111397	0.120257	26,721	5,487,270
01/08/2018	0.120531	0.126625	0.104285	0.117697	36,585	5,604,690
01/07/2018	0.111046	0.126701	0.107087	0.120623	39,844	5,163,640
01/06/2018	0.105226	0.119236	0.099502	0.111546	19,761	4,893,000
01/05/2018	0.108709	0.117775	0.098530	0.104833	53,419	5,054,970
01/04/2018	0.107407	0.111920	0.097757	0.109563	42,060	4,994,450
01/03/2018	0.110832	0.119354	0.100910	0.106997	16,254	5,153,670
01/02/2018	0.097083	0.114875	0.095056	0.110845	46,777	4,514,350
01/01/2018	0.095912	0.117126	0.090989	0.097129	36,742	4,459,920
12/31/2017	0.092090	0.100447	0.089848	0.095843	17,024	4,282,200
12/30/2017	0.106451	0.108541	0.086662	0.092548	7,635	4,949,990
12/29/2017	0.096637	0.107857	0.096208	0.106129	32,147	4,493,600
12/28/2017	0.107157	0.110752	0.093244	0.095802	8,986	4,982,820
12/27/2017	0.111663	0.113883	0.101878	0.107254	35,429	5,192,330
12/26/2017	0.111368	0.142774	0.086034	0.111459	86,955	5,178,600
12/25/2017	0.118144	0.127327	0.111541	0.111541	10,349	5,493,700
12/24/2017	0.122166	0.131592	0.104650	0.117447	52,869	5,680,700
12/23/2017	0.115729	0.140250	0.111093	0.121922	23,278	5,381,400
12/22/2017	0.115217	0.126842	0.083975	0.114416	28,935	5,357,580
12/21/2017	0.121042	0.152565	0.106466	0.114870	61,429	5,628,470
12/20/2017	0.107496	0.131649	0.092772	0.121032	84,304	4,998,550
12/19/2017	0.114539	0.131222	0.107198	0.107710	19,953	5,326,050
12/18/2017	0.091681	0.115529	0.091681	0.114221	52,615	4,263,160
12/17/2017	0.119845	0.122815	0.091541	0.091541	41,943	5,572,790
12/16/2017	0.120317	0.123174	0.087336	0.119856	41,288	5,594,730
12/15/2017	0.115865	0.123158	0.098852	0.110751	22,283	5,387,740
12/14/2017	0.111645	0.125253	0.108145	0.116044	27,658	5,191,500
12/13/2017	0.122087	0.136085	0.109676	0.111326	39,130	5,677,070
12/12/2017	0.116463	0.138329	0.114109	0.122339	105,165	5,415,540
12/11/2017	0.100245	0.123552	0.100245	0.116477	31,893	4,661,380
12/10/2017	0.095264	0.109292	0.085445	0.100674	18,750	4,429,770
12/09/2017	0.105721	0.112095	0.086242	0.098491	25,327	4,916,050
12/08/2017	0.112056	0.117036	0.084575	0.105964	54,317	5,210,590
12/07/2017	0.098092	0.111955	0.088258	0.111955	89,154	4,561,290
12/06/2017	0.090960	0.097996	0.077077	0.097996	48,638	4,229,630
12/05/2017	0.059804	0.091948	0.059282	0.090577	34,957	2,780,870
12/04/2017	0.080121	0.086259	0.057246	0.064125	39,708	3,725,630
12/03/2017	0.075136	0.090966	0.068237	0.080286	23,147	3,493,830
12/02/2017	0.074605	0.080749	0.070993	0.075072	3,729	3,469,150
12/01/2017	0.056007	0.073974	0.054203	0.072692	11,198	2,604,310
11/30/2017	0.062046	0.062592	0.049249	0.056249	3,640	2,885,150
11/29/2017	0.073608	0.076010	0.057373	0.062181	36,817	3,422,750
11/28/2017	0.069251	0.075684	0.063500	0.075684	24,949	3,220,180
11/27/2017	0.064517	0.070061	0.056762	0.069168	11,061	3,000,030
11/26/2017	0.064826	0.067064	0.061354	0.064335	5,498	3,014,410
11/25/2017	0.061696	0.064793	0.052772	0.064753	27,496	2,868,840
11/24/2017	0.064988	0.065694	0.057327	0.061732	9,095	3,021,960
11/23/2017	0.063637	0.068250	0.058762	0.064924	28,869	2,959,130
11/22/2017	0.054306	0.070994	0.054113	0.063738	27,777	2,525,220
11/21/2017	0.059225	0.062729	0.051729	0.054013	9,448	2,753,970
11/20/2017	0.065029	0.075512	0.056899	0.059238	29,683	3,023,840
11/19/2017	0.057408	0.076902	0.054472	0.065122	65,336	2,669,480
11/18/2017	0.046951	0.061489	0.045547	0.057484	27,773	2,183,230
11/17/2017	0.046350	0.050163	0.045833	0.046923	3,385	2,155,290
11/16/2017	0.049399	0.052723	0.045687	0.046521	14,212	2,297,070
11/15/2017	0.041157	0.055187	0.039790	0.049319	27,900	1,913,790
11/14/2017	0.033989	0.042800	0.030975	0.041129	55,139	1,580,470
11/13/2017	0.031123	0.037717	0.031123	0.034118	12,226	1,447,240
11/12/2017	0.033762	0.034787	0.029466	0.031048	8,959	1,569,920
11/11/2017	0.035968	0.037016	0.032460	0.033737	11,089	1,672,520
11/10/2017	0.041327	0.044453	0.034948	0.036043	12,499	1,921,690
11/09/2017	0.039465	0.048763	0.036446	0.040945	27,763	1,835,100
11/08/2017	0.034522	0.042158	0.033119	0.039542	13,665	1,605,270
11/07/2017	0.031352	0.034678	0.031304	0.034665	3,425	1,457,870
11/06/2017	0.032564	0.033192	0.029141	0.031413	5,095	1,514,200
11/05/2017	0.034380	0.034381	0.029589	0.033447	12,074	1,598,660
11/04/2017	0.034864	0.036341	0.030264	0.034454	3,773	1,621,160
11/03/2017	0.031751	0.037409	0.029410	0.035039	9,395	1,476,400
11/02/2017	0.028238	0.034999	0.023798	0.031336	10,840	1,313,050
11/01/2017	0.030961	0.030961	0.025818	0.028703	6,949	1,439,690
10/31/2017	0.040618	0.040685	0.028610	0.030962	26,849	1,888,750
10/30/2017	0.033641	0.040672	0.032317	0.040672	57,986	1,564,320
10/29/2017	0.030809	0.037629	0.030777	0.033785	59,562	1,432,630
10/28/2017	0.035656	0.037573	0.030921	0.030921	44,256	1,658,020
10/27/2017	0.035228	0.039372	0.034299	0.035584	33,752	1,638,090
10/26/2017	0.037088	0.038194	0.034133	0.035319	16,138	1,724,600
10/25/2017	0.036265	0.037919	0.033543	0.037299	7,282	1,686,350
10/24/2017	0.033580	0.040716	0.032808	0.036139	12,185	1,561,460
10/23/2017	0.035798	0.038650	0.032293	0.033347	10,101	1,664,620
10/22/2017	0.034888	0.036403	0.032063	0.035853	11,124	1,622,300
10/21/2017	0.034530	0.037225	0.033170	0.034913	9,855	1,605,660
10/20/2017	0.039078	0.040459	0.034478	0.034685	11,013	1,817,140
10/19/2017	0.040950	0.041251	0.037363	0.039130	15,503	1,904,180
10/18/2017	0.041177	0.044680	0.039372	0.041017	7,855	1,914,740
10/17/2017	0.036524	0.041280	0.034868	0.041146	9,778	1,698,370
10/16/2017	0.042981	0.043949	0.035786	0.036683	12,885	1,998,640
10/15/2017	0.040944	0.044334	0.037169	0.043013	7,736	1,903,880
10/14/2017	0.033069	0.043172	0.032967	0.040927	12,769	1,537,710
10/13/2017	0.036725	0.038941	0.032775	0.033103	12,754	1,707,710
10/12/2017	0.049845	0.049853	0.030911	0.036899	27,423	2,317,810
10/11/2017	0.044135	0.054860	0.043019	0.049829	19,438	2,052,280
10/10/2017	0.040619	0.052030	0.038264	0.044075	11,288	1,888,790
10/09/2017	0.042315	0.054197	0.038774	0.040686	16,945	1,967,660
10/08/2017	0.058052	0.058850	0.040050	0.041895	48,830	2,699,410
10/07/2017	0.052730	0.058218	0.051680	0.058173	4,820	2,451,920
10/06/2017	0.056338	0.060690	0.050586	0.052747	13,535	2,619,700
10/05/2017	0.054779	0.057010	0.044139	0.056406	17,769	2,547,220
10/04/2017	0.054189	0.060728	0.048352	0.054768	4,692	2,519,810
10/03/2017	0.058552	0.062099	0.044264	0.054112	51,273	2,722,660
10/02/2017	0.065462	0.066967	0.048027	0.058646	45,708	3,043,970
10/01/2017	0.072171	0.074772	0.054316	0.065492	68,467	3,355,940
09/30/2017	0.069576	0.075755	0.065706	0.072125	14,938	3,235,270
09/29/2017	0.065707	0.071270	0.062836	0.069571	10,851	3,055,380
09/28/2017	0.071788	0.073787	0.061608	0.065735	44,772	3,338,130
09/27/2017	0.073304	0.081347	0.068131	0.071862	53,253	3,408,650
09/26/2017	0.073226	0.080356	0.070582	0.073301	47,469	3,405,000
09/25/2017	0.069954	0.077259	0.065509	0.073225	33,835	3,252,850
09/24/2017	0.064189	0.070165	0.058329	0.069888	21,909	2,984,800
09/23/2017	0.063063	0.067921	0.057919	0.064265	56,602	2,932,420
09/22/2017	0.079427	0.082078	0.056006	0.063160	126,230	3,693,340
09/21/2017	0.082869	0.091088	0.065814	0.079436	131,473	2,071,730
09/20/2017	0.078472	0.096281	0.061731	0.082969	250,462	1,961,790
09/19/2017	0.074969	0.085535	0.042827	0.079070	310,742	1,874,220
09/18/2017	0.037440	0.078234	0.032915	0.077834	140,627	936,011
09/17/2017	0.024669	0.045220	0.020385	0.037617	67,650	616,715
09/16/2017	0.019674	0.024665	0.016843	0.024665	12,908	491,854
09/15/2017	0.015895	0.020821	0.012885	0.019546	5,639	397,376
09/14/2017	0.017434	0.021619	0.013363	0.015932	15,155	435,862
09/13/2017	0.014235	0.022694	0.011891	0.017436	29,066	355,887
