Date	Open	High	Low	Close	Volume	Market Cap
07/15/2018	0.050249	0.066387	0.050082	0.061794	3,982	1,013,410
07/14/2018	0.060748	0.064934	0.050262	0.050262	3,952	1,225,130
07/13/2018	0.068233	0.071486	0.059996	0.060917	89,149	1,376,100
07/12/2018	0.084596	0.087176	0.044953	0.068165	93,351	1,706,100
07/11/2018	0.077417	0.091498	0.077417	0.084615	98,747	1,561,310
07/10/2018	0.099909	0.102694	0.077384	0.077414	97,163	2,014,800
07/09/2018	0.089763	0.118880	0.087587	0.099979	121,650	1,810,200
07/08/2018	0.094586	0.094776	0.072073	0.089782	10,507	1,907,460
07/07/2018	0.093904	0.095006	0.090108	0.094692	15,236	1,893,710
07/06/2018	0.084707	0.097621	0.074834	0.094063	107,990	1,708,240
07/05/2018	0.087250	0.087333	0.080664	0.084721	108,314	-
