Date	Open	High	Low	Close	Volume	Market Cap
07/15/2018	1.08	1.49	0.997853	1.02	23,342	2,097,790
07/14/2018	1.43	1.45	0.676908	1.08	25,295	2,775,670
07/13/2018	0.628085	1.43	0.626961	1.43	33,498	1,219,370
07/12/2018	1.38	1.38	0.616605	0.628088	14,873	2,670,440
07/11/2018	1.37	1.39	1.36	1.37	30,748	2,661,090
07/10/2018	1.45	1.47	1.36	1.37	31,319	2,805,920
07/09/2018	1.45	1.47	1.44	1.44	33,551	2,815,950
07/08/2018	1.47	1.47	1.45	1.46	35,154	2,855,690
07/07/2018	1.44	1.47	1.41	1.47	34,811	2,799,100
07/06/2018	1.42	1.46	1.40	1.44	33,707	2,748,060
07/05/2018	1.43	1.44	1.40	1.42	31,784	2,779,320
07/04/2018	1.43	1.51	1.42	1.43	33,597	2,762,870
07/03/2018	1.45	1.47	1.43	1.43	31,574	2,786,130
07/02/2018	1.41	1.53	1.40	1.45	35,948	2,720,340
07/01/2018	1.61	6.34	1.34	1.41	4,243	3,098,640
06/30/2018	1.36	1.70	1.36	1.61	5,367	2,616,910
06/29/2018	1.28	1.38	1.27	1.36	31,797	2,468,730
06/28/2018	1.35	1.35	1.27	1.28	28,333	2,595,190
06/27/2018	1.32	1.41	1.32	1.35	30,315	2,543,480
06/26/2018	1.33	1.48	1.32	1.32	32,853	2,565,830
06/25/2018	1.51	1.56	1.33	1.33	32,164	2,900,140
06/24/2018	1.53	1.55	1.42	1.51	34,506	2,944,310
06/23/2018	1.50	1.54	1.49	1.53	34,060	2,880,560
06/22/2018	1.73	1.87	1.47	1.50	30,049	3,335,660
06/21/2018	1.54	2.13	1.48	1.73	64,711	2,959,120
06/20/2018	1.28	2.05	1.28	1.53	44,993	2,468,120
06/19/2018	1.29	2.15	1.16	1.28	37,806	2,484,000
06/18/2018	1.20	1.55	1.20	1.30	33,951	2,309,310
06/17/2018	1.23	1.24	1.19	1.21	27,432	2,362,530
06/16/2018	1.19	1.37	1.19	1.22	31,382	2,293,390
06/15/2018	1.10	1.45	1.07	1.19	27,883	2,108,690
06/14/2018	0.891905	1.90	0.889583	1.09	26,520	1,717,260
06/13/2018	0.569101	1.83	0.569101	0.893643	22,197	1,095,740
06/12/2018	1.68	1.69	0.408870	0.566381	12,134	3,235,830
06/11/2018	1.65	1.70	1.63	1.69	37,947	3,186,080
06/10/2018	1.89	1.89	1.63	1.65	36,494	3,640,350
06/09/2018	1.92	1.94	1.89	1.89	43,954	3,704,520
06/08/2018	1.84	2.05	1.83	1.92	44,091	3,545,300
06/07/2018	1.92	2.39	1.84	1.84	99,935	3,703,500
06/06/2018	1.93	1.97	1.88	1.92	47,613	3,716,720
06/05/2018	1.89	1.95	1.86	1.94	41,219	3,634,520
06/04/2018	1.95	1.95	1.88	1.90	38,390	3,760,120
06/03/2018	1.93	1.95	1.92	1.94	40,451	3,721,740
06/02/2018	2.04	2.06	1.88	1.93	42,939	3,932,260
06/01/2018	1.93	2.05	1.92	2.05	43,187	3,723,670
05/31/2018	1.87	2.42	1.86	1.93	39,544	3,607,780
05/30/2018	1.88	2.39	1.85	1.87	37,817	3,629,280
05/29/2018	2.01	2.02	1.79	1.88	42,240	3,868,800
05/28/2018	2.08	2.09	2.00	2.01	30,200	3,996,580
05/27/2018	2.11	2.15	2.07	2.08	47,035	4,063,520
05/26/2018	2.26	2.29	2.10	2.10	50,614	4,345,440
05/25/2018	2.32	2.36	2.14	2.27	49,081	4,470,990
05/24/2018	2.22	2.49	2.19	2.33	51,347	4,270,770
05/23/2018	2.32	2.64	2.19	2.54	98,177	4,458,500
05/22/2018	2.52	2.63	2.30	2.32	57,115	4,861,420
05/21/2018	2.94	3.25	2.31	2.51	55,021	5,669,500
05/20/2018	2.94	3.09	2.29	2.94	60,627	5,668,910
05/19/2018	2.56	2.69	2.55	2.66	62,553	4,927,250
05/18/2018	2.30	2.56	2.27	2.55	55,036	4,434,030
05/17/2018	2.25	2.31	2.19	2.29	47,825	4,339,980
05/16/2018	2.40	2.41	2.17	2.27	46,077	4,616,140
05/15/2018	2.52	2.58	2.38	2.40	53,474	4,859,650
05/14/2018	2.50	3.06	2.38	2.54	57,940	4,822,840
05/13/2018	2.45	3.15	2.40	2.50	51,104	4,725,170
05/12/2018	3.01	3.09	2.38	2.45	63,046	5,801,170
05/11/2018	3.23	3.24	3.01	3.02	65,398	6,218,140
05/10/2018	3.34	3.38	3.24	3.24	67,118	6,435,800
05/09/2018	3.30	3.36	3.22	3.34	74,344	6,360,150
05/08/2018	3.38	3.42	3.29	3.29	71,272	6,499,150
05/07/2018	3.53	3.53	2.69	3.36	62,293	6,795,960
05/06/2018	2.69	3.71	2.57	3.53	70,665	5,183,210
05/05/2018	2.66	2.80	2.66	2.69	58,586	5,114,380
05/04/2018	3.33	3.33	2.64	2.66	54,099	6,406,930
05/03/2018	3.16	3.35	3.13	3.34	81,288	6,075,770
05/02/2018	3.11	3.55	3.08	3.16	64,749	5,994,030
05/01/2018	3.11	3.12	2.24	3.12	73,032	5,981,160
04/30/2018	3.23	3.26	3.08	3.10	72,336	6,210,530
04/29/2018	3.27	3.35	3.12	3.22	83,540	6,287,340
04/28/2018	2.19	3.23	2.19	3.23	53,132	4,221,590
04/27/2018	2.18	2.94	2.15	2.27	48,867	4,194,840
04/26/2018	2.49	2.52	2.00	2.18	50,422	8,954,050
04/25/2018	3.12	3.14	2.46	2.47	55,932	11,215,600
04/24/2018	2.88	3.26	2.88	3.14	76,598	10,361,300
04/23/2018	2.92	3.23	2.83	2.88	71,287	10,490,300
04/22/2018	2.88	2.96	2.82	2.92	61,187	10,333,100
04/21/2018	2.88	3.47	2.81	2.86	64,813	10,333,900
04/20/2018	2.70	3.07	2.66	2.92	66,468	9,709,800
04/19/2018	2.69	2.72	2.67	2.71	55,479	9,658,040
04/18/2018	2.59	2.72	2.58	2.69	61,409	9,320,010
04/17/2018	2.60	2.68	2.57	2.59	53,575	9,348,000
04/16/2018	2.69	2.71	2.56	2.60	56,461	9,657,380
04/15/2018	2.56	2.70	2.56	2.68	47,433	9,191,780
04/14/2018	2.53	2.62	2.51	2.57	50,018	9,094,320
04/13/2018	2.56	2.65	2.50	2.52	53,235	9,185,740
04/12/2018	2.26	2.63	2.24	2.55	58,737	8,120,750
04/11/2018	2.21	2.74	2.13	2.25	46,373	7,948,400
04/10/2018	1.97	2.23	1.96	2.19	44,924	7,073,360
04/09/2018	2.02	2.28	1.90	1.97	41,437	7,261,370
04/08/2018	2.10	2.20	2.01	2.02	45,991	7,536,930
04/07/2018	1.78	2.74	1.74	2.09	48,630	6,385,030
04/06/2018	1.56	1.83	1.51	1.78	42,176	5,613,240
04/05/2018	1.58	1.73	1.53	1.57	33,127	5,664,690
04/04/2018	1.71	1.97	1.56	1.58	32,674	6,155,270
04/03/2018	1.92	2.00	1.65	1.72	38,303	6,888,370
04/02/2018	1.89	1.98	1.87	1.92	44,901	6,783,880
04/01/2018	1.99	2.54	1.80	1.87	42,198	7,143,600
03/31/2018	1.94	2.07	1.90	1.98	29,752	6,967,670
03/30/2018	2.05	2.05	1.82	1.93	36,304	7,373,110
03/29/2018	2.80	2.83	2.02	2.06	44,394	10,072,800
03/28/2018	2.33	2.73	2.33	2.70	61,947	8,376,410
03/27/2018	2.11	2.86	2.01	2.34	52,971	7,562,650
03/26/2018	2.65	2.81	1.88	2.11	43,482	9,515,440
03/25/2018	2.42	3.07	2.39	2.65	179,440	8,679,920
03/24/2018	2.65	2.66	2.44	2.45	53,510	9,520,160
03/23/2018	2.46	2.67	2.35	2.61	57,497	8,825,170
03/22/2018	2.78	3.60	2.39	2.44	63,547	9,998,670
03/21/2018	2.36	2.85	2.35	2.78	106,050	8,461,460
03/20/2018	2.04	2.94	1.96	2.35	98,004	7,326,370
03/19/2018	1.52	3.15	1.52	2.01	56,109	5,477,830
03/18/2018	1.22	2.96	1.15	1.53	40,951	4,394,940
03/17/2018	2.59	3.18	1.18	1.22	28,450	9,287,990
03/16/2018	2.54	2.67	2.45	2.58	69,970	9,131,690
03/15/2018	2.54	2.64	2.41	2.55	70,408	9,129,380
03/14/2018	3.31	3.40	2.46	2.54	74,987	11,903,500
03/13/2018	3.30	3.46	3.22	3.32	76,820	11,839,100
03/12/2018	3.66	3.80	3.19	3.31	64,766	13,158,100
03/11/2018	3.38	3.82	3.26	3.65	64,823	12,150,300
03/10/2018	3.54	3.66	3.36	3.40	56,947	12,726,200
03/09/2018	3.59	3.64	3.20	3.54	60,590	12,895,900
03/08/2018	3.86	4.57	3.48	3.62	58,332	13,860,900
03/07/2018	4.52	4.63	3.62	3.86	73,609	16,223,200
03/06/2018	5.04	5.11	4.49	4.52	50,024	18,096,000
03/05/2018	4.93	5.14	4.50	5.05	65,427	17,725,100
03/04/2018	4.89	4.93	4.58	4.93	55,612	17,576,000
03/03/2018	4.81	5.31	4.81	4.90	64,029	17,275,100
03/02/2018	4.74	4.93	4.70	4.82	51,923	17,014,400
03/01/2018	5.10	5.18	4.56	4.73	55,527	18,322,100
02/28/2018	5.56	5.70	5.09	5.10	65,278	19,979,500
02/27/2018	5.40	5.81	5.31	5.56	90,000	19,413,500
02/26/2018	5.87	6.01	5.28	5.40	76,686	21,079,000
02/25/2018	5.93	7.36	5.67	5.87	76,561	21,288,100
02/24/2018	6.27	6.48	5.74	5.93	57,918	22,540,700
02/23/2018	6.06	7.84	5.89	6.25	57,147	21,783,300
02/22/2018	7.28	7.50	6.05	6.05	56,281	26,161,100
02/21/2018	7.93	7.93	7.14	7.32	81,309	28,475,600
02/20/2018	7.89	8.30	7.82	7.91	85,473	28,359,800
02/19/2018	7.06	7.95	7.03	7.88	71,103	25,378,800
02/18/2018	7.58	7.66	6.89	7.10	42,544	27,230,000
02/17/2018	7.17	8.88	7.17	7.57	91,359	25,759,500
02/16/2018	7.15	8.31	6.83	7.22	84,137	25,683,200
02/15/2018	6.90	8.37	6.73	7.17	74,113	24,785,000
02/14/2018	6.27	6.94	6.25	6.92	69,248	22,515,000
02/13/2018	7.00	7.04	5.92	6.27	57,958	25,159,000
02/12/2018	6.50	8.41	5.97	6.98	70,697	23,367,600
02/11/2018	6.27	7.39	6.13	6.48	74,449	22,530,400
02/10/2018	5.95	7.47	5.63	6.29	68,954	21,383,600
02/09/2018	5.45	6.12	5.11	5.95	61,503	19,588,700
02/08/2018	5.80	6.81	5.44	5.45	60,058	20,852,800
02/07/2018	6.63	6.84	5.52	5.76	81,360	23,810,300
02/06/2018	5.62	6.75	4.73	6.69	240,707	20,200,100
02/05/2018	7.02	7.74	5.29	5.61	166,412	25,234,800
02/04/2018	9.43	9.44	6.90	7.09	66,854	33,893,300
02/03/2018	7.64	10.11	7.50	9.26	132,591	27,452,800
02/02/2018	8.10	8.11	6.71	7.62	117,950	29,105,200
02/01/2018	9.02	10.27	7.87	8.12	169,045	32,395,900
01/31/2018	8.25	10.39	8.00	9.02	134,528	29,647,200
01/30/2018	9.78	11.51	8.23	8.25	155,658	35,137,900
01/29/2018	10.78	11.29	9.66	9.84	183,363	38,738,800
01/28/2018	11.34	12.81	10.33	10.79	466,863	40,744,200
01/27/2018	7.78	25.65	7.20	11.28	3,335,090	27,935,400
01/26/2018	7.88	10.83	6.64	7.78	791,829	28,309,400
01/25/2018	8.97	9.42	7.85	7.89	194,571	32,222,400
01/24/2018	8.04	8.97	7.65	8.85	87,038	28,885,800
01/23/2018	7.44	8.32	6.71	8.04	79,835	26,731,300
01/22/2018	7.91	8.27	7.06	7.46	81,392	28,405,800
01/21/2018	8.67	8.67	7.75	7.82	29,049	31,132,900
01/20/2018	8.10	9.17	8.01	8.65	33,716	29,081,700
01/19/2018	8.20	8.60	7.68	8.02	42,728	29,454,700
01/18/2018	8.02	9.33	7.66	8.28	79,330	28,811,900
01/17/2018	8.31	8.86	6.80	7.99	85,749	29,864,100
01/16/2018	11.32	11.32	7.79	8.35	75,586	40,668,400
01/15/2018	11.62	12.85	10.84	11.31	100,106	41,749,800
01/14/2018	11.49	12.52	10.58	11.70	97,297	41,261,700
01/13/2018	10.78	12.02	10.63	11.61	78,495	38,724,400
01/12/2018	10.31	10.82	9.84	10.79	65,134	37,041,100
01/11/2018	11.08	11.56	9.84	10.24	109,716	39,817,300
01/10/2018	10.64	11.36	10.31	11.10	156,259	38,228,600
01/09/2018	10.23	12.88	10.08	10.63	230,728	36,743,300
01/08/2018	9.14	13.07	8.76	10.20	296,381	32,851,700
01/07/2018	8.99	9.45	8.39	9.15	123,601	32,311,500
01/06/2018	8.52	9.20	8.44	9.00	92,562	30,605,100
01/05/2018	9.05	10.63	8.28	8.47	155,770	32,512,000
01/04/2018	8.87	9.94	8.55	9.05	133,071	46,653,000
01/03/2018	9.61	9.61	8.63	8.85	126,275	50,530,700
01/02/2018	9.16	10.23	8.68	9.64	158,920	48,180,400
01/01/2018	10.15	10.15	8.72	9.16	68,835	53,394,300
12/31/2017	10.12	10.61	9.40	10.12	112,671	53,227,000
12/30/2017	11.00	11.30	9.70	10.35	85,451	54,429,000
12/29/2017	12.12	12.39	10.74	11.02	107,129	59,982,900
12/28/2017	13.01	13.91	10.97	12.16	297,006	64,406,100
12/27/2017	8.15	22.66	7.73	12.47	708,435	40,359,100
12/26/2017	7.31	8.80	7.19	8.15	107,558	36,182,000
12/25/2017	7.00	7.63	6.77	7.32	45,427	34,629,800
12/24/2017	7.43	7.78	6.24	6.93	50,645	36,793,800
12/23/2017	6.73	8.48	6.72	7.36	65,090	33,313,800
12/22/2017	8.42	8.50	5.59	6.87	93,523	41,684,800
12/21/2017	7.98	8.54	7.67	8.47	119,339	39,480,000
12/20/2017	8.37	8.66	7.32	7.96	99,098	41,414,300
12/19/2017	9.10	9.71	8.20	8.37	106,487	45,023,000
12/18/2017	10.34	10.36	8.87	9.09	89,240	47,908,200
12/17/2017	10.22	10.92	9.27	10.31	114,864	47,372,200
12/16/2017	9.85	10.78	9.83	10.22	162,071	45,647,400
12/15/2017	10.38	11.24	9.78	9.80	129,122	48,112,700
12/14/2017	10.70	11.31	10.16	10.37	158,124	49,597,400
12/13/2017	12.12	12.37	10.46	10.59	189,293	56,175,700
12/12/2017	11.44	12.79	10.99	12.12	148,430	53,045,500
12/11/2017	12.74	14.18	10.96	11.58	241,773	54,988,900
12/10/2017	14.04	14.63	12.14	12.82	161,020	60,588,400
12/09/2017	17.50	19.23	13.58	14.24	431,775	75,557,100
12/08/2017	8.86	18.75	7.70	15.44	775,529	38,264,800
12/07/2017	9.56	10.66	7.08	8.83	348,937	41,252,500
12/06/2017	12.41	12.89	8.56	9.58	286,785	53,477,800
12/05/2017	11.63	16.92	11.04	12.80	373,142	50,146,100
12/04/2017	13.34	14.05	9.40	11.37	366,954	53,223,600
12/03/2017	13.61	15.72	11.90	13.24	375,995	54,278,000
12/02/2017	16.97	18.32	12.56	13.60	380,574	67,679,600
12/01/2017	16.75	19.00	15.71	16.98	340,310	43,181,500
11/30/2017	17.07	18.38	14.72	16.84	447,589	43,984,900
11/29/2017	20.66	21.09	15.62	16.63	629,989	53,247,300
11/28/2017	20.84	21.67	17.24	21.13	1,275,750	53,710,900
11/27/2017	23.10	25.62	18.71	20.82	1,616,410	59,528,600
11/26/2017	25.78	28.31	22.17	23.13	3,655,190	66,457,700
11/25/2017	19.10	31.86	19.00	25.86	6,779,220	49,223,000
11/24/2017	16.93	20.38	16.49	19.08	4,389,790	43,624,400
11/23/2017	15.83	18.48	15.81	17.02	4,357,250	40,792,400
11/22/2017	19.12	22.06	15.09	15.16	4,295,210	32,672,400
11/21/2017	28.10	28.19	14.92	19.44	5,678,160	48,019,600
11/20/2017	36.56	37.54	27.47	28.16	5,619,530	62,487,700
11/19/2017	34.81	39.76	32.66	38.26	7,825,690	59,488,300
11/18/2017	35.95	40.07	27.88	34.86	7,546,300	61,442,000
11/17/2017	48.53	50.57	11.92	36.67	14,911,200	82,943,000
11/16/2017	48.00	50.77	45.44	49.03	13,735,000	82,031,600
11/15/2017	53.40	57.16	44.73	47.91	9,864,870	73,439,600
11/14/2017	41.38	56.23	41.18	53.21	17,748,600	56,907,300
11/13/2017	36.34	45.97	33.28	41.26	12,814,400	49,981,700
11/12/2017	26.62	37.66	22.49	36.90	14,833,500	36,613,200
11/11/2017	25.59	27.85	23.89	26.68	11,586,400	35,186,300
11/10/2017	28.56	30.81	25.05	25.67	11,214,100	39,272,200
11/09/2017	30.36	32.37	21.99	28.49	10,571,600	41,755,000
11/08/2017	34.96	44.58	22.85	30.39	2,639,010	48,072,800
11/07/2017	13.86	35.07	13.86	35.07	13,561,800	-
11/06/2017	9.75	15.75	9.13	13.88	5,403,300	-
11/05/2017	5.94	9.92	5.88	9.89	5,052,850	-
11/04/2017	5.49	6.31	5.29	5.94	2,967,070	-
11/03/2017	5.29	6.11	4.87	5.23	2,375,510	-
11/02/2017	5.86	6.62	5.09	5.21	2,244,530	-
11/01/2017	7.63	7.99	4.88	5.34	1,929,840	-
10/31/2017	5.10	10.52	4.98	7.68	2,068,160	-
10/30/2017	2.41	5.10	2.36	5.10	1,271,590	-
10/29/2017	2.65	2.71	1.97	2.43	38,953	-
10/28/2017	2.69	3.01	2.35	2.65	431,154	-
10/27/2017	1.47	3.57	1.36	2.68	268,052	-
10/26/2017	1.82	1.94	1.05	1.47	84,558	-
10/25/2017	1.92	1.92	1.80	1.82	58,597	-
