Date	Open	High	Low	Close	Volume	Market Cap
07/15/2018	0.505117	0.527613	0.502651	0.524942	20,818	15,153,500
07/14/2018	0.501578	0.507018	0.495325	0.498307	9,957	15,047,300
07/13/2018	0.505844	0.511536	0.499396	0.500625	8,926	15,175,300
07/12/2018	0.523802	0.523802	0.495124	0.504331	7,145	15,714,100
07/11/2018	0.526795	0.538128	0.490806	0.524070	8,959	15,803,900
07/10/2018	0.616017	0.622260	0.527008	0.528987	23,176	18,480,500
07/09/2018	0.627261	0.645971	0.614824	0.616497	13,459	18,817,800
07/08/2018	0.611730	0.650721	0.581820	0.627329	29,400	18,351,900
07/07/2018	0.612797	0.633416	0.568212	0.620581	24,703	18,383,900
07/06/2018	0.642278	0.663993	0.596759	0.613445	34,083	19,268,300
07/05/2018	0.563290	0.672352	0.562691	0.642052	67,055	16,898,700
07/04/2018	0.576460	0.593556	0.554312	0.561327	24,023	17,293,800
07/03/2018	0.564766	0.600829	0.500027	0.576194	13,492	16,943,000
07/02/2018	0.575768	0.596681	0.557181	0.564233	11,408	17,273,000
07/01/2018	0.596681	0.596681	0.563252	0.575366	3,612	17,900,400
06/30/2018	0.578396	0.611234	0.577824	0.596882	18,726	17,351,900
06/29/2018	0.545010	0.582427	0.544460	0.575983	4,440	16,350,300
06/28/2018	0.572611	0.586085	0.463662	0.544623	14,786	17,178,300
06/27/2018	0.512546	0.579078	0.510633	0.573689	3,367	15,376,400
06/26/2018	0.521207	0.531632	0.510802	0.510802	4	15,636,200
06/25/2018	0.557282	0.594830	0.480924	0.521207	130	16,718,500
06/24/2018	0.547489	0.609170	0.467906	0.558846	13,487	16,424,700
06/23/2018	0.677241	0.677241	0.545488	0.545902	13	20,317,200
06/22/2018	0.688791	0.726984	0.558280	0.677381	5,638	20,663,700
06/21/2018	0.681579	0.696621	0.677948	0.692088	3,675	20,447,400
06/20/2018	0.690232	0.701999	0.657000	0.679313	413	20,707,000
06/19/2018	0.691999	0.705795	0.681863	0.690186	64	20,760,000
06/18/2018	0.686752	0.742018	0.671721	0.690731	45	20,602,500
06/17/2018	0.703335	0.710321	0.668636	0.685367	519	21,100,100
06/16/2018	0.705579	0.724639	0.694709	0.703438	72	21,167,400
06/15/2018	0.613670	0.723609	0.603711	0.705273	35	18,410,100
06/14/2018	0.727294	0.743358	0.595017	0.615899	340	21,818,800
06/13/2018	0.718026	0.742141	0.584412	0.727324	3,881	21,540,800
06/12/2018	0.703808	0.731470	0.679500	0.712748	48	21,114,200
06/11/2018	0.782688	0.808716	0.670230	0.704074	35,080	23,480,600
06/10/2018	0.915477	0.917143	0.688256	0.780621	58,585	27,464,300
06/09/2018	0.898492	0.958839	0.896920	0.913684	19,439	26,954,800
06/08/2018	0.952774	0.966746	0.819543	0.898195	67,191	28,583,200
06/07/2018	0.968941	1.00	0.910921	0.951188	51,420	29,068,200
06/06/2018	1.03	1.03	0.943445	0.969230	51,431	30,783,900
06/05/2018	0.927775	1.03	0.906705	1.03	23,094	27,833,200
06/04/2018	1.09	1.11	0.913279	0.927836	29,072	32,825,400
06/03/2018	1.04	1.11	0.950900	1.10	101,945	31,148,300
06/02/2018	0.972997	1.16	0.968902	1.04	126,249	29,189,900
06/01/2018	0.824913	1.02	0.806673	0.973152	149,874	24,747,400
05/31/2018	0.797249	0.851119	0.792537	0.823334	16,788	23,917,500
05/30/2018	0.811116	1.00	0.779507	0.797872	59,206	24,333,500
05/29/2018	0.653124	0.849016	0.628221	0.810474	252,726	19,593,700
05/28/2018	0.721402	0.824181	0.653474	0.653494	48,931	21,642,000
05/27/2018	0.663070	0.728241	0.663070	0.718907	2,839	19,892,100
05/26/2018	0.780970	0.834956	0.662292	0.662683	38,983	23,429,100
05/25/2018	0.676974	0.881382	0.660907	0.781138	129,337	20,309,200
05/24/2018	0.573211	0.680566	0.538470	0.677360	26,381	17,196,300
05/23/2018	0.682578	0.690288	0.544535	0.574631	37,684	20,477,400
05/22/2018	0.704965	0.737705	0.660334	0.684182	70,147	21,148,900
05/21/2018	0.764147	0.765397	0.671148	0.705855	24,365	22,924,400
05/20/2018	0.712471	0.771847	0.704998	0.763207	56,654	21,374,100
05/19/2018	0.723113	0.725489	0.660589	0.711771	27,279	21,693,400
05/18/2018	0.628753	0.726053	0.615483	0.723204	63,642	18,862,600
05/17/2018	0.693692	0.723232	0.616984	0.628929	21,176	20,810,700
05/16/2018	0.700741	0.706487	0.615891	0.691079	30,024	21,022,200
05/15/2018	0.728592	0.754994	0.686809	0.700797	72,212	21,857,700
05/14/2018	0.723501	0.750422	0.662528	0.729654	69,239	21,705,000
05/13/2018	0.695290	0.759900	0.666300	0.724918	25,566	20,858,700
05/12/2018	0.663874	0.704297	0.515766	0.698553	153,618	19,916,200
05/11/2018	0.747768	0.763884	0.603001	0.666239	35,217	22,433,000
05/10/2018	0.652319	0.760122	0.631360	0.749188	64,786	19,569,600
05/09/2018	0.687465	0.706941	0.624047	0.651869	21,303	20,623,900
05/08/2018	0.667298	0.700164	0.639937	0.688943	49,545	20,018,900
05/07/2018	0.797386	0.804920	0.626653	0.667144	29,170	23,921,600
05/06/2018	0.719151	0.815509	0.681360	0.796580	68,065	21,574,500
05/05/2018	0.665322	0.729924	0.647978	0.719910	34,490	19,959,700
05/04/2018	0.668205	0.681224	0.587525	0.667387	58,966	20,046,200
05/03/2018	0.691135	0.695497	0.623231	0.666010	39,999	20,734,100
05/02/2018	0.712780	0.739306	0.496866	0.690733	69,153	21,383,400
05/01/2018	0.615197	0.717332	0.536065	0.717332	52,377	18,455,900
04/30/2018	0.775261	0.779230	0.581892	0.612619	38,619	23,257,800
04/29/2018	0.723048	0.774340	0.649900	0.769533	98,249	21,691,400
04/28/2018	0.687153	0.731939	0.633722	0.722646	50,563	20,614,600
04/27/2018	0.651220	0.734818	0.635508	0.688506	36,078	19,536,600
04/26/2018	0.577352	0.648635	0.560116	0.648635	26,601	17,320,600
04/25/2018	0.730673	0.730673	0.520637	0.567479	65,247	21,920,200
04/24/2018	0.636928	0.755645	0.630480	0.697028	44,404	19,107,800
04/23/2018	0.587840	0.648142	0.569311	0.636172	42,105	17,635,200
04/22/2018	0.555775	0.633589	0.542444	0.590391	34,428	16,673,200
04/21/2018	0.598052	0.605672	0.509329	0.555673	6,802	17,941,600
04/20/2018	0.470378	0.603549	0.439664	0.599685	28,142	14,111,300
04/19/2018	0.466197	0.474270	0.442285	0.469384	46,095	13,985,900
04/18/2018	0.432127	0.470210	0.417708	0.465700	9,212	12,963,800
04/17/2018	0.475397	0.508615	0.349401	0.430187	62,445	14,261,900
04/16/2018	0.442316	0.474918	0.377988	0.474918	24,278	13,269,500
04/15/2018	0.388544	0.504403	0.340700	0.442970	66,952	11,656,300
04/14/2018	0.543738	0.564373	0.263088	0.388381	223,723	16,312,100
04/13/2018	0.563747	0.620437	0.427591	0.543743	102,548	16,912,400
04/12/2018	0.489053	0.576667	0.375356	0.562144	142,610	14,671,600
04/11/2018	0.348352	0.493607	0.347750	0.493607	29,288	10,450,500
04/10/2018	0.355874	0.363195	0.338712	0.348373	2,859	10,676,200
04/09/2018	0.361974	0.372652	0.335634	0.355481	19,729	10,859,200
04/08/2018	0.358379	0.369406	0.355768	0.361852	2,717	10,751,400
04/07/2018	0.365395	0.384208	0.356981	0.357807	20,763	10,961,900
04/06/2018	0.392014	0.393967	0.359582	0.365511	2,157	11,760,400
04/05/2018	0.363047	0.396527	0.349346	0.392947	1,032	10,891,400
04/04/2018	0.366622	0.368794	0.338070	0.363121	2,571	10,998,700
04/03/2018	0.369962	0.372836	0.344763	0.367322	5,708	11,098,900
04/02/2018	0.346711	0.371087	0.340853	0.371087	7,322	10,401,300
04/01/2018	0.406044	0.410039	0.322887	0.345623	15,920	12,181,300
03/31/2018	0.377940	0.408465	0.367014	0.406317	2,926	11,338,200
03/30/2018	0.348869	0.378967	0.339544	0.378242	4,174	10,466,100
03/29/2018	0.411785	0.414303	0.345377	0.349463	18,257	12,353,500
03/28/2018	0.376902	0.416389	0.360337	0.410428	18,839	11,307,000
03/27/2018	0.390691	0.405987	0.341488	0.380021	7,119	11,720,700
03/26/2018	0.427753	0.433323	0.353500	0.391997	3,997	12,832,600
03/25/2018	0.426583	0.445247	0.419778	0.427550	1,291	12,797,500
03/24/2018	0.425395	0.449569	0.417716	0.428992	3,641	12,761,800
03/23/2018	0.417883	0.438012	0.394447	0.422793	4,462	12,536,500
03/22/2018	0.439242	0.474186	0.381338	0.417883	88,300	13,177,300
03/21/2018	0.384911	0.452809	0.367124	0.436900	7,252	11,547,300
03/20/2018	0.345241	0.404236	0.343628	0.384890	2,461	10,357,200
03/19/2018	0.279392	0.356325	0.272581	0.343911	2,418	8,381,750
03/18/2018	0.283308	0.294901	0.238220	0.281493	16,386	8,499,230
03/17/2018	0.337146	0.337496	0.282996	0.282996	2,826	10,114,400
03/16/2018	0.323480	0.344179	0.298199	0.338128	5,749	9,704,410
03/15/2018	0.352060	0.372542	0.315395	0.323543	42,577	10,561,800
03/14/2018	0.381342	0.433781	0.339211	0.351031	2,406	11,440,300
03/13/2018	0.373588	0.390394	0.366717	0.382149	11,498	11,207,600
03/12/2018	0.374433	0.403329	0.352190	0.375132	24,803	11,233,000
03/11/2018	0.340009	0.387756	0.327720	0.374236	10,293	10,200,300
03/10/2018	0.357236	0.393420	0.342473	0.342473	5,589	10,717,100
03/09/2018	0.453936	0.455900	0.325697	0.358916	48,018	13,618,100
03/08/2018	0.453073	0.493800	0.413506	0.453976	6,394	13,592,200
03/07/2018	0.547511	0.583085	0.441535	0.453640	11,908	16,425,300
03/06/2018	0.489197	0.566846	0.460006	0.547275	97,769	14,675,900
03/05/2018	0.516251	0.517592	0.487839	0.489292	5,575	15,487,500
03/04/2018	0.517180	0.526399	0.467748	0.516434	13,173	15,515,400
03/03/2018	0.491834	0.537044	0.491834	0.518280	2,243	14,755,000
03/02/2018	0.536116	0.563385	0.483771	0.491948	9,192	16,083,500
03/01/2018	0.533949	0.588741	0.524011	0.535129	9,287	16,018,500
02/28/2018	0.564920	0.618188	0.534072	0.534072	1,868	16,947,600
02/27/2018	0.543260	0.593759	0.518738	0.564919	2,648	16,297,800
02/26/2018	0.510334	0.576367	0.498605	0.543370	34,817	15,310,000
02/25/2018	0.514900	0.522067	0.481001	0.511464	12,364	15,447,000
02/24/2018	0.580811	0.587048	0.489128	0.515085	9,367	17,424,300
02/23/2018	0.537999	0.609294	0.513162	0.580935	1,473	16,140,000
02/22/2018	0.578300	0.620622	0.529833	0.540160	4,642	17,349,000
02/21/2018	0.593633	0.621529	0.553645	0.579309	8,399	17,809,000
02/20/2018	0.655434	0.665525	0.591458	0.592944	9,939	19,663,000
02/19/2018	0.591514	0.661205	0.591129	0.653029	8,775	17,745,400
02/18/2018	0.632250	0.680208	0.591367	0.595331	23,473	18,967,500
02/17/2018	0.620341	0.666857	0.602935	0.631295	97,427	18,610,200
02/16/2018	0.633222	0.645433	0.575946	0.620158	11,960	18,996,700
02/15/2018	0.640233	0.652249	0.597803	0.635258	14,008	19,207,000
02/14/2018	0.581290	0.644131	0.566603	0.640743	8,438	17,438,700
02/13/2018	0.593477	0.607116	0.542425	0.580413	8,116	17,804,300
02/12/2018	0.517988	0.631668	0.517988	0.611731	51,718	15,539,600
02/11/2018	0.598646	0.603225	0.498546	0.517018	83,773	17,959,400
02/10/2018	0.577029	0.662831	0.557983	0.597439	18,803	17,310,900
02/09/2018	0.533053	0.605709	0.476311	0.578454	63,191	15,991,600
02/08/2018	0.466606	0.584338	0.457884	0.531573	90,227	13,998,200
02/07/2018	0.535759	0.606161	0.460017	0.466555	40,465	16,072,800
02/06/2018	0.435837	0.545492	0.368570	0.537345	57,087	13,075,100
02/05/2018	0.568325	0.605600	0.424514	0.434453	82,795	17,049,800
02/04/2018	0.638501	0.713970	0.537748	0.574037	20,657	19,155,000
02/03/2018	0.675127	0.751866	0.619060	0.638381	22,334	20,253,800
02/02/2018	0.626348	0.707563	0.566767	0.675031	55,997	18,790,400
02/01/2018	0.736404	0.777372	0.614398	0.626218	44,831	22,092,100
01/31/2018	0.693601	0.775347	0.646353	0.709830	39,229	20,808,000
01/30/2018	0.811532	0.823273	0.683578	0.686574	105,181	24,346,000
01/29/2018	0.872943	0.876827	0.753002	0.809920	27,282	26,188,300
01/28/2018	0.802362	0.875912	0.797520	0.865411	21,499	24,070,900
01/27/2018	0.780490	0.843764	0.755882	0.797959	39,283	23,414,700
01/26/2018	0.785447	0.892772	0.680727	0.780734	85,460	23,563,400
01/25/2018	0.813961	0.879235	0.770967	0.787708	119,664	24,418,800
01/24/2018	0.800129	0.906788	0.728719	0.808511	512,281	24,003,900
01/23/2018	0.791608	0.908821	0.695673	0.803781	92,049	23,748,200
01/22/2018	0.947363	1.02	0.729792	0.794779	105,625	28,420,900
01/21/2018	0.954921	1.02	0.830205	0.939227	38,273	28,647,600
01/20/2018	0.757094	1.05	0.753323	0.951326	70,012	22,712,800
01/19/2018	0.749610	0.811128	0.695369	0.754895	31,357	22,488,300
01/18/2018	0.864690	0.864690	0.707958	0.761521	34,351	25,940,700
01/17/2018	0.626757	0.857849	0.518364	0.857849	146,552	18,802,700
01/16/2018	0.911444	0.918675	0.575036	0.628271	220,910	27,343,300
01/15/2018	1.02	1.08	0.910302	0.910306	63,511	30,525,800
01/14/2018	1.09	1.16	0.923665	1.02	248,418	32,755,900
01/13/2018	1.09	1.35	1.03	1.09	252,151	32,570,500
01/12/2018	0.987790	1.19	0.931086	1.08	290,146	29,633,700
01/11/2018	1.01	1.11	0.890270	0.972176	156,175	30,231,700
01/10/2018	0.968368	1.03	0.868728	1.01	274,087	29,051,100
01/09/2018	1.04	1.06	0.892478	0.969811	205,003	31,344,900
01/08/2018	1.12	1.16	0.796199	1.04	548,116	33,697,600
01/07/2018	0.889954	1.09	0.889954	1.08	318,419	26,698,600
01/06/2018	0.891134	1.03	0.845452	0.883441	260,652	26,734,000
01/05/2018	0.854189	1.12	0.826076	0.887428	188,105	25,625,700
01/04/2018	0.909471	0.932985	0.830374	0.857003	134,572	27,284,100
01/03/2018	0.812392	1.04	0.774124	0.933455	179,323	24,371,800
01/02/2018	0.822287	0.870961	0.754680	0.808303	90,887	24,668,600
01/01/2018	0.771615	1.06	0.721419	0.823937	70,593	23,148,500
12/31/2017	0.820065	0.840213	0.715633	0.771006	77,986	24,602,000
12/30/2017	0.885352	0.930798	0.611483	0.827600	135,953	26,560,600
12/29/2017	0.937078	1.02	0.839958	0.889114	71,155	28,112,400
12/28/2017	0.910190	0.973382	0.784799	0.936177	137,175	27,305,700
12/27/2017	0.995837	1.03	0.837014	0.912203	115,304	29,875,100
12/26/2017	0.967377	1.01	0.925975	0.994102	85,349	29,021,300
12/25/2017	0.938895	1.02	0.912252	0.966704	123,629	28,166,800
12/24/2017	0.890357	0.938080	0.743624	0.935184	258,818	26,710,700
12/23/2017	0.842650	0.972993	0.791314	0.884728	87,773	25,279,500
12/22/2017	1.11	1.12	0.566741	0.843715	167,207	33,164,900
12/21/2017	0.939560	1.22	0.920878	1.10	321,589	28,186,800
12/20/2017	0.952916	1.03	0.828905	0.930198	249,736	28,587,500
12/19/2017	0.969944	1.25	0.868420	1.05	530,318	29,098,300
12/18/2017	0.930140	0.977325	0.792271	0.869639	71,989	27,904,200
12/17/2017	0.850111	1.31	0.841340	0.934124	153,191	25,503,300
12/16/2017	0.627180	0.884190	0.599381	0.850052	352,139	18,815,400
12/15/2017	0.668834	0.678056	0.579419	0.627833	241,320	20,065,000
12/14/2017	0.676385	0.702428	0.572879	0.671961	69,904	20,291,500
12/13/2017	0.645629	0.723351	0.564719	0.671233	52,282	19,368,900
12/12/2017	0.603878	0.712202	0.591742	0.642023	96,077	18,116,300
12/11/2017	0.535242	0.651632	0.520526	0.608654	42,286	16,057,300
12/10/2017	0.571084	0.586740	0.510747	0.536558	18,264	17,132,500
12/09/2017	0.617125	0.657101	0.539304	0.569103	72,086	18,513,800
12/08/2017	0.592564	0.626045	0.547075	0.618109	70,118	17,776,900
12/07/2017	0.632223	0.676868	0.521249	0.593556	62,443	18,966,700
12/06/2017	0.667262	0.806547	0.608782	0.632370	81,200	20,017,900
12/05/2017	0.728914	0.775019	0.613232	0.674036	80,011	21,867,400
12/04/2017	0.645605	1.18	0.570783	0.741783	151,537	19,368,200
12/03/2017	0.644982	0.754564	0.592884	0.636465	27,414	19,349,500
12/02/2017	0.609649	0.744158	0.580542	0.644757	29,635	18,289,500
12/01/2017	0.577972	0.734063	0.505231	0.606545	63,341	17,339,200
11/30/2017	0.469462	0.583185	0.458180	0.574298	24,817	14,083,800
11/23/2017	0.340665	0.342329	0.055773	0.055969	887	10,220,000
11/22/2017	0.296505	0.342445	0.258889	0.340774	58	8,895,160
11/21/2017	0.340368	0.357692	0.294102	0.297926	16,153	10,211,000
11/20/2017	0.309172	0.357370	0.306596	0.340977	12,936	9,275,150
11/19/2017	0.356671	0.359895	0.306666	0.308808	19,000	10,700,100
11/18/2017	0.305756	0.360307	0.291959	0.356989	11,504	9,172,670
11/17/2017	0.302593	0.520683	0.275840	0.306081	2,911	9,077,780
11/16/2017	0.305579	0.376655	0.302862	0.302947	7,488	9,167,380
11/15/2017	0.266606	0.358828	0.265526	0.305669	19,497	7,998,170
11/14/2017	0.267874	0.271191	0.241699	0.266805	3,596	8,036,210
11/13/2017	0.266527	0.268920	0.264157	0.268920	629	7,995,810
11/11/2017	0.232118	0.240609	0.229397	0.237374	2,334	6,963,550
11/10/2017	0.232970	0.264899	0.227244	0.231981	2,278	6,989,100
11/09/2017	0.223143	0.265190	0.223143	0.233616	4,730	6,694,280
11/08/2017	0.238231	0.238424	0.206693	0.223449	8,110	7,146,940
11/07/2017	0.237384	0.244600	0.233858	0.238010	431	7,121,510
11/06/2017	0.269285	0.269424	0.231883	0.237684	2,534	8,078,550
11/05/2017	0.264349	0.270472	0.263305	0.269395	495	7,930,480
11/04/2017	0.238949	0.268021	0.233082	0.264541	326	7,168,460
11/03/2017	0.238392	0.267369	0.182758	0.239156	9,878	7,151,760
11/02/2017	0.218689	0.309195	0.218689	0.239681	9,558	6,560,660
11/01/2017	0.177832	0.225874	0.167846	0.218672	10,876	5,334,960
10/31/2017	0.165372	0.186812	0.151732	0.178948	2,262	4,961,170
10/30/2017	0.181523	0.181523	0.154106	0.165564	1,241	5,445,700
10/29/2017	0.162315	0.182103	0.152350	0.181863	8,179	4,869,440
10/28/2017	0.132133	0.164106	0.132121	0.162654	6,495	3,964,000
10/27/2017	0.147845	0.150819	0.128920	0.132118	5,950	4,435,360
10/26/2017	0.139332	0.148947	0.139118	0.148083	21	4,179,950
10/25/2017	0.149460	0.149490	0.137754	0.139275	1,409	4,483,790
10/24/2017	0.137679	0.150095	0.127496	0.149359	1,842	4,130,370
10/23/2017	0.138929	0.144715	0.133906	0.138181	2,296	4,167,860
10/22/2017	0.142273	0.142905	0.135711	0.139063	173	4,268,180
10/21/2017	0.136958	0.144793	0.134376	0.143390	372	4,108,750
10/20/2017	0.147545	0.152289	0.134953	0.137433	3,911	4,426,360
10/19/2017	0.122650	0.149820	0.121313	0.147671	3,431	3,679,490
10/18/2017	0.132979	0.151433	0.120504	0.122873	2,086	3,989,360
10/17/2017	0.114066	0.167609	0.111630	0.132885	1,683	3,421,980
10/16/2017	0.097855	0.133495	0.097103	0.114041	3,605	2,935,670
10/15/2017	0.149378	0.152383	0.097861	0.097862	104	4,481,330
10/14/2017	0.132060	0.168926	0.126247	0.149378	353	3,961,790
10/13/2017	0.111216	0.133734	0.105790	0.131981	6,268	3,336,470
10/12/2017	0.129611	0.133091	0.110729	0.111213	785	3,888,340
10/11/2017	0.128144	0.136869	0.113691	0.129653	605	3,844,320
10/10/2017	0.124613	0.128954	0.108372	0.127957	3,300	3,738,380
10/09/2017	0.127114	0.132805	0.123018	0.124605	3,037	3,813,420
10/08/2017	0.123722	0.134532	0.122908	0.127086	826	3,711,660
10/07/2017	0.130934	0.133823	0.117840	0.123743	1,238	3,928,010
10/06/2017	0.119700	0.132710	0.115866	0.131089	2,040	3,590,990
10/05/2017	0.110990	0.121322	0.110000	0.119788	1,070	3,329,700
10/04/2017	0.116833	0.122046	0.110492	0.111083	30,542	3,505,000
10/03/2017	0.131225	0.133635	0.115727	0.116907	3,078	3,936,740
10/02/2017	0.146284	0.146284	0.117517	0.131320	4,572	4,388,530
10/01/2017	0.119215	0.148003	0.118476	0.146489	641	3,576,460
09/30/2017	0.123888	0.128939	0.113991	0.119208	7,688	3,716,640
09/29/2017	0.146457	0.148028	0.116988	0.123998	8,486	4,393,710
09/28/2017	0.125192	0.148300	0.119593	0.146400	12,297	3,755,770
09/27/2017	0.115749	0.125826	0.115013	0.125279	8,044	3,472,470
09/26/2017	0.121627	0.136130	0.115099	0.115768	9,575	3,648,820
09/25/2017	0.123612	0.132824	0.120616	0.121661	11,010	3,708,360
09/24/2017	0.123757	0.123757	0.123712	0.123729	143,416	3,712,700
09/23/2017	0.123706	0.123765	0.123693	0.123757	143,446	3,711,170
09/22/2017	0.123741	0.123819	0.123729	0.123812	143,521	3,712,220
09/21/2017	0.125705	0.136794	0.123754	0.123760	143,457	3,771,150
09/17/2017	0.136369	0.136369	0.135747	0.135747	125,340	4,091,080
09/16/2017	0.124769	0.139089	0.118123	0.136349	125,842	3,743,080
09/15/2017	0.134029	0.160799	0.113211	0.124704	144,367	4,020,860
09/14/2017	0.132268	0.138499	0.130586	0.134016	14,321	3,968,030
09/13/2017	0.135099	0.142847	0.129305	0.132268	74,556	4,052,980
09/12/2017	0.135179	0.136021	0.135169	0.135631	68,088	4,055,380
09/11/2017	0.132822	0.142625	0.130752	0.135195	67,941	3,984,650
09/10/2017	0.140162	0.149956	0.131744	0.132827	70,042	4,204,870
09/09/2017	0.130996	0.159028	0.120173	0.140160	76,962	3,929,890
09/08/2017	0.137837	0.153090	0.129766	0.131008	73,730	4,135,100
09/07/2017	0.144281	0.146533	0.134877	0.137841	113,394	4,328,420
09/06/2017	0.123398	0.156673	0.121872	0.144204	220,459	3,701,940
09/05/2017	0.134512	0.163712	0.097521	0.123394	176,762	4,035,350
09/04/2017	0.205542	0.210991	0.104556	0.134512	185,762	6,166,260
09/03/2017	0.199786	0.215049	0.197025	0.205377	42,819	5,993,590
09/02/2017	0.263062	0.265918	0.194259	0.199741	76,248	7,891,850
09/01/2017	0.263998	0.447302	0.230237	0.263092	44,388	7,919,940
08/31/2017	0.215038	0.265617	0.212749	0.264005	64,229	6,451,150
08/30/2017	0.225305	0.233398	0.192547	0.215032	48,294	6,759,150
08/29/2017	0.221228	0.237038	0.216024	0.225309	42,737	6,636,850
08/28/2017	0.227944	0.234259	0.214156	0.221226	31,835	6,838,310
08/27/2017	0.227244	0.231092	0.215177	0.227944	11,430	6,817,330
08/26/2017	0.209748	0.229997	0.201935	0.227245	39,362	6,292,440
08/25/2017	0.210397	0.223269	0.179480	0.209721	27,461	6,311,920
08/24/2017	0.238210	0.291057	0.210067	0.210415	16,435	7,146,290
08/23/2017	0.206979	0.298177	0.206929	0.238149	92,472	6,209,370
08/22/2017	0.196527	0.224537	0.194139	0.206901	32,689	5,895,820
08/21/2017	0.172623	0.196743	0.170339	0.196440	34,403	-
08/20/2017	0.199152	0.199152	0.168683	0.172623	233	-
08/19/2017	0.126065	0.199910	0.123462	0.199685	266	-
08/18/2017	0.181864	0.186892	0.125524	0.126065	16,045	-
08/17/2017	0.187536	0.194986	0.135646	0.181864	1,576	-
08/16/2017	0.188178	0.189836	0.186153	0.187536	45	-
08/15/2017	0.180885	0.188286	0.176230	0.182416	38	-
08/14/2017	0.246158	0.246158	0.177891	0.180885	2,472	-
08/13/2017	0.180326	0.250966	0.161941	0.246158	16,267	-
08/12/2017	0.181941	0.194598	0.175291	0.180329	4,254	-
08/11/2017	0.163814	0.213234	0.163814	0.181941	544	-
08/10/2017	0.163694	0.184981	0.155354	0.163814	15,028	-
08/09/2017	0.185658	0.190038	0.162171	0.163694	372	-
08/08/2017	0.156297	0.196887	0.156297	0.185658	1,095	-
08/07/2017	0.189852	0.225000	0.156297	0.156297	55	-
08/06/2017	0.189064	0.221540	0.181368	0.189851	243	-
08/05/2017	0.194769	0.207358	0.166817	0.189064	473	-
08/04/2017	0.187266	0.195608	0.168173	0.195608	167	-
08/03/2017	0.174625	0.178397	0.172569	0.177213	163	-
08/02/2017	0.185818	0.185818	0.160013	0.175475	161	-
08/01/2017	0.164903	0.185818	0.156545	0.185818	87	-
07/31/2017	0.163989	0.164545	0.160562	0.162484	261	-
07/30/2017	0.148936	0.169603	0.147898	0.163836	263	-
07/29/2017	0.173029	0.201380	0.140714	0.148936	373	-
07/28/2017	0.168840	0.176630	0.160196	0.173029	277	-
07/27/2017	0.179515	0.183824	0.157489	0.168840	659	-
07/26/2017	0.173485	0.237882	0.160204	0.179515	840	-
07/25/2017	0.202599	0.208361	0.158852	0.173844	1,238	-
