Date	Open	High	Low	Close	Volume	Market Cap
07/15/2018	0.118436	0.120717	0.116409	0.118552	636,433	5,175,520
07/14/2018	0.120553	0.123160	0.115896	0.118548	619,419	5,268,030
07/13/2018	0.118939	0.123302	0.118071	0.119965	1,050,690	5,195,490
07/12/2018	0.116993	0.130533	0.115532	0.117469	478,262	4,876,260
07/11/2018	0.128262	0.134692	0.118277	0.118462	467,912	5,345,960
07/10/2018	0.124912	0.149115	0.110266	0.128908	585,744	5,206,330
07/09/2018	0.139636	0.141682	0.124351	0.124351	931,091	5,819,740
07/08/2018	0.150772	0.151859	0.134511	0.139705	967,912	6,283,870
07/07/2018	0.151458	0.152007	0.138204	0.150626	1,048,580	6,311,100
07/06/2018	0.154225	0.154570	0.137094	0.153014	950,658	6,426,390
07/05/2018	0.150724	0.158822	0.150066	0.153965	1,075,910	6,280,340
07/04/2018	0.153177	0.159455	0.149689	0.150987	1,031,840	6,382,550
07/03/2018	0.160928	0.167036	0.152549	0.153298	1,189,210	-
07/02/2018	0.151645	0.185253	0.149961	0.161191	444,304	-
07/01/2018	0.145193	0.154484	0.142589	0.151607	430,732	-
06/30/2018	0.150999	0.160640	0.142724	0.145136	1,398,530	-
06/29/2018	0.143984	0.157702	0.138466	0.150895	1,203,300	-
06/28/2018	0.143817	0.157891	0.143448	0.144475	1,806,890	-
06/27/2018	0.141912	0.145313	0.139502	0.143861	1,407,970	-
