Date	Open	High	Low	Close	Volume	Market Cap
07/15/2018	0.609499	0.628079	0.594094	0.615630	975,515	10,379,400
07/14/2018	0.627939	0.633870	0.608359	0.609658	2,088,060	10,693,400
07/13/2018	0.627267	0.642857	0.614829	0.629828	897,038	10,681,900
07/12/2018	0.671411	0.671411	0.604621	0.621042	2,474,850	11,433,700
07/11/2018	0.689299	0.872090	0.615388	0.683839	2,096,040	11,738,300
07/10/2018	0.695189	0.836957	0.688028	0.688028	1,582,400	11,838,600
07/09/2018	0.722243	0.728984	0.677601	0.696046	998,384	12,299,300
07/08/2018	0.733622	0.738310	0.705626	0.722430	2,076,630	12,493,100
07/07/2018	0.689807	0.732806	0.686407	0.732806	1,152,210	11,746,900
07/06/2018	0.706796	0.712060	0.661271	0.694987	696,255	12,036,300
07/05/2018	0.707762	0.723618	0.667633	0.708171	1,470,680	12,052,700
07/04/2018	0.710122	0.739896	0.675394	0.706518	1,198,350	12,092,900
07/03/2018	0.728959	0.775214	0.706620	0.710811	838,697	12,413,700
07/02/2018	0.695706	0.792967	0.689360	0.743601	1,676,960	11,847,400
07/01/2018	0.662396	0.703060	0.636212	0.695909	756,883	11,280,200
06/30/2018	0.610591	0.686590	0.582253	0.644940	2,069,000	10,398,000
06/29/2018	0.557256	0.614705	0.525591	0.609732	1,998,560	9,489,690
06/28/2018	0.564037	0.596160	0.539785	0.559993	1,585,520	9,605,170
06/27/2018	0.582655	0.602619	0.553196	0.563748	1,280,590	9,922,220
06/26/2018	0.589479	0.623768	0.567524	0.573562	2,461,060	10,038,400
06/25/2018	0.548630	0.615357	0.512299	0.589482	2,525,780	9,342,800
06/24/2018	0.549446	0.570417	0.503645	0.541685	1,529,130	9,356,700
06/23/2018	0.522342	0.654979	0.496934	0.545362	1,826,250	8,895,120
06/22/2018	0.617786	0.661126	0.502000	0.502119	1,367,590	10,520,500
06/21/2018	0.644454	0.648677	0.617447	0.618468	1,349,630	10,974,600
06/20/2018	0.662547	0.671893	0.576293	0.653438	4,560,510	11,282,700
06/19/2018	0.663365	0.681225	0.658960	0.662139	1,467,160	11,296,700
06/18/2018	0.645025	0.687621	0.628334	0.663723	2,689,940	10,984,300
06/17/2018	0.671152	0.701609	0.631136	0.647385	2,339,250	11,429,300
06/16/2018	0.693183	0.701784	0.640935	0.659610	2,068,530	11,804,400
06/15/2018	0.734936	0.761189	0.630434	0.695720	3,621,660	12,515,500
06/14/2018	0.658491	0.936337	0.658491	0.739463	525,018	11,213,700
06/13/2018	0.694169	2.31	0.615638	0.655208	1,651,810	11,821,200
06/12/2018	0.699974	1.08	0.635989	0.692378	2,855,670	11,920,100
06/11/2018	0.708836	0.805880	0.668529	0.709896	4,654,060	12,071,000
06/10/2018	0.777911	0.920249	0.708855	0.708855	3,026,680	13,247,300
06/09/2018	0.813820	0.852334	0.729131	0.774617	2,207,260	13,858,800
06/08/2018	0.791131	0.870037	0.775229	0.806593	3,625,040	13,472,400
06/07/2018	0.863896	0.897583	0.767380	0.786385	6,423,140	14,711,600
06/06/2018	0.957922	0.967848	0.846319	0.863077	5,261,790	16,312,800
06/05/2018	0.908097	0.975929	0.900109	0.966056	5,018,050	15,464,300
06/04/2018	0.905418	0.962644	0.854204	0.907792	4,289,620	15,418,700
06/03/2018	0.884113	0.911090	0.854223	0.884918	4,013,560	15,055,800
06/02/2018	0.812748	0.899286	0.805798	0.882402	3,436,030	13,840,600
06/01/2018	0.803269	0.824977	0.765009	0.814944	2,568,320	13,679,100
05/31/2018	0.788560	0.829326	0.760559	0.803346	1,690,720	13,428,600
05/30/2018	0.844762	0.850103	0.680257	0.789647	1,461,750	14,385,700
05/29/2018	0.856824	0.876160	0.785187	0.847140	1,434,360	14,591,100
05/28/2018	0.900171	0.907371	0.827388	0.857363	1,378,390	15,329,300
05/27/2018	0.889035	0.931204	0.864703	0.899882	1,466,920	15,139,700
05/26/2018	0.899831	0.922516	0.882429	0.888623	683,643	15,323,500
05/25/2018	0.913850	0.919416	0.879934	0.898385	1,036,780	15,562,300
05/24/2018	0.909298	0.924899	0.862743	0.910349	833,030	15,484,700
05/23/2018	0.975805	0.978637	0.897920	0.911595	971,616	16,617,300
05/22/2018	1.00	1.05	0.964901	0.977723	1,161,100	17,106,400
05/21/2018	1.03	1.13	0.997528	1.01	1,213,430	17,612,500
05/20/2018	0.989575	1.07	0.976782	1.04	1,233,480	16,851,800
05/19/2018	0.962080	1.10	0.956252	0.991532	1,022,650	16,383,600
05/18/2018	0.923447	0.998226	0.834154	0.963774	4,345,460	15,725,700
05/17/2018	0.928234	1.28	0.904261	0.922272	5,044,400	15,807,200
05/16/2018	0.998176	1.00	0.725618	0.931379	3,295,990	16,998,300
05/15/2018	1.04	1.07	0.977645	0.997597	1,554,850	17,689,800
05/14/2018	1.03	1.07	0.972677	1.04	1,962,250	17,572,300
05/13/2018	0.993884	1.08	0.977401	1.03	2,015,260	16,925,200
05/12/2018	0.985798	1.04	0.964564	0.997834	1,080,820	16,787,500
05/11/2018	1.08	1.09	0.968584	0.986936	1,415,330	18,325,400
05/10/2018	1.12	1.15	1.07	1.07	1,775,360	19,070,300
05/09/2018	1.13	1.15	1.07	1.12	1,371,820	19,318,700
05/08/2018	1.11	1.45	1.09	1.14	1,844,820	18,885,300
05/07/2018	1.16	1.17	1.08	1.11	1,579,760	19,836,500
05/06/2018	1.12	1.18	0.911448	1.16	2,434,020	19,067,500
05/05/2018	1.25	1.27	1.12	1.15	2,339,440	21,227,600
05/04/2018	1.20	1.25	1.17	1.24	1,943,090	20,374,300
05/03/2018	1.18	1.23	1.14	1.20	2,806,490	20,029,400
05/02/2018	1.17	1.19	1.13	1.18	1,510,430	19,933,000
05/01/2018	1.19	1.48	1.13	1.17	2,341,800	20,232,700
04/30/2018	1.22	1.30	1.11	1.19	2,116,310	20,830,000
04/29/2018	1.21	1.31	1.13	1.22	2,481,340	20,622,300
04/28/2018	1.41	1.44	1.02	1.22	2,509,010	23,981,700
04/27/2018	1.47	1.48	1.35	1.41	1,664,570	25,086,500
04/26/2018	1.51	1.54	1.37	1.45	1,940,550	25,758,300
04/25/2018	1.76	1.82	1.42	1.50	5,745,740	29,913,900
04/24/2018	1.91	1.97	1.67	1.77	6,398,930	32,508,300
04/23/2018	1.84	1.94	1.79	1.91	4,895,460	31,396,500
04/22/2018	1.85	1.97	1.72	1.89	8,191,390	31,529,000
04/21/2018	2.07	2.07	1.68	1.86	2,721,240	35,211,300
04/20/2018	1.78	2.15	1.72	2.07	4,064,040	30,370,500
04/19/2018	1.65	1.81	1.25	1.78	1,754,410	28,123,400
04/18/2018	1.61	1.75	1.61	1.65	2,179,510	27,409,300
04/17/2018	2.29	2.34	1.60	1.60	3,726,590	38,926,800
04/16/2018	2.58	3.38	2.26	2.29	2,485,760	43,898,200
04/15/2018	2.50	2.82	2.42	2.62	5,121,910	42,539,600
04/14/2018	2.48	2.58	2.41	2.49	5,612,800	42,270,400
04/13/2018	2.27	2.52	2.27	2.46	5,273,290	38,633,900
04/12/2018	2.09	2.33	1.90	2.27	4,391,570	35,599,000
04/11/2018	1.90	2.34	1.89	2.10	5,258,450	32,392,700
04/10/2018	1.67	2.16	1.67	1.88	4,296,160	28,503,100
04/09/2018	1.70	1.78	1.59	1.67	636,166	28,961,400
04/08/2018	1.79	1.84	1.69	1.72	5,911,110	30,511,600
04/07/2018	1.75	2.16	1.74	1.79	2,711,400	29,834,200
04/06/2018	1.84	2.30	1.71	1.75	3,150,670	31,303,400
04/05/2018	1.89	1.95	1.81	1.88	5,198,800	32,170,100
04/04/2018	2.04	2.09	1.81	1.87	4,230,870	34,697,400
04/03/2018	2.15	2.32	1.93	2.04	3,807,180	36,691,300
04/02/2018	1.91	2.20	1.87	2.13	4,238,650	32,602,900
04/01/2018	1.87	1.96	1.65	1.91	2,775,580	31,858,800
03/31/2018	1.78	2.11	1.69	1.86	2,953,790	30,350,600
03/30/2018	1.71	1.79	1.54	1.78	3,617,830	29,144,900
03/29/2018	2.22	2.25	1.66	1.72	5,209,480	37,853,900
03/28/2018	2.81	2.86	2.14	2.25	7,482,780	47,915,600
03/27/2018	2.38	3.24	2.19	2.77	11,403,800	40,558,600
03/26/2018	1.92	2.38	1.69	2.38	14,896,600	32,645,700
03/25/2018	1.32	1.92	1.32	1.88	4,583,850	22,528,300
03/24/2018	1.24	1.39	1.23	1.34	2,700,660	21,033,400
03/23/2018	1.14	1.23	1.09	1.23	1,300,210	19,404,400
03/22/2018	1.21	1.24	1.09	1.14	2,464,520	20,529,600
03/21/2018	1.29	1.38	1.19	1.21	2,863,780	21,941,800
03/20/2018	1.24	1.29	1.18	1.29	3,583,990	21,052,300
03/19/2018	1.19	1.27	1.16	1.23	1,771,340	20,311,200
03/18/2018	1.12	1.20	1.05	1.20	228,023	19,128,600
03/17/2018	1.26	1.26	1.10	1.13	3,115,720	21,393,100
03/16/2018	1.27	1.31	1.17	1.27	3,894,960	21,577,800
03/15/2018	1.31	1.33	1.18	1.27	3,419,300	22,233,800
03/14/2018	1.47	1.50	1.28	1.31	3,156,310	25,001,200
03/13/2018	1.50	1.57	1.41	1.47	2,685,740	25,562,100
03/12/2018	1.66	1.67	1.41	1.51	2,650,660	28,197,500
03/11/2018	1.44	1.69	1.44	1.66	2,233,720	24,491,200
03/10/2018	1.58	1.63	1.40	1.44	369,078	26,856,400
03/09/2018	1.58	1.61	1.41	1.58	1,259,780	26,866,200
03/08/2018	1.76	1.79	1.57	1.59	2,257,400	29,936,000
03/07/2018	1.72	1.97	1.51	1.76	3,583,860	29,339,100
03/06/2018	1.38	1.91	1.32	1.72	1,585,450	23,450,200
03/05/2018	1.37	1.39	1.27	1.38	2,302,080	23,279,200
03/04/2018	1.30	1.42	1.25	1.37	2,427,150	22,216,800
03/03/2018	1.29	1.36	1.25	1.31	1,710,570	22,049,100
03/02/2018	1.16	1.31	1.10	1.31	1,361,620	19,787,500
03/01/2018	0.693895	1.20	0.616185	1.16	1,892,420	11,816,600
02/28/2018	1.29	1.72	0.720934	0.755481	772,823	22,027,000
02/27/2018	1.26	1.35	1.22	1.29	422,874	21,517,000
02/26/2018	1.13	1.32	1.10	1.26	945,586	19,160,600
02/25/2018	1.48	1.48	1.10	1.12	883,451	25,121,300
02/24/2018	1.39	1.42	1.08	1.17	1,812,510	23,647,000
02/23/2018	1.34	1.42	1.22	1.39	476,861	22,832,400
02/22/2018	1.37	1.63	1.23	1.34	1,677,190	23,246,700
02/21/2018	1.47	1.47	1.34	1.37	271,864	24,993,100
02/20/2018	1.56	1.62	1.41	1.47	314,810	26,585,100
02/19/2018	1.45	1.57	1.34	1.56	1,316,840	24,704,800
02/18/2018	1.62	1.73	1.45	1.46	721,944	27,502,800
02/17/2018	1.53	1.70	1.50	1.61	3,166,200	25,970,400
02/16/2018	1.56	1.62	1.45	1.62	1,157,810	26,507,100
02/15/2018	1.53	1.57	1.44	1.57	2,332,540	26,088,500
02/14/2018	1.43	1.57	1.41	1.52	1,443,250	24,297,400
02/13/2018	1.56	1.57	1.38	1.44	629,962	26,579,200
02/12/2018	1.62	1.68	1.51	1.57	3,281,420	27,519,300
02/11/2018	1.61	1.64	1.45	1.53	950,928	27,453,900
02/10/2018	1.57	1.72	1.53	1.61	1,858,980	26,713,000
02/09/2018	1.45	1.59	1.29	1.57	4,061,390	24,710,400
02/08/2018	1.27	1.52	1.27	1.45	54,213	21,652,600
02/07/2018	1.31	1.47	1.20	1.29	199,877	22,337,000
02/06/2018	1.18	1.41	0.911951	1.39	1,449,010	20,025,700
02/05/2018	1.46	1.47	1.13	1.17	131,516	24,795,600
02/04/2018	1.63	1.77	1.35	1.47	528,820	27,828,300
02/03/2018	1.62	2.08	1.44	1.64	1,535,590	27,599,900
02/02/2018	1.72	1.75	1.51	1.62	726,595	29,372,300
02/01/2018	1.97	1.98	1.61	1.73	611,900	33,549,900
01/31/2018	1.65	1.95	1.54	1.95	1,168,340	28,162,000
01/30/2018	1.90	1.90	1.58	1.65	491,920	32,295,100
01/29/2018	2.07	2.11	1.79	1.87	426,307	35,204,900
01/28/2018	2.08	2.14	2.00	2.07	138,033	35,489,800
01/27/2018	2.14	2.15	1.90	2.07	498,790	36,469,900
01/26/2018	1.96	2.15	1.86	2.14	605,125	33,362,300
01/25/2018	2.21	2.26	1.88	1.98	952,839	37,593,500
01/24/2018	2.22	2.25	1.92	2.11	1,498,900	37,785,600
01/23/2018	2.35	2.36	2.03	2.20	6,015,690	39,949,000
01/22/2018	2.44	2.67	2.03	2.39	2,297,440	41,543,000
01/21/2018	2.76	2.98	2.37	2.40	2,183,610	46,941,300
01/20/2018	2.44	2.86	2.44	2.75	455,784	41,578,300
01/19/2018	2.58	2.72	2.29	2.41	884,931	43,983,000
01/18/2018	2.85	2.94	2.35	2.61	1,539,760	48,604,300
01/17/2018	2.86	3.11	2.02	2.85	3,626,030	48,627,800
01/16/2018	3.05	3.31	2.42	2.87	5,317,280	51,905,900
01/15/2018	2.77	3.38	2.71	3.06	7,222,510	47,090,300
01/14/2018	2.49	2.84	2.49	2.82	1,980,070	42,376,900
01/13/2018	2.29	2.75	2.29	2.49	1,959,690	39,073,200
01/12/2018	1.92	2.34	1.85	2.26	1,902,150	32,641,900
01/11/2018	2.25	2.25	1.85	1.90	738,395	38,251,600
01/10/2018	2.15	2.25	1.95	2.25	514,460	36,674,800
01/09/2018	2.09	2.18	1.97	2.15	502,798	35,615,300
01/08/2018	1.98	2.18	1.82	2.10	1,403,200	33,750,400
01/07/2018	2.21	2.27	1.98	1.98	487,296	37,589,400
01/06/2018	2.18	2.30	1.83	2.23	446,112	37,132,700
01/05/2018	2.08	2.23	1.87	2.18	1,353,770	35,493,400
01/04/2018	2.02	2.15	1.79	2.08	1,267,200	34,389,300
01/03/2018	2.10	2.13	1.94	2.01	1,065,900	35,817,500
01/02/2018	1.84	2.22	1.79	2.11	3,683,640	31,264,100
01/01/2018	1.98	2.07	1.85	1.85	804,439	33,715,500
12/31/2017	2.02	2.20	1.75	2.00	1,143,880	34,413,300
12/30/2017	2.01	3.04	1.81	2.03	3,784,850	34,192,200
12/29/2017	2.23	2.33	1.91	2.01	1,640,850	37,967,500
12/28/2017	2.04	2.36	1.96	2.21	2,068,520	34,732,400
12/27/2017	2.18	2.52	2.01	2.04	2,019,230	-
12/26/2017	2.33	2.63	1.97	2.18	1,544,870	-
12/25/2017	2.50	2.64	2.13	2.33	1,969,730	-
12/24/2017	2.56	2.57	2.07	2.46	1,737,540	-
12/23/2017	2.51	2.78	2.28	2.54	1,481,180	-
12/22/2017	2.24	2.75	2.05	2.49	1,870,610	-
12/21/2017	2.50	2.58	2.16	2.23	3,218,360	-
12/20/2017	2.52	2.77	2.32	2.50	1,340,960	-
12/19/2017	2.88	3.10	2.52	2.52	1,387,590	-
12/18/2017	2.64	3.17	2.47	2.88	991,740	-
12/17/2017	2.69	2.97	2.58	2.63	1,790,360	-
12/16/2017	2.74	2.87	2.54	2.69	2,643,420	-
12/15/2017	2.67	2.94	2.64	2.74	2,010,920	-
12/14/2017	2.81	2.90	2.59	2.62	842,391	-
12/13/2017	3.06	3.14	2.79	2.81	1,322,010	-
12/12/2017	3.21	3.29	2.86	3.06	2,024,840	-
12/11/2017	3.33	3.66	3.08	3.20	3,302,290	-
12/10/2017	3.04	3.51	2.72	3.36	7,358,560	-
12/09/2017	3.40	3.45	2.72	3.03	1,471,010	-
12/08/2017	3.45	3.52	2.50	3.41	2,170,290	-
12/07/2017	2.60	3.70	2.16	3.44	3,073,500	-
12/06/2017	2.50	2.66	2.40	2.60	3,922,940	-
12/05/2017	2.75	2.75	2.48	2.51	3,004,530	-
12/04/2017	2.90	2.94	2.57	2.75	2,549,390	-
12/03/2017	2.61	3.14	2.54	2.98	3,043,930	-
12/02/2017	2.97	3.04	2.61	2.61	3,292,260	-
12/01/2017	2.79	2.97	2.52	2.97	3,716,430	-
11/30/2017	2.62	2.99	2.50	2.80	4,727,560	-
11/29/2017	2.70	3.13	2.46	2.58	3,589,030	-
11/28/2017	2.96	3.08	2.47	2.70	4,514,750	-
11/27/2017	3.31	3.43	2.86	2.97	4,399,540	-
11/26/2017	3.29	3.96	3.03	3.31	4,489,980	-
11/25/2017	3.71	3.82	3.20	3.25	6,886,130	-
11/24/2017	3.89	3.94	3.67	3.72	4,571,040	-
11/23/2017	3.91	4.40	3.33	3.90	6,934,230	-
11/22/2017	3.74	4.21	3.72	3.91	1,214,790	-
11/21/2017	4.38	4.60	3.45	3.74	2,508,440	-
11/20/2017	5.00	5.06	4.52	4.52	2,502,870	-
11/19/2017	4.87	5.30	4.43	4.99	3,995,450	-
11/18/2017	4.57	5.26	3.61	4.89	5,813,980	-
11/17/2017	2.28	4.53	2.28	4.53	6,457,000	-
11/16/2017	1.28	2.44	1.26	2.28	3,129,410	-
11/15/2017	0.985805	1.29	0.985805	1.28	1,247,030	-
11/14/2017	0.958485	1.10	0.901383	0.988694	1,121,720	-
11/13/2017	0.943563	1.03	0.905597	0.935727	1,002,990	-
11/12/2017	0.807535	1.06	0.750039	0.944024	1,278,530	-
11/11/2017	0.766833	0.808515	0.721116	0.808475	904,738	-
11/10/2017	0.743060	0.832647	0.589082	0.771549	1,865,180	-
11/09/2017	0.677119	0.793122	0.656476	0.741781	1,885,790	-
11/08/2017	0.529858	0.677547	0.526707	0.677547	826,168	-
11/07/2017	0.520353	0.557731	0.508978	0.531526	172,307	-
11/06/2017	0.627227	0.638106	0.509313	0.521191	231,418	-
11/05/2017	0.590403	0.658265	0.580518	0.625832	307,447	-
11/04/2017	0.570373	0.604719	0.531381	0.591432	272,219	-
11/03/2017	0.557175	0.609975	0.511166	0.589637	324,037	-
11/02/2017	0.426917	0.578848	0.309658	0.557642	400,926	-
11/01/2017	0.448931	0.479099	0.320032	0.407588	238,079	-
10/31/2017	0.452239	0.483344	0.396780	0.449150	153,768	-
10/30/2017	0.507006	0.522240	0.430064	0.453800	99,444	-
10/29/2017	0.524568	0.528098	0.428518	0.509968	84,708	-
10/28/2017	0.432232	0.532151	0.418680	0.525286	71,092	-
10/27/2017	0.325273	0.563885	0.304685	0.431052	138,035	-
10/26/2017	0.409558	0.486046	0.314250	0.324387	71,369	-
10/25/2017	0.387984	0.480521	0.366954	0.409605	42,431	-
10/24/2017	0.415177	0.468267	0.350107	0.387875	27,683	-
10/23/2017	0.493142	0.514144	0.372098	0.416092	42,430	-
10/22/2017	0.533349	0.586406	0.388936	0.493937	69,937	-
10/21/2017	0.536608	0.576355	0.463520	0.533188	51,005	-
10/20/2017	0.508426	0.550321	0.488588	0.537739	20,987	-
10/19/2017	0.515369	0.607773	0.408765	0.515282	81,495	-
10/18/2017	0.546105	0.600984	0.478794	0.515102	35,027	-
10/17/2017	0.525794	0.670615	0.504871	0.546067	119,184	-
10/16/2017	0.539157	0.569027	0.494629	0.525712	24,987	-
10/15/2017	0.529901	0.603641	0.227695	0.539085	69,609	-
10/14/2017	0.553254	0.637738	0.482294	0.528955	30,980	-
10/13/2017	0.653489	0.653489	0.512345	0.553104	61,952	-
10/12/2017	0.565425	0.746950	0.474691	0.651482	111,786	-
10/11/2017	0.587290	0.626116	0.488975	0.564947	71,688	-
10/10/2017	0.753109	0.764520	0.584199	0.586991	16,328	-
10/09/2017	0.697079	0.757338	0.475516	0.695346	55,152	-
10/08/2017	0.716915	0.774972	0.631859	0.696897	131,571	-
10/07/2017	0.647237	0.744148	0.532419	0.731565	104,779	-
10/06/2017	0.678824	0.694084	0.643560	0.647028	56,106	-
10/05/2017	0.688224	0.778162	0.634729	0.693162	86,061	-
10/04/2017	0.804568	0.817421	0.655048	0.687643	57,467	-
10/03/2017	0.699280	0.839400	0.660760	0.802706	141,388	-
10/02/2017	0.624851	0.699147	0.624530	0.698815	141,131	-
10/01/2017	0.705334	0.713060	0.514218	0.625477	40,310	-
09/30/2017	0.599371	0.704953	0.548610	0.704953	130,908	-
09/29/2017	0.567022	0.610613	0.537833	0.599295	232,789	-
