Date	Open	High	Low	Close	Volume	Market Cap
07/15/2018	0.058000	0.059677	0.057814	0.059336	113,367	4,059,990
07/14/2018	0.057045	0.058446	0.057045	0.058023	98,475	3,993,140
07/13/2018	0.056173	0.057487	0.056173	0.056998	123,005	3,932,140
07/12/2018	0.059075	0.059116	0.055664	0.056088	111,138	4,135,250
07/11/2018	0.059208	0.059916	0.058833	0.059079	120,557	4,144,550
07/10/2018	0.065233	0.065480	0.059181	0.059181	127,701	4,566,280
07/09/2018	0.066008	0.066690	0.065256	0.065256	135,771	4,620,590
07/08/2018	0.066940	0.067760	0.065931	0.065931	117,214	4,685,790
07/07/2018	0.066191	0.067181	0.065060	0.066968	140,467	4,633,360
07/06/2018	0.066727	0.066776	0.064467	0.066334	135,786	4,670,860
07/05/2018	0.071711	0.071711	0.066107	0.066738	147,128	5,019,800
07/04/2018	0.068415	0.073713	0.066412	0.071532	202,794	4,789,030
07/03/2018	0.063817	0.069593	0.063412	0.067886	248,535	4,467,220
07/02/2018	0.060636	0.064924	0.060077	0.064068	129,035	4,244,490
07/01/2018	0.061812	0.062102	0.059865	0.060641	119,589	4,326,820
06/30/2018	0.058252	0.062006	0.058252	0.061866	113,273	4,077,630
06/29/2018	0.058042	0.059028	0.055568	0.058196	162,315	4,062,940
06/28/2018	0.061707	0.061789	0.058029	0.058029	115,270	4,319,500
06/27/2018	0.063126	0.063126	0.060345	0.061609	115,020	4,418,810
06/26/2018	0.066075	0.066230	0.063281	0.063345	134,266	4,625,260
06/25/2018	0.064161	0.066624	0.063424	0.066075	145,432	4,491,280
06/24/2018	0.070079	0.070199	0.060593	0.064348	157,031	4,905,530
06/23/2018	0.064722	0.073364	0.064722	0.069585	277,991	4,530,510
06/22/2018	0.068179	0.072039	0.063523	0.064710	294,285	4,772,490
06/21/2018	0.070211	0.070363	0.067811	0.068214	175,798	4,914,750
06/20/2018	0.071129	0.071230	0.067646	0.069743	176,904	4,979,040
06/19/2018	0.068212	0.072078	0.068212	0.071094	181,828	4,774,840
06/18/2018	0.068032	0.068709	0.065729	0.068244	158,563	4,762,230
06/17/2018	0.071292	0.071859	0.068043	0.068151	165,714	4,990,480
06/16/2018	0.071325	0.072003	0.070307	0.071221	134,262	4,992,770
06/15/2018	0.074642	0.075056	0.071137	0.071491	119,065	5,224,910
06/14/2018	0.070479	0.075164	0.069561	0.074722	123,581	4,933,540
06/13/2018	0.077477	0.077848	0.068930	0.070451	151,961	5,423,380
06/12/2018	0.084444	0.086005	0.077627	0.077627	158,198	5,911,040
06/11/2018	0.086926	0.087807	0.080382	0.084597	184,404	6,084,840
06/10/2018	0.098518	0.098518	0.085125	0.086823	205,145	6,896,240
06/09/2018	0.109675	0.113118	0.069989	0.098778	292,179	7,677,220
06/08/2018	0.112859	0.113434	0.109276	0.109683	181,568	7,900,150
06/07/2018	0.112860	0.114903	0.112053	0.112814	178,210	7,900,230
06/06/2018	0.118665	0.119205	0.110690	0.112810	260,357	8,306,520
06/05/2018	0.117437	0.118817	0.115572	0.118721	164,483	8,220,580
06/04/2018	0.122171	0.123205	0.116470	0.117311	179,250	8,551,940
06/03/2018	0.125235	0.128325	0.121203	0.122165	226,166	8,766,480
06/02/2018	0.123137	0.126973	0.122606	0.125264	180,500	8,619,610
06/01/2018	0.125346	0.127837	0.121130	0.123171	203,501	8,774,220
05/31/2018	0.126835	0.126835	0.122760	0.125227	197,955	8,878,440
05/30/2018	0.126921	0.129562	0.120876	0.124814	331,205	8,884,440
05/29/2018	0.112095	0.131149	0.110821	0.126855	199,776	7,846,640
05/28/2018	0.125716	0.125716	0.111132	0.112222	197,022	8,800,150
05/27/2018	0.125790	0.128315	0.122045	0.125709	175,612	8,805,280
05/26/2018	0.126846	0.131427	0.125447	0.125888	132,586	8,879,220
05/25/2018	0.130932	0.131645	0.125435	0.126853	149,485	9,165,270
05/24/2018	0.126206	0.132361	0.123508	0.130712	226,072	8,834,400
05/23/2018	0.146483	0.146483	0.125519	0.126627	215,839	10,253,800
05/22/2018	0.156917	0.157193	0.147140	0.147140	178,742	10,984,200
05/21/2018	0.163116	0.163446	0.156515	0.157233	255,539	11,418,200
05/20/2018	0.162995	0.165371	0.160253	0.163233	205,327	11,409,700
05/19/2018	0.165027	0.167281	0.161963	0.162900	189,217	11,551,900
05/18/2018	0.161464	0.166582	0.159162	0.165197	238,370	11,302,400
05/17/2018	0.169660	0.176418	0.160442	0.161396	376,218	11,876,200
05/16/2018	0.158291	0.175349	0.150603	0.169993	683,303	11,080,400
05/15/2018	0.159139	0.167164	0.156883	0.158327	290,515	11,139,700
05/14/2018	0.158549	0.162702	0.151238	0.159410	247,966	11,098,400
05/13/2018	0.145686	0.160557	0.143565	0.158692	262,516	10,198,000
05/12/2018	0.143503	0.150905	0.137532	0.145571	221,294	10,045,200
05/11/2018	0.167395	0.167395	0.141778	0.143924	380,352	11,717,700
05/10/2018	0.178746	0.182570	0.167045	0.167401	278,982	12,512,200
05/09/2018	0.181568	0.181568	0.173947	0.178855	337,250	12,709,800
05/08/2018	0.182664	0.186542	0.179815	0.181797	416,777	12,786,500
05/07/2018	0.193028	0.193551	0.178330	0.182359	382,328	13,512,000
05/06/2018	0.205653	0.206938	0.182539	0.192894	469,928	14,395,700
05/05/2018	0.209149	0.210962	0.198656	0.205306	671,527	14,640,400
05/04/2018	0.206932	0.210681	0.201407	0.210361	466,067	14,485,200
05/03/2018	0.207675	0.208994	0.197150	0.207054	1,003,520	14,537,300
05/02/2018	0.192497	0.219081	0.189365	0.210413	1,992,520	13,474,800
05/01/2018	0.185025	0.192140	0.176506	0.192140	698,763	12,951,800
04/30/2018	0.193621	0.194806	0.181584	0.184820	443,223	13,553,500
04/29/2018	0.190062	0.197092	0.179887	0.194829	644,110	13,304,400
04/28/2018	0.184447	0.192681	0.183405	0.189955	359,826	12,911,300
04/27/2018	0.190587	0.193270	0.183928	0.185345	417,841	13,341,100
04/26/2018	0.177315	0.192095	0.172622	0.190356	484,972	12,412,100
04/25/2018	0.203754	0.204817	0.175572	0.175849	641,458	14,262,800
04/24/2018	0.206770	0.212991	0.204248	0.207023	897,166	14,473,900
04/23/2018	0.206501	0.209185	0.201895	0.207649	653,822	14,455,100
04/22/2018	0.207824	0.210221	0.198611	0.206922	691,044	14,547,700
04/21/2018	0.202035	0.210729	0.196154	0.206592	1,120,950	14,142,500
04/20/2018	0.197396	0.203126	0.181432	0.200830	1,360,300	13,817,700
04/19/2018	0.184831	0.205316	0.183911	0.196274	1,593,770	12,938,200
04/18/2018	0.167742	0.184297	0.165771	0.184297	692,944	11,741,900
04/17/2018	0.161122	0.174179	0.159849	0.167195	1,468,770	11,278,500
04/16/2018	0.167683	0.168570	0.156622	0.161062	623,790	11,737,800
04/15/2018	0.158775	0.169384	0.158775	0.167776	618,506	11,114,200
04/14/2018	0.151767	0.165723	0.151169	0.159443	1,910,540	10,623,700
04/13/2018	0.154375	0.159914	0.149269	0.151798	685,928	10,806,300
04/12/2018	0.141784	0.154412	0.131002	0.152751	1,207,270	9,924,890
04/11/2018	0.145402	0.148838	0.131163	0.142587	3,620,250	10,178,100
04/10/2018	0.115061	0.198224	0.115061	0.139922	23,123,800	8,054,240
04/09/2018	0.110611	0.134529	0.110611	0.114868	2,819,720	7,742,750
04/08/2018	0.108867	0.116393	0.106996	0.111840	641,442	7,620,680
04/07/2018	0.101931	0.113406	0.101659	0.108762	673,356	7,135,140
04/06/2018	0.106810	0.107502	0.099617	0.101943	231,227	7,476,690
04/05/2018	0.107800	0.109866	0.097828	0.107309	379,234	7,545,970
04/04/2018	0.117752	0.117752	0.103612	0.107765	279,726	8,242,650
04/03/2018	0.107222	0.117993	0.104634	0.117993	417,717	7,505,540
04/02/2018	0.101322	0.107135	0.100659	0.107135	286,732	7,092,550
04/01/2018	0.103438	0.113464	0.094555	0.100843	748,002	7,240,670
03/31/2018	0.098911	0.127997	0.098911	0.104120	1,485,450	6,923,750
03/30/2018	0.103299	0.103745	0.095624	0.099137	207,104	7,230,900
03/29/2018	0.122459	0.123479	0.101863	0.103498	228,999	8,572,140
03/28/2018	0.119812	0.126729	0.114370	0.122389	402,111	8,386,840
03/27/2018	0.139075	0.139075	0.120593	0.121979	537,018	9,735,250
03/26/2018	0.134331	0.168064	0.125745	0.140503	4,652,300	9,403,200
03/25/2018	0.123707	0.147559	0.122233	0.133836	1,804,060	8,659,520
03/24/2018	0.126516	0.134246	0.122880	0.125285	272,066	8,856,110
03/23/2018	0.136122	0.136665	0.124199	0.125546	271,971	9,528,540
03/22/2018	0.142798	0.150102	0.130443	0.136832	294,788	9,995,860
03/21/2018	0.141982	0.152060	0.141068	0.144027	514,116	9,938,770
03/20/2018	0.132959	0.144050	0.129313	0.141440	193,400	9,307,150
03/19/2018	0.124705	0.133311	0.121842	0.131829	221,291	8,729,330
03/18/2018	0.121464	0.125010	0.108249	0.125010	236,577	8,502,480
03/17/2018	0.137974	0.139331	0.121357	0.121707	220,920	9,658,160
03/16/2018	0.134904	0.143050	0.129829	0.137851	236,709	9,443,280
03/15/2018	0.139293	0.140097	0.125433	0.134983	424,917	9,750,500
03/14/2018	0.160319	0.163776	0.136614	0.139307	335,975	11,222,300
03/13/2018	0.166019	0.171408	0.159805	0.161329	445,341	11,621,300
03/12/2018	0.173587	0.181858	0.161861	0.166645	419,442	12,151,100
03/11/2018	0.165303	0.178840	0.157558	0.174194	414,521	11,571,200
03/10/2018	0.181535	0.183466	0.165230	0.167721	450,756	12,707,400
03/09/2018	0.186713	0.204601	0.161639	0.181257	2,377,890	13,069,900
03/08/2018	0.180653	0.254096	0.173810	0.184404	8,715,070	12,645,700
03/07/2018	0.219810	0.224777	0.170747	0.180747	909,894	15,386,700
03/06/2018	0.227996	0.227996	0.209683	0.218555	558,727	15,959,700
03/05/2018	0.231391	0.242065	0.221116	0.231013	1,052,970	16,197,400
03/04/2018	0.220314	0.231739	0.201320	0.229865	718,438	15,422,000
03/03/2018	0.220401	0.247451	0.210576	0.220619	2,444,500	15,428,100
03/02/2018	0.202415	0.258526	0.201702	0.221201	6,706,670	14,169,000
03/01/2018	0.174420	0.204701	0.169151	0.201784	1,423,170	12,209,400
02/28/2018	0.187645	0.195093	0.173695	0.174163	448,493	13,135,100
02/27/2018	0.196830	0.196969	0.178211	0.186639	514,203	13,778,100
02/26/2018	0.195940	0.215792	0.190185	0.196279	816,739	13,715,800
02/25/2018	0.184095	0.197330	0.179672	0.197031	515,129	12,886,700
02/24/2018	0.189103	0.191096	0.170109	0.183934	649,193	13,237,200
02/23/2018	0.169069	0.190912	0.164141	0.187729	340,731	11,834,800
02/22/2018	0.180874	0.185612	0.165653	0.169486	347,887	12,661,200
02/21/2018	0.191563	0.197690	0.178346	0.181038	310,135	13,409,400
02/20/2018	0.211723	0.237221	0.188830	0.191792	1,590,660	14,820,600
02/19/2018	0.205478	0.217149	0.205377	0.211342	328,519	14,383,500
02/18/2018	0.239094	0.239094	0.206175	0.206188	525,554	16,736,600
02/17/2018	0.214292	0.238790	0.212096	0.238175	646,066	15,000,400
02/16/2018	0.212706	0.218405	0.205262	0.214591	234,386	14,889,400
02/15/2018	0.207776	0.214600	0.201844	0.213392	366,391	14,544,300
02/14/2018	0.195100	0.208999	0.192711	0.208363	459,029	13,657,000
02/13/2018	0.208705	0.212205	0.192914	0.195544	498,508	14,609,400
02/12/2018	0.188993	0.212722	0.188104	0.209392	396,960	13,229,500
02/11/2018	0.201875	0.201875	0.175265	0.187922	282,316	14,131,200
02/10/2018	0.206628	0.232957	0.189539	0.202053	1,735,150	14,464,000
02/09/2018	0.191973	0.208166	0.173470	0.206507	545,317	13,438,100
02/08/2018	0.178840	0.213151	0.178840	0.192671	292,338	12,518,800
02/07/2018	0.176586	0.206013	0.155050	0.183488	352,189	12,361,000
02/06/2018	0.153894	0.178561	0.126430	0.177989	378,162	10,772,600
02/05/2018	0.195205	0.212382	0.145146	0.153660	678,503	13,664,400
02/04/2018	0.239510	0.248195	0.190414	0.196993	222,019	16,765,700
02/03/2018	0.221383	0.250908	0.202582	0.238238	466,289	15,496,800
02/02/2018	0.244525	0.244525	0.166937	0.223070	650,673	17,116,700
02/01/2018	0.309249	0.317235	0.229964	0.240981	580,226	21,647,400
01/31/2018	0.306340	0.316930	0.281134	0.311158	697,888	21,443,800
01/30/2018	0.369084	0.370737	0.302633	0.303388	663,640	25,835,900
01/29/2018	0.398125	0.404416	0.359625	0.375682	2,020,480	27,868,700
01/28/2018	0.404606	0.412407	0.389175	0.398265	1,213,060	28,322,400
01/27/2018	0.386614	0.422530	0.362232	0.401854	2,164,360	27,063,000
01/26/2018	0.368773	0.407736	0.338619	0.394585	11,140,900	25,814,100
01/25/2018	0.352763	0.365902	0.330678	0.341013	656,095	24,693,400
01/24/2018	0.343722	0.363979	0.330058	0.347405	732,159	24,060,600
01/23/2018	0.368043	0.380537	0.318369	0.343839	1,327,760	25,763,000
01/22/2018	0.352077	0.419645	0.321566	0.368913	6,574,150	24,645,400
01/21/2018	0.436113	0.436113	0.336347	0.347534	1,818,580	30,527,900
01/20/2018	0.403531	0.439444	0.381498	0.432342	2,970,550	28,247,200
01/19/2018	0.379508	0.418067	0.361120	0.398392	1,672,440	26,565,500
01/18/2018	0.369884	0.433555	0.348543	0.381404	1,433,790	25,891,900
01/17/2018	0.432433	0.432433	0.274718	0.368767	2,121,310	30,270,300
01/16/2018	0.564443	0.569820	0.290960	0.357592	2,527,290	39,511,000
01/15/2018	0.589325	0.676493	0.562883	0.563675	4,300,590	41,252,700
01/14/2018	0.664891	0.670814	0.557664	0.595715	1,847,800	46,542,400
01/13/2018	0.627219	0.694313	0.599627	0.671978	3,984,970	43,905,300
01/12/2018	0.534848	0.650059	0.493949	0.620143	3,474,670	37,439,400
01/11/2018	0.606012	0.688932	0.467513	0.525402	4,302,990	42,420,800
01/10/2018	0.627662	0.655318	0.532469	0.593022	4,057,190	43,936,400
01/09/2018	0.556586	0.738851	0.556586	0.629130	13,670,700	38,961,000
01/08/2018	0.622594	0.622594	0.462989	0.557590	4,082,230	43,581,600
01/07/2018	0.611600	0.659942	0.584619	0.616062	3,663,220	42,812,000
01/06/2018	0.556007	0.656607	0.527151	0.625512	4,894,220	38,920,500
01/05/2018	0.663224	0.694309	0.535606	0.555773	6,171,840	46,425,700
01/04/2018	0.660887	0.753766	0.590903	0.654425	7,677,640	46,262,100
01/03/2018	0.676840	0.701443	0.598842	0.657686	5,773,000	47,378,800
01/02/2018	0.615605	0.747704	0.607960	0.678151	7,780,060	43,092,300
01/01/2018	0.593383	0.644107	0.551298	0.623170	3,896,820	41,536,800
12/31/2017	0.538787	0.606440	0.513655	0.584792	2,474,050	37,715,100
12/30/2017	0.632526	0.632526	0.476818	0.546887	3,712,850	44,276,800
12/29/2017	0.641206	0.671415	0.594832	0.638891	4,393,520	44,884,400
12/28/2017	0.635249	0.713597	0.517130	0.640848	8,816,390	44,467,400
12/27/2017	0.596908	0.764733	0.550181	0.641507	10,927,100	41,783,500
12/26/2017	0.590756	0.684076	0.468605	0.595279	10,540,400	41,352,900
12/25/2017	0.472825	0.644235	0.463373	0.553034	11,721,100	33,097,700
12/24/2017	0.456792	0.473254	0.398542	0.473254	3,617,560	31,975,400
12/23/2017	0.451557	0.526340	0.409792	0.449561	5,372,420	31,609,000
12/22/2017	0.542204	0.679094	0.307342	0.424938	10,145,500	37,954,300
12/21/2017	0.502653	0.556690	0.432525	0.555507	6,212,320	35,185,700
12/20/2017	0.517688	0.517688	0.422072	0.494114	4,958,510	36,238,200
12/19/2017	0.503403	0.621966	0.484942	0.509084	12,791,800	35,238,200
12/18/2017	0.331591	0.517132	0.317423	0.514682	13,005,100	23,211,400
12/17/2017	0.308013	0.393476	0.300072	0.333366	7,872,780	21,560,900
12/16/2017	0.309923	0.325405	0.295265	0.310109	2,817,460	21,694,600
12/15/2017	0.340941	0.340941	0.280523	0.314495	3,737,980	23,865,900
12/14/2017	0.369516	0.387525	0.314077	0.340531	7,816,430	25,866,100
12/13/2017	0.523594	0.537265	0.334119	0.381781	25,773,400	36,651,600
12/12/2017	0.258538	0.496970	0.258538	0.427410	66,089,700	18,097,600
12/11/2017	0.166271	0.243552	0.165438	0.200029	1,508,970	11,639,000
12/10/2017	0.185521	0.185521	0.155496	0.168865	464,472	12,986,500
12/09/2017	0.189549	0.224148	0.172682	0.184194	1,034,350	13,268,400
12/08/2017	0.173061	0.190844	0.155595	0.190844	861,329	12,114,300
12/07/2017	0.218849	0.220342	0.169460	0.171970	1,140,840	15,319,500
12/06/2017	0.243663	0.246714	0.205432	0.221379	2,267,920	17,056,400
12/05/2017	0.230999	0.282469	0.222603	0.245813	3,942,080	16,169,900
12/04/2017	0.184297	0.236652	0.182038	0.233508	1,669,010	12,900,800
12/03/2017	0.173673	0.197519	0.170142	0.183203	836,780	12,157,100
12/02/2017	0.178252	0.185463	0.172266	0.173772	463,409	12,477,600
12/01/2017	0.170250	0.181781	0.161812	0.178557	552,843	11,917,500
11/30/2017	0.158555	0.177519	0.147735	0.169439	598,165	11,098,800
11/29/2017	0.195335	0.233518	0.153062	0.153062	1,338,040	13,673,400
11/28/2017	0.210227	0.212861	0.188833	0.195498	993,617	14,715,900
11/27/2017	0.206081	0.212711	0.193659	0.211456	1,128,440	14,425,600
11/26/2017	0.174120	0.222576	0.174120	0.205194	4,670,410	12,188,400
11/25/2017	0.167458	0.178244	0.165356	0.174166	415,413	11,722,000
11/24/2017	0.163707	0.168278	0.155504	0.167729	382,477	11,459,500
11/23/2017	0.173798	0.175446	0.164139	0.165493	402,574	12,165,900
11/22/2017	0.176438	0.181417	0.165113	0.173056	397,786	12,350,600
11/21/2017	0.175864	0.186621	0.155220	0.177357	782,700	12,310,500
11/20/2017	0.154219	0.188848	0.154219	0.173773	1,074,510	10,795,300
11/19/2017	0.162939	0.165070	0.151563	0.155135	359,352	11,405,700
11/18/2017	0.146679	0.173689	0.144164	0.163241	497,848	10,267,500
11/17/2017	0.144166	0.151531	0.141955	0.147203	199,778	10,091,600
11/16/2017	0.147626	0.153665	0.141534	0.144420	304,682	10,333,800
11/15/2017	0.150279	0.153394	0.142478	0.147163	336,638	10,519,500
11/14/2017	0.147730	0.153234	0.143800	0.150274	192,139	10,341,100
11/13/2017	0.139901	0.152289	0.137239	0.147425	163,761	9,793,080
11/12/2017	0.156525	0.160901	0.128280	0.139775	242,593	10,956,800
11/11/2017	0.163633	0.175020	0.154158	0.156617	260,117	11,454,300
11/10/2017	0.193928	0.197231	0.156574	0.164647	471,570	13,575,000
11/09/2017	0.178961	0.200743	0.172258	0.193610	719,246	12,527,300
11/08/2017	0.163064	0.188329	0.154545	0.181455	1,115,770	11,414,500
11/07/2017	0.148893	0.180111	0.144925	0.163572	842,317	10,422,500
11/06/2017	0.147241	0.164535	0.144951	0.149082	380,661	10,306,800
11/05/2017	0.143273	0.155906	0.143273	0.146998	246,196	10,029,100
11/04/2017	0.152067	0.157456	0.143069	0.144624	287,311	10,644,700
11/03/2017	0.153400	0.166696	0.142079	0.153461	381,899	10,738,000
11/02/2017	0.164060	0.175164	0.129406	0.157767	894,198	11,484,200
11/01/2017	0.183532	0.188126	0.161764	0.164067	485,292	12,847,300
10/31/2017	0.192998	0.198183	0.181456	0.183690	505,507	13,509,900
10/30/2017	0.183459	0.197679	0.180365	0.194073	355,142	12,842,100
10/29/2017	0.171075	0.200960	0.171075	0.183744	737,605	11,975,200
10/28/2017	0.174436	0.178702	0.169226	0.171253	309,034	12,210,500
10/27/2017	0.182725	0.185667	0.168709	0.175216	462,019	12,790,800
10/26/2017	0.177631	0.201146	0.172927	0.182701	631,626	12,434,200
10/25/2017	0.183025	0.185579	0.168018	0.177301	518,268	12,811,800
10/24/2017	0.169163	0.211300	0.164184	0.182840	952,541	11,841,400
10/23/2017	0.177881	0.188983	0.160396	0.170168	693,344	12,451,700
10/22/2017	0.202127	0.213458	0.176211	0.178941	718,654	14,148,900
10/21/2017	0.228637	0.233374	0.187257	0.202495	863,306	16,004,600
10/20/2017	0.274649	0.289606	0.218115	0.232455	1,859,780	19,225,400
10/19/2017	0.301639	0.302995	0.273053	0.274612	442,095	21,114,800
10/18/2017	0.296500	0.307474	0.261968	0.300047	556,214	20,755,000
10/17/2017	0.289189	0.301554	0.280278	0.296530	618,089	20,243,200
10/16/2017	0.280155	0.308142	0.274992	0.289100	697,448	19,610,800
10/15/2017	0.289646	0.294956	0.271165	0.280103	322,454	20,275,200
10/14/2017	0.304124	0.319365	0.280071	0.289030	555,227	21,288,700
10/13/2017	0.303643	0.319344	0.277623	0.301571	757,596	21,255,000
10/12/2017	0.334548	0.360371	0.284799	0.305081	1,404,290	23,418,300
10/11/2017	0.281556	0.353088	0.280068	0.334356	1,145,210	19,708,900
10/10/2017	0.262701	0.291011	0.260166	0.281530	423,388	18,389,100
10/09/2017	0.276519	0.290118	0.243874	0.262732	1,144,490	19,356,300
10/08/2017	0.311130	0.325265	0.256837	0.277977	1,186,430	21,779,100
10/07/2017	0.344235	0.348458	0.307964	0.311257	552,286	24,096,500
10/06/2017	0.350496	0.361744	0.335550	0.344285	481,409	24,534,700
10/05/2017	0.369372	0.374416	0.328550	0.355189	810,311	25,856,000
10/04/2017	0.378926	0.403404	0.352291	0.366430	716,215	26,524,800
10/03/2017	0.398821	0.415542	0.341821	0.378051	1,135,930	27,917,500
10/02/2017	0.439643	0.443732	0.397931	0.401794	902,974	30,775,000
10/01/2017	0.439619	0.453427	0.429940	0.437508	659,777	30,773,400
09/30/2017	0.443639	0.471423	0.432732	0.436896	847,089	31,054,800
09/29/2017	0.476149	0.476217	0.429315	0.446955	877,750	33,330,500
09/28/2017	0.459325	0.478904	0.449755	0.473952	902,648	32,152,700
09/27/2017	0.448713	0.482193	0.447679	0.461047	1,347,050	31,409,900
09/26/2017	0.481740	0.486393	0.441451	0.449746	1,536,720	33,721,800
09/25/2017	0.388174	0.494944	0.382913	0.477207	2,736,780	27,172,200
09/24/2017	0.398656	0.402272	0.368631	0.387038	693,409	27,905,900
09/23/2017	0.383620	0.425866	0.373785	0.401607	919,566	26,853,400
09/22/2017	0.355315	0.419968	0.339749	0.384032	1,312,280	24,872,100
09/21/2017	0.423331	0.425350	0.343172	0.354834	1,268,090	29,633,200
09/20/2017	0.408497	0.467283	0.372072	0.421742	2,873,100	28,594,800
09/19/2017	0.500023	0.502672	0.408508	0.408508	1,563,980	35,001,600
09/18/2017	0.437178	0.503691	0.433741	0.496088	1,777,310	30,602,500
09/17/2017	0.426573	0.461822	0.390092	0.440005	1,377,970	29,860,100
09/16/2017	0.480930	0.508615	0.398229	0.426245	2,393,600	33,665,100
09/15/2017	0.343008	0.524018	0.285761	0.482441	4,363,210	24,010,600
09/14/2017	0.541333	0.564442	0.349327	0.351187	6,807,770	37,893,300
09/13/2017	0.386979	0.575880	0.334299	0.551239	7,074,940	27,088,500
09/12/2017	0.338477	0.412639	0.331876	0.383220	2,697,950	23,693,400
09/11/2017	0.338247	0.346700	0.306314	0.335901	704,961	23,677,300
09/10/2017	0.343211	0.355498	0.312890	0.337121	511,473	24,024,800
09/09/2017	0.338699	0.350597	0.324485	0.343206	400,188	23,709,000
09/08/2017	0.376747	0.383587	0.311717	0.339568	725,141	26,372,300
09/07/2017	0.373831	0.379872	0.355245	0.368262	514,497	26,168,200
09/06/2017	0.355849	0.382213	0.350449	0.374407	459,456	24,909,400
09/05/2017	0.326875	0.373693	0.278626	0.354925	694,332	22,881,300
09/04/2017	0.386835	0.396114	0.284586	0.325345	1,161,400	27,078,500
09/03/2017	0.367920	0.403167	0.359763	0.386079	732,827	25,754,400
09/02/2017	0.422169	0.453276	0.359608	0.367616	824,272	29,551,900
09/01/2017	0.379795	0.460359	0.373669	0.420466	2,800,720	26,585,700
08/31/2017	0.352303	0.398144	0.344489	0.373415	1,084,080	24,661,200
08/30/2017	0.366303	0.383383	0.339492	0.350405	883,993	25,641,200
08/29/2017	0.344216	0.393307	0.335941	0.364391	1,650,780	24,095,100
08/28/2017	0.341743	0.349639	0.316051	0.343762	930,761	23,922,000
08/27/2017	0.366392	0.368530	0.332408	0.338466	792,037	25,647,500
08/26/2017	0.361793	0.377416	0.355871	0.366953	801,033	25,325,500
08/25/2017	0.347185	0.417513	0.340759	0.366082	2,849,550	24,302,900
08/24/2017	0.301962	0.366377	0.288781	0.348439	2,774,610	21,137,300
08/23/2017	0.285603	0.307692	0.283329	0.299098	591,179	19,992,200
08/22/2017	0.297838	0.300365	0.245582	0.286267	611,758	20,848,700
08/21/2017	0.323455	0.324479	0.285958	0.296520	693,995	22,641,800
08/20/2017	0.302536	0.329492	0.290951	0.324632	762,936	21,177,500
08/19/2017	0.291509	0.302551	0.276233	0.302014	609,392	20,405,700
08/18/2017	0.314609	0.335710	0.275562	0.291684	1,027,710	22,022,700
08/17/2017	0.299102	0.368501	0.282480	0.317524	1,437,470	20,937,100
08/16/2017	0.306297	0.306297	0.279027	0.302128	686,979	21,440,800
08/15/2017	0.292876	0.314510	0.272047	0.305907	929,176	20,501,300
08/14/2017	0.320238	0.357454	0.262228	0.295079	1,191,940	22,416,700
08/13/2017	0.379024	0.402000	0.289761	0.321389	1,687,580	26,531,700
08/12/2017	0.303464	0.391706	0.285476	0.374382	3,499,850	21,242,500
08/11/2017	0.207107	0.321786	0.202979	0.303826	2,571,810	14,497,500
08/10/2017	0.229248	0.249212	0.205724	0.205979	913,865	16,047,300
08/09/2017	0.262173	0.262827	0.226678	0.229137	599,558	18,352,100
08/08/2017	0.261064	0.268692	0.227958	0.262313	724,702	18,274,500
08/07/2017	0.234196	0.276624	0.214256	0.259831	1,274,540	16,393,700
08/06/2017	0.234402	0.241773	0.198691	0.238502	709,378	16,408,100
08/05/2017	0.203682	0.270267	0.197502	0.233252	1,634,040	14,257,700
08/04/2017	0.172383	0.235286	0.164606	0.205119	1,387,390	12,066,800
08/03/2017	0.145094	0.172945	0.143734	0.172694	252,947	10,156,600
08/02/2017	0.139010	0.157257	0.138185	0.143026	308,632	9,730,730
08/01/2017	0.121790	0.164291	0.121790	0.139104	444,119	8,525,270
07/31/2017	0.126821	0.129750	0.118797	0.122330	225,371	8,877,460
07/30/2017	0.135397	0.136677	0.118842	0.126511	195,561	9,477,770
07/29/2017	0.125850	0.135540	0.116137	0.135270	226,791	8,809,490
07/28/2017	0.136116	0.137110	0.124498	0.126194	235,584	9,528,120
07/27/2017	0.140705	0.143635	0.131214	0.135008	206,639	9,849,370
07/26/2017	0.149877	0.156168	0.123622	0.139288	303,066	10,491,400
07/25/2017	0.192574	0.195938	0.143975	0.149891	368,973	13,480,200
07/24/2017	0.196947	0.212545	0.180105	0.192337	386,202	13,786,300
07/23/2017	0.191011	0.207426	0.183618	0.197058	304,915	13,370,800
07/22/2017	0.162581	0.197174	0.160522	0.191009	381,960	11,380,600
07/21/2017	0.169781	0.170513	0.154785	0.162509	228,409	11,884,700
07/20/2017	0.118965	0.170608	0.118965	0.168637	378,131	8,327,580
07/19/2017	0.120378	0.127776	0.110918	0.119658	265,030	8,426,490
07/18/2017	0.113333	0.125039	0.105709	0.119946	247,707	7,933,300
07/17/2017	0.090707	0.113319	0.090610	0.112170	265,307	6,349,490
07/16/2017	0.099135	0.101894	0.082571	0.090787	169,072	6,939,460
07/15/2017	0.108137	0.108314	0.095336	0.099761	257,854	7,569,570
07/14/2017	0.127511	0.127511	0.104985	0.108425	272,126	8,925,790
07/13/2017	0.136417	0.158515	0.117789	0.127490	359,496	9,549,190
07/12/2017	0.116889	0.139342	0.103832	0.136063	451,838	8,182,230
07/11/2017	0.131238	0.138049	0.111067	0.114076	353,150	9,186,670
07/10/2017	0.166176	0.166176	0.125746	0.132038	729,842	11,632,300
07/09/2017	0.179988	0.185182	0.160931	0.165859	536,754	12,599,200
07/08/2017	0.179667	0.187948	0.167159	0.179544	387,927	12,576,700
07/07/2017	0.228058	0.232317	0.176503	0.179504	682,820	15,964,100
07/06/2017	0.217363	0.231248	0.214865	0.227987	492,612	15,215,400
07/05/2017	0.202610	0.230801	0.199487	0.215068	632,639	14,182,700
07/04/2017	0.244920	0.252754	0.202797	0.202797	1,399,280	17,144,400
07/03/2017	0.261105	0.283914	0.232949	0.243526	2,302,490	18,277,300
07/02/2017	0.184072	0.300996	0.170448	0.264823	3,552,110	12,885,000
07/01/2017	0.152486	0.213311	0.146473	0.187616	1,283,850	10,674,000
06/30/2017	0.183890	0.184728	0.148986	0.151757	617,162	12,872,300
06/29/2017	0.201757	0.202512	0.179008	0.182268	468,265	14,123,000
06/28/2017	0.208939	0.210759	0.196572	0.200666	474,948	14,625,700
06/27/2017	0.211217	0.222203	0.170961	0.199796	575,738	14,785,200
06/26/2017	0.222359	0.243319	0.175422	0.202706	745,430	15,565,100
06/25/2017	0.288107	0.297337	0.210844	0.214824	791,474	20,167,500
06/24/2017	0.326291	0.333623	0.252465	0.288809	975,685	22,840,400
06/23/2017	0.288940	0.357923	0.282348	0.332976	1,480,860	20,225,800
06/22/2017	0.294139	0.307878	0.254527	0.298308	1,303,110	20,589,700
06/21/2017	0.426587	0.426589	0.270956	0.290156	1,796,800	29,861,100
06/20/2017	0.448752	0.524592	0.326954	0.415108	5,367,980	31,412,600
06/19/2017	0.259313	0.645869	0.255381	0.448097	17,654,200	18,151,900
06/18/2017	0.142600	0.283029	0.129356	0.251643	1,159,100	9,982,000
06/17/2017	0.128003	0.157996	0.121276	0.142670	401,632	8,960,210
06/16/2017	0.170749	0.187305	0.132218	0.132218	453,283	11,952,400
06/15/2017	0.211229	0.235652	0.154975	0.167039	694,107	14,786,000
06/14/2017	1.23	1.69	0.128681	0.211785	701,043	-
06/13/2017	1.47	1.62	1.35	1.39	18,064	-
06/12/2017	1.63	1.63	1.32	1.48	28,772	-
06/11/2017	1.59	1.63	1.41	1.63	7,389	-
06/10/2017	1.41	1.59	1.27	1.59	14,253	-
06/09/2017	0.896417	1.42	0.894092	1.40	36,818	-
06/08/2017	0.803166	0.897837	0.681368	0.897837	12,238	-
06/07/2017	0.716660	0.844461	0.333717	0.810625	12,065	-
06/06/2017	0.648183	0.729341	0.611011	0.716479	3,256	-
