Date	Open	High	Low	Close	Volume	Market Cap
07/15/2018	0.026529	0.026893	0.025424	0.025668	3,898	6,100,450
07/14/2018	0.023877	0.027622	0.023877	0.026541	18,710	5,490,620
07/13/2018	0.024341	0.025587	0.023328	0.023938	22,135	5,597,200
07/12/2018	0.024428	0.024592	0.021712	0.024291	26,611	5,617,280
07/11/2018	0.024216	0.026179	0.024216	0.024433	9,026	5,568,530
07/10/2018	0.027395	0.027997	0.024198	0.024212	33,019	6,299,590
07/09/2018	0.027608	0.028192	0.026168	0.027415	15,930	6,348,410
07/08/2018	0.028109	0.028703	0.026440	0.027613	14,435	6,463,680
07/07/2018	0.027116	0.028334	0.025007	0.027639	47,201	6,235,390
07/06/2018	0.024388	0.030024	0.024315	0.027152	82,002	5,608,040
07/05/2018	0.028390	0.029748	0.024112	0.024395	46,815	6,528,420
07/04/2018	0.033315	0.033382	0.022035	0.028321	288,872	7,660,850
07/03/2018	0.035161	0.037297	0.030820	0.033320	286,948	8,085,530
07/02/2018	0.033392	0.039617	0.028211	0.035261	183,415	7,678,740
07/01/2018	0.029398	0.036209	0.025519	0.033382	228,576	6,760,230
06/30/2018	0.029251	0.031435	0.028046	0.029390	9,488	6,726,430
06/29/2018	0.026038	0.029541	0.024328	0.029216	56,605	5,987,580
06/28/2018	0.029524	0.031250	0.025894	0.026026	31,950	7,084,330
06/27/2018	0.031004	0.031773	0.029454	0.029506	12,685	7,439,550
06/26/2018	0.030984	0.040047	0.029884	0.031025	89,290	7,434,830
06/25/2018	0.029042	0.032905	0.027800	0.030984	52,956	6,968,820
06/24/2018	0.032838	0.032912	0.026839	0.029111	21,083	7,879,530
06/23/2018	0.027263	0.033117	0.025350	0.032843	55,671	6,541,900
06/22/2018	0.037769	0.039112	0.026890	0.027252	83,467	9,062,770
06/21/2018	0.041893	0.042607	0.036764	0.037815	24,316	-
06/20/2018	0.040719	0.045221	0.035012	0.041876	57,433	-
06/19/2018	0.038704	0.044399	0.035747	0.040697	104,036	-
06/18/2018	0.034247	0.042606	0.033979	0.038725	180,361	-
06/17/2018	0.030787	0.050807	0.029976	0.034343	266,792	-
06/16/2018	0.030298	0.037281	0.028454	0.030718	65,282	-
06/15/2018	0.031835	0.032500	0.028320	0.030403	98,392	-
06/14/2018	0.033388	0.035710	0.029675	0.031879	220,812	-
06/13/2018	0.037583	0.039034	0.032126	0.033385	295,594	-
06/12/2018	0.043329	0.043852	0.037191	0.037474	233,906	-
06/11/2018	0.040684	0.044394	0.040154	0.043345	128,011	-
06/10/2018	0.049701	0.049701	0.039620	0.040624	174,178	-
06/09/2018	0.049518	0.052946	0.047845	0.049632	221,122	-
06/08/2018	0.049862	0.052969	0.048867	0.049534	246,371	-
06/07/2018	0.052088	0.054030	0.048339	0.049817	276,114	-
06/06/2018	0.053377	0.060445	0.049632	0.052050	324,653	-
06/05/2018	0.046624	0.054624	0.046624	0.052750	463,267	-
06/04/2018	0.064887	0.066038	0.046608	0.046608	533,195	-
06/03/2018	0.068683	0.070164	0.059410	0.065397	550,290	-
06/02/2018	0.074361	0.075611	0.063547	0.068693	384,308	-
06/01/2018	0.077644	0.090916	0.066656	0.074390	779,562	-
05/31/2018	0.081269	0.083670	0.063506	0.076288	719,666	-
05/30/2018	0.085243	0.087263	0.063779	0.081297	431,329	-
05/29/2018	0.096275	0.104714	0.081540	0.085922	1,762,200	-
05/28/2018	0.129618	0.141244	0.082814	0.095380	4,656,680	-
05/27/2018	0.051983	0.154104	0.051904	0.130102	4,936,450	-
05/26/2018	0.059017	0.061875	0.048539	0.051802	459,625	-
05/25/2018	0.062875	0.063964	0.057017	0.059073	362,144	-
05/24/2018	0.064819	0.067155	0.058726	0.062053	648,166	-
05/23/2018	0.067292	0.082768	0.060707	0.065624	1,114,990	-
05/22/2018	0.071727	0.072797	0.068146	0.068146	933,787	-
