Date	Open	High	Low	Close	Volume	Market Cap
07/15/2018	0.236199	0.253034	0.228243	0.246763	9,558	19,486,400
07/14/2018	0.231547	0.241652	0.225905	0.236421	7,473	19,102,600
07/13/2018	0.224110	0.261393	0.219476	0.231107	22,023	18,489,100
07/12/2018	0.263397	0.263397	0.220143	0.223455	6,947	21,730,300
07/11/2018	0.259473	0.265363	0.220165	0.263397	15,940	21,406,500
07/10/2018	0.283203	0.291544	0.247578	0.259464	18,593	23,364,200
07/09/2018	0.310940	0.319187	0.270341	0.283418	26,769	25,652,600
07/08/2018	0.318592	0.322141	0.278316	0.299029	44,632	26,283,800
07/07/2018	0.300129	0.318919	0.283342	0.318326	21,664	24,760,600
07/06/2018	0.291982	0.312232	0.257717	0.300246	13,228	24,088,500
07/05/2018	0.296193	0.315809	0.274475	0.292172	13,455	24,435,900
07/04/2018	0.324069	0.325887	0.276715	0.302430	8,691	26,735,700
07/03/2018	0.339346	0.341221	0.291881	0.323920	8,225	27,996,000
07/02/2018	0.352354	0.365994	0.222675	0.339073	13,738	29,069,200
07/01/2018	0.339512	0.353760	0.335139	0.352090	1,359	28,009,700
06/30/2018	0.217542	0.340061	0.217542	0.339176	2,923	17,947,200
06/29/2018	0.319561	0.321695	0.203056	0.217401	2,542	26,363,800
06/28/2018	0.329995	0.332666	0.317408	0.319447	173	27,224,600
06/27/2018	0.327065	0.337253	0.319733	0.337253	25	26,982,900
06/26/2018	0.234396	0.338757	0.195690	0.328179	467	19,337,700
06/25/2018	0.302324	0.336932	0.210565	0.234396	370	24,941,700
06/24/2018	0.298929	0.326155	0.232230	0.303564	4,806	24,661,600
06/23/2018	0.271868	0.300354	0.250310	0.299014	54,559	22,429,100
06/22/2018	0.313708	0.314910	0.263858	0.271689	34,731	25,880,900
06/21/2018	0.322423	0.370746	0.298660	0.313694	39,208	26,599,900
06/20/2018	0.358849	0.358849	0.320106	0.322599	29,197	29,605,000
06/19/2018	0.352022	0.357645	0.313157	0.350198	7,296	29,041,800
06/18/2018	0.371135	0.371350	0.296374	0.352234	12,784	30,618,700
06/17/2018	0.371361	0.378402	0.370247	0.371199	321	30,637,300
06/16/2018	0.359353	0.376852	0.341994	0.371403	2,230	29,646,600
06/15/2018	0.420372	0.422148	0.331574	0.360337	13,591	34,680,700
06/14/2018	0.336007	0.420453	0.324542	0.420453	27,877	27,720,600
06/13/2018	0.371260	0.373618	0.261740	0.335210	56,469	30,629,000
06/12/2018	0.388551	0.396396	0.365044	0.369791	5,465	32,055,400
06/11/2018	0.390145	0.424829	0.372383	0.388398	29,158	32,186,900
06/10/2018	0.470005	0.474900	0.342189	0.385619	53,827	38,775,400
06/09/2018	0.506012	0.516247	0.462766	0.469084	41,413	41,746,000
06/08/2018	0.522951	0.535744	0.474506	0.505877	81,816	43,143,400
06/07/2018	0.530909	0.560583	0.484906	0.522059	87,441	43,800,000
06/06/2018	0.490106	0.560340	0.481781	0.531253	125,028	40,433,800
06/05/2018	0.471694	0.546924	0.441955	0.491094	19,653	38,914,700
06/04/2018	0.562091	0.578317	0.468944	0.471729	89,354	46,372,500
06/03/2018	0.560462	0.621931	0.504705	0.562936	231,776	46,238,100
06/02/2018	0.619003	1.03	0.523974	0.562491	145,520	51,067,700
06/01/2018	0.558492	0.621247	0.469954	0.619136	45,442	46,075,600
05/31/2018	0.497459	0.558657	0.474090	0.558348	27,850	41,040,400
05/30/2018	0.516916	0.585959	0.481328	0.497934	522,068	42,645,600
05/29/2018	0.356214	0.560318	0.351303	0.513411	554,787	29,387,600
05/28/2018	0.515794	0.523204	0.348461	0.348461	394,739	42,553,000
05/27/2018	0.489353	0.564382	0.483310	0.515409	357,859	40,371,600
05/26/2018	0.553393	0.558591	0.472920	0.488364	313,310	45,655,000
05/25/2018	0.553251	0.573830	0.531987	0.553310	1,175,390	45,643,200
05/24/2018	0.533727	0.564187	0.492985	0.552930	1,163,060	44,032,500
05/23/2018	0.622159	0.628784	0.429994	0.536043	1,175,170	51,328,100
05/22/2018	0.577964	0.687551	0.572705	0.624218	1,295,770	47,682,100
05/21/2018	0.688866	0.722951	0.564192	0.583733	1,253,320	56,831,500
05/20/2018	0.680012	0.703047	0.499039	0.689124	1,483,820	56,101,000
05/19/2018	0.717113	0.723503	0.676303	0.680726	809,038	59,161,800
05/18/2018	0.705828	0.765231	0.692553	0.717521	828,671	58,230,800
05/17/2018	0.770412	0.807661	0.693182	0.707688	695,395	63,559,000
05/16/2018	0.728718	0.781657	0.698989	0.762749	337,673	60,119,300
05/15/2018	0.869789	0.880455	0.675242	0.726186	310,964	71,757,600
05/14/2018	0.913500	0.931725	0.833164	0.872120	392,988	75,363,800
05/13/2018	0.821121	0.961527	0.740907	0.910086	393,040	67,742,500
05/12/2018	0.800982	0.871680	0.677127	0.813887	403,938	66,081,000
05/11/2018	0.843170	0.860518	0.682097	0.801895	357,437	69,561,500
05/10/2018	0.947320	0.953054	0.741654	0.842241	357,967	78,153,900
05/09/2018	0.924193	0.986147	0.742782	0.946428	430,514	76,245,900
05/08/2018	1.02	1.06	0.703851	0.926548	384,159	84,040,600
05/07/2018	1.12	1.13	0.595202	1.01	461,174	92,749,200
05/06/2018	1.17	1.18	1.07	1.13	513,509	96,317,900
05/05/2018	1.22	1.30	0.996609	1.17	541,152	100,505,000
05/04/2018	1.36	1.42	1.14	1.25	563,862	112,006,000
05/03/2018	1.29	1.45	1.28	1.37	655,014	106,464,000
05/02/2018	1.53	1.54	1.17	1.29	733,453	126,269,000
05/01/2018	1.60	1.60	1.47	1.53	651,440	132,271,000
04/30/2018	1.40	1.78	1.37	1.60	825,185	115,129,000
04/29/2018	1.27	1.40	1.19	1.40	122,736	104,943,000
04/28/2018	1.24	1.36	1.23	1.27	59,623	102,255,000
04/27/2018	1.32	1.32	1.19	1.25	117,353	108,580,000
04/26/2018	1.23	1.32	1.19	1.31	76,264	101,658,000
04/25/2018	1.45	1.45	1.14	1.22	55,290	119,330,000
04/24/2018	1.35	1.55	1.29	1.45	199,373	111,019,000
04/23/2018	1.36	1.38	1.20	1.35	93,047	112,286,000
04/22/2018	1.25	1.46	1.11	1.37	122,365	102,872,000
04/21/2018	1.17	1.25	0.986974	1.25	167,437	96,551,300
04/20/2018	1.08	1.18	1.02	1.17	89,965	89,294,400
04/19/2018	1.10	1.18	1.03	1.08	125,404	90,746,200
04/18/2018	0.956667	1.15	0.890801	1.10	247,654	78,925,000
04/17/2018	0.971393	1.25	0.848640	0.956201	106,404	80,139,900
04/16/2018	0.835910	0.971942	0.728406	0.971542	100,346	68,962,500
04/15/2018	0.818328	0.895389	0.777555	0.834810	39,655	67,512,100
04/14/2018	0.836479	0.863795	0.809045	0.818853	45,777	69,009,500
04/13/2018	0.817613	0.892977	0.754571	0.836479	32,006	67,453,100
04/12/2018	0.723340	0.840691	0.669554	0.838442	39,956	59,675,600
04/11/2018	0.680984	0.726969	0.628202	0.726969	24,198	56,181,200
04/10/2018	0.638231	0.698902	0.629395	0.679389	32,577	52,654,100
04/09/2018	0.622660	0.685516	0.596539	0.635292	22,218	51,369,500
04/08/2018	0.592984	0.695389	0.565754	0.621195	21,766	48,921,200
04/07/2018	0.580109	0.639868	0.537867	0.593252	43,886	47,859,000
04/06/2018	0.649290	0.650133	0.532039	0.580274	24,890	53,566,400
04/05/2018	0.625424	0.704322	0.581877	0.651792	54,582	51,597,500
04/04/2018	0.754107	0.811323	0.626169	0.626169	99,535	62,213,800
04/03/2018	0.689743	0.786611	0.685100	0.752622	48,910	56,903,800
04/02/2018	0.620514	0.701171	0.612094	0.676552	32,059	51,192,400
04/01/2018	0.655761	0.722494	0.610478	0.618521	17,541	54,100,300
03/31/2018	0.632321	0.713835	0.623589	0.655552	20,358	52,166,500
03/30/2018	0.634074	0.682790	0.578189	0.632900	45,618	52,311,100
03/29/2018	0.732849	0.767126	0.626416	0.635924	38,540	60,460,100
03/28/2018	0.682300	0.736121	0.648588	0.731546	26,179	56,289,800
03/27/2018	0.770690	0.794629	0.661246	0.682071	56,117	63,581,900
03/26/2018	0.788905	0.794034	0.677427	0.771163	36,656	65,084,700
03/25/2018	0.790337	0.853648	0.715890	0.790656	93,834	65,202,800
03/24/2018	0.829417	0.850028	0.783119	0.799921	37,799	68,426,900
03/23/2018	0.828507	0.846446	0.743484	0.821837	54,489	68,351,800
03/22/2018	0.851692	0.877490	0.764712	0.828648	58,062	70,264,600
03/21/2018	0.882611	0.907073	0.827126	0.849611	50,700	72,815,400
03/20/2018	0.885950	0.893640	0.790949	0.877222	37,100	73,090,900
03/19/2018	0.704223	0.879956	0.663278	0.878931	63,307	58,098,400
03/18/2018	0.754583	0.764820	0.590359	0.707055	103,077	62,253,100
03/17/2018	0.872610	0.904938	0.729207	0.755264	70,820	71,990,300
03/16/2018	0.884949	0.921102	0.824805	0.872047	99,097	73,008,300
03/15/2018	0.884993	0.908258	0.798466	0.885978	84,188	73,011,900
03/14/2018	1.10	1.11	0.868604	0.884367	95,058	90,863,700
03/13/2018	1.20	1.25	0.965756	1.10	161,966	98,832,500
03/12/2018	1.34	1.37	1.13	1.20	171,612	110,280,000
03/11/2018	1.28	1.48	1.20	1.34	211,398	105,476,000
03/10/2018	1.23	1.44	1.05	1.28	361,382	101,558,000
03/09/2018	0.964556	1.25	0.893071	1.23	538,713	79,575,800
03/08/2018	1.03	1.09	0.712848	0.966330	402,962	84,745,800
03/07/2018	1.27	1.27	0.982300	1.03	110,683	104,544,000
03/06/2018	1.16	1.27	1.08	1.27	77,775	95,447,600
03/05/2018	1.26	1.36	1.14	1.15	41,502	104,273,000
03/04/2018	1.31	1.31	1.10	1.26	191,825	107,975,000
03/03/2018	1.01	1.35	0.961861	1.31	139,732	83,388,000
03/02/2018	1.04	1.04	0.874954	1.01	187,790	86,035,000
03/01/2018	1.03	1.10	0.876680	1.04	170,752	85,338,300
02/28/2018	1.10	1.13	1.03	1.03	144,634	90,338,600
02/27/2018	1.08	1.18	0.983603	1.09	126,868	89,285,900
02/26/2018	1.15	1.27	1.04	1.17	87,934	94,586,100
02/25/2018	1.01	1.25	1.01	1.15	60,765	83,511,900
02/24/2018	1.12	1.21	1.01	1.01	35,243	92,037,900
02/23/2018	1.09	1.12	0.990724	1.12	29,789	89,624,400
02/22/2018	1.08	1.18	0.977390	1.08	339,474	89,353,100
02/21/2018	1.21	1.29	0.940402	1.07	351,480	99,666,200
02/20/2018	1.33	1.50	1.07	1.17	310,585	109,431,000
02/19/2018	1.35	1.54	1.17	1.28	321,839	111,101,000
02/18/2018	1.51	1.56	1.19	1.42	260,012	124,518,000
02/17/2018	1.44	1.58	0.960950	1.49	388,948	118,950,000
02/16/2018	1.40	1.48	1.37	1.42	346,232	115,702,000
02/15/2018	1.42	1.61	1.35	1.42	275,922	117,467,000
02/14/2018	1.21	1.62	1.15	1.43	444,217	99,692,700
02/13/2018	1.42	1.54	1.05	1.39	300,287	117,448,000
02/12/2018	1.73	1.78	1.07	1.46	324,344	143,118,000
02/11/2018	1.40	1.85	0.965492	1.51	317,141	115,678,000
02/10/2018	1.77	2.06	0.508357	1.44	193,700	146,211,000
02/09/2018	1.53	1.92	1.29	1.63	381,624	126,630,000
02/08/2018	1.55	1.67	1.49	1.53	131,926	127,537,000
02/07/2018	1.43	1.76	1.25	1.55	193,956	117,793,000
02/06/2018	1.33	1.44	0.925685	1.43	186,285	109,330,000
02/05/2018	1.53	1.56	1.07	1.32	179,523	126,497,000
02/04/2018	1.49	1.64	1.31	1.55	139,300	122,897,000
02/03/2018	1.67	1.84	1.45	1.52	263,058	137,517,000
02/02/2018	1.98	2.02	1.18	1.65	371,958	163,452,000
02/01/2018	2.34	2.37	1.73	2.02	151,310	192,824,000
01/31/2018	2.12	2.33	1.90	2.33	221,999	174,951,000
01/30/2018	3.02	3.02	1.52	2.11	658,290	248,941,000
01/29/2018	2.36	2.97	2.13	2.97	386,592	194,588,000
01/28/2018	2.14	2.53	2.11	2.36	216,072	176,201,000
01/27/2018	2.08	2.14	1.87	2.12	216,146	171,424,000
01/26/2018	1.97	2.08	1.77	2.08	267,326	162,630,000
01/25/2018	1.98	2.16	1.94	1.98	270,745	163,708,000
01/24/2018	2.06	2.15	1.77	1.97	325,266	170,232,000
01/23/2018	2.18	2.20	1.70	2.06	181,359	180,043,000
01/22/2018	2.11	2.30	1.89	2.19	320,546	174,144,000
01/21/2018	2.60	2.60	1.64	2.10	355,540	214,295,000
01/20/2018	2.38	2.82	2.25	2.58	294,341	196,189,000
01/19/2018	2.23	2.56	2.19	2.36	549,587	184,199,000
01/18/2018	2.19	2.50	2.03	2.25	149,640	181,026,000
01/17/2018	2.15	2.35	1.64	2.17	131,421	177,537,000
01/16/2018	2.84	2.85	1.81	2.23	178,180	234,177,000
01/15/2018	3.14	3.15	2.51	2.81	182,136	258,980,000
01/14/2018	3.34	3.40	2.86	3.14	308,950	275,333,000
01/13/2018	3.14	3.72	3.14	3.33	891,014	259,273,000
01/12/2018	2.79	3.17	2.71	3.12	323,064	230,394,000
01/11/2018	3.35	3.52	2.46	2.74	307,080	276,228,000
01/10/2018	2.87	3.62	2.55	3.61	344,135	236,727,000
01/09/2018	2.48	2.88	2.39	2.87	169,065	204,492,000
01/08/2018	1.95	2.56	1.94	2.49	260,270	160,899,000
01/07/2018	1.91	2.11	1.77	1.93	298,752	157,867,000
01/06/2018	1.96	1.98	1.80	1.91	109,810	161,707,000
01/05/2018	2.05	2.22	1.92	1.95	180,575	169,044,000
01/04/2018	1.89	2.41	1.76	2.01	155,195	156,028,000
01/03/2018	1.88	2.02	1.69	1.89	186,741	155,106,000
01/02/2018	1.73	2.02	1.65	1.87	214,966	142,591,000
01/01/2018	1.72	1.90	1.48	1.72	233,837	141,660,000
12/31/2017	1.73	1.83	1.61	1.71	279,731	142,689,000
12/30/2017	1.70	1.88	1.53	1.75	267,303	139,893,000
12/29/2017	1.69	1.74	1.59	1.69	328,529	139,393,000
12/28/2017	1.74	1.74	1.47	1.68	285,222	143,547,000
12/27/2017	1.97	2.03	1.57	1.74	377,215	162,373,000
12/26/2017	1.72	2.03	1.68	1.97	299,168	142,232,000
12/25/2017	1.65	1.82	1.59	1.72	255,285	136,516,000
12/24/2017	1.65	1.65	1.42	1.65	179,820	136,498,000
12/23/2017	1.61	1.71	1.50	1.64	435,145	132,831,000
12/22/2017	1.95	1.96	1.12	1.60	457,154	160,893,000
12/21/2017	2.02	2.12	1.85	1.94	84,351	166,292,000
12/20/2017	2.07	2.07	1.66	2.01	558,123	170,617,000
12/19/2017	2.43	2.59	1.94	2.07	893,916	200,255,000
12/18/2017	2.30	2.55	2.01	2.43	1,004,310	189,488,000
12/17/2017	2.23	2.68	2.23	2.30	1,083,990	184,372,000
12/16/2017	1.31	2.69	1.29	2.23	1,839,790	108,304,000
12/15/2017	1.35	1.35	1.13	1.32	740,893	111,102,000
12/14/2017	1.22	1.43	1.19	1.35	712,177	100,997,000
12/13/2017	1.04	1.42	0.954409	1.22	968,951	85,938,600
12/12/2017	0.806658	1.05	0.728448	1.04	545,321	66,549,300
12/11/2017	0.674068	0.811865	0.667174	0.811865	297,707	55,610,600
12/10/2017	0.712887	0.730681	0.636934	0.670490	253,685	58,813,100
12/09/2017	0.671962	0.774275	0.670321	0.716978	322,584	55,436,800
12/08/2017	0.641880	0.681234	0.602769	0.671978	280,475	52,955,100
12/07/2017	0.604235	0.688506	0.562215	0.630791	133,478	49,849,400
12/06/2017	0.647727	0.654483	0.597110	0.610260	92,417	53,437,500
12/05/2017	0.699063	0.719174	0.633509	0.648867	144,397	57,672,700
12/04/2017	0.695556	0.721318	0.632784	0.698704	159,961	57,383,300
12/03/2017	0.746393	0.775043	0.699060	0.705398	130,938	61,577,400
12/02/2017	0.744100	0.787173	0.683883	0.746141	337,639	61,388,300
12/01/2017	0.654257	0.773479	0.636469	0.744121	206,948	53,976,200
11/30/2017	0.580605	0.662824	0.521478	0.655884	168,697	47,899,900
11/29/2017	0.710987	0.720333	0.550109	0.573264	225,279	58,656,400
11/28/2017	0.685214	0.724094	0.644877	0.710417	259,285	56,530,100
11/27/2017	0.804244	0.807979	0.639090	0.686153	330,148	66,350,100
11/26/2017	0.770350	0.829592	0.728740	0.804444	361,335	63,553,800
11/25/2017	0.782152	0.802475	0.700207	0.770324	324,921	64,527,500
11/24/2017	0.704363	0.799974	0.700225	0.782281	306,757	58,110,000
11/23/2017	0.709827	0.795102	0.649006	0.707906	402,956	58,560,700
11/22/2017	0.825961	0.832500	0.606594	0.708198	843,076	68,141,800
11/21/2017	0.626001	0.897632	0.562947	0.824907	1,049,110	51,645,100
11/20/2017	0.511832	0.627834	0.499989	0.626988	503,747	42,226,100
11/19/2017	0.467340	0.608924	0.450139	0.512029	692,150	38,555,600
11/18/2017	0.330487	0.470827	0.328600	0.468551	477,321	27,265,200
11/17/2017	0.285963	0.331479	0.273041	0.331128	129,661	23,592,000
11/16/2017	0.302452	0.307120	0.268654	0.280438	102,067	24,952,300
11/15/2017	0.271776	0.302688	0.265534	0.302688	90,524	22,421,500
11/14/2017	0.280578	0.292651	0.262781	0.271628	109,911	23,147,700
11/13/2017	0.241745	0.283563	0.241745	0.280591	70,180	19,943,900
11/12/2017	0.297184	0.297184	0.222554	0.241361	118,063	24,517,700
11/11/2017	0.254542	0.307382	0.251227	0.297150	112,422	20,999,700
11/10/2017	0.273058	0.289124	0.254379	0.255275	111,931	22,527,300
11/09/2017	0.262483	0.297697	0.252023	0.272928	109,205	21,654,900
11/08/2017	0.201304	0.277943	0.194936	0.263907	90,907	16,607,600
11/07/2017	0.202720	0.225430	0.189288	0.201446	71,770	16,724,400
11/06/2017	0.195893	0.213400	0.191066	0.202417	36,968	16,161,200
11/05/2017	0.200769	0.217632	0.181358	0.195708	26,652	16,563,500
11/04/2017	0.189307	0.202687	0.179419	0.200508	31,115	15,617,800
11/03/2017	0.169099	0.190038	0.153977	0.189276	55,253	13,950,700
11/02/2017	0.180297	0.194759	0.156881	0.168273	32,164	14,874,500
11/01/2017	0.195351	0.197355	0.166987	0.179799	42,835	16,116,500
10/31/2017	0.193622	0.207682	0.182785	0.195712	42,454	15,973,800
10/30/2017	0.174848	0.210406	0.174848	0.193515	40,786	14,425,000
10/29/2017	0.180773	0.194582	0.149911	0.171903	73,893	14,913,800
10/28/2017	0.200796	0.201715	0.180849	0.180849	50,777	16,565,700
10/27/2017	0.198171	0.207650	0.183148	0.200510	52,294	16,349,100
10/26/2017	0.197528	0.230030	0.179749	0.197772	48,109	16,296,100
10/25/2017	0.212350	0.243617	0.197952	0.197952	37,628	17,518,900
10/24/2017	0.192355	0.504343	0.189652	0.504023	49,558	15,869,300
10/23/2017	0.208500	0.340825	0.178045	0.192484	49,400	17,201,300
10/22/2017	0.199154	0.221861	0.187702	0.208622	64,760	16,430,200
10/21/2017	0.217980	0.231606	0.192946	0.195262	67,672	17,983,400
10/20/2017	0.252932	0.268084	0.218262	0.218262	50,767	20,866,900
10/19/2017	0.247152	0.780589	0.218563	0.253138	98,406	20,390,100
10/18/2017	0.227698	0.247931	0.197957	0.247729	86,572	18,785,100
10/17/2017	0.236682	0.490275	0.200914	0.227968	72,562	19,526,300
10/16/2017	0.242725	0.261676	0.221050	0.234106	69,296	20,024,800
10/15/2017	0.244454	0.264226	0.222757	0.242286	128,257	20,167,500
10/14/2017	0.245572	0.278583	0.236922	0.244437	105,999	20,259,700
10/13/2017	0.270996	0.294657	0.239337	0.245331	128,103	22,357,200
10/12/2017	0.327194	0.349364	0.271490	0.271490	152,640	26,993,500
10/11/2017	0.362609	0.376519	0.250919	0.320236	247,662	-
10/10/2017	0.329749	0.375528	0.319402	0.362625	256,062	-
