Date	Open	High	Low	Close	Volume	Market Cap
07/15/2018	1.36	1.43	1.35	1.42	45,451	93,335,500
07/14/2018	1.36	1.39	1.34	1.37	34,683	93,201,400
07/13/2018	1.34	1.39	1.34	1.36	40,599	91,647,300
07/12/2018	1.39	1.40	1.32	1.34	54,418	95,330,200
07/11/2018	1.38	1.41	1.34	1.39	65,798	94,173,700
07/10/2018	1.44	1.45	1.33	1.35	64,136	98,748,900
07/09/2018	1.39	1.47	1.38	1.44	64,242	94,955,900
07/08/2018	1.37	1.42	1.36	1.39	64,463	93,913,000
07/07/2018	1.32	1.37	1.25	1.37	34,692	90,639,400
07/06/2018	1.32	1.34	1.28	1.33	5,637	90,067,300
07/05/2018	1.29	1.34	1.28	1.32	9,455	88,593,400
07/04/2018	1.27	1.33	1.25	1.29	9,500	87,082,500
07/03/2018	1.28	1.30	1.26	1.27	9,470	87,291,200
07/02/2018	1.19	1.29	1.18	1.27	12,619	81,761,400
07/01/2018	1.20	1.21	1.18	1.19	2,988	82,307,500
06/30/2018	1.11	1.21	1.11	1.20	21,910	76,142,100
06/29/2018	1.02	1.13	0.984134	1.11	32,225	69,813,800
06/28/2018	1.07	1.07	1.01	1.02	18,989	73,260,400
06/27/2018	1.04	1.08	1.01	1.07	19,386	71,267,800
06/26/2018	1.11	1.12	1.04	1.05	23,798	75,867,900
06/25/2018	1.13	1.17	0.877526	1.11	11,168	77,293,600
06/24/2018	1.17	1.18	1.05	1.13	29,433	80,208,900
06/23/2018	1.16	1.19	1.14	1.17	11,751	79,315,100
06/22/2018	1.28	1.28	1.12	1.16	18,540	87,364,500
06/21/2018	1.30	1.34	1.27	1.28	11,129	88,907,500
06/20/2018	1.21	1.35	0.988158	1.30	21,097	82,718,000
06/19/2018	1.09	1.22	1.03	1.21	5,616	74,391,000
06/18/2018	1.10	1.16	0.995553	1.09	15,187	75,286,200
06/17/2018	1.01	1.16	1.01	1.10	13,891	69,366,800
06/16/2018	0.988025	1.02	0.983762	1.01	2,232	67,609,300
06/15/2018	1.04	1.05	0.978511	0.990728	2,422	71,408,000
06/14/2018	0.801136	1.05	0.790505	1.04	1,589	54,820,700
06/13/2018	0.948940	0.957753	0.759879	0.799236	2,393	64,934,800
06/12/2018	1.06	1.06	0.933050	0.945184	1,276	72,381,200
06/11/2018	1.09	1.11	1.02	1.06	2,774	74,827,700
06/10/2018	1.31	1.31	1.05	1.09	2,763	89,492,200
06/09/2018	1.43	1.44	1.31	1.31	3,057	97,687,800
06/08/2018	1.71	1.72	0.305801	1.43	1,889	116,720,000
06/07/2018	1.55	1.72	1.55	1.70	10,002	106,163,000
06/06/2018	1.37	1.55	1.35	1.55	71,789	93,502,300
06/05/2018	1.30	1.71	1.30	1.37	3,070	89,144,900
06/04/2018	0.617693	1.32	0.581007	1.30	2,783	42,268,000
06/03/2018	0.603209	0.631307	0.581911	0.618622	4,165	41,276,900
06/02/2018	0.550176	0.611464	0.547790	0.603986	2,568	37,647,900
06/01/2018	0.566036	0.571300	0.529221	0.550295	2,342	38,733,100
05/31/2018	0.558412	0.574264	0.555709	0.564818	2,254	38,211,500
05/30/2018	1.07	1.12	0.551587	0.558949	3,355	73,481,700
05/29/2018	1.02	1.09	0.982884	1.07	1,787	69,884,100
05/28/2018	1.25	1.26	1.01	1.02	5,988	85,308,500
05/27/2018	1.26	1.28	1.22	1.25	8,778	86,399,900
05/26/2018	1.57	1.58	0.247269	1.26	12,568	107,269,000
05/25/2018	1.70	1.71	1.53	1.57	6,141	116,568,000
05/24/2018	1.73	1.82	1.56	1.70	5,968	118,598,000
05/23/2018	1.92	2.03	1.69	1.74	16,946	131,230,000
05/22/2018	2.08	2.09	1.91	1.92	8,315	142,634,000
05/21/2018	2.07	2.14	2.05	2.09	13,013	141,944,000
05/20/2018	2.09	2.13	2.05	2.07	8,880	142,918,000
05/19/2018	2.03	2.15	2.01	2.09	10,213	139,016,000
05/18/2018	2.01	2.08	1.90	2.03	13,056	137,634,000
05/17/2018	2.52	2.54	1.99	2.01	13,192	172,373,000
05/16/2018	1.52	2.52	1.46	2.52	13,956	103,940,000
05/15/2018	1.42	1.59	1.36	1.52	5,872	97,017,100
05/14/2018	1.45	1.46	1.34	1.42	5,423	99,338,900
05/13/2018	1.43	1.47	0.143813	1.45	12,517	98,174,200
05/12/2018	1.52	1.54	1.34	1.44	7,891	104,176,000
05/11/2018	1.65	1.68	1.50	1.53	13,405	112,720,000
05/10/2018	1.85	1.86	1.64	1.65	13,781	126,260,000
05/09/2018	1.98	1.99	1.75	1.84	24,391	135,679,000
05/08/2018	2.11	2.16	1.96	1.99	24,576	144,064,000
05/07/2018	2.28	2.29	2.00	2.06	10,425	155,896,000
05/06/2018	2.32	2.37	2.17	2.28	37,720	158,799,000
05/05/2018	2.24	2.35	2.24	2.32	27,401	153,450,000
05/04/2018	2.23	2.30	2.18	2.24	16,048	152,344,000
05/03/2018	1.92	2.25	1.92	2.23	36,485	131,674,000
05/02/2018	1.88	1.93	1.86	1.92	41,589	128,642,000
05/01/2018	1.88	1.89	1.78	1.89	35,817	128,637,000
04/30/2018	1.43	1.94	1.43	1.87	65,327	98,089,900
04/29/2018	1.84	1.95	1.43	1.43	38,965	126,142,000
04/28/2018	1.77	1.87	1.77	1.84	55,323	121,258,000
04/27/2018	1.82	1.89	1.77	1.79	53,666	124,338,000
04/26/2018	1.68	1.82	1.64	1.81	51,778	115,172,000
04/25/2018	1.88	1.88	1.61	1.67	56,667	128,910,000
04/24/2018	1.71	1.89	1.71	1.88	48,600	116,878,000
04/23/2018	1.63	1.73	1.35	1.71	60,827	111,338,000
04/22/2018	1.57	1.69	1.43	1.63	34,004	107,463,000
04/21/2018	1.52	1.62	1.48	1.57	35,492	103,914,000
04/20/2018	1.28	5.05	1.24	1.52	20,627	87,413,200
04/19/2018	1.11	1.28	0.845611	1.28	15,806	76,175,000
04/18/2018	0.998510	1.11	0.995889	1.11	13,842	68,326,700
04/17/2018	1.01	1.03	0.995848	0.998024	9,283	69,159,700
04/16/2018	1.05	1.06	0.987330	1.01	6,846	72,188,000
04/15/2018	0.987934	1.05	0.987934	1.05	13,844	67,603,000
04/14/2018	0.964556	1.01	0.956858	0.988568	2,724	66,003,300
04/13/2018	0.969306	1.04	0.946413	0.964556	18,836	66,328,300
04/12/2018	0.839548	0.970229	0.816768	0.967634	31,907	57,449,100
04/11/2018	0.810696	0.843760	0.802460	0.843760	16,669	55,474,800
04/10/2018	0.766908	0.815101	0.760467	0.808797	9,082	52,478,500
04/09/2018	0.768321	0.864454	0.708396	0.763377	14,195	52,575,200
04/08/2018	0.681503	0.769448	0.680361	0.766513	12,720	46,634,400
04/07/2018	0.643744	0.697443	0.643019	0.681811	4,462	44,050,500
04/06/2018	0.658838	0.664904	0.626275	0.643927	10,941	45,083,400
04/05/2018	0.688885	0.690274	0.642121	0.661378	4,277	47,139,500
04/04/2018	0.601782	0.691533	0.586554	0.689706	9,092	41,179,100
04/03/2018	0.490451	0.604856	0.486916	0.600596	16,473	33,560,900
04/02/2018	0.553643	0.571533	0.482224	0.489919	40,481	37,885,100
04/01/2018	0.520635	0.565446	0.511663	0.551865	15,240	35,626,300
03/31/2018	0.399552	0.539444	0.399552	0.520469	29,804	27,340,800
03/30/2018	0.347604	0.431305	0.331478	0.399918	15,398	23,786,100
03/29/2018	0.205555	0.363271	0.204377	0.348619	27,004	14,065,900
03/28/2018	0.206490	0.213225	0.200903	0.205190	12,135	-
03/27/2018	0.202536	0.212355	0.190270	0.206420	21,015	-
02/09/2018	0.692161	0.746754	0.667379	0.743601	441	47,330,200
02/08/2018	1.01	1.10	0.466646	0.691300	410	68,829,000
02/07/2018	0.466626	1.15	0.427052	1.01	974	31,908,000
02/06/2018	0.417304	0.471165	0.335506	0.467115	758	28,535,300
02/05/2018	0.496331	0.513060	0.378423	0.415823	428	33,939,300
02/04/2018	0.689647	0.689647	0.472999	0.501188	792	47,158,300
02/03/2018	0.660101	0.713041	0.493083	0.689857	473	45,137,900
02/02/2018	0.647567	0.709470	0.539684	0.656921	651	44,280,800
02/01/2018	0.842437	0.861488	0.606212	0.649858	880	57,606,100
01/31/2018	0.848723	0.865857	0.269272	0.840832	1,048	58,035,900
01/30/2018	0.843395	0.900668	0.804602	0.845801	1,416	57,671,600
01/29/2018	0.898081	0.904061	0.735873	0.843021	912	61,411,000
01/28/2018	0.832781	0.924390	0.829706	0.899408	2,464	56,945,800
01/27/2018	0.872892	0.875981	0.658880	0.826963	2,245	59,688,600
01/26/2018	0.855267	0.882601	0.811312	0.872827	1,809	58,483,300
01/25/2018	0.863622	0.949565	0.634811	0.858252	10,660	59,054,700
01/24/2018	0.785635	0.857313	0.755611	0.857313	2,270	53,721,900
01/23/2018	0.850002	0.858000	0.576573	0.785401	3,241	58,123,300
01/22/2018	0.951898	0.987841	0.782508	0.851551	1,034	65,091,000
01/21/2018	0.827156	1.09	0.728930	0.947423	5,595	56,561,100
01/20/2018	0.841617	1.11	0.825368	0.825368	7,892	57,550,000
01/19/2018	0.877417	0.908421	0.810113	0.836226	2,849	59,998,000
01/18/2018	0.814316	0.942125	0.789482	0.883977	901	55,683,100
01/17/2018	0.907744	0.958389	0.647243	0.805247	2,559	62,071,700
01/16/2018	0.971462	1.01	0.747083	0.911096	3,572	66,428,800
01/15/2018	1.02	1.04	0.969516	0.969516	2,622	69,863,300
01/14/2018	1.13	1.13	0.972866	1.02	1,136	76,960,600
01/13/2018	0.967787	1.16	0.948839	1.12	1,496	66,177,500
01/12/2018	0.952679	1.12	0.929455	0.967905	15,995	65,144,500
01/11/2018	1.07	1.21	0.924742	0.941838	3,999	72,849,700
01/10/2018	1.11	1.18	1.04	1.07	4,239	75,739,800
01/09/2018	1.03	1.12	0.988474	1.11	4,290	70,700,900
01/08/2018	1.05	1.15	0.887400	1.04	3,261	71,820,200
01/07/2018	0.955941	1.04	0.953585	1.04	4,548	65,367,500
01/06/2018	1.33	1.37	0.941083	0.956323	4,424	91,203,500
01/05/2018	1.31	1.41	1.29	1.33	4,582	89,913,300
01/04/2018	1.48	1.48	1.24	1.32	2,965	101,013,000
01/03/2018	1.40	1.49	1.27	1.47	10,805	95,968,300
01/02/2018	1.27	1.45	1.27	1.40	20,554	86,619,600
01/01/2018	0.919088	1.39	0.912538	1.26	45,555	62,847,500
12/31/2017	0.603972	0.969468	0.594465	0.964783	41,090	41,299,800
12/30/2017	0.599028	0.620308	0.560213	0.609289	12,726	40,961,700
12/29/2017	0.573792	0.614078	0.568726	0.599235	12,332	39,236,100
12/28/2017	0.547904	0.606350	0.528222	0.570353	15,339	37,465,800
12/27/2017	0.554211	0.678564	0.524104	0.548814	13,094	37,897,100
12/26/2017	0.533897	0.562667	0.527301	0.552950	17,446	36,508,000
12/25/2017	0.483418	0.599956	0.483222	0.533701	5,313	33,056,200
12/24/2017	0.704364	0.704364	0.407698	0.481046	19,278	48,164,600
12/23/2017	0.746093	0.822320	0.696130	0.696130	14,660	51,018,000
12/22/2017	0.869953	0.873956	0.525864	0.739995	11,774	59,487,600
12/21/2017	0.878472	0.924149	0.841144	0.866670	173	60,070,200
12/20/2017	0.912773	0.925501	0.808619	0.877535	2,447	62,415,600
12/19/2017	0.841727	0.944940	0.805900	0.913753	15,203	57,557,500
12/18/2017	0.754090	0.865092	0.683292	0.844272	11,432	51,564,900
12/17/2017	0.741226	0.826576	0.720561	0.755083	17,432	50,685,200
12/16/2017	0.733017	0.790131	0.721794	0.738900	9,261	50,123,900
12/15/2017	0.718502	0.731645	0.636978	0.731645	26,255	49,131,400
12/14/2017	0.715150	0.769274	0.672901	0.717830	24,978	48,902,100
12/13/2017	0.640897	0.734554	0.576572	0.715522	16,817	43,824,700
12/12/2017	0.514198	0.645024	0.495785	0.640458	11,354	35,161,000
12/11/2017	0.413830	0.517517	0.413347	0.517517	14,343	28,297,800
12/10/2017	0.489095	0.489095	0.411863	0.413364	10,835	33,444,400
12/09/2017	0.411813	0.524613	0.411813	0.487530	13,254	28,159,800
12/08/2017	0.392969	0.420717	0.345846	0.411823	13,681	26,871,300
12/07/2017	0.376871	0.402948	0.361525	0.392398	23,489	25,770,500
12/06/2017	0.413841	0.415394	0.370553	0.378185	5,138	28,298,500
12/05/2017	0.391765	0.421262	0.365448	0.414569	10,175	26,789,000
12/04/2017	0.331079	0.391564	0.327751	0.391564	9,505	22,639,200
12/03/2017	0.265496	0.359145	0.264067	0.330469	23,552	18,154,700
12/02/2017	0.304815	0.339600	0.265379	0.265407	13,393	20,843,400
12/01/2017	0.237775	0.307994	0.232401	0.304824	22,040	16,259,100
11/30/2017	0.243560	0.272098	0.234805	0.238366	15,025	16,654,700
11/29/2017	0.271825	0.297295	0.233187	0.240480	20,309	18,587,400
11/28/2017	0.221366	0.284638	0.219900	0.271607	19,024	15,137,000
11/27/2017	0.239988	0.255175	0.221439	0.221669	15,428	16,410,400
11/26/2017	0.217634	0.241143	0.208688	0.240048	23,431	14,881,900
11/25/2017	0.236603	0.238374	0.185427	0.217627	22,343	16,179,000
11/24/2017	0.152873	0.240358	0.151097	0.236642	33,901	-
11/23/2017	0.131248	0.181534	0.129593	0.153642	40,182	-
11/22/2017	0.137812	0.158201	0.127260	0.130947	28,784	-
11/21/2017	0.242117	0.242117	0.132248	0.137636	13,384	-
11/20/2017	0.184383	0.290097	0.159586	0.242499	26,393	-
11/19/2017	0.249513	0.253468	0.182950	0.193456	5,111	-
11/18/2017	0.464143	0.464568	0.242442	0.250159	14,924	-
11/17/2017	0.403751	0.479647	0.401356	0.464843	16,529	-
11/16/2017	0.358013	0.407629	0.356698	0.407629	14,801	-
