Date	Open	High	Low	Close	Volume	Market Cap
07/15/2018	0.049464	0.051113	0.043122	0.047356	227,896	21,594,700
07/14/2018	0.050313	0.051793	0.046629	0.049510	771,791	21,965,300
07/13/2018	0.047128	0.054685	0.047121	0.050253	1,138,330	20,574,700
07/12/2018	0.056770	0.057870	0.046994	0.046994	1,344,600	24,784,200
07/11/2018	0.057361	0.058460	0.050609	0.056685	1,211,750	25,042,000
07/10/2018	0.064609	0.065882	0.056850	0.057340	1,655,930	28,206,600
07/09/2018	0.067640	0.067640	0.064293	0.064574	1,704,400	29,529,500
07/08/2018	0.067903	0.068489	0.064750	0.067650	264,534	29,644,600
07/07/2018	0.066253	0.067576	0.062608	0.067328	1,466,550	28,924,000
07/06/2018	0.066284	0.068152	0.060750	0.066225	2,021,380	28,937,600
07/05/2018	0.067897	0.071643	0.063223	0.066628	1,978,200	-
07/04/2018	0.070382	0.070553	0.065121	0.067575	1,864,130	-
07/03/2018	0.076307	0.078299	0.069383	0.070372	1,838,070	-
07/02/2018	0.071485	0.080727	0.067208	0.077129	2,221,990	-
07/01/2018	0.073381	0.074949	0.069748	0.070984	287,808	-
06/30/2018	0.075599	0.080042	0.071866	0.073562	1,578,760	-
06/29/2018	0.078306	0.081277	0.067543	0.075238	2,819,650	-
06/28/2018	0.078366	0.085778	0.077215	0.078122	3,028,220	-
06/27/2018	0.076975	0.087334	0.075820	0.078224	3,895,020	-
06/26/2018	0.075648	0.085592	0.075166	0.077171	3,452,490	-
06/25/2018	0.073269	0.081493	0.072924	0.075699	3,630,320	-
06/24/2018	0.081851	0.082199	0.067590	0.073588	1,826,960	-
06/23/2018	0.078444	0.082922	0.077954	0.081929	2,650,640	-
06/22/2018	0.093905	0.093905	0.076568	0.078542	2,950,610	-
06/21/2018	0.099593	0.102053	0.093581	0.093863	2,473,160	-
06/20/2018	0.099147	0.100439	0.095875	0.099568	2,738,550	-
06/19/2018	0.095649	0.104268	0.095496	0.099338	2,764,290	-
06/18/2018	0.102389	0.102950	0.091042	0.095699	2,546,490	-
06/17/2018	0.097829	0.105225	0.097802	0.102394	2,515,380	-
06/16/2018	0.105470	0.108024	0.094955	0.097950	2,952,670	-
06/15/2018	0.113694	0.114262	0.103814	0.105794	2,487,970	-
06/14/2018	0.105931	0.114121	0.095775	0.114121	4,318,420	-
06/13/2018	0.117127	0.120730	0.100650	0.105959	3,534,860	-
06/12/2018	0.142367	0.213122	0.114012	0.116751	4,642,520	-
06/11/2018	0.134199	0.142212	0.118973	0.142212	4,008,240	-
06/10/2018	0.165211	0.165211	0.111308	0.133882	4,908,130	-
06/09/2018	0.166281	0.169078	0.151493	0.164709	6,634,960	-
06/08/2018	0.182087	0.182777	0.162443	0.167334	3,439,820	-
06/07/2018	0.196339	0.198810	0.179273	0.181814	3,719,090	-
06/06/2018	0.205899	0.221843	0.188332	0.196485	8,262,920	-
06/05/2018	0.175591	0.212328	0.171494	0.204872	6,043,480	-
06/04/2018	0.167050	0.175521	0.167050	0.175521	3,758,130	-
