Date	Open	High	Low	Close	Volume	Market Cap
07/15/2018	0.017505	0.018200	0.017087	0.017344	2,905	12,286,600
07/14/2018	0.017227	0.017667	0.016555	0.017509	4,550	12,091,600
07/13/2018	0.017091	0.017308	0.016737	0.017220	8,605	11,995,500
07/12/2018	0.017703	0.017827	0.015199	0.017090	43,392	12,425,300
07/11/2018	0.017769	0.017881	0.017151	0.017711	3,888	12,472,100
07/10/2018	0.017689	0.018667	0.017269	0.017712	14,832	12,415,800
07/09/2018	0.019011	0.019014	0.017669	0.017699	8,938	13,343,600
07/08/2018	0.018908	0.019278	0.018646	0.019001	7,988	13,271,200
07/07/2018	0.018684	0.019444	0.018659	0.018908	4,133	13,113,900
07/06/2018	0.018978	0.019662	0.018335	0.018685	15,126	13,320,400
07/05/2018	0.019671	0.019874	0.018556	0.018982	11,923	13,806,600
07/04/2018	0.019361	0.019841	0.018370	0.019667	23,367	13,589,000
07/03/2018	0.019355	0.021598	0.018725	0.019364	179,911	13,585,200
07/02/2018	0.018372	0.019158	0.017305	0.018821	47,370	12,894,900
07/01/2018	0.018512	0.018625	0.016574	0.018366	7,734	12,993,600
06/30/2018	0.018576	0.019971	0.018066	0.018183	396,568	13,038,100
06/29/2018	0.018087	0.018766	0.016671	0.018562	28,350	12,695,000
06/28/2018	0.018139	0.018228	0.017708	0.017763	4,696	12,731,700
06/27/2018	0.018110	0.018463	0.017993	0.018121	9,300	12,711,300
06/26/2018	0.018890	0.018898	0.017311	0.018120	34,811	13,258,700
06/25/2018	0.018295	0.019739	0.017996	0.018909	35,987	12,840,900
06/24/2018	0.019627	0.019632	0.017784	0.018298	40,581	13,775,900
06/23/2018	0.017779	0.019637	0.017678	0.019628	14,545	12,478,900
06/22/2018	0.022339	0.022342	0.017480	0.017567	55,656	15,679,400
06/21/2018	0.022473	0.022697	0.022258	0.022258	10,452	15,773,500
06/20/2018	0.023314	0.023314	0.022463	0.022574	11,790	16,363,600
06/19/2018	0.022915	0.023933	0.022439	0.023332	17,814	16,084,000
06/18/2018	0.022586	0.023472	0.022320	0.022932	12,749	15,853,000
06/17/2018	0.023396	0.023704	0.021981	0.022582	21,194	16,421,100
06/16/2018	0.022635	0.023575	0.021860	0.023395	21,432	15,886,900
06/15/2018	0.022066	0.023933	0.021658	0.022660	23,317	15,487,600
06/14/2018	0.021315	0.022544	0.020855	0.022093	19,474	14,960,400
06/13/2018	0.023032	0.023035	0.020789	0.021275	46,378	16,165,500
06/12/2018	0.023543	0.023786	0.022537	0.023068	16,789	16,524,800
06/11/2018	0.023402	0.024357	0.022501	0.023581	25,938	16,425,300
06/10/2018	0.024551	0.025968	0.022302	0.022935	57,992	17,232,300
06/09/2018	0.024388	0.025039	0.024388	0.024546	11,669	17,117,800
06/08/2018	0.024588	0.025797	0.024255	0.024400	25,955	17,258,000
06/07/2018	0.023503	0.025595	0.023442	0.024502	35,707	16,496,400
06/06/2018	0.024697	0.025231	0.024064	0.024354	17,690	17,334,600
06/05/2018	0.026086	0.026089	0.023435	0.024751	27,140	18,309,700
06/04/2018	0.026617	0.027359	0.024629	0.026131	37,264	18,681,700
06/03/2018	0.027363	0.027985	0.026212	0.026619	32,264	19,205,700
06/02/2018	0.024744	0.027362	0.024502	0.027099	28,790	17,367,100
06/01/2018	0.024664	0.026340	0.024057	0.024755	48,374	17,311,400
05/31/2018	0.023147	0.025242	0.022916	0.024666	18,056	16,246,300
05/30/2018	0.024237	0.025303	0.021184	0.023090	91,972	17,011,500
05/29/2018	0.023876	0.025133	0.022412	0.024211	132,029	16,757,900
05/28/2018	0.026026	0.027170	0.022866	0.023884	57,677	18,266,900
05/27/2018	0.026599	0.027309	0.025599	0.026082	27,794	18,669,500
05/26/2018	0.026531	0.027864	0.026517	0.026599	32,379	18,621,400
05/25/2018	0.026848	0.027949	0.026653	0.026697	17,706	18,844,000
05/24/2018	0.027061	0.028542	0.026090	0.026829	52,818	18,993,400
05/23/2018	0.027910	0.028381	0.025483	0.026998	66,822	19,589,600
05/22/2018	0.028838	0.028840	0.027228	0.027882	33,068	20,240,700
05/21/2018	0.028404	0.029523	0.027964	0.028822	36,991	19,936,400
05/20/2018	0.027773	0.029330	0.027085	0.028693	42,215	19,493,300
05/19/2018	0.027865	0.028247	0.027065	0.027778	20,655	19,558,000
05/18/2018	0.026968	0.028049	0.026154	0.027904	33,262	18,928,600
05/17/2018	0.028082	0.028984	0.026666	0.026666	43,507	19,710,600
05/16/2018	0.028676	0.029024	0.027275	0.028530	29,407	20,127,000
05/15/2018	0.030220	0.030479	0.028622	0.029022	29,606	21,211,000
05/14/2018	0.031862	0.032911	0.028821	0.030297	79,710	22,363,500
05/13/2018	0.029516	0.031959	0.028657	0.031840	60,814	20,716,600
05/12/2018	0.028928	0.031142	0.027399	0.029517	47,930	20,304,500
05/11/2018	0.030452	0.032328	0.027529	0.028981	139,724	21,373,700
05/10/2018	0.034060	0.035461	0.030349	0.030355	70,995	23,906,200
05/09/2018	0.034672	0.034834	0.032358	0.034254	57,970	24,335,900
05/08/2018	0.033335	0.036196	0.032828	0.034687	93,730	23,397,000
05/07/2018	0.037853	0.038167	0.032216	0.033353	120,062	26,568,800
05/06/2018	0.039066	0.039662	0.037059	0.037845	62,542	27,420,000
05/05/2018	0.039186	0.039903	0.038761	0.039294	76,633	27,503,800
05/04/2018	0.039125	0.039417	0.038731	0.039234	54,205	27,461,500
05/03/2018	0.039700	0.039845	0.038732	0.039131	77,755	27,865,100
05/02/2018	0.039113	0.040492	0.038117	0.039068	128,521	27,452,500
05/01/2018	0.039089	0.039852	0.037605	0.038422	62,643	27,436,300
04/30/2018	0.041221	0.041226	0.039662	0.040559	56,661	28,932,300
04/29/2018	0.040580	0.042106	0.039976	0.041261	61,458	28,482,400
04/28/2018	0.041434	0.042986	0.039707	0.040747	111,078	29,081,600
04/27/2018	0.039129	0.043754	0.037630	0.040412	290,334	27,464,100
04/26/2018	0.036525	0.040081	0.033034	0.039717	144,492	25,636,000
04/25/2018	0.041418	0.042389	0.035342	0.036572	195,558	29,071,000
04/24/2018	0.037819	0.042372	0.037741	0.042262	176,992	26,544,400
04/23/2018	0.039016	0.039932	0.037360	0.037822	104,856	27,384,900
04/22/2018	0.040156	0.041514	0.038226	0.039041	146,663	28,185,200
04/21/2018	0.043520	0.045876	0.035861	0.039801	304,949	30,545,700
04/20/2018	0.031945	0.046309	0.031945	0.043506	626,574	22,421,700
04/19/2018	0.028990	0.032263	0.028375	0.031988	75,184	20,347,300
04/18/2018	0.028182	0.029019	0.027179	0.028998	36,387	19,780,800
04/17/2018	0.027980	0.029300	0.026834	0.028206	48,933	19,638,500
04/16/2018	0.028884	0.030222	0.027172	0.027979	57,992	20,273,200
04/15/2018	0.027522	0.028931	0.026835	0.028931	56,135	19,317,300
04/14/2018	0.026361	0.027814	0.025222	0.027028	31,662	18,502,700
04/13/2018	0.027971	0.029846	0.026369	0.026847	119,935	19,632,600
04/12/2018	0.023759	0.028800	0.023622	0.028527	92,249	16,676,000
04/11/2018	0.023439	0.024293	0.023321	0.023792	34,693	16,451,600
04/10/2018	0.023547	0.023702	0.023238	0.023434	11,294	16,526,900
04/09/2018	0.023443	0.024754	0.023293	0.023506	38,619	16,454,600
04/08/2018	0.023387	0.023626	0.023287	0.023436	27,669	16,414,900
04/07/2018	0.023415	0.024011	0.023247	0.023265	32,424	16,434,700
04/06/2018	0.023700	0.024632	0.022518	0.023380	31,619	16,634,600
04/05/2018	0.023755	0.024198	0.022256	0.023640	28,315	16,673,200
04/04/2018	0.026080	0.026369	0.023386	0.023790	75,548	18,305,000
04/03/2018	0.024446	0.028673	0.024214	0.026172	117,951	17,158,200
04/02/2018	0.023869	0.025028	0.023325	0.024412	43,533	16,753,300
04/01/2018	0.025887	0.026066	0.022489	0.023862	53,387	18,170,000
03/31/2018	0.025673	0.026618	0.025206	0.025887	38,848	18,019,700
03/30/2018	0.025204	0.028099	0.023322	0.026273	88,030	17,690,000
03/29/2018	0.029692	0.029850	0.025202	0.025227	109,260	20,840,500
03/28/2018	0.030167	0.030475	0.028549	0.029750	43,001	21,173,700
03/27/2018	0.030463	0.031019	0.029533	0.030142	46,728	21,381,300
03/26/2018	0.031125	0.032375	0.029883	0.030529	41,321	21,846,100
03/25/2018	0.033227	0.033261	0.030482	0.031126	89,157	23,321,500
03/24/2018	0.032745	0.035913	0.032166	0.033425	34,952	22,983,100
03/23/2018	0.035245	0.035580	0.031678	0.032572	67,651	24,738,000
03/22/2018	0.035821	0.037312	0.034822	0.035023	46,060	25,142,000
03/21/2018	0.036831	0.038686	0.035362	0.035797	113,286	25,851,200
03/20/2018	0.038026	0.039029	0.034006	0.036869	102,099	26,689,900
03/19/2018	0.032179	0.039228	0.032179	0.037908	159,600	22,585,900
03/18/2018	0.034348	0.034348	0.028354	0.032195	123,437	24,108,000
03/17/2018	0.036231	0.036351	0.033722	0.034350	44,474	25,430,100
03/16/2018	0.037201	0.041774	0.034725	0.036133	212,723	26,110,800
03/15/2018	0.037368	0.037574	0.033041	0.036757	130,581	26,228,400
03/14/2018	0.039201	0.040651	0.036631	0.037390	155,987	27,514,600
03/13/2018	0.039475	0.041060	0.038104	0.039175	74,881	27,707,100
03/12/2018	0.041328	0.042226	0.038624	0.039122	99,158	29,007,700
03/11/2018	0.041174	0.042090	0.039370	0.041418	86,518	28,899,100
03/10/2018	0.041425	0.043860	0.039887	0.041183	103,589	29,075,800
03/09/2018	0.040876	0.041580	0.037995	0.041577	138,995	28,690,100
03/08/2018	0.040211	0.044696	0.038414	0.040644	373,356	28,223,500
03/07/2018	0.048396	0.049304	0.040751	0.040764	316,305	33,968,400
03/06/2018	0.053457	0.053457	0.047376	0.048508	161,841	37,520,600
03/05/2018	0.054783	0.055166	0.049689	0.053587	438,621	38,451,100
03/04/2018	0.056260	0.056262	0.052418	0.054735	189,605	39,488,200
03/03/2018	0.056616	0.057026	0.056081	0.056265	69,421	39,737,900
03/02/2018	0.055988	0.057293	0.055550	0.056664	191,860	39,297,300
03/01/2018	0.055186	0.056667	0.054925	0.055583	116,718	38,734,400
02/28/2018	0.056143	0.057683	0.054858	0.055202	328,475	39,406,000
02/27/2018	0.056280	0.057333	0.055214	0.056032	301,761	39,501,900
02/26/2018	0.057055	0.058321	0.054021	0.056341	208,165	40,046,100
02/25/2018	0.057706	0.060146	0.053820	0.057136	270,673	40,502,700
02/24/2018	0.058396	0.062487	0.056522	0.057392	282,866	40,987,300
02/23/2018	0.059623	0.060392	0.056793	0.058518	209,797	41,848,400
02/22/2018	0.057592	0.062372	0.055711	0.059870	360,043	40,423,200
02/21/2018	0.061123	0.063459	0.055500	0.058055	436,469	42,901,500
02/20/2018	0.061932	0.069039	0.060123	0.061173	463,999	43,469,200
02/19/2018	0.057845	0.064844	0.056552	0.061974	242,593	40,600,200
02/18/2018	0.069883	0.070501	0.052047	0.057502	650,429	49,049,400
02/17/2018	0.073737	0.075109	0.067750	0.070301	776,845	51,754,900
02/16/2018	0.073155	0.077996	0.068279	0.073874	1,969,190	51,346,500
02/15/2018	0.059358	0.074823	0.059351	0.072943	2,059,810	41,662,300
02/14/2018	0.046959	0.060380	0.046876	0.060005	1,164,530	32,959,400
02/13/2018	0.048258	0.050587	0.046435	0.048106	198,382	33,871,800
02/12/2018	0.046575	0.049678	0.045871	0.048255	260,808	32,690,500
02/11/2018	0.046115	0.047323	0.045428	0.046752	132,171	32,367,600
02/10/2018	0.048650	0.050514	0.045762	0.046276	458,475	34,147,000
02/09/2018	0.046715	0.047923	0.044072	0.047923	165,130	32,788,600
02/08/2018	0.044029	0.047441	0.043739	0.046050	189,607	30,903,400
02/07/2018	0.049218	0.050425	0.043989	0.043989	308,692	34,545,700
02/06/2018	0.042281	0.050760	0.038407	0.047755	417,006	29,676,500
02/05/2018	0.051248	0.051652	0.041065	0.041260	311,702	35,970,300
02/04/2018	0.058241	0.060590	0.050672	0.051348	383,396	40,878,700
02/03/2018	0.052751	0.059049	0.047371	0.058223	507,039	37,025,400
02/02/2018	0.040869	0.054584	0.039126	0.052494	581,653	28,685,600
02/01/2018	0.063188	0.065821	0.038356	0.041177	614,603	44,350,400
01/31/2018	0.064184	0.071110	0.060979	0.062411	540,732	45,050,000
01/30/2018	0.071267	0.073629	0.063740	0.064185	451,806	50,021,500
01/29/2018	0.075103	0.075482	0.070741	0.071138	396,379	52,713,200
01/28/2018	0.074772	0.085890	0.071079	0.073951	1,781,670	52,481,600
01/27/2018	0.068008	0.075257	0.064796	0.074749	806,392	47,734,100
01/26/2018	0.082886	0.083335	0.061897	0.068029	919,857	58,176,400
01/25/2018	0.081716	0.083976	0.081351	0.083559	324,472	57,355,200
01/24/2018	0.081227	0.084166	0.078746	0.080997	313,120	57,012,100
01/23/2018	0.083869	0.092205	0.077358	0.081140	988,570	58,866,600
01/22/2018	0.081729	0.084475	0.074714	0.083045	670,960	57,364,500
01/21/2018	0.091947	0.094217	0.076825	0.081705	806,361	64,536,400
01/20/2018	0.080825	0.096414	0.079665	0.090579	1,278,810	56,730,100
01/19/2018	0.072465	0.081776	0.071445	0.080852	690,809	50,861,800
01/18/2018	0.071299	0.084454	0.069664	0.078177	807,761	50,043,600
01/17/2018	0.076738	0.081156	0.051578	0.072366	1,105,250	53,861,100
01/16/2018	0.095024	0.096000	0.060630	0.074120	1,318,620	66,695,800
01/15/2018	0.100411	0.104190	0.095070	0.095134	963,216	70,476,700
01/14/2018	0.105997	0.109822	0.097432	0.102838	1,121,300	74,397,500
01/13/2018	0.114684	0.156990	0.100828	0.106787	8,049,310	80,494,900
01/12/2018	0.109223	0.116745	0.097796	0.115223	1,471,670	76,661,900
01/11/2018	0.104738	0.111161	0.091649	0.109222	796,825	73,514,000
01/10/2018	0.116031	0.116309	0.095412	0.106706	1,164,600	81,440,600
01/09/2018	0.111782	0.120478	0.111766	0.116976	998,898	78,457,800
01/08/2018	0.119070	0.120812	0.106230	0.110266	1,416,600	83,573,300
01/07/2018	0.108874	0.125108	0.103342	0.120229	2,813,180	76,416,800
01/06/2018	0.088509	0.125566	0.087783	0.108051	4,883,420	62,122,900
01/05/2018	0.081343	0.089658	0.078576	0.088338	839,539	57,093,300
01/04/2018	0.080961	0.087610	0.079636	0.079675	720,181	56,825,400
01/03/2018	0.086690	0.090682	0.081629	0.081996	788,594	60,846,600
01/02/2018	0.086877	0.089911	0.083686	0.086743	528,483	60,977,600
01/01/2018	0.087645	0.090547	0.082913	0.086812	350,012	61,516,400
12/31/2017	0.078985	0.093060	0.072803	0.088227	884,090	55,438,100
12/30/2017	0.090654	0.091661	0.077234	0.079904	702,990	63,628,700
12/29/2017	0.094415	0.101476	0.090185	0.090827	769,577	66,268,300
12/28/2017	0.102565	0.105519	0.092241	0.093548	597,555	71,988,400
12/27/2017	0.095219	0.111708	0.094109	0.102534	1,200,480	66,832,700
12/26/2017	0.084207	0.099778	0.083359	0.095469	839,853	59,103,800
12/25/2017	0.084145	0.091533	0.076422	0.084246	737,775	59,060,300
12/24/2017	0.090614	0.095142	0.074224	0.084107	897,238	63,600,400
12/23/2017	0.090184	0.101477	0.088235	0.090594	1,203,600	63,299,000
12/22/2017	0.112191	0.113296	0.072109	0.089341	15,983	78,745,100
12/21/2017	0.106317	0.122929	0.105433	0.111803	20,302	74,622,100
12/20/2017	0.109060	0.123620	0.096163	0.106039	116,840	76,547,500
12/19/2017	0.125325	0.125849	0.103451	0.109168	139,571	87,963,400
12/18/2017	0.104474	0.137625	0.103447	0.125219	1,308,930	73,328,700
12/17/2017	0.113805	0.121717	0.098859	0.104159	104,064	79,878,300
12/16/2017	0.099528	0.114196	0.091093	0.107783	527,030	69,857,300
12/15/2017	0.100552	0.107983	0.089001	0.099389	372,320	70,575,800
12/14/2017	0.088310	0.102945	0.080327	0.100423	701,196	61,983,700
12/13/2017	0.105601	0.113431	0.059769	0.088593	1,234,410	74,119,300
12/12/2017	0.119324	0.122198	0.087100	0.105514	400,202	83,751,800
12/11/2017	0.095909	0.124244	0.095511	0.118943	418,967	67,316,900
12/10/2017	0.104377	0.104377	0.079985	0.101724	170,523	73,260,700
12/09/2017	0.112994	0.123700	0.086752	0.103959	448,479	79,308,500
12/08/2017	0.098184	0.124960	0.082244	0.107952	2,531,840	68,914,100
12/07/2017	0.053821	0.097956	0.050993	0.097956	1,225,710	37,776,000
12/06/2017	0.053120	0.066393	0.048794	0.054051	897,137	37,284,100
12/05/2017	0.035085	0.058150	0.031884	0.054997	694,514	24,625,800
12/04/2017	0.031704	0.039690	0.031670	0.035016	84,155	22,252,800
12/03/2017	0.027379	0.034430	0.027347	0.031600	20,110	19,216,900
12/02/2017	0.028641	0.031274	0.026613	0.027274	15,314	20,102,500
12/01/2017	0.026536	0.028830	0.020042	0.028664	19,258	18,625,300
11/30/2017	0.026989	0.032807	0.023491	0.026556	35,944	18,942,900
11/29/2017	0.030876	0.039345	0.025739	0.026631	19,991	21,671,300
11/28/2017	0.028550	0.034770	0.022439	0.030907	61,274	20,038,600
11/27/2017	0.027914	0.031527	0.027046	0.028160	11,868	19,592,600
11/26/2017	0.025097	0.028171	0.025075	0.027919	5,805	17,615,300
11/25/2017	0.025492	0.027270	0.023596	0.025108	14,672	17,892,500
11/24/2017	0.025879	0.026101	0.022946	0.025555	6,619	18,164,300
11/23/2017	0.023762	0.026803	0.019243	0.025915	72,704	16,678,500
11/22/2017	0.025342	0.027010	0.023626	0.023768	11,347	17,787,300
11/21/2017	0.027383	0.028531	0.023218	0.025279	6,697	19,219,500
11/20/2017	0.027275	0.028720	0.022746	0.027414	27,843	19,143,700
11/19/2017	0.028100	0.029039	0.024736	0.027287	5,558	19,722,700
11/18/2017	0.026146	0.028335	0.024123	0.028152	2,205	18,351,600
11/17/2017	0.027339	0.027630	0.024004	0.026246	3,489	19,188,500
11/16/2017	0.025299	0.028676	0.024642	0.027382	7,663	17,757,300
11/15/2017	0.023246	0.025560	0.023246	0.025205	5,529	16,315,900
11/14/2017	0.022895	0.023874	0.022611	0.023224	879	16,069,900
11/13/2017	0.021781	0.025962	0.021611	0.022858	3,469	15,287,500
11/12/2017	0.022264	0.022758	0.019379	0.021749	928	15,626,900
11/11/2017	0.022749	0.026390	0.021811	0.022281	4,334	15,967,200
11/10/2017	0.027787	0.028588	0.022258	0.022830	24,389	19,503,100
11/09/2017	0.019048	0.030687	0.018645	0.027705	149,777	13,369,300
11/08/2017	0.019847	0.022433	0.016732	0.019067	27,258	13,930,500
11/07/2017	0.018708	0.019923	0.016604	0.019910	4,665	13,130,700
11/06/2017	0.017891	0.019966	0.017275	0.018745	3,186	12,557,600
11/05/2017	0.017336	0.018297	0.017164	0.017852	6,070	12,167,500
11/04/2017	0.017559	0.018270	0.016848	0.017368	26,070	12,324,400
11/03/2017	0.020929	0.021564	0.017459	0.017605	24,638	14,690,000
11/02/2017	0.019679	0.021121	0.017427	0.020957	51,754	13,812,100
11/01/2017	0.020492	0.021172	0.019090	0.019657	32,409	14,382,800
10/31/2017	0.019681	0.020507	0.019606	0.020507	7,741	13,814,000
10/30/2017	0.021673	0.022763	0.019557	0.019744	8,629	15,212,300
10/29/2017	0.019532	0.022415	0.018623	0.021732	3,577	13,709,300
10/28/2017	0.021094	0.021486	0.018615	0.019559	7,674	14,805,600
10/27/2017	0.021915	0.023214	0.020647	0.021037	5,361	15,381,700
10/26/2017	0.021518	0.022010	0.020274	0.021923	2,322	15,103,400
10/25/2017	0.020651	0.021642	0.019588	0.021525	5,571	14,494,800
10/24/2017	0.023169	0.023277	0.018371	0.020641	9,322	16,262,000
10/23/2017	0.024924	0.025411	0.021103	0.023220	242	17,494,000
10/22/2017	0.022551	0.024991	0.020685	0.024954	4,385	15,828,500
10/21/2017	0.022278	0.023217	0.019863	0.022545	63,547	15,636,300
10/20/2017	0.025652	0.025734	0.021618	0.022325	58,150	18,004,500
10/19/2017	0.022873	0.028022	0.021396	0.025647	49,187	16,054,000
10/18/2017	0.020200	0.022954	0.019213	0.022874	8,386	14,178,100
10/17/2017	0.022991	0.023055	0.020104	0.020181	48,027	16,136,700
10/16/2017	0.024724	0.026351	0.022696	0.022988	42,745	17,353,400
10/15/2017	0.026048	0.031081	0.023439	0.024293	72,189	18,282,800
10/14/2017	0.022173	0.035187	0.019753	0.028256	273,408	15,562,900
10/13/2017	0.011650	0.028033	0.011575	0.022167	382,769	8,176,580
10/12/2017	0.010281	0.012457	0.010224	0.011613	5,813	7,215,860
10/11/2017	0.010762	0.011492	0.010260	0.010273	1,825	7,553,910
10/10/2017	0.010685	0.011449	0.009640	0.010762	4,424	7,499,700
10/09/2017	0.011147	0.011282	0.010417	0.010686	3,336	7,824,230
10/08/2017	0.011111	0.012032	0.010650	0.011144	8,298	7,798,920
10/07/2017	0.010823	0.012533	0.010628	0.011140	5,515	7,596,780
10/06/2017	0.011580	0.011731	0.010825	0.010825	2,548	8,127,510
10/05/2017	0.010934	0.011703	0.010293	0.011580	1,511	7,674,220
10/04/2017	0.012527	0.012535	0.010282	0.010924	2,588	8,792,580
10/03/2017	0.011736	0.013149	0.010693	0.012498	5,477	8,237,170
10/02/2017	0.013719	0.013910	0.011091	0.011700	13,321	9,628,880
10/01/2017	0.014428	0.014534	0.013612	0.013724	2,740	10,127,000
09/30/2017	0.013551	0.014467	0.013545	0.014422	8,012	9,511,090
09/29/2017	0.012337	0.013839	0.012182	0.013548	17,678	8,658,930
09/28/2017	0.011360	0.013288	0.010516	0.012346	40,919	7,973,460
09/27/2017	0.008655	0.012962	0.008655	0.011360	43,498	6,074,840
09/26/2017	0.009122	0.009840	0.008652	0.008681	5,389	6,402,810
09/25/2017	0.007604	0.009374	0.007602	0.009123	4,775	5,337,120
09/24/2017	0.009430	0.009430	0.007614	0.007614	6,057	6,618,880
09/23/2017	0.008519	0.009431	0.007050	0.009431	1,096	5,979,220
09/22/2017	0.008330	0.008595	0.007884	0.008539	4,951	5,846,340
09/21/2017	0.009544	0.010310	0.007894	0.008339	12,872	6,698,770
09/20/2017	0.009342	0.009808	0.008631	0.009435	18,292	6,556,790
09/19/2017	0.010586	0.010658	0.009146	0.009352	3,726	7,430,100
09/18/2017	0.010881	0.012687	0.009645	0.010560	8,886	7,636,940
09/17/2017	0.009871	0.011156	0.009091	0.010881	1,450	6,928,530
09/16/2017	0.009398	0.009912	0.007803	0.009912	937	6,596,530
09/15/2017	0.007144	0.009730	0.007144	0.009422	4,442	5,014,090
09/14/2017	0.009876	0.010008	0.007135	0.007135	2,749	6,931,960
09/13/2017	0.010924	0.011269	0.009518	0.009877	3,133	7,667,490
09/12/2017	0.010742	0.011488	0.010742	0.010920	9,891	7,539,840
09/11/2017	0.010568	0.011079	0.009995	0.010522	4,995	7,417,620
09/10/2017	0.011655	0.011763	0.010256	0.010584	3,486	8,180,700
09/09/2017	0.010656	0.011629	0.009550	0.011629	447	7,479,380
09/08/2017	0.010855	0.012332	0.009864	0.010635	4,765	7,618,640
09/07/2017	0.011813	0.012708	0.010726	0.010849	9,095	8,291,290
09/06/2017	0.010342	0.012255	0.010342	0.011830	19,859	7,258,980
09/05/2017	0.009826	0.010664	0.009244	0.010330	8,136	6,896,460
09/04/2017	0.011018	0.011456	0.009614	0.009783	6,483	7,733,330
09/03/2017	0.010887	0.011500	0.010286	0.011014	8,987	7,641,740
09/02/2017	0.011842	0.012006	0.010606	0.010878	6,060	8,311,990
09/01/2017	0.011936	0.012047	0.011523	0.011827	17,079	8,377,760
08/31/2017	0.011582	0.012786	0.011283	0.011924	25,514	8,128,970
08/30/2017	0.011691	0.013832	0.011179	0.011602	17,403	8,205,610
08/29/2017	0.012265	0.014073	0.010950	0.011706	19,579	8,608,690
08/28/2017	0.012828	0.014038	0.012114	0.012244	8,697	9,003,680
08/27/2017	0.012598	0.014174	0.012083	0.012834	31,756	8,842,280
08/26/2017	0.011132	0.013151	0.009780	0.012601	14,737	7,813,350
08/25/2017	0.011467	0.014535	0.009916	0.011128	24,602	8,048,620
08/24/2017	0.010967	0.013671	0.010947	0.011446	6,771	7,697,370
08/23/2017	0.010202	0.013727	0.010153	0.010963	8,430	7,160,830
08/22/2017	0.012022	0.012185	0.009714	0.010214	2,888	8,438,190
08/21/2017	0.009803	0.013770	0.009799	0.011994	19,188	6,880,360
08/20/2017	0.010105	0.014026	0.009445	0.009873	12,008	7,092,360
08/19/2017	0.010495	0.011232	0.009767	0.010150	4,711	7,366,020
08/18/2017	0.011218	0.011598	0.010084	0.010503	4,079	7,873,520
08/17/2017	0.013502	0.013553	0.010405	0.010758	15,806	9,476,740
08/16/2017	0.013335	0.014229	0.011596	0.013514	65,926	9,359,690
08/15/2017	0.013957	0.014531	0.012257	0.013292	12,690	9,796,400
08/14/2017	0.013033	0.016662	0.012761	0.013932	12,587	9,147,420
08/13/2017	0.012977	0.013672	0.012661	0.013026	15,997	9,108,390
08/12/2017	0.013299	0.013990	0.012252	0.012987	5,472	9,334,580
08/11/2017	0.013377	0.014163	0.011974	0.013309	16,612	9,389,120
08/10/2017	0.014025	0.014154	0.012945	0.013351	9,294	9,843,540
08/09/2017	0.012437	0.014227	0.012020	0.014021	12,948	8,729,240
08/08/2017	0.013234	0.014318	0.012319	0.012447	19,881	9,288,790
08/07/2017	0.011854	0.013357	0.010845	0.013291	5,319	8,320,020
08/06/2017	0.012763	0.012886	0.011554	0.011860	3,601	8,958,440
08/05/2017	0.010847	0.012760	0.010839	0.012760	9,041	7,613,630
08/04/2017	0.010695	0.011881	0.010511	0.010852	2,039	7,506,790
08/03/2017	0.010775	0.011020	0.010596	0.010963	2,816	7,562,950
08/02/2017	0.011551	0.011561	0.010539	0.010756	3,033	8,107,800
08/01/2017	0.010589	0.011692	0.009711	0.011553	3,067	7,432,510
07/31/2017	0.011039	0.011095	0.010148	0.010584	12,029	7,748,360
07/30/2017	0.011585	0.011615	0.010070	0.011028	4,932	8,131,590
07/29/2017	0.011325	0.012002	0.010837	0.011633	9,757	7,949,000
07/28/2017	0.011561	0.013059	0.011031	0.011346	28,719	8,114,320
07/27/2017	0.010575	0.012715	0.009917	0.011527	48,401	7,422,300
07/26/2017	0.010600	0.011286	0.009895	0.010549	54,916	7,439,960
07/25/2017	0.013535	0.014096	0.010585	0.010597	45,596	9,500,240
07/24/2017	0.016646	0.016646	0.013369	0.013537	21,888	11,683,600
07/23/2017	0.016893	0.018403	0.013337	0.016671	80,097	11,856,800
07/22/2017	0.014382	0.016932	0.012275	0.016893	85,404	10,094,700
07/21/2017	0.014193	0.018840	0.011158	0.014385	89,799	9,962,130
07/20/2017	0.010770	0.014762	0.010744	0.014072	64,450	7,559,280
07/19/2017	0.011644	0.013245	0.009516	0.010787	4,785	8,172,880
07/18/2017	0.010917	0.011920	0.010346	0.011643	5,768	7,662,210
07/17/2017	0.009809	0.010999	0.009435	0.010897	5,448	6,884,640
07/16/2017	0.008833	0.009981	0.006771	0.009818	3,757	6,199,710
07/15/2017	0.009871	0.010068	0.008332	0.008858	9,312	6,928,450
07/14/2017	0.011683	0.011972	0.009570	0.009861	2,116	8,200,240
07/13/2017	0.012292	0.014036	0.011685	0.011685	3,077	8,627,770
07/12/2017	0.011225	0.012817	0.010865	0.012281	10,331	7,878,430
07/11/2017	0.011976	0.014632	0.011207	0.011281	27,433	8,405,920
07/10/2017	0.012984	0.015155	0.011671	0.012001	5,809	9,113,630
07/09/2017	0.013054	0.016012	0.012967	0.012968	3,997	9,162,360
07/08/2017	0.015633	0.015635	0.012307	0.013037	17,128	10,972,700
07/07/2017	0.016718	0.017018	0.012637	0.015621	22,856	11,734,300
07/06/2017	0.017397	0.018597	0.016709	0.016709	5,000	12,210,400
07/05/2017	0.017477	0.017690	0.015918	0.017361	7,466	12,266,900
07/04/2017	0.015949	0.017583	0.015631	0.017484	5,035	11,194,200
07/03/2017	0.014722	0.017314	0.014658	0.015976	6,426	10,332,900
07/02/2017	0.014254	0.015873	0.013777	0.014767	6,160	10,004,600
07/01/2017	0.015727	0.016560	0.013896	0.014258	6,807	11,038,600
06/30/2017	0.015307	0.016560	0.015132	0.015804	4,224	10,743,800
06/29/2017	0.015392	0.017377	0.015255	0.015278	4,243	10,803,400
06/28/2017	0.017519	0.018260	0.015268	0.015400	9,985	12,296,500
06/27/2017	0.016423	0.019074	0.012854	0.017413	24,349	11,526,800
06/26/2017	0.018626	0.019514	0.015073	0.016101	8,815	13,073,400
06/25/2017	0.020403	0.020411	0.018202	0.018632	15,253	14,320,300
06/24/2017	0.021684	0.021923	0.019103	0.020446	15,611	15,219,700
06/23/2017	0.018807	0.023634	0.017904	0.021685	19,850	13,200,600
06/22/2017	0.019139	0.019788	0.017577	0.018807	9,398	13,433,100
06/21/2017	0.018011	0.019861	0.017658	0.019130	52,749	12,641,400
06/20/2017	0.019727	0.020404	0.016176	0.017286	20,356	13,846,100
06/19/2017	0.020701	0.021785	0.016930	0.019734	20,613	14,529,600
06/18/2017	0.014751	0.022223	0.014739	0.020436	10,305	10,353,500
06/17/2017	0.015005	0.015839	0.014304	0.014751	3,093	10,531,800
06/16/2017	0.014211	0.015656	0.013515	0.015002	13,125	9,974,260
06/15/2017	0.014229	0.014780	0.011740	0.014210	18,812	9,987,390
06/14/2017	0.016316	0.017084	0.014146	0.014230	19,479	11,451,800
06/13/2017	0.017983	0.018390	0.014556	0.016325	15,165	12,621,700
06/12/2017	0.020778	0.020869	0.014601	0.018043	23,098	14,584,000
06/11/2017	0.019088	0.020958	0.015959	0.020811	33,019	13,397,800
06/10/2017	0.025864	0.025864	0.018799	0.019092	56,731	18,153,700
06/09/2017	0.019730	0.026813	0.018253	0.026106	36,062	13,847,800
06/08/2017	0.019363	0.020920	0.017748	0.019759	30,864	13,590,200
06/07/2017	0.021096	0.022092	0.018021	0.019267	55,696	14,807,100
06/06/2017	0.021289	0.021930	0.018085	0.021091	43,658	14,942,800
06/05/2017	0.019991	0.021225	0.016248	0.021225	51,257	14,031,600
06/04/2017	0.020650	0.021161	0.016785	0.019018	32,697	14,493,800
06/03/2017	0.020880	0.022422	0.018080	0.020695	34,664	14,655,700
06/02/2017	0.021320	0.022734	0.018946	0.020893	31,964	14,964,000
06/01/2017	0.024473	0.025827	0.020373	0.021307	21,495	17,177,000
05/31/2017	0.020500	0.023904	0.018535	0.023904	28,198	14,388,600
05/30/2017	0.022439	0.023218	0.018774	0.020420	75,116	15,749,600
05/29/2017	0.019045	0.022916	0.019045	0.022405	29,683	13,367,300
05/28/2017	0.018748	0.021714	0.018451	0.019081	35,110	13,159,000
05/27/2017	0.020397	0.021499	0.011677	0.018641	172,737	14,316,000
05/26/2017	0.022860	0.027091	0.020876	0.021065	87,218	16,044,800
05/25/2017	0.026768	0.029097	0.019366	0.024530	201,275	18,787,900
05/24/2017	0.021331	0.027287	0.019814	0.026816	379,198	14,971,700
05/23/2017	0.020221	0.023577	0.018295	0.020629	301,082	14,192,600
05/22/2017	0.016806	0.022287	0.015047	0.020240	211,879	11,796,100
05/21/2017	0.014889	0.016814	0.014874	0.016767	129,822	10,450,300
05/20/2017	0.014001	0.015159	0.012703	0.014840	195,583	9,827,080
05/19/2017	0.009544	0.013960	0.009544	0.012070	144,402	6,698,580
05/18/2017	0.009604	0.010336	0.009215	0.009543	8,805	6,740,780
05/17/2017	0.009263	0.010514	0.008615	0.009609	20,637	6,501,520
05/16/2017	0.010211	0.010211	0.008569	0.009280	29,183	7,166,870
05/15/2017	0.009107	0.010728	0.008701	0.009601	75,028	6,392,360
05/14/2017	0.008028	0.009120	0.007878	0.009120	94,965	5,634,750
05/13/2017	0.006882	0.008054	0.006650	0.008038	39,848	4,830,040
05/12/2017	0.007863	0.007985	0.006610	0.006895	37,839	5,519,130
05/11/2017	0.007067	0.008549	0.006576	0.007860	37,654	4,960,310
05/10/2017	0.006561	0.007083	0.006396	0.007061	36,467	4,605,320
05/09/2017	0.006055	0.007055	0.005721	0.006557	32,118	4,249,710
05/08/2017	0.005529	0.006647	0.005226	0.006053	38,174	3,880,820
05/07/2017	0.006198	0.006200	0.005018	0.005527	12,635	4,350,000
05/06/2017	0.004842	0.006586	0.004612	0.006194	12,245	3,398,300
05/05/2017	0.004007	0.005149	0.004007	0.004837	2,085	2,812,420
05/04/2017	0.004594	0.005220	0.003922	0.003999	8,578	3,224,780
05/03/2017	0.004327	0.004372	0.003739	0.004236	22,189	3,037,400
05/02/2017	0.004293	0.004713	0.003662	0.004325	16,959	3,012,900
05/01/2017	0.004390	0.005117	0.004109	0.004293	21,207	3,080,960
04/30/2017	0.004981	0.005076	0.004054	0.004407	1,838	3,496,320
04/29/2017	0.004371	0.005075	0.003823	0.004981	35,404	3,068,220
04/28/2017	0.004160	0.004543	0.004057	0.004355	6,608	2,920,080
04/27/2017	0.004261	0.004918	0.004158	0.004160	18,330	2,990,790
04/26/2017	0.004265	0.005080	0.004220	0.004259	14,796	2,993,630
04/25/2017	0.004447	0.005005	0.004264	0.004264	7,288	3,121,000
04/24/2017	0.004554	0.004896	0.004266	0.004449	17,928	3,196,610
04/23/2017	0.004293	0.004688	0.004231	0.004550	12,800	3,013,030
04/22/2017	0.003876	0.004927	0.003796	0.004352	7,972	2,720,730
04/21/2017	0.005117	0.005474	0.003738	0.003751	50,557	3,591,410
04/20/2017	0.005060	0.005281	0.004860	0.005116	14,485	3,551,530
04/19/2017	0.004782	0.005057	0.004544	0.005057	6,465	3,356,280
04/18/2017	0.004690	0.005043	0.004465	0.004777	6,769	3,291,760
04/17/2017	0.004412	0.004818	0.004168	0.004690	7,849	3,096,420
04/16/2017	0.004468	0.004763	0.004333	0.004411	14,286	3,136,120
04/15/2017	0.004312	0.004815	0.004301	0.004559	4,851	3,026,400
04/14/2017	0.004783	0.005192	0.004524	0.004670	13,732	3,356,800
04/13/2017	0.005032	0.005294	0.004658	0.004779	16,956	3,532,230
04/12/2017	0.004652	0.005053	0.004261	0.005030	32,735	3,265,380
04/11/2017	0.004051	0.004656	0.003619	0.004648	12,809	2,843,090
04/10/2017	0.004167	0.004235	0.003578	0.004049	3,985	2,924,430
04/09/2017	0.003187	0.004282	0.003169	0.004168	10,219	2,237,220
04/08/2017	0.003696	0.003766	0.003135	0.003186	12,484	2,594,210
04/07/2017	0.003574	0.004393	0.003242	0.003709	10,568	2,508,680
04/06/2017	0.004668	0.004760	0.003543	0.003586	17,652	3,276,630
04/05/2017	0.004183	0.004642	0.003797	0.004642	13,041	2,936,080
04/04/2017	0.004459	0.004580	0.004038	0.004180	15,657	3,129,410
04/03/2017	0.005045	0.005534	0.004104	0.004465	41,082	3,541,170
04/02/2017	0.004230	0.005189	0.003780	0.005086	22,620	2,969,200
04/01/2017	0.004246	0.004644	0.003554	0.004237	27,602	2,980,470
03/31/2017	0.003958	0.004567	0.003958	0.004251	23,262	2,778,280
03/30/2017	0.004359	0.004380	0.003893	0.003957	10,882	3,059,600
03/29/2017	0.004291	0.004470	0.003662	0.004386	25,019	3,012,020
03/28/2017	0.003704	0.004295	0.003290	0.004295	17,853	2,599,990
03/27/2017	0.003357	0.003702	0.003187	0.003702	33,463	2,356,310
03/26/2017	0.002813	0.003407	0.002589	0.003357	25,703	1,974,360
03/25/2017	0.002250	0.002828	0.002244	0.002809	13,084	1,579,530
03/24/2017	0.002335	0.002739	0.002250	0.002267	7,121	1,638,620
03/23/2017	0.002037	0.002784	0.002036	0.002540	19,258	1,429,910
03/22/2017	0.001892	0.002276	0.001860	0.002243	14,467	1,327,750
03/21/2017	0.001515	0.001897	0.001515	0.001891	4,685	1,063,450
03/20/2017	0.001628	0.001733	0.001501	0.001513	2,725	1,143,020
03/19/2017	0.001520	0.001739	0.001499	0.001629	1,530	1,067,050
03/18/2017	0.001759	0.001837	0.001301	0.001516	4,412	1,234,660
03/17/2017	0.001636	0.001864	0.001463	0.001759	5,806	1,148,130
03/16/2017	0.001854	0.001864	0.001593	0.001646	2,574	1,301,520
03/15/2017	0.001957	0.002237	0.001617	0.001852	5,830	1,373,520
03/14/2017	0.002282	0.002641	0.001909	0.001957	1,784	1,601,730
03/13/2017	0.001915	0.002236	0.001635	0.002236	7,279	1,344,180
03/12/2017	0.001669	0.001918	0.001434	0.001915	6,984	1,171,440
03/11/2017	0.001718	0.002024	0.001667	0.001668	1,402	1,205,500
03/10/2017	0.001850	0.002383	0.001566	0.001726	11,761	1,298,700
03/09/2017	0.001936	0.002252	0.001845	0.001849	5,058	1,358,530
03/08/2017	0.002023	0.002207	0.001914	0.001938	5,286	1,420,220
03/07/2017	0.002262	0.002347	0.002025	0.002025	2,344	1,587,600
03/06/2017	0.002219	0.002284	0.002012	0.002261	869	1,557,220
03/05/2017	0.002037	0.002219	0.001695	0.002218	5,200	1,430,000
03/04/2017	0.002073	0.002277	0.001862	0.002039	3,109	1,454,700
03/03/2017	0.002474	0.002546	0.002068	0.002068	4,165	1,736,330
03/02/2017	0.002511	0.002638	0.002237	0.002474	9,788	1,762,730
03/01/2017	0.003089	0.003108	0.002431	0.002431	11,624	2,168,390
02/28/2017	0.002580	0.003161	0.002475	0.003089	26,383	1,811,160
02/27/2017	0.002781	0.002872	0.002547	0.002579	9,438	1,952,230
02/26/2017	0.002786	0.002925	0.002403	0.002784	9,085	1,955,620
02/25/2017	0.002618	0.002963	0.002530	0.002785	3,777	1,837,590
02/24/2017	0.002864	0.002985	0.002619	0.002621	6,187	2,009,890
02/23/2017	0.002298	0.003258	0.002261	0.002859	11,108	1,612,750
02/22/2017	0.002742	0.002886	0.002230	0.002299	9,329	1,924,820
02/21/2017	0.002677	0.003089	0.002539	0.002743	20,797	1,878,660
02/20/2017	0.002652	0.002930	0.002566	0.002678	9,750	1,861,410
02/19/2017	0.002537	0.002828	0.002347	0.002651	5,531	1,780,730
02/18/2017	0.002879	0.002941	0.002426	0.002537	15,895	2,020,960
02/17/2017	0.003054	0.003536	0.002646	0.002874	13,582	2,143,410
02/16/2017	0.003405	0.003599	0.002927	0.003042	11,848	2,390,090
02/15/2017	0.003637	0.003975	0.003088	0.003403	31,130	2,552,560
02/14/2017	0.003078	0.003914	0.002824	0.003636	85,989	2,160,530
02/13/2017	0.002036	0.003086	0.002035	0.003076	38,431	1,429,050
02/12/2017	0.001991	0.002530	0.001789	0.002032	20,122	1,397,440
02/11/2017	0.001744	0.002043	0.001576	0.001992	10,927	1,223,830
02/10/2017	0.001597	0.001752	0.001394	0.001743	6,265	1,120,960
02/09/2017	0.001401	0.001654	0.001337	0.001593	5,140	983,508
02/08/2017	0.001725	0.001728	0.001399	0.001399	3,038	1,211,000
02/07/2017	0.001612	0.002046	0.001426	0.001725	4,027	1,131,700
02/06/2017	0.001437	0.001875	0.001437	0.001635	6,870	1,008,680
02/05/2017	0.001800	0.002086	0.001419	0.001438	27,419	1,263,160
02/04/2017	0.001344	0.002367	0.001248	0.001798	8,862	943,094
02/03/2017	0.000807	0.001439	0.000805	0.001343	10,990	566,456
02/02/2017	0.000795	0.000907	0.000671	0.000800	557	557,772
02/01/2017	0.000733	0.000866	0.000662	0.000708	8,069	514,593
01/31/2017	0.000590	0.000858	0.000586	0.000733	1,727	414,253
01/30/2017	0.000732	0.000845	0.000590	0.000597	3,651	514,121
01/29/2017	0.000885	0.001323	0.000726	0.000737	9,211	621,103
01/28/2017	0.000745	0.001098	0.000543	0.000882	10,022	522,802
01/27/2017	0.000378	0.000752	0.000378	0.000745	11,287	265,375
01/26/2017	0.000359	0.000391	0.000337	0.000378	840	252,322
01/25/2017	0.000395	0.000405	0.000327	0.000359	3,787	277,477
01/24/2017	0.000373	0.000413	0.000366	0.000395	800	262,067
01/23/2017	0.000368	0.000378	0.000345	0.000378	93	258,100
01/22/2017	0.000377	0.000436	0.000363	0.000367	2,116	264,343
01/21/2017	0.000444	0.000465	0.000369	0.000376	1,541	311,600
01/20/2017	0.000435	0.000454	0.000362	0.000443	6,300	305,555
01/19/2017	0.000361	0.000463	0.000344	0.000436	1,143	253,518
01/18/2017	0.000382	0.000387	0.000306	0.000360	2,671	268,033
01/17/2017	0.000362	0.000382	0.000221	0.000381	7,753	253,749
01/16/2017	0.000297	0.000417	0.000295	0.000362	6,119	208,374
01/15/2017	0.000456	0.000459	0.000183	0.000297	2,855	320,081
01/14/2017	0.000600	0.000609	0.000191	0.000456	7,017	421,337
01/13/2017	0.000222	0.000733	0.000194	0.000600	876	155,971
01/12/2017	0.000235	0.000238	0.000216	0.000222	3,643	164,850
01/11/2017	0.000257	0.000271	0.000214	0.000235	804	180,594
01/10/2017	0.000281	0.000281	0.000255	0.000255	98	197,079
01/09/2017	0.000261	0.000300	0.000235	0.000281	188	183,319
01/08/2017	0.000237	0.000280	0.000232	0.000259	42	166,478
01/07/2017	0.000246	0.000281	0.000216	0.000247	351	172,376
01/06/2017	0.000227	0.000258	0.000202	0.000245	729	159,151
01/05/2017	0.000295	0.000329	0.000214	0.000226	546	207,224
01/04/2017	0.000217	0.000332	0.000214	0.000295	4,441	152,049
01/03/2017	0.000204	0.000259	0.000203	0.000217	886	143,109
01/02/2017	0.000206	0.000207	0.000191	0.000204	10	144,613
01/01/2017	0.000193	0.000216	0.000192	0.000215	6	135,292
12/31/2016	0.000274	0.000285	0.000191	0.000194	299	192,201
12/30/2016	0.000212	0.000288	0.000177	0.000274	13	148,511
12/29/2016	0.000242	0.000295	0.000179	0.000210	54	169,623
12/28/2016	0.000312	0.000316	0.000159	0.000243	20	218,715
12/27/2016	0.000333	0.000357	0.000197	0.000308	2	233,506
12/26/2016	0.000346	0.000357	0.000321	0.000332	28	242,699
12/25/2016	0.000146	0.000348	0.000135	0.000346	5	102,142
12/24/2016	0.000137	0.000158	0.000137	0.000148	687	95,898
12/23/2016	0.000192	0.000193	0.000132	0.000136	15	134,979
12/22/2016	0.000164	0.000193	0.000144	0.000192	31	115,202
12/21/2016	0.000195	0.000225	0.000162	0.000164	17	136,596
12/20/2016	0.000197	0.000202	0.000194	0.000195	62	138,116
12/19/2016	0.000188	0.000219	0.000188	0.000197	15	132,273
12/18/2016	0.000200	0.000266	0.000188	0.000188	86	140,431
12/17/2016	0.000278	0.000280	0.000199	0.000200	45	194,832
12/16/2016	0.000229	0.000285	0.000226	0.000278	240	160,670
12/15/2016	0.000235	0.000240	0.000219	0.000229	10	165,277
12/14/2016	0.000274	0.000294	0.000216	0.000230	1	192,471
12/13/2016	0.000299	0.000305	0.000176	0.000274	42	209,635
12/12/2016	0.000165	0.000299	0.000162	0.000299	17	115,785
12/11/2016	0.000256	0.000256	0.000165	0.000165	0	179,763
12/10/2016	0.000331	0.000331	0.000255	0.000256	95	232,286
12/08/2016	0.000193	0.000202	0.000179	0.000180	0	135,450
12/07/2016	0.000141	0.000200	0.000141	0.000193	347	99,066
12/06/2016	0.000146	0.000147	0.000134	0.000141	407	102,404
12/05/2016	0.000153	0.000171	0.000143	0.000146	23	107,703
12/04/2016	0.000185	0.000191	0.000150	0.000153	24	129,940
12/03/2016	0.000185	0.000189	0.000177	0.000185	84	130,159
12/02/2016	0.000205	0.000214	0.000179	0.000185	4	143,539
12/01/2016	0.000227	0.000227	0.000165	0.000204	0	159,290
11/30/2016	0.000234	0.000234	0.000222	0.000227	609	164,509
11/29/2016	0.000236	0.000238	0.000228	0.000232	4	165,423
11/28/2016	0.000239	0.000240	0.000194	0.000236	243	167,583
11/27/2016	0.000219	0.000250	0.000219	0.000239	28	153,878
11/26/2016	0.000207	0.000221	0.000192	0.000219	19	145,164
11/25/2016	0.000203	0.000219	0.000189	0.000207	1	142,475
11/24/2016	0.000215	0.000261	0.000200	0.000203	3	150,636
11/23/2016	0.000214	0.000221	0.000211	0.000215	20	150,508
11/22/2016	0.000228	0.000233	0.000202	0.000213	2	160,136
11/21/2016	0.000287	0.000295	0.000227	0.000228	12	201,348
11/20/2016	0.000336	0.000339	0.000209	0.000287	863	235,519
11/19/2016	0.000204	0.000338	0.000201	0.000327	771	142,870
11/18/2016	0.000218	0.000222	0.000193	0.000208	979	152,987
11/17/2016	0.000206	0.000227	0.000196	0.000218	190	144,764
11/16/2016	0.000234	0.000240	0.000193	0.000208	16	164,249
11/15/2016	0.000225	0.000242	0.000220	0.000232	88	157,998
11/14/2016	0.000228	0.000231	0.000218	0.000225	152	159,862
11/13/2016	0.000261	0.000267	0.000227	0.000231	450	183,196
11/12/2016	0.000247	0.000277	0.000232	0.000261	114	173,130
11/11/2016	0.000271	0.000323	0.000235	0.000252	116	189,953
11/10/2016	0.000250	0.000339	0.000242	0.000272	933	175,666
11/09/2016	0.000304	0.000332	0.000241	0.000253	802	213,629
11/08/2016	0.000244	0.000328	0.000242	0.000309	533	170,914
11/07/2016	0.000320	0.000328	0.000240	0.000243	194	224,741
11/06/2016	0.000238	0.000348	0.000238	0.000323	424	167,093
11/05/2016	0.000293	0.000365	0.000234	0.000240	98	205,914
11/04/2016	0.000491	0.000502	0.000281	0.000293	283	344,617
11/03/2016	0.000240	0.000502	0.000193	0.000491	674	168,367
11/02/2016	0.000197	0.000248	0.000170	0.000239	903	138,456
11/01/2016	0.000217	0.000276	0.000187	0.000197	996	152,251
10/31/2016	0.000254	0.000312	0.000203	0.000217	677	178,065
10/30/2016	0.000308	0.000313	0.000122	0.000254	470	216,395
10/29/2016	0.000393	0.000395	0.000120	0.000308	1,276	275,622
10/28/2016	0.000359	0.000415	0.000310	0.000393	1,279	251,707
10/27/2016	0.000556	0.000558	0.000333	0.000358	245	389,963
10/26/2016	0.000609	0.000642	0.000411	0.000492	540	427,509
10/25/2016	0.000387	0.000608	0.000375	0.000608	1,034	271,491
10/24/2016	0.000602	0.000656	0.000387	0.000387	375	422,667
10/23/2016	0.000974	0.001019	0.000331	0.000602	1,297	683,943
10/22/2016	0.000881	0.000977	0.000708	0.000905	4,223	618,417
10/21/2016	0.000804	0.000968	0.000724	0.000881	4,663	564,035
10/20/2016	0.000678	0.000832	0.000657	0.000804	3,914	476,047
10/19/2016	0.000665	0.000814	0.000636	0.000678	2,845	466,833
10/18/2016	0.000634	0.000753	0.000463	0.000664	4,482	445,293
10/17/2016	0.000448	0.000643	0.000322	0.000634	6,320	314,558
10/16/2016	0.000374	0.000453	0.000218	0.000448	4,419	262,408
10/15/2016	0.000405	0.000456	0.000204	0.000374	8,776	284,106
10/14/2016	0.000303	0.000450	0.000199	0.000405	1,398	212,840
10/13/2016	0.000261	0.000355	0.000249	0.000303	3,220	183,246
10/12/2016	0.000142	0.000390	0.000131	0.000259	3,398	99,423
10/11/2016	0.000085	0.000125	0.000085	0.000118	1,155	59,311
10/10/2016	0.000071	0.000084	0.000069	0.000084	1,299	50,124
10/09/2016	0.000075	0.000079	0.000066	0.000071	265	52,504
10/08/2016	0.000073	0.000081	0.000060	0.000075	144	50,888
10/07/2016	0.000086	0.000087	0.000063	0.000073	931	60,604
10/06/2016	0.000088	0.000104	0.000066	0.000087	9	61,475
10/05/2016	0.000071	0.000099	0.000060	0.000088	531	49,905
10/04/2016	0.000069	0.000075	0.000058	0.000071	548	48,692
10/03/2016	0.000069	0.000083	0.000061	0.000069	161	48,527
10/02/2016	0.000037	0.000077	0.000037	0.000069	114	25,894
10/01/2016	0.000084	0.000117	0.000037	0.000037	599	-
09/30/2016	0.000092	0.000099	0.000076	0.000084	1,098	-
09/29/2016	0.000121	0.000123	0.000084	0.000092	256	-
