Date	Open	High	Low	Close	Volume	Market Cap
07/15/2018	0.106511	0.114320	0.104908	0.111239	67,053	16,509,200
07/14/2018	0.101653	0.109817	0.101653	0.105284	58,014	15,756,200
07/13/2018	0.108627	0.110159	0.100012	0.103187	38,431	16,837,200
07/12/2018	0.112872	0.112872	0.106250	0.108520	60,512	17,495,200
07/11/2018	0.113754	0.116250	0.109334	0.111624	68,657	17,631,900
07/10/2018	0.121939	0.123763	0.112445	0.113749	64,017	18,900,500
07/09/2018	0.130119	0.130549	0.107359	0.122025	80,760	20,168,400
07/08/2018	0.135172	0.135172	0.121470	0.130147	81,970	20,951,700
07/07/2018	0.131994	0.135778	0.129268	0.135325	70,482	20,459,100
07/06/2018	0.133962	0.136663	0.129740	0.132218	79,196	20,764,100
07/05/2018	0.137701	0.141735	0.131358	0.135289	77,910	21,343,700
07/04/2018	0.140401	0.145897	0.134995	0.136110	20,821	21,762,200
07/03/2018	0.143356	0.147381	0.139178	0.140455	71,680	22,220,200
07/02/2018	0.135807	0.144690	0.133097	0.144690	86,094	21,050,100
07/01/2018	0.138615	0.139387	0.132937	0.135792	78,005	21,485,300
06/30/2018	0.135875	0.142081	0.134628	0.138584	74,748	21,060,600
06/29/2018	0.126766	0.136761	0.123582	0.135691	76,598	19,648,700
06/28/2018	0.133723	0.135196	0.124912	0.126685	75,689	20,727,100
06/27/2018	0.133768	0.136782	0.131339	0.134902	82,717	20,734,100
06/26/2018	0.139333	0.140888	0.133696	0.133822	74,928	21,596,600
06/25/2018	0.141463	0.145101	0.134763	0.139333	76,604	21,926,700
06/24/2018	0.149850	0.151866	0.130065	0.141736	84,179	23,226,800
06/23/2018	0.127730	0.154373	0.126905	0.149871	81,300	19,798,100
06/22/2018	0.141684	0.143226	0.125687	0.127713	72,549	21,961,000
06/21/2018	0.143806	0.144451	0.139006	0.141841	39,221	22,290,000
06/20/2018	0.143881	0.145338	0.139704	0.143777	40,000	22,301,600
06/19/2018	0.145393	0.147379	0.138697	0.145142	82,058	22,535,800
06/18/2018	0.141850	0.148277	0.139957	0.145471	77,871	21,986,800
06/17/2018	0.143615	0.145585	0.139115	0.142336	49,807	22,260,300
06/16/2018	0.140659	0.145921	0.138724	0.143235	75,384	21,802,200
06/15/2018	0.146187	0.148329	0.139856	0.141174	79,825	22,659,000
06/14/2018	0.142967	0.150362	0.141408	0.147093	82,149	22,159,900
06/13/2018	0.148918	0.150401	0.140211	0.143030	79,272	23,082,400
06/12/2018	0.153635	0.156038	0.146530	0.148534	86,138	23,813,400
06/11/2018	0.153806	0.156588	0.150289	0.153717	84,641	23,839,900
06/10/2018	0.174180	0.174793	0.151869	0.153586	86,366	26,997,900
06/09/2018	0.176193	0.180525	0.173961	0.173961	90,430	27,310,000
06/08/2018	0.176904	0.180188	0.172550	0.176269	91,757	27,420,100
06/07/2018	0.179975	0.184029	0.173124	0.176770	103,287	27,896,200
06/06/2018	0.184565	0.186891	0.176906	0.179810	31,207	28,607,600
06/05/2018	0.178602	0.185704	0.170226	0.184616	43,352	27,683,300
06/04/2018	0.189099	0.189382	0.175188	0.180769	45,725	29,310,300
06/03/2018	0.193183	0.197788	0.145437	0.187479	109,720	29,943,300
06/02/2018	0.182706	0.199100	0.181679	0.194656	59,073	28,319,400
06/01/2018	0.182339	0.191969	0.171523	0.184287	63,644	28,262,500
05/31/2018	0.153650	0.219973	0.147287	0.184330	55,140	23,815,700
05/30/2018	0.152680	0.158030	0.145792	0.147957	16,210	23,665,400
05/29/2018	0.120643	0.157333	0.120643	0.154796	28,344	18,699,700
05/28/2018	0.167932	0.179703	0.114901	0.126303	79,623	26,029,500
05/27/2018	0.182757	0.182757	0.174457	0.178813	68,429	28,327,300
05/26/2018	0.193287	0.194169	0.181081	0.182676	58,790	29,959,400
05/25/2018	0.193670	0.196646	0.184594	0.193539	41,846	30,018,800
05/24/2018	0.192621	0.198604	0.185691	0.194060	71,893	29,856,300
05/23/2018	0.205796	0.211566	0.189573	0.194611	79,005	31,898,400
05/22/2018	0.221259	0.222984	0.204403	0.204403	67,198	34,295,100
05/21/2018	0.226954	0.227094	0.211047	0.222138	66,617	35,177,900
05/20/2018	0.219613	0.230530	0.210974	0.226672	17,752	34,040,000
05/19/2018	0.221703	0.223503	0.195980	0.219448	65,869	34,363,900
05/18/2018	0.209334	0.222554	0.201830	0.221736	59,930	32,446,800
05/17/2018	0.213912	0.220125	0.195460	0.209151	70,182	33,156,300
05/16/2018	0.224892	0.225682	0.201820	0.213781	113,226	34,858,300
05/15/2018	0.229926	0.235304	0.211042	0.225022	74,819	35,638,500
05/14/2018	0.235541	0.236762	0.222963	0.229456	80,197	36,508,900
05/13/2018	0.232960	0.238051	0.222285	0.236451	77,360	36,108,800
05/12/2018	0.229231	0.234865	0.215322	0.233041	78,522	35,530,900
05/11/2018	0.245927	0.245927	0.221488	0.229907	67,221	38,118,600
05/10/2018	0.248011	0.256540	0.234378	0.245633	96,022	38,441,700
05/09/2018	0.254390	0.256417	0.242010	0.248079	80,386	39,430,500
05/08/2018	0.258878	0.260401	0.248612	0.254779	63,425	40,126,100
05/07/2018	0.264034	0.265123	0.252427	0.258303	67,454	40,925,200
05/06/2018	0.268067	0.274169	0.257129	0.264801	72,673	41,550,400
05/05/2018	0.270093	0.276608	0.265562	0.267887	76,201	41,864,300
05/04/2018	0.275036	0.275036	0.264062	0.268294	81,278	42,630,500
05/03/2018	0.266468	0.276568	0.243034	0.275143	87,277	41,302,500
05/02/2018	0.257366	0.267633	0.249232	0.266457	80,317	39,891,700
05/01/2018	0.261548	0.261548	0.190203	0.256852	151,593	40,540,000
04/30/2018	0.270618	0.271643	0.258780	0.261319	68,102	41,945,700
04/29/2018	0.274968	0.280052	0.258626	0.270708	85,922	42,620,000
04/28/2018	0.264393	0.278992	0.261063	0.275075	72,635	40,981,000
04/27/2018	0.279442	0.280314	0.239586	0.265304	111,451	43,313,600
04/26/2018	0.264117	0.278328	0.252506	0.278148	71,659	40,938,200
04/25/2018	0.287067	0.287067	0.256209	0.261946	72,659	44,495,300
04/24/2018	0.258052	0.283359	0.253745	0.283359	85,217	39,998,100
04/23/2018	0.255273	0.259881	0.247484	0.253506	88,366	39,567,300
04/22/2018	0.255515	0.259569	0.242452	0.255453	75,301	39,604,800
04/21/2018	0.256295	0.256988	0.219638	0.254632	146,286	39,725,700
04/20/2018	0.247049	0.258561	0.214737	0.255333	120,825	38,292,600
04/19/2018	0.236417	0.248948	0.228694	0.247785	45,979	36,644,600
04/18/2018	0.237559	0.242453	0.217159	0.236258	42,909	36,821,700
04/17/2018	0.249050	0.249324	0.224624	0.237343	22,321	38,602,700
04/16/2018	0.261374	0.262845	0.213302	0.248925	51,964	40,513,000
04/15/2018	0.255836	0.265488	0.246601	0.261468	6,265	39,654,600
04/14/2018	0.238474	0.258248	0.237656	0.255610	13,984	36,963,500
04/13/2018	0.258606	0.267500	0.238475	0.238475	33,309	40,084,000
04/12/2018	0.231179	0.258785	0.214056	0.258280	18,659	35,832,700
04/11/2018	0.225520	0.231742	0.205820	0.231742	20,945	34,955,600
04/10/2018	0.235880	0.241257	0.210107	0.226234	51,463	36,561,500
04/09/2018	0.213114	0.235774	0.193437	0.235774	31,197	33,032,600
04/08/2018	0.193805	0.213973	0.185495	0.212769	27,594	30,039,700
04/07/2018	0.172313	0.209366	0.172057	0.193630	35,322	26,708,600
04/06/2018	0.169126	0.174421	0.158325	0.172108	9,779	26,214,500
04/05/2018	0.162550	0.170488	0.152815	0.169992	15,813	25,195,300
04/04/2018	0.177450	0.180853	0.145822	0.162486	18,293	27,504,800
04/03/2018	0.172588	0.182567	0.165957	0.177539	15,239	26,751,200
04/02/2018	0.156899	0.174656	0.155635	0.172466	6,047	24,319,400
04/01/2018	0.164503	0.168654	0.141221	0.156134	23,043	25,498,000
03/31/2018	0.158063	0.173731	0.157758	0.164499	9,546	24,499,700
03/30/2018	0.170579	0.173796	0.154823	0.166289	8,042	26,439,700
03/29/2018	0.191540	0.197015	0.165468	0.171004	14,870	29,688,700
03/28/2018	0.172959	0.199476	0.172177	0.191316	13,812	26,808,600
03/27/2018	0.186848	0.187316	0.172998	0.172998	11,652	28,961,400
03/26/2018	0.190949	0.192219	0.174626	0.187121	6,188	29,597,200
03/25/2018	0.179717	0.196513	0.177709	0.191096	8,452	27,856,100
03/24/2018	0.196177	0.200698	0.182204	0.182218	12,267	30,407,400
03/23/2018	0.177611	0.193361	0.153379	0.193361	33,800	27,529,700
03/22/2018	0.198804	0.202821	0.155728	0.177615	62,283	30,814,600
03/21/2018	0.197783	0.214615	0.190662	0.199156	21,215	30,656,400
03/20/2018	0.203708	0.212277	0.189023	0.197407	15,569	31,574,700
03/19/2018	0.179532	0.211030	0.172016	0.201460	7,346	27,827,500
03/18/2018	0.175941	0.180291	0.153027	0.180291	22,523	27,270,800
03/17/2018	0.182323	0.183853	0.161003	0.176365	41,395	28,260,100
03/16/2018	0.181296	0.192669	0.168051	0.182022	34,211	28,100,800
03/15/2018	0.187153	0.190387	0.167782	0.179058	79,657	29,008,700
03/14/2018	0.199146	0.203946	0.174260	0.187232	29,591	30,867,700
03/13/2018	0.189885	0.207372	0.183484	0.200278	23,763	29,432,100
03/12/2018	0.217743	0.230248	0.182048	0.189809	50,789	33,750,100
03/11/2018	0.201761	0.221398	0.191357	0.218379	14,326	31,273,000
03/10/2018	0.218096	0.221946	0.188072	0.202459	20,458	33,804,800
03/09/2018	0.211020	0.219104	0.187570	0.218008	14,744	32,708,100
03/08/2018	0.207666	0.237959	0.196561	0.212364	37,954	32,188,300
03/07/2018	0.236969	0.246844	0.198532	0.207962	25,440	36,730,100
03/06/2018	0.255979	0.255979	0.220331	0.237277	10,783	39,676,800
03/05/2018	0.211381	0.259584	0.186052	0.256673	30,620	32,764,000
03/04/2018	0.216795	0.240491	0.175238	0.234205	27,146	33,603,200
03/03/2018	0.244667	0.257029	0.216916	0.217155	7,417	37,923,300
03/02/2018	0.255224	0.260910	0.198114	0.244966	41,184	39,559,800
03/01/2018	0.249168	0.260180	0.229577	0.245415	24,780	38,621,000
02/28/2018	0.259364	0.265853	0.228761	0.248802	23,140	40,201,400
02/27/2018	0.254275	0.267422	0.231865	0.259669	16,672	39,412,700
02/26/2018	0.248840	0.267021	0.226430	0.253543	42,796	38,570,200
02/25/2018	0.266003	0.274113	0.219109	0.248522	52,557	41,230,500
02/24/2018	0.267411	0.290274	0.245875	0.266407	11,686	41,448,700
02/23/2018	0.252507	0.287077	0.229549	0.267748	41,347	39,138,600
02/22/2018	0.286073	0.300295	0.224341	0.252745	40,340	44,341,300
02/21/2018	0.313655	0.313655	0.235817	0.286364	67,998	48,616,600
02/20/2018	0.322592	0.330530	0.298790	0.314046	29,884	50,001,700
02/19/2018	0.305650	0.334508	0.175010	0.322299	116,937	47,375,800
02/18/2018	0.337527	0.340097	0.293044	0.307061	24,271	52,316,600
02/17/2018	0.281809	0.339272	0.266469	0.336511	59,653	43,680,500
02/16/2018	0.300466	0.325856	0.272538	0.281869	63,967	46,572,200
02/15/2018	0.265542	0.304927	0.213857	0.301727	117,056	41,159,000
02/14/2018	0.267175	0.306672	0.263629	0.265398	20,955	41,412,100
02/13/2018	0.276175	0.286814	0.255479	0.267864	20,915	42,807,100
02/12/2018	0.272059	0.294742	0.258061	0.275683	49,972	42,169,200
02/11/2018	0.290014	0.290014	0.244586	0.270365	31,549	44,952,200
02/10/2018	0.294703	0.310733	0.265186	0.290278	37,661	45,679,000
02/09/2018	0.300078	0.334905	0.264793	0.294514	38,789	46,512,100
02/08/2018	0.265658	0.306226	0.244393	0.299246	19,711	41,177,000
02/07/2018	0.267803	0.295377	0.229855	0.266666	21,116	41,509,400
02/06/2018	0.254071	0.272438	0.184354	0.270280	53,134	39,381,000
02/05/2018	0.274358	0.296400	0.209721	0.252794	52,383	42,525,500
02/04/2018	0.312525	0.368767	0.272645	0.278477	39,874	48,441,400
02/03/2018	0.304342	0.319098	0.251135	0.312374	16,758	47,173,000
02/02/2018	0.302743	0.314367	0.252312	0.303299	40,289	46,925,100
02/01/2018	0.310489	0.332388	0.273778	0.303061	26,920	48,125,700
01/31/2018	0.302862	0.310924	0.281522	0.304147	18,939	46,943,600
01/30/2018	0.365391	0.374211	0.277168	0.302387	39,185	56,635,700
01/29/2018	0.367343	0.419790	0.328566	0.365271	58,010	56,938,100
01/28/2018	0.360703	0.384067	0.303956	0.367695	25,724	55,909,000
01/27/2018	0.364584	0.374201	0.314398	0.358867	21,467	56,510,500
01/26/2018	0.336735	0.383556	0.279146	0.364825	69,866	52,193,900
01/25/2018	0.361564	0.392276	0.319288	0.337640	56,038	56,042,500
01/24/2018	0.364832	0.374795	0.307092	0.355784	51,237	56,549,000
01/23/2018	0.355864	0.384635	0.304955	0.365039	42,874	55,158,900
01/22/2018	0.379231	0.407459	0.288277	0.356807	50,871	58,780,800
01/21/2018	0.397981	0.456451	0.362245	0.374143	24,337	61,687,100
01/20/2018	0.425567	0.475019	0.358650	0.397057	33,274	65,962,900
01/19/2018	0.364093	0.426663	0.342357	0.421056	34,474	56,434,400
01/18/2018	0.401028	0.446605	0.359850	0.367935	60,622	62,159,400
01/17/2018	0.371956	0.420566	0.279181	0.399416	86,077	57,653,200
01/16/2018	0.588298	0.588298	0.364775	0.373853	129,798	91,186,100
01/15/2018	0.585425	0.633748	0.516630	0.587560	44,353	90,740,900
01/14/2018	0.591399	0.618131	0.493382	0.589671	97,477	91,666,900
01/13/2018	0.628769	0.663956	0.559263	0.591011	130,664	97,459,100
01/12/2018	0.628597	0.668421	0.536164	0.629478	139,548	97,432,500
01/11/2018	0.705590	0.705590	0.548207	0.624316	86,240	109,366,000
01/10/2018	0.663517	0.724727	0.565788	0.706408	98,382	102,845,000
01/09/2018	0.720777	0.803240	0.615879	0.662649	182,536	111,720,000
01/08/2018	0.659935	0.726565	0.608546	0.722686	127,577	102,290,000
01/07/2018	0.757537	0.761456	0.548925	0.723909	123,974	117,418,000
01/06/2018	0.764185	0.770959	0.566007	0.758086	157,400	118,449,000
01/05/2018	0.681782	0.805999	0.608542	0.763365	137,343	105,676,000
01/04/2018	0.699934	0.726698	0.567046	0.680270	209,515	108,490,000
01/03/2018	0.245554	1.40	0.245408	0.703263	339,714	38,060,800
01/02/2018	0.227536	0.277869	0.227536	0.242969	50,643	35,268,000
01/01/2018	0.241956	0.249351	0.205066	0.225326	39,262	37,503,300
12/31/2017	0.213692	0.254386	0.203711	0.241079	19,063	33,122,200
12/30/2017	0.231254	0.239648	0.199012	0.216012	24,446	35,844,300
12/29/2017	0.196118	0.254511	0.183882	0.231835	20,543	30,398,200
12/28/2017	0.243564	0.256419	0.176134	0.194302	20,400	37,752,500
12/27/2017	0.272109	0.282835	0.228318	0.244008	58,383	42,176,900
12/26/2017	0.247307	0.279238	0.231290	0.270654	33,192	38,332,600
12/25/2017	0.235756	0.252193	0.185172	0.247560	20,844	36,542,200
12/24/2017	0.228324	0.233333	0.189695	0.233333	19,499	35,390,200
12/23/2017	0.226541	0.269411	0.224097	0.225830	56,052	35,113,800
12/22/2017	0.193192	0.241727	0.148473	0.224387	58,496	29,944,800
12/21/2017	0.205865	0.277799	0.182766	0.192525	60,845	31,909,000
12/20/2017	0.246662	0.246662	0.172182	0.205327	25,055	38,232,700
12/19/2017	0.193179	0.275248	0.151526	0.246906	177,211	29,942,800
12/18/2017	0.183749	0.199354	0.169695	0.192982	86,894	28,481,100
12/17/2017	0.194905	0.210998	0.166787	0.190766	45,044	30,210,300
12/16/2017	0.186449	0.210512	0.164325	0.183732	38,348	28,899,500
12/15/2017	0.198753	0.211710	0.161153	0.193163	202,646	30,806,700
12/14/2017	0.196506	0.206237	0.169836	0.183974	58,315	30,458,400
12/13/2017	0.212495	0.213564	0.168612	0.195496	77,461	32,936,700
12/12/2017	0.210458	0.220956	0.184371	0.212317	54,356	32,621,000
12/11/2017	0.198211	0.232306	0.148606	0.208106	150,103	30,722,700
12/10/2017	0.192480	0.217067	0.158249	0.199652	31,147	29,834,400
12/09/2017	0.169144	0.227223	0.160731	0.191703	58,524	26,217,300
12/08/2017	0.249918	0.254538	0.153098	0.195363	53,118	38,737,200
12/07/2017	0.219774	0.272896	0.146473	0.249331	244,094	-
12/06/2017	0.211784	0.242871	0.185495	0.209145	40,214	-
12/05/2017	0.104294	0.245670	0.104294	0.212254	98,499	-
