Date	Open	High	Low	Close	Volume	Market Cap
07/15/2018	0.135420	0.139033	0.129787	0.138483	28,024	-
07/14/2018	0.137557	0.141214	0.123972	0.135494	57,818	-
07/13/2018	0.139699	0.139962	0.118326	0.137712	94,408	-
07/12/2018	0.153885	0.153885	0.127673	0.139433	72,588	-
07/11/2018	0.129247	0.153980	0.129238	0.153904	100,768	-
07/10/2018	0.123471	0.149861	0.123278	0.129243	106,804	-
07/09/2018	0.146200	0.148456	0.123104	0.123560	116,199	-
07/08/2018	0.142447	0.156315	0.137289	0.146226	91,588	-
07/07/2018	0.147165	0.158310	0.133642	0.142485	143,059	-
07/06/2018	0.143137	0.158784	0.136958	0.147328	69,024	-
07/05/2018	0.150525	0.163363	0.140960	0.143136	134,390	-
07/04/2018	0.158913	0.175956	0.155014	0.164340	178,360	-
07/03/2018	0.194783	0.202609	0.137308	0.158885	638,302	-
07/02/2018	0.170454	0.199287	0.169911	0.194836	75,407	-
07/01/2018	0.174236	0.181122	0.164151	0.170405	15,251	-
06/30/2018	0.161991	0.185000	0.161460	0.174106	23,569	-
06/29/2018	0.173333	0.179662	0.151918	0.159043	60,340	-
06/28/2018	0.165633	0.176741	0.165633	0.173256	73,029	-
06/12/2018	0.273551	0.273738	0.267645	0.268932	378,020	-
06/11/2018	0.267884	0.297453	0.261598	0.273647	384,647	-
06/10/2018	0.312837	0.312837	0.248560	0.267453	169,219	-
06/09/2018	0.329750	0.338141	0.312338	0.312338	211,779	-
06/08/2018	0.315787	0.326788	0.301322	0.302413	529,565	-
06/07/2018	0.291335	0.319450	0.291335	0.315484	195,471	-
06/06/2018	0.286124	0.307418	0.285688	0.291236	38,250	-
06/05/2018	0.300160	0.308522	0.276973	0.286538	87,004	-
06/04/2018	0.306965	0.325146	0.298676	0.300102	133,681	-
06/03/2018	0.289075	0.312212	0.286213	0.307180	68,325	-
06/02/2018	0.296781	0.297094	0.282335	0.289305	41,188	-
06/01/2018	0.288993	0.300966	0.279113	0.296897	106,891	-
05/31/2018	0.285211	0.295664	0.279170	0.288590	57,857	-
05/30/2018	0.284205	0.295791	0.275524	0.285359	51,125	-
05/29/2018	0.269962	0.289002	0.250914	0.283888	277,638	-
05/28/2018	0.278186	0.300906	0.254204	0.270069	266,241	-
05/27/2018	0.250484	0.299958	0.238459	0.284581	632,155	-
05/26/2018	0.234693	0.259151	0.229526	0.250634	259,639	-
05/25/2018	0.223625	0.237963	0.218253	0.234901	169,713	-
05/24/2018	0.199498	0.227456	0.191563	0.223857	266,244	-
05/23/2018	0.230978	0.234587	0.198365	0.200218	147,168	-
05/22/2018	0.252083	0.252643	0.228490	0.231543	73,534	-
05/21/2018	0.257992	0.264039	0.243695	0.252159	458,281	-
05/20/2018	0.239431	0.256341	0.229580	0.255042	136,239	-
05/19/2018	0.220430	0.245703	0.213275	0.240034	296,423	-
05/18/2018	0.209248	0.225923	0.204868	0.220466	132,776	-
05/17/2018	0.216539	0.238083	0.202790	0.209401	238,724	-
05/16/2018	0.213224	0.221137	0.203488	0.215167	101,077	-
05/15/2018	0.233719	0.246015	0.213472	0.213625	81,465	-
05/14/2018	0.251425	0.252965	0.215865	0.234116	193,595	-
05/13/2018	0.221305	0.254953	0.217499	0.251784	154,620	-
05/12/2018	0.248745	0.253869	0.210274	0.221971	509,066	-
05/11/2018	0.285253	0.290390	0.245570	0.248743	206,699	-
05/10/2018	0.295511	0.299852	0.284390	0.284969	394,238	-
05/09/2018	0.306724	0.319959	0.288764	0.295432	408,881	-
05/08/2018	0.298869	0.319092	0.298588	0.307389	459,228	-
05/07/2018	0.327206	0.329667	0.292745	0.297927	994,250	-
05/06/2018	0.349003	0.349868	0.301853	0.326867	697,192	-
05/05/2018	0.340618	0.361341	0.337397	0.349596	168,484	-
05/04/2018	0.335939	0.363268	0.318665	0.341423	278,981	-
05/03/2018	0.359301	0.368014	0.333896	0.335176	263,446	-
05/02/2018	0.337531	0.362365	0.331446	0.359147	270,275	-
05/01/2018	0.323126	0.355457	0.304564	0.340069	346,606	-
04/30/2018	0.372552	0.396727	0.314673	0.322022	395,233	-
04/29/2018	0.361453	0.401420	0.358425	0.370438	904,838	-
04/28/2018	0.333141	0.383706	0.333141	0.361513	373,825	-
04/27/2018	0.335218	0.347624	0.321944	0.334269	488,583	-
04/26/2018	0.282323	0.336402	0.273572	0.334463	534,483	-
04/25/2018	0.305221	0.305796	0.261247	0.278267	250,258	-
04/24/2018	0.232241	0.307303	0.232241	0.307303	862,585	-
04/23/2018	0.212545	0.238349	0.212469	0.232896	279,292	-
04/22/2018	0.214229	0.227211	0.206077	0.213269	315,292	-
04/21/2018	0.212468	0.221072	0.196662	0.212690	241,563	-
04/20/2018	0.191081	0.217316	0.188616	0.212747	666,638	-
04/19/2018	0.174993	0.192637	0.174993	0.192158	105,547	-
04/18/2018	0.174014	0.185686	0.166665	0.173769	557,874	-
04/17/2018	0.164128	0.182476	0.163036	0.173314	112,793	-
04/16/2018	0.194263	0.196130	0.161237	0.164021	451,971	-
04/15/2018	0.180634	0.195802	0.173955	0.194459	81,047	-
04/14/2018	0.183387	0.188452	0.174579	0.180555	91,388	-
04/13/2018	0.187087	0.198542	0.177090	0.183385	215,674	-
04/12/2018	0.163260	0.192666	0.161638	0.191545	386,349	-
04/11/2018	0.146087	0.173743	0.145959	0.171311	701,903	-
04/10/2018	0.144992	0.152610	0.143014	0.145928	248,309	-
04/09/2018	0.154037	0.163395	0.142115	0.144120	204,406	-
04/08/2018	0.157213	0.161954	0.147720	0.153916	65,289	-
04/07/2018	0.157634	0.162865	0.150939	0.156997	45,403	-
04/06/2018	0.154218	0.159609	0.145268	0.157723	33,928	-
04/05/2018	0.158354	0.164799	0.148913	0.158319	47,698	-
04/04/2018	0.164477	0.165156	0.145050	0.158441	101,816	-
04/03/2018	0.153156	0.168862	0.151665	0.164666	46,410	-
04/02/2018	0.157288	0.161837	0.143303	0.153423	98,227	-
04/01/2018	0.163425	0.173172	0.144446	0.156696	101,215	-
03/31/2018	0.169496	0.176470	0.160970	0.163431	21,715	-
03/30/2018	0.170487	0.175294	0.154144	0.169619	89,324	-
03/29/2018	0.174178	0.181132	0.160903	0.170875	101,126	-
03/28/2018	0.154603	0.179426	0.152975	0.173724	120,465	-
03/27/2018	0.160165	0.167182	0.146387	0.155412	29,939	-
03/26/2018	0.160799	0.163787	0.148440	0.160343	74,187	-
03/25/2018	0.156172	0.164519	0.155493	0.161058	36,228	-
03/24/2018	0.159089	0.165259	0.157560	0.158045	114,447	-
03/23/2018	0.158333	0.162465	0.147326	0.157553	40,011	-
03/22/2018	0.164356	0.175346	0.152008	0.158341	50,278	-
03/21/2018	0.157741	0.168838	0.144387	0.163867	113,576	-
03/20/2018	0.169442	0.169669	0.123123	0.157205	219,812	-
03/19/2018	0.129389	0.167531	0.117382	0.167118	90,546	-
03/18/2018	0.134851	0.134851	0.106928	0.130303	93,423	-
03/17/2018	0.141306	0.146288	0.133685	0.134865	50,701	-
03/16/2018	0.143262	0.151314	0.137357	0.141675	76,957	-
03/15/2018	0.155453	0.156318	0.135546	0.143290	135,331	-
03/14/2018	0.166565	0.181442	0.148301	0.154787	134,817	-
03/13/2018	0.155782	0.171172	0.154212	0.166874	193,639	-
03/12/2018	0.161742	0.168220	0.152649	0.156392	210,533	-
03/11/2018	0.117370	0.162367	0.115446	0.161713	284,653	-
03/10/2018	0.135155	0.139464	0.117217	0.117942	1,299,960	-
03/09/2018	0.158908	0.159627	0.123701	0.135629	573,562	-
03/08/2018	0.166840	0.173283	0.153798	0.158691	473,765	-
03/07/2018	0.212560	0.215964	0.153233	0.167841	1,123,990	-
03/06/2018	0.281142	0.281142	0.205058	0.212598	925,111	-
03/05/2018	0.316993	0.317242	0.276985	0.282072	662,962	-
03/04/2018	0.311620	0.318730	0.293770	0.315464	349,984	-
03/03/2018	0.319267	0.327643	0.309531	0.312075	250,607	-
03/02/2018	0.358050	0.363954	0.302412	0.320471	543,756	-
03/01/2018	0.349148	0.361650	0.346388	0.361650	267,404	-
02/28/2018	0.381233	0.399212	0.348859	0.348859	445,932	-
02/27/2018	0.352887	0.388361	0.348005	0.381222	116,753	-
02/26/2018	0.354694	0.372231	0.322741	0.352702	469,960	-
02/25/2018	0.402385	0.402385	0.305407	0.354095	562,403	-
02/24/2018	0.423814	0.443659	0.385854	0.402640	1,870,260	-
02/23/2018	0.533593	0.565463	0.402596	0.421636	1,125,820	-
02/22/2018	0.578834	0.610822	0.523642	0.536453	220,496	-
02/21/2018	0.620130	0.627553	0.560959	0.580317	169,574	-
02/20/2018	0.656662	0.676285	0.613539	0.619027	198,779	-
02/19/2018	0.628936	0.671705	0.625439	0.655890	272,864	-
02/18/2018	0.720748	0.722058	0.623614	0.632538	128,512	-
02/17/2018	0.700228	0.725905	0.681295	0.719664	166,693	-
02/16/2018	0.699890	0.719758	0.664907	0.699720	229,890	-
02/15/2018	0.688561	0.710089	0.661610	0.702750	167,827	-
02/14/2018	0.634336	0.702637	0.611348	0.689950	401,023	-
02/13/2018	0.691052	0.693768	0.607780	0.633719	206,392	-
02/12/2018	0.625601	0.698104	0.624397	0.690697	124,760	-
02/11/2018	0.665921	0.665921	0.596580	0.618702	199,231	-
02/10/2018	0.734328	0.742911	0.634483	0.666547	286,915	-
02/09/2018	0.649947	0.747209	0.625436	0.733723	232,614	-
02/08/2018	0.609870	0.705373	0.609870	0.648083	553,838	-
02/07/2018	0.801526	0.838225	0.601070	0.609312	1,142,340	-
02/06/2018	0.663751	0.801324	0.575614	0.783322	782,769	-
02/05/2018	0.845956	0.904359	0.649754	0.661786	488,161	-
02/04/2018	0.941607	1.07	0.768661	0.857404	775,280	-
02/03/2018	0.863914	0.974728	0.785075	0.941567	227,890	-
02/02/2018	0.939920	0.939920	0.780670	0.862445	434,832	-
02/01/2018	1.04	1.18	0.871323	0.939893	1,754,500	-
01/31/2018	0.816406	1.04	0.765682	1.04	1,406,720	-
01/30/2018	0.952015	0.952015	0.786859	0.807762	274,930	-
01/29/2018	1.04	1.05	0.923682	0.950304	210,251	-
01/28/2018	0.945870	1.09	0.941898	1.03	1,361,490	-
01/27/2018	0.864267	0.996281	0.851728	0.938462	472,655	-
01/26/2018	0.830553	0.877179	0.785189	0.865286	159,245	-
01/25/2018	0.790644	0.851657	0.773687	0.833169	184,419	-
01/24/2018	0.709594	0.803040	0.682608	0.782595	169,164	-
