Date	Open	High	Low	Close	Volume	Market Cap
07/15/2018	0.486776	0.509459	0.478260	0.503549	604,524	9,489,770
07/14/2018	0.494621	0.506014	0.484110	0.487890	556,494	9,642,710
07/13/2018	0.491034	0.511831	0.491034	0.494793	603,717	9,572,780
07/12/2018	0.543563	0.561334	0.480908	0.489017	695,028	10,596,800
07/11/2018	0.538658	0.549585	0.511952	0.543615	676,838	10,501,200
07/10/2018	0.551119	0.575964	0.511248	0.538306	773,097	10,744,100
07/09/2018	0.553871	0.657802	0.547046	0.550802	1,391,660	10,797,800
07/08/2018	0.554995	0.661582	0.551945	0.552052	1,024,640	10,819,700
07/07/2018	0.557429	0.559902	0.531524	0.558212	685,096	10,867,200
07/06/2018	0.577064	0.583476	0.528235	0.556867	762,186	11,249,900
07/05/2018	0.645513	0.702200	0.575792	0.577934	1,061,040	12,584,400
07/04/2018	0.621745	0.659520	0.599886	0.643569	893,472	12,121,000
07/03/2018	0.673901	0.676490	0.620673	0.622901	842,252	13,137,800
07/02/2018	0.572495	0.691040	0.544613	0.675245	1,028,800	11,160,900
07/01/2018	0.593056	0.595637	0.547414	0.573921	760,375	11,561,700
06/30/2018	0.474945	0.610109	0.472578	0.594742	850,191	9,259,120
06/29/2018	0.464622	0.479563	0.442800	0.472211	552,009	9,057,870
06/28/2018	0.488449	0.489700	0.460688	0.462286	534,067	9,522,390
06/27/2018	0.494528	0.501004	0.471372	0.486579	612,050	9,640,900
06/26/2018	0.524740	0.529465	0.492940	0.498971	591,265	10,229,900
06/25/2018	0.510669	0.526074	0.496126	0.524103	702,710	9,955,580
06/24/2018	0.538074	0.542394	0.445213	0.512947	725,733	10,489,800
06/23/2018	0.561575	0.596517	0.526344	0.538159	864,453	10,948,000
06/22/2018	0.662236	0.664569	0.551444	0.561570	836,434	12,910,400
06/21/2018	0.653186	0.673265	0.636541	0.662984	912,801	12,734,000
06/20/2018	0.678652	0.678652	0.635978	0.654143	840,444	13,230,400
06/19/2018	0.698845	0.704824	0.670211	0.679133	973,245	13,624,100
06/18/2018	0.717150	0.722575	0.693005	0.699231	877,321	13,981,000
06/17/2018	0.749853	0.761576	0.718360	0.718360	875,144	14,618,500
06/16/2018	0.742304	0.763250	0.725191	0.748267	911,072	14,471,300
06/15/2018	0.789221	0.792245	0.739330	0.745967	882,859	15,386,000
06/14/2018	0.759184	0.807228	0.744052	0.789721	1,102,460	14,800,400
06/13/2018	0.833701	0.833871	0.746303	0.759612	1,013,950	16,253,100
06/12/2018	0.890431	0.906837	0.821238	0.827144	1,072,600	17,359,100
06/11/2018	0.900315	0.900315	0.856910	0.890667	1,118,970	17,551,800
06/10/2018	1.11	1.11	0.887267	0.897799	1,543,110	21,580,100
06/09/2018	1.07	1.15	1.07	1.11	4,484,700	20,899,700
06/08/2018	1.10	1.10	1.06	1.07	4,255,640	21,392,000
06/07/2018	1.10	1.11	1.08	1.10	3,983,980	21,355,000
06/06/2018	1.10	1.10	1.08	1.10	4,372,060	21,360,700
06/05/2018	1.11	1.11	1.07	1.10	4,304,100	21,547,600
06/04/2018	1.17	1.17	1.09	1.11	4,326,630	22,719,700
06/03/2018	1.14	1.17	1.14	1.16	4,677,370	22,154,400
06/02/2018	1.10	1.14	1.09	1.14	4,425,670	21,513,800
06/01/2018	1.13	1.15	1.08	1.11	4,824,620	22,083,000
05/31/2018	1.07	1.18	1.06	1.13	4,815,960	20,798,800
05/30/2018	1.10	1.17	1.05	1.07	6,994,400	21,358,600
05/29/2018	1.05	1.13	1.03	1.10	8,538,660	20,375,700
05/28/2018	1.24	1.25	1.04	1.06	7,555,660	24,211,400
05/27/2018	1.27	1.27	1.16	1.24	6,105,400	24,693,000
05/26/2018	1.30	1.38	1.21	1.26	8,542,490	25,251,800
05/25/2018	1.13	1.40	1.10	1.30	10,213,400	21,982,200
05/24/2018	1.02	1.14	0.993085	1.13	6,270,900	19,951,000
05/23/2018	1.19	1.21	1.03	1.03	6,067,420	23,196,700
05/22/2018	1.26	1.27	1.18	1.19	5,361,670	24,642,200
05/21/2018	1.32	1.40	1.24	1.27	5,998,400	25,736,600
05/20/2018	1.23	1.35	1.23	1.32	5,600,150	23,912,400
05/19/2018	1.25	1.31	1.22	1.23	6,037,930	24,396,600
05/18/2018	1.26	1.28	1.21	1.26	5,360,900	24,615,000
05/17/2018	1.30	1.44	1.25	1.26	5,576,730	25,356,600
05/16/2018	1.35	1.37	1.24	1.29	5,848,950	26,253,400
05/15/2018	1.49	1.54	1.34	1.35	6,647,000	28,980,700
05/14/2018	1.44	1.68	1.42	1.49	11,268,400	28,139,400
05/13/2018	1.22	1.46	1.19	1.43	6,284,060	23,696,700
05/12/2018	1.27	1.28	1.16	1.22	5,626,010	24,674,400
05/11/2018	1.52	1.52	1.26	1.27	6,040,470	29,538,600
05/10/2018	1.56	1.65	1.51	1.52	6,868,310	27,711,000
05/09/2018	1.60	1.62	1.50	1.56	7,177,690	27,900,000
05/08/2018	1.76	1.79	1.55	1.60	8,448,970	30,769,200
05/07/2018	1.67	1.90	1.55	1.78	10,644,400	29,197,700
05/06/2018	1.67	1.78	1.59	1.67	8,801,520	29,099,400
05/05/2018	1.62	1.74	1.62	1.67	8,038,240	28,261,600
05/04/2018	1.64	1.66	1.59	1.62	7,984,160	28,585,100
05/03/2018	1.68	1.72	1.60	1.64	10,245,400	29,301,900
05/02/2018	1.54	1.68	1.50	1.67	11,557,700	26,883,500
05/01/2018	1.58	1.58	1.45	1.56	8,880,900	27,506,500
04/30/2018	1.65	1.68	1.54	1.57	10,115,700	28,772,000
04/29/2018	1.71	1.74	1.61	1.65	9,972,330	29,841,100
04/28/2018	1.73	1.98	1.68	1.71	14,886,200	30,208,200
04/27/2018	1.80	1.84	1.73	1.74	9,613,450	31,442,500
04/26/2018	1.79	1.85	1.70	1.79	15,625,100	31,287,400
04/25/2018	2.18	2.21	1.66	1.78	13,244,100	38,063,500
04/24/2018	2.02	2.17	1.93	2.16	18,746,700	35,288,400
04/23/2018	2.04	2.05	1.97	2.02	14,745,200	35,611,900
04/22/2018	2.03	2.08	1.89	2.05	19,479,100	35,382,700
04/21/2018	2.39	2.39	1.92	2.07	26,102,000	41,706,900
04/20/2018	2.99	2.99	2.30	2.39	55,467,200	52,284,900
04/19/2018	1.20	3.00	1.20	2.79	24,401,400	20,952,600
04/18/2018	1.21	1.25	1.17	1.20	10,144,400	21,189,000
04/17/2018	1.16	1.30	1.15	1.21	10,346,300	20,196,800
04/16/2018	1.06	1.25	1.06	1.15	8,823,200	18,549,900
04/15/2018	1.04	1.06	1.01	1.06	8,131,370	18,078,300
04/14/2018	1.01	1.05	1.00	1.03	7,550,420	17,618,200
04/13/2018	0.995755	1.10	0.959978	1.01	8,025,910	17,375,600
04/12/2018	0.831056	0.997973	0.805408	0.996365	7,386,930	14,501,700
04/11/2018	0.832602	0.837202	0.782223	0.830325	6,958,020	14,528,600
04/10/2018	0.789139	0.841056	0.778224	0.831494	7,089,590	13,764,000
04/09/2018	0.830055	0.838443	0.749540	0.787209	6,671,600	14,477,600
04/08/2018	0.800291	0.864043	0.800291	0.827928	7,277,550	13,958,500
04/07/2018	0.729550	0.839191	0.728059	0.800217	6,295,970	12,724,700
04/06/2018	0.750969	0.757290	0.701556	0.729104	3,540,120	13,098,300
04/05/2018	0.752692	0.774582	0.720527	0.754379	3,244,410	13,128,300
04/04/2018	0.814474	0.835359	0.747944	0.757869	6,303,450	14,205,900
04/03/2018	0.779869	0.863490	0.775814	0.814590	6,850,410	13,602,300
04/02/2018	0.757033	0.796354	0.751898	0.779671	6,720,270	13,204,000
04/01/2018	0.763136	0.860703	0.708402	0.753651	6,466,230	13,310,500
03/31/2018	0.821401	0.857104	0.737704	0.764478	6,424,940	14,326,700
03/30/2018	0.939840	0.967522	0.812245	0.821482	9,278,880	16,383,100
03/29/2018	0.858027	1.18	0.795332	0.941896	6,886,870	14,957,000
03/28/2018	0.810977	0.884103	0.785402	0.855098	7,393,750	14,136,800
03/27/2018	0.844733	0.864602	0.778482	0.808319	4,918,320	14,725,200
03/26/2018	0.898807	0.941333	0.790337	0.845803	7,189,760	15,667,800
03/25/2018	0.833619	0.899401	0.790158	0.894539	6,337,960	14,531,500
03/24/2018	0.834927	0.905828	0.809915	0.843870	6,669,080	14,554,300
03/23/2018	0.769811	0.823734	0.757857	0.823734	6,123,770	13,419,200
03/22/2018	0.788732	0.802729	0.742625	0.770621	5,385,240	13,749,000
03/21/2018	0.781255	0.820330	0.769183	0.787648	6,218,320	13,618,700
03/20/2018	0.768540	0.796480	0.712511	0.777402	6,041,400	13,397,000
03/19/2018	0.686623	0.779970	0.686623	0.761385	4,942,370	11,969,100
03/18/2018	0.748674	0.748674	0.591932	0.688743	6,136,350	13,050,700
03/17/2018	0.842989	0.852707	0.754317	0.771898	6,746,300	14,690,600
03/16/2018	0.861444	0.861444	0.799072	0.841844	6,887,770	15,012,200
03/15/2018	0.850482	0.868971	0.790641	0.862213	7,050,290	14,821,200
03/14/2018	0.969693	1.01	0.834091	0.849817	7,188,410	16,898,600
03/13/2018	0.996702	1.02	0.955782	0.966955	6,735,240	17,369,300
03/12/2018	1.09	1.12	0.960843	1.00	8,098,210	19,008,800
03/11/2018	0.985769	1.12	0.961292	1.09	7,148,210	17,178,800
03/10/2018	0.970532	1.05	0.970532	0.989092	6,891,040	16,913,200
03/09/2018	0.989515	1.01	0.791579	0.969503	7,686,260	17,244,100
03/08/2018	1.08	1.17	0.989017	0.994814	7,307,750	18,863,500
03/07/2018	1.15	1.27	0.973252	1.08	7,785,470	19,189,500
03/06/2018	1.25	1.46	1.07	1.14	8,752,140	20,993,300
03/05/2018	1.34	1.34	1.24	1.26	9,071,430	22,381,700
03/04/2018	1.22	1.34	1.21	1.34	9,367,860	20,465,000
03/03/2018	1.34	1.36	1.20	1.23	8,299,980	22,399,400
03/02/2018	1.38	1.40	1.25	1.34	9,602,390	23,101,000
03/01/2018	1.25	1.51	1.24	1.38	9,287,750	20,853,200
02/28/2018	1.28	1.32	1.24	1.24	7,887,810	21,356,700
02/27/2018	1.35	1.43	1.26	1.28	9,938,060	22,555,600
02/26/2018	1.38	1.58	1.26	1.35	8,842,080	23,072,600
02/25/2018	1.59	1.59	1.29	1.38	10,062,600	26,682,400
02/24/2018	1.33	1.71	1.27	1.62	10,385,500	22,300,200
02/23/2018	1.29	1.38	1.25	1.33	9,788,830	21,533,800
02/22/2018	1.46	1.51	1.29	1.29	9,573,980	24,357,900
02/21/2018	1.60	1.72	1.30	1.46	10,488,300	26,617,600
02/20/2018	1.66	1.68	1.58	1.60	10,083,000	27,759,300
02/19/2018	1.66	1.77	1.62	1.67	13,213,300	27,723,400
02/18/2018	1.86	1.86	1.66	1.67	11,157,000	30,993,200
02/17/2018	1.67	1.88	1.66	1.85	13,507,900	27,794,900
02/16/2018	1.71	1.73	1.63	1.67	11,469,000	28,493,600
02/15/2018	1.50	1.72	1.49	1.71	12,077,400	25,021,800
02/14/2018	1.34	1.51	1.34	1.50	10,736,300	22,439,600
02/13/2018	1.45	1.49	1.33	1.35	8,704,450	24,220,200
02/12/2018	1.43	1.50	1.40	1.44	9,896,640	23,931,300
02/11/2018	1.50	1.50	1.37	1.43	9,363,540	25,096,800
02/10/2018	1.57	1.64	1.44	1.51	10,898,300	26,218,300
02/09/2018	1.56	1.60	1.39	1.57	9,363,350	25,985,500
02/08/2018	1.37	1.58	1.37	1.55	9,884,070	22,878,100
02/07/2018	1.39	1.59	1.27	1.37	11,553,600	23,158,000
02/06/2018	1.24	1.40	0.981937	1.39	9,263,840	20,669,600
02/05/2018	1.67	1.70	1.21	1.24	9,055,200	27,861,500
02/04/2018	1.94	1.94	1.59	1.69	11,995,200	32,391,300
02/03/2018	1.80	2.01	1.64	1.94	13,857,400	29,962,200
02/02/2018	1.91	1.91	1.38	1.79	8,048,350	31,782,700
02/01/2018	2.32	2.41	1.81	1.91	11,999,900	38,775,600
01/31/2018	2.34	2.41	2.16	2.32	17,676,300	39,082,000
01/30/2018	3.01	3.01	2.28	2.36	15,167,300	50,132,300
01/29/2018	3.22	3.25	2.90	2.99	21,941,900	53,682,600
01/28/2018	3.51	3.66	3.11	3.22	24,012,900	58,633,900
01/27/2018	3.50	3.84	3.32	3.48	27,881,700	58,348,200
01/26/2018	3.45	3.69	2.41	3.51	24,670,300	57,489,100
01/25/2018	2.34	3.45	2.29	3.45	21,588,600	39,018,200
01/24/2018	2.59	2.64	2.26	2.32	18,441,200	43,249,000
01/23/2018	2.11	2.69	1.88	2.59	17,160,700	35,199,600
01/22/2018	2.16	2.58	1.98	2.17	17,791,600	35,950,200
01/21/2018	2.40	2.55	2.09	2.18	9,211,150	40,111,600
01/20/2018	2.38	2.58	2.29	2.40	4,212,770	39,720,900
01/19/2018	2.58	2.63	2.05	2.36	9,815,830	43,061,500
01/18/2018	2.09	2.96	2.00	2.60	11,674,100	34,863,100
01/17/2018	1.66	2.11	1.45	2.08	9,283,600	27,657,800
01/16/2018	2.48	3.23	1.43	1.75	9,756,780	41,440,200
01/15/2018	3.34	3.48	2.36	2.91	14,408,000	55,694,900
01/14/2018	3.50	3.75	3.15	3.34	16,492,200	58,307,400
01/13/2018	3.40	3.65	3.07	3.48	30,609,800	56,661,400
01/12/2018	3.37	3.82	3.06	3.40	28,811,200	56,204,700
01/11/2018	3.76	4.03	3.14	3.27	25,998,300	62,689,100
01/10/2018	4.79	5.28	3.62	3.75	32,148,300	79,877,100
01/09/2018	4.52	5.30	4.43	4.78	33,424,600	75,449,100
01/08/2018	4.65	4.83	3.83	4.55	24,209,800	77,571,300
01/07/2018	4.67	4.87	3.93	4.63	1,991,600	77,857,500
01/06/2018	4.89	5.57	4.27	4.74	2,395,110	81,559,300
01/05/2018	3.96	6.15	3.93	5.07	2,575,960	66,114,300
01/04/2018	2.80	4.01	2.79	3.97	2,027,240	46,754,800
01/03/2018	2.32	2.84	1.92	2.84	1,374,880	38,615,900
01/02/2018	2.31	2.65	2.07	2.32	1,581,830	38,464,400
01/01/2018	1.98	2.34	1.91	2.30	1,300,220	33,036,300
12/31/2017	1.79	2.12	1.73	1.98	1,591,350	29,782,300
12/30/2017	1.88	1.92	1.51	1.80	1,314,770	31,332,800
12/29/2017	1.65	2.19	1.49	1.88	2,027,770	27,451,000
12/28/2017	1.06	1.76	1.03	1.63	2,007,460	17,653,900
12/27/2017	0.943323	1.06	0.884671	1.06	1,283,950	13,260,500
12/26/2017	0.984316	1.03	0.917111	0.942459	1,101,710	13,836,700
12/25/2017	0.881713	1.02	0.864655	0.985588	1,083,560	12,394,400
12/24/2017	0.991671	0.991671	0.841430	0.877548	904,487	13,940,100
12/23/2017	0.909460	1.06	0.859961	0.981102	437,259	12,784,500
12/22/2017	0.599720	0.945341	0.425980	0.901796	293,875	8,430,390
12/21/2017	0.596117	0.638212	0.548017	0.594395	164,804	8,379,750
12/20/2017	0.611604	0.649488	0.565334	0.595302	184,358	8,597,450
12/19/2017	0.646211	0.651111	0.560415	0.611331	317,809	9,083,930
12/18/2017	0.701731	0.701731	0.575447	0.644326	177,428	9,864,380
12/17/2017	0.672319	0.697868	0.607462	0.689788	145,157	9,450,930
12/16/2017	0.573556	0.805846	0.573556	0.671252	184,437	8,062,590
12/15/2017	0.576018	0.582851	0.554633	0.572736	108,230	8,097,210
12/14/2017	0.568401	0.604290	0.533319	0.575479	110,802	7,990,140
12/13/2017	0.490256	0.606039	0.489343	0.569292	190,018	6,891,630
12/12/2017	0.397612	0.529153	0.385998	0.488748	206,352	5,589,310
12/11/2017	0.343705	0.398727	0.337944	0.398727	65,037	4,831,540
12/10/2017	0.368921	0.368921	0.336974	0.344170	61,321	5,186,000
12/09/2017	0.357165	0.391303	0.341962	0.368005	129,489	5,020,740
12/08/2017	0.350132	0.357170	0.323824	0.353445	70,668	4,921,880
12/07/2017	0.333716	0.354136	0.309464	0.349667	93,241	4,691,110
12/06/2017	0.337398	0.352422	0.327361	0.333161	106,465	4,742,870
12/05/2017	0.314438	0.345452	0.312146	0.337884	80,350	4,420,120
12/04/2017	0.319057	0.322476	0.306313	0.314192	74,236	4,485,050
12/03/2017	0.335359	0.343607	0.308919	0.318457	79,988	4,714,220
12/02/2017	0.343388	0.349571	0.327960	0.335207	73,029	4,827,070
12/01/2017	0.346222	0.373717	0.332102	0.343501	98,706	4,866,920
11/30/2017	0.329164	0.389729	0.309658	0.347137	87,859	4,627,140
11/29/2017	0.297647	0.337753	0.271908	0.324866	117,028	4,184,090
11/28/2017	0.325613	0.328946	0.297122	0.297651	93,622	4,577,220
11/27/2017	0.341819	0.357783	0.324758	0.325570	145,052	4,805,020
11/26/2017	0.338646	0.365319	0.329520	0.342263	183,632	4,760,420
11/25/2017	0.395735	0.401046	0.332563	0.338668	103,078	5,562,930
11/24/2017	0.433542	0.442678	0.384168	0.395971	114,739	6,094,390
11/23/2017	0.397114	0.459176	0.385821	0.436031	116,185	5,582,320
11/22/2017	0.316448	0.397464	0.303675	0.396559	116,289	4,448,370
11/21/2017	0.330055	0.331981	0.310412	0.316024	82,793	4,639,650
11/20/2017	0.332171	0.353330	0.320351	0.330733	113,262	4,669,400
11/19/2017	0.334624	0.345817	0.324301	0.332353	90,439	4,703,880
11/18/2017	0.307936	0.336703	0.301577	0.335921	97,951	4,328,720
11/17/2017	0.293031	0.310838	0.286748	0.308500	93,265	4,119,200
11/16/2017	0.304339	0.305780	0.290313	0.293157	85,711	4,278,160
11/15/2017	0.296210	0.304142	0.282992	0.303991	70,345	4,163,890
11/14/2017	0.308185	0.313995	0.293388	0.296654	36,109	4,332,220
11/13/2017	0.255417	0.317624	0.254239	0.309054	73,620	3,590,460
11/12/2017	0.289790	0.289790	0.249464	0.255121	41,540	4,073,640
11/11/2017	0.278067	0.299381	0.273319	0.289135	60,588	3,908,850
11/10/2017	0.308277	0.318657	0.277210	0.278719	56,980	4,333,510
11/09/2017	0.322849	0.331375	0.306627	0.307877	104,264	4,538,350
11/08/2017	0.297270	0.326616	0.292431	0.323767	85,037	4,178,790
11/07/2017	0.290173	0.308251	0.285955	0.297630	65,227	4,079,030
11/06/2017	0.297325	0.299820	0.289060	0.289851	103,576	4,179,550
11/05/2017	0.303382	0.306377	0.295851	0.297007	95,446	4,264,710
11/04/2017	0.297712	0.304993	0.292051	0.303418	84,933	4,185,000
11/03/2017	0.301327	0.311283	0.297027	0.297963	93,073	4,235,810
11/02/2017	0.313839	0.317213	0.289983	0.300859	97,285	4,411,700
11/01/2017	0.328065	0.328649	0.309160	0.313989	113,474	4,611,680
10/31/2017	0.307563	0.329863	0.288950	0.328374	102,148	4,323,480
10/30/2017	0.326214	0.328854	0.306919	0.307896	103,052	4,585,660
10/29/2017	0.326207	0.344829	0.316773	0.326574	99,623	4,585,560
10/28/2017	0.392542	0.396992	0.324078	0.326406	108,267	5,518,050
10/27/2017	0.335665	0.403188	0.321546	0.397082	119,603	4,718,510
10/26/2017	0.344418	0.363077	0.330883	0.335715	109,706	4,841,560
10/25/2017	0.437771	0.438737	0.322668	0.344743	152,323	6,153,840
10/24/2017	0.338417	0.472994	0.313068	0.438309	210,497	4,757,210
10/23/2017	0.258326	0.338713	0.246313	0.338713	124,354	3,631,350
10/22/2017	0.239158	0.260049	0.237594	0.258394	96,818	3,361,900
10/21/2017	0.262182	0.263981	0.239135	0.239135	106,487	3,685,550
10/20/2017	0.292786	0.295490	0.261946	0.261964	99,088	4,115,750
10/19/2017	0.291900	0.311085	0.283284	0.292696	100,884	4,103,300
10/18/2017	0.299141	0.302571	0.261419	0.292155	109,786	4,205,100
10/17/2017	0.313530	0.313806	0.285009	0.299319	162,936	4,407,360
10/16/2017	0.318725	0.319230	0.304625	0.312769	146,974	4,480,380
10/15/2017	0.319533	0.334852	0.300040	0.318394	54,704	4,491,750
10/14/2017	0.313018	0.330761	0.307365	0.318994	53,189	4,400,160
10/13/2017	0.349832	0.350317	0.311483	0.313708	76,349	4,917,660
10/12/2017	0.363037	0.387183	0.348456	0.350034	98,949	5,103,290
10/11/2017	0.378530	0.383639	0.358800	0.363378	104,678	5,321,070
10/10/2017	0.361408	0.432603	0.320007	0.377857	104,176	5,080,380
10/09/2017	0.386672	0.425510	0.355869	0.362060	101,369	5,435,530
10/08/2017	0.445243	0.456727	0.381097	0.391036	128,991	6,258,880
10/07/2017	0.467881	0.489208	0.435659	0.446094	95,598	6,577,100
10/06/2017	0.475036	0.487286	0.454929	0.464290	117,928	6,677,680
10/05/2017	0.498296	0.498296	0.467583	0.474979	108,263	7,004,650
10/04/2017	0.517213	0.569139	0.497016	0.497016	125,885	7,270,580
10/03/2017	0.569506	0.569506	0.509634	0.516281	127,273	8,005,660
10/02/2017	0.624319	0.625999	0.551411	0.569322	131,703	8,776,180
10/01/2017	0.621492	0.625903	0.572781	0.624443	150,773	8,736,440
09/30/2017	0.690573	0.696198	0.565356	0.621870	135,066	9,707,530
09/29/2017	0.756658	0.756658	0.658788	0.690635	121,309	10,636,500
09/28/2017	0.879774	0.895722	0.759003	0.761673	175,839	12,367,200
09/27/2017	0.524387	0.981432	0.524387	0.981432	365,830	7,371,410
09/26/2017	0.585712	0.585986	0.518732	0.525040	174,734	8,233,480
09/25/2017	0.616222	0.616912	0.529396	0.583072	134,316	8,662,360
09/24/2017	0.731472	0.734890	0.571775	0.615710	204,870	10,282,500
09/23/2017	0.657034	1.47	0.559158	0.724104	298,708	9,236,070
09/22/2017	0.773040	0.792471	0.588509	0.658002	136,747	10,866,800
09/21/2017	0.859565	0.982731	0.743939	0.809898	74,579	12,083,100
09/20/2017	0.744813	0.933790	0.644857	0.862584	102,433	10,470,000
09/19/2017	0.823919	0.858425	0.628423	0.745318	26,854	11,582,000
