Date	Open	High	Low	Close	Volume	Market Cap
07/15/2018	0.027390	0.037566	0.027385	0.030114	248,827	5,429,760
07/14/2018	0.041014	0.041172	0.027123	0.027403	254,674	8,130,610
07/13/2018	0.038090	0.054899	0.038088	0.041038	287,466	7,551,070
07/12/2018	0.048509	0.048684	0.037399	0.038058	215,319	9,616,460
07/11/2018	0.042905	0.048489	0.042328	0.048489	167,219	8,505,560
07/10/2018	0.056940	0.057278	0.042942	0.042955	275,014	11,287,800
07/09/2018	0.062756	0.062962	0.056765	0.056886	332,849	12,440,800
07/08/2018	0.062797	0.063395	0.061379	0.062768	287,960	12,448,900
07/07/2018	0.057821	0.069374	0.057478	0.062628	359,276	11,462,500
07/06/2018	0.057254	0.057939	0.056153	0.057857	283,720	11,350,000
07/05/2018	0.058079	0.073376	0.056472	0.057173	278,910	11,513,700
07/04/2018	0.056642	0.058975	0.052965	0.057906	321,268	11,228,800
07/03/2018	0.062813	0.064818	0.056439	0.056662	214,866	12,452,100
07/02/2018	0.060368	0.063189	0.049222	0.063102	151,122	11,967,400
07/01/2018	0.064473	0.064776	0.059963	0.060346	242,966	12,781,100
06/30/2018	0.062564	0.065528	0.062564	0.064449	316,389	12,402,800
06/29/2018	0.059666	0.063037	0.058136	0.062467	313,196	11,828,200
06/28/2018	0.062020	0.062390	0.059302	0.059628	364,986	12,294,900
06/27/2018	0.060685	0.062210	0.059867	0.061754	227,478	12,030,100
06/26/2018	0.065874	0.066037	0.060698	0.060778	205,389	13,059,000
06/25/2018	0.069595	0.071109	0.065853	0.065865	317,402	13,796,500
06/24/2018	0.070175	0.073373	0.065330	0.069749	293,727	13,911,500
06/23/2018	0.069215	0.079881	0.068920	0.070194	333,537	13,721,200
06/22/2018	0.076621	0.076697	0.067970	0.069195	359,383	15,189,400
06/21/2018	0.079876	0.080744	0.075124	0.076677	316,585	15,834,600
06/20/2018	0.081804	0.082170	0.077389	0.079928	311,409	16,216,800
06/19/2018	0.092259	0.094478	0.081077	0.081753	255,271	18,289,400
06/18/2018	0.090346	0.094865	0.089500	0.092277	280,739	17,910,200
06/17/2018	0.089880	0.091708	0.089813	0.090485	283,676	17,817,800
06/16/2018	0.089180	0.093655	0.088331	0.089751	173,997	17,679,100
06/15/2018	0.097101	0.102007	0.088718	0.089426	304,709	19,249,400
06/14/2018	0.087300	0.097396	0.086649	0.097231	475,012	17,306,400
06/13/2018	0.090439	0.090807	0.085321	0.087320	401,375	17,928,600
06/12/2018	0.111657	0.112740	0.089579	0.090122	270,991	22,134,800
06/11/2018	0.088108	0.201178	0.087138	0.111752	387,516	17,466,500
06/10/2018	0.082486	0.096994	0.073428	0.088348	485,214	16,352,000
06/09/2018	0.084060	0.085300	0.082444	0.082444	398,338	16,664,100
06/08/2018	0.088798	0.089084	0.083683	0.084031	354,301	17,603,300
06/07/2018	0.094859	0.096343	0.073093	0.088709	259,755	18,804,800
06/06/2018	0.098297	0.098902	0.093012	0.094827	423,125	19,486,400
06/05/2018	0.101716	0.102435	0.095833	0.098438	509,570	20,164,200
06/04/2018	0.106765	0.107341	0.101379	0.101702	324,405	21,165,100
06/03/2018	0.092187	0.111903	0.091532	0.107301	396,529	18,275,100
06/02/2018	0.090980	0.093582	0.090507	0.092201	438,362	18,035,800
06/01/2018	0.091699	0.094112	0.089358	0.091010	342,419	18,178,400
05/31/2018	0.087755	0.094859	0.087160	0.091535	436,459	17,396,500
05/30/2018	0.086381	0.092779	0.085793	0.087786	431,615	17,124,200
05/29/2018	0.094489	0.098262	0.078121	0.086322	321,503	18,731,500
05/28/2018	0.108821	0.110013	0.093231	0.094380	389,709	21,572,800
05/27/2018	0.115059	0.115730	0.107229	0.108942	402,411	22,809,400
05/26/2018	0.117652	0.119014	0.114659	0.114880	482,012	23,323,500
05/25/2018	0.116264	0.120150	0.112397	0.117888	371,234	23,048,200
05/24/2018	0.119744	0.122561	0.109681	0.116196	401,036	23,738,000
05/23/2018	0.130214	0.132390	0.116160	0.120171	464,784	25,813,700
05/22/2018	0.144264	0.144526	0.129824	0.130405	247,444	28,598,900
05/21/2018	0.154277	0.154476	0.142489	0.144460	432,760	30,584,000
05/20/2018	0.151822	0.156859	0.144005	0.153952	322,465	30,097,300
05/19/2018	0.151473	0.157743	0.150910	0.151931	519,109	30,028,100
05/18/2018	0.145327	0.155613	0.143158	0.151613	338,724	28,809,600
05/17/2018	0.150204	0.152802	0.144420	0.145232	421,683	29,776,400
05/16/2018	0.138846	0.150075	0.133487	0.150043	292,969	27,524,800
05/15/2018	0.140916	0.151088	0.137097	0.138854	338,456	27,935,200
05/14/2018	0.167176	0.168207	0.139184	0.141475	351,239	33,141,100
05/13/2018	0.161449	0.168810	0.159304	0.167203	311,956	32,005,700
05/12/2018	0.167375	0.176391	0.157792	0.161451	270,051	33,180,500
05/11/2018	0.172528	0.192933	0.164276	0.167898	362,671	34,202,000
05/10/2018	0.175618	0.180411	0.172231	0.172402	357,285	34,814,600
05/09/2018	0.181466	0.181466	0.171156	0.175786	273,117	35,973,800
05/08/2018	0.200312	0.205731	0.178883	0.182276	302,795	39,709,900
05/07/2018	0.214928	0.216048	0.188652	0.199551	312,690	42,607,400
05/06/2018	0.204789	0.215473	0.195413	0.214727	311,733	40,597,500
05/05/2018	0.224796	0.230144	0.169662	0.204781	457,291	44,563,600
05/04/2018	0.267487	0.272306	0.213474	0.224795	166,116	-
05/03/2018	0.265773	0.273582	0.152292	0.268152	433,292	-
05/02/2018	0.262703	0.267080	0.223845	0.265784	664,144	-
05/01/2018	0.254936	0.263385	0.233411	0.263256	462,396	-
