Date	Open	High	Low	Close	Volume	Market Cap
07/15/2018	0.251329	0.263924	0.251329	0.257534	1,105,410	87,965,200
07/14/2018	0.256096	0.262929	0.251442	0.251442	1,120,860	89,633,600
07/13/2018	0.262087	0.271960	0.252376	0.255978	1,962,560	91,730,400
07/12/2018	0.270869	0.273393	0.259115	0.261214	2,182,870	94,804,100
07/11/2018	0.265321	0.274846	0.263844	0.271417	1,370,670	92,862,300
07/10/2018	0.277063	0.277803	0.259311	0.264651	1,109,180	96,972,100
07/09/2018	0.299126	0.301929	0.278969	0.279253	441,553	104,694,000
07/08/2018	0.302960	0.303163	0.291743	0.299513	956,159	106,036,000
07/07/2018	0.277968	0.304468	0.275939	0.301444	632,154	97,288,800
07/06/2018	0.279832	0.289196	0.266007	0.278252	1,236,530	97,941,200
07/05/2018	0.314042	0.314904	0.284902	0.286380	1,973,860	109,915,000
07/04/2018	0.252244	0.320387	0.245084	0.313194	2,014,620	88,285,400
07/03/2018	0.247975	0.265528	0.246314	0.252140	1,733,330	86,791,300
07/02/2018	0.217665	0.251518	0.217665	0.248144	1,375,670	76,182,800
07/01/2018	0.226369	0.228221	0.212445	0.217651	1,109,090	79,229,100
06/30/2018	0.211030	0.225738	0.211006	0.225287	1,248,720	73,860,500
06/29/2018	0.210769	0.215379	0.197966	0.210188	1,324,380	73,769,200
06/28/2018	0.225018	0.227496	0.209568	0.210890	1,098,160	78,756,500
06/27/2018	0.228868	0.233167	0.218237	0.225665	869,093	80,103,900
06/26/2018	0.238936	0.248607	0.229750	0.229912	1,143,660	83,627,500
06/25/2018	0.242449	0.248518	0.235544	0.241183	1,186,250	84,857,100
06/24/2018	0.263034	0.266790	0.228136	0.240808	1,745,610	92,062,000
06/23/2018	0.249336	0.268530	0.249200	0.264068	1,669,590	87,267,500
06/22/2018	0.318189	0.324616	0.247700	0.249167	2,586,420	111,366,000
06/21/2018	0.337571	0.342709	0.313295	0.318316	1,298,790	118,150,000
06/20/2018	0.339973	0.342338	0.322294	0.337971	1,244,550	118,991,000
06/19/2018	0.339220	0.350060	0.333045	0.339732	1,699,890	118,727,000
06/18/2018	0.308010	0.343049	0.308010	0.339415	1,799,900	107,804,000
06/17/2018	0.317624	0.330687	0.308446	0.308446	1,174,980	111,168,000
06/16/2018	0.323872	0.330194	0.310266	0.317678	1,430,130	113,355,000
06/15/2018	0.359107	0.360544	0.323045	0.323045	1,432,990	125,687,000
06/14/2018	0.344439	0.377035	0.337128	0.356524	1,903,730	120,554,000
06/13/2018	0.390675	0.394719	0.341870	0.344312	1,666,390	136,736,000
06/12/2018	0.421897	0.434268	0.376957	0.392505	2,218,290	147,664,000
06/11/2018	0.428535	0.436108	0.410791	0.421703	1,444,600	149,987,000
06/10/2018	0.481888	0.481888	0.418984	0.428734	1,697,960	168,661,000
06/09/2018	0.484807	0.495909	0.479073	0.482491	867,430	169,683,000
06/08/2018	0.494112	0.498127	0.476178	0.483058	1,044,720	172,939,000
06/07/2018	0.506440	0.511811	0.491750	0.492849	1,152,910	177,254,000
06/06/2018	0.512563	0.516133	0.495789	0.506310	1,504,760	179,397,000
06/05/2018	0.507166	0.518056	0.498981	0.512172	950,909	177,508,000
06/04/2018	0.531416	0.544734	0.497576	0.507498	1,349,610	185,995,000
06/03/2018	0.529856	0.547254	0.519439	0.531125	1,035,440	185,450,000
06/02/2018	0.507988	0.533418	0.498560	0.530218	1,130,320	177,796,000
06/01/2018	0.494270	0.509518	0.488501	0.507538	1,121,990	172,994,000
05/31/2018	0.486472	0.506150	0.483882	0.496837	1,031,320	170,265,000
05/30/2018	0.505666	0.511088	0.476005	0.486536	1,657,150	176,983,000
05/29/2018	0.470818	0.516075	0.470370	0.500610	1,247,480	164,786,000
05/28/2018	0.509758	0.512951	0.467849	0.471797	1,700,210	178,415,000
05/27/2018	0.511065	0.512095	0.500597	0.507946	850,069	178,873,000
05/26/2018	0.523590	0.528292	0.508821	0.510482	964,694	183,256,000
05/25/2018	0.514389	0.527545	0.502612	0.523591	1,458,620	180,036,000
05/24/2018	0.490788	0.514499	0.476666	0.513056	1,474,960	171,776,000
05/23/2018	0.519709	0.525124	0.482140	0.492452	2,068,520	181,898,000
05/22/2018	0.588875	0.588875	0.515215	0.521186	2,690,860	206,106,000
05/21/2018	0.601272	0.609404	0.590825	0.591527	1,525,330	210,445,000
05/20/2018	0.584657	0.611440	0.576247	0.602244	1,018,460	204,630,000
05/19/2018	0.573885	0.603678	0.570913	0.585618	1,100,170	200,860,000
05/18/2018	0.559349	0.576018	0.531852	0.572969	2,406,740	195,772,000
05/17/2018	0.599397	0.607638	0.555348	0.564526	2,052,140	209,789,000
05/16/2018	0.608872	0.613540	0.583285	0.598387	1,839,590	213,105,000
05/15/2018	0.629913	0.643528	0.605934	0.609914	1,595,890	220,469,000
05/14/2018	0.667518	0.667518	0.614986	0.632589	1,954,790	233,631,000
05/13/2018	0.620176	0.680414	0.608014	0.669060	2,480,790	217,061,000
05/12/2018	0.619232	0.656902	0.595811	0.623351	1,678,640	216,731,000
05/11/2018	0.686763	0.686843	0.600374	0.620066	2,618,650	240,367,000
05/10/2018	0.739551	0.742023	0.679160	0.684939	2,364,510	258,843,000
05/09/2018	0.736311	0.740558	0.704000	0.739961	1,835,100	257,709,000
05/08/2018	0.763127	0.787980	0.732217	0.740976	1,761,750	267,094,000
05/07/2018	0.790304	0.790403	0.726322	0.764877	2,103,150	276,606,000
05/06/2018	0.813417	0.826574	0.749739	0.790713	2,603,420	284,696,000
05/05/2018	0.826578	0.897010	0.799365	0.814019	4,526,610	289,302,000
05/04/2018	0.850715	0.860608	0.809678	0.824544	3,283,600	297,750,000
05/03/2018	0.852130	0.867767	0.832790	0.852574	4,303,320	298,246,000
05/02/2018	0.860825	0.881190	0.850748	0.852326	6,115,580	301,289,000
05/01/2018	0.864059	0.864756	0.822303	0.863162	3,639,860	302,421,000
04/30/2018	0.916596	0.941625	0.861204	0.865547	8,001,890	320,809,000
04/29/2018	0.740960	0.936766	0.740960	0.918467	6,904,510	259,336,000
04/28/2018	0.728885	0.756402	0.711863	0.741096	3,681,420	255,110,000
04/27/2018	0.778359	0.782931	0.729146	0.731278	3,663,570	272,426,000
04/26/2018	0.736336	0.792535	0.710964	0.778453	4,819,800	257,717,000
04/25/2018	0.886335	0.886384	0.718920	0.731780	5,435,540	310,217,000
04/24/2018	0.757961	0.890255	0.753829	0.890255	6,257,080	265,286,000
04/23/2018	0.769646	0.792833	0.756556	0.758726	4,176,840	269,376,000
04/22/2018	0.761489	0.793522	0.738255	0.773287	4,960,510	266,521,000
04/21/2018	0.772742	0.789730	0.724008	0.755267	4,766,250	270,460,000
04/20/2018	0.730874	0.779957	0.697598	0.769173	4,857,680	255,806,000
04/19/2018	0.651839	0.731201	0.649559	0.731201	5,233,200	228,144,000
04/18/2018	0.624330	0.653530	0.623318	0.651419	3,821,580	218,516,000
04/17/2018	0.636636	0.642897	0.619543	0.623809	3,538,940	222,823,000
04/16/2018	0.657918	0.660546	0.615644	0.636392	3,849,870	230,271,000
04/15/2018	0.618531	0.658327	0.618531	0.658327	3,405,660	216,486,000
04/14/2018	0.616320	0.642249	0.606218	0.618893	3,856,330	215,712,000
04/13/2018	0.615958	0.641495	0.595221	0.618242	4,447,300	215,585,000
04/12/2018	0.553008	0.618360	0.534891	0.614548	4,807,590	193,553,000
04/11/2018	0.530316	0.554584	0.527091	0.554298	3,333,860	185,611,000
04/10/2018	0.532414	0.535937	0.510464	0.530537	3,725,150	186,345,000
04/09/2018	0.559000	0.574427	0.523449	0.530980	3,790,630	195,650,000
04/08/2018	0.531541	0.570141	0.531541	0.556136	3,648,460	186,039,000
04/07/2018	0.496301	0.547088	0.496301	0.532082	3,527,040	173,705,000
04/06/2018	0.539155	0.550379	0.493114	0.495323	3,883,220	188,704,000
04/05/2018	0.558574	0.565569	0.524736	0.540807	4,367,320	195,501,000
04/04/2018	0.623772	0.627370	0.548567	0.560342	3,883,920	218,320,000
04/03/2018	0.594119	0.633274	0.585235	0.625248	4,535,080	207,942,000
04/02/2018	0.581016	0.610433	0.578081	0.593330	4,236,600	203,356,000
04/01/2018	0.613144	0.620922	0.559865	0.578685	3,519,290	214,600,000
03/31/2018	0.597120	0.633009	0.590318	0.612975	3,925,770	208,992,000
03/30/2018	0.591709	0.610131	0.560440	0.597692	3,893,360	207,098,000
03/29/2018	0.650895	0.653230	0.578154	0.592827	4,030,910	227,813,000
03/28/2018	0.594393	0.681343	0.585312	0.652478	5,328,920	208,037,000
03/27/2018	0.636242	0.649680	0.593784	0.594409	3,544,930	222,685,000
03/26/2018	0.724540	0.727788	0.602463	0.638603	5,179,840	253,589,000
03/25/2018	0.728652	0.742126	0.712656	0.725917	3,943,300	255,028,000
03/24/2018	0.736176	0.780782	0.724140	0.738865	5,650,330	257,661,000
03/23/2018	0.675624	0.729663	0.617315	0.729663	5,522,520	236,468,000
03/22/2018	0.711539	0.714198	0.613109	0.672518	5,863,930	249,039,000
03/21/2018	0.562045	0.714579	0.561369	0.708028	6,606,090	196,716,000
03/20/2018	0.536309	0.567339	0.509188	0.560886	4,735,230	187,708,000
03/19/2018	0.524604	0.539754	0.502130	0.532357	3,722,740	183,611,000
03/18/2018	0.498544	0.522110	0.420541	0.522110	5,473,090	174,490,000
03/17/2018	0.561036	0.561036	0.496233	0.498721	3,823,890	196,362,000
03/16/2018	0.580618	0.585953	0.554191	0.560338	3,645,100	203,216,000
03/15/2018	0.589867	0.594544	0.542546	0.581736	4,252,120	206,453,000
03/14/2018	0.650264	0.662431	0.577223	0.589068	5,087,480	227,592,000
03/13/2018	0.657454	0.671947	0.633008	0.650593	3,375,830	230,109,000
03/12/2018	0.676082	0.706863	0.638347	0.659323	10,304,700	236,629,000
03/11/2018	0.637438	0.689413	0.617616	0.677419	2,639,060	223,103,000
03/10/2018	0.677773	0.699526	0.627250	0.638811	2,600,970	237,220,000
03/09/2018	0.640722	0.678740	0.580856	0.675663	3,856,500	224,253,000
03/08/2018	0.687628	0.701548	0.633028	0.643248	4,818,750	240,670,000
03/07/2018	0.777024	0.790733	0.651849	0.688430	5,937,710	271,958,000
03/06/2018	0.814832	0.814832	0.764718	0.778019	3,119,240	285,191,000
03/05/2018	0.811610	0.826310	0.805821	0.816483	3,097,250	284,064,000
03/04/2018	0.814477	0.818494	0.783808	0.810675	3,508,960	285,067,000
03/03/2018	0.825377	0.837468	0.807512	0.814813	2,744,700	288,882,000
03/02/2018	0.825708	0.834554	0.807892	0.824377	4,133,610	288,998,000
03/01/2018	0.807594	0.831652	0.803990	0.825036	2,579,970	282,658,000
02/28/2018	0.840258	0.853219	0.806439	0.806948	3,622,380	294,090,000
02/27/2018	0.840511	0.872502	0.833267	0.840860	3,040,270	294,179,000
02/26/2018	0.808097	0.846083	0.790812	0.839854	2,876,830	282,834,000
02/25/2018	0.815955	0.830831	0.783805	0.807226	2,688,350	285,584,000
02/24/2018	0.839918	0.867870	0.794960	0.815397	2,633,470	293,971,000
02/23/2018	0.809934	0.868612	0.799291	0.840020	4,175,430	283,477,000
02/22/2018	0.864026	0.894768	0.810242	0.810242	4,163,580	302,409,000
02/21/2018	0.958053	0.962117	0.836774	0.863759	5,188,840	335,319,000
02/20/2018	1.02	1.05	0.961375	0.962888	5,950,770	356,271,000
02/19/2018	0.972089	1.04	0.972089	1.02	5,598,330	340,231,000
02/18/2018	1.07	1.07	0.956529	0.973036	5,162,380	373,063,000
02/17/2018	0.967879	1.06	0.964928	1.06	5,323,920	338,758,000
02/16/2018	0.950052	0.972492	0.933646	0.968927	4,039,720	332,518,000
02/15/2018	0.943533	0.966307	0.919916	0.950844	5,403,890	330,236,000
02/14/2018	0.851883	0.946890	0.851883	0.943823	5,146,450	298,159,000
02/13/2018	0.897051	0.899058	0.836445	0.852987	3,634,480	313,968,000
02/12/2018	0.842562	0.905486	0.842326	0.896142	4,594,740	294,897,000
02/11/2018	0.867828	0.874084	0.790082	0.839732	3,854,840	303,740,000
02/10/2018	0.955608	0.986256	0.831186	0.870888	5,798,290	334,463,000
02/09/2018	0.835382	0.958397	0.809171	0.955921	3,464,780	292,384,000
02/08/2018	0.779900	0.875638	0.779682	0.832798	4,804,810	272,965,000
02/07/2018	0.793675	0.900891	0.730201	0.785510	8,706,400	277,786,000
02/06/2018	0.668145	0.805744	0.540195	0.803973	12,357,500	233,851,000
02/05/2018	0.852295	0.861047	0.630162	0.664232	9,370,440	298,303,000
02/04/2018	1.05	1.05	0.823394	0.856472	8,638,730	368,083,000
02/03/2018	0.935619	1.07	0.881449	1.04	9,776,650	327,467,000
02/02/2018	1.01	1.01	0.746280	0.931709	15,983,000	352,551,000
02/01/2018	1.20	1.22	0.959042	1.01	16,254,600	421,547,000
01/31/2018	1.23	1.23	1.15	1.20	16,543,700	431,844,000
01/30/2018	1.45	1.49	1.18	1.23	23,668,200	508,123,000
01/29/2018	1.61	1.61	1.44	1.46	15,089,500	562,217,000
01/28/2018	1.51	1.61	1.50	1.60	17,907,900	527,464,000
01/27/2018	1.40	1.55	1.38	1.50	13,827,500	488,950,000
01/26/2018	1.44	1.49	1.25	1.39	21,466,900	504,487,000
01/25/2018	1.51	1.53	1.42	1.44	15,879,300	527,758,000
01/24/2018	1.39	1.52	1.31	1.50	19,406,500	487,221,000
01/23/2018	1.48	1.50	1.25	1.39	25,107,600	517,684,000
01/22/2018	1.66	1.69	1.34	1.48	20,758,000	581,633,000
01/21/2018	1.86	1.86	1.58	1.65	14,085,400	649,902,000
01/20/2018	1.65	1.89	1.65	1.85	8,795,390	578,640,000
01/19/2018	1.69	1.76	1.60	1.64	18,786,900	590,061,000
01/18/2018	1.73	1.87	1.63	1.71	24,578,100	605,634,000
01/17/2018	1.65	1.79	1.18	1.73	32,290,000	578,523,000
01/16/2018	2.26	2.26	1.40	1.66	44,388,000	789,428,000
01/15/2018	2.42	2.46	2.22	2.26	35,886,500	845,746,000
01/14/2018	2.46	2.49	2.08	2.44	46,173,400	859,974,000
01/13/2018	1.89	2.45	1.89	2.45	52,097,300	661,886,000
01/12/2018	1.80	1.93	1.77	1.87	32,804,300	629,483,000
01/11/2018	1.87	1.91	1.58	1.79	34,817,000	652,871,000
01/10/2018	1.84	1.96	1.63	1.85	42,796,900	643,361,000
01/09/2018	1.80	1.89	1.69	1.85	34,922,500	630,791,000
01/08/2018	2.10	2.10	1.58	1.81	49,635,100	733,364,000
01/07/2018	2.09	2.20	1.88	2.10	69,163,100	731,096,000
01/06/2018	1.60	2.22	1.57	2.06	63,903,000	561,499,000
01/05/2018	1.14	1.83	1.13	1.60	107,352,000	399,021,000
01/04/2018	1.07	1.14	1.00	1.14	28,168,300	375,338,000
01/03/2018	0.985175	1.12	0.942339	1.06	24,439,100	344,811,000
01/02/2018	0.890063	1.04	0.866686	0.995800	24,755,600	311,522,000
01/01/2018	0.872742	0.898892	0.850478	0.889768	14,620,300	305,460,000
12/31/2017	0.835605	0.877545	0.807898	0.865427	8,381,010	292,462,000
12/30/2017	0.889306	0.889306	0.783590	0.843835	10,973,500	311,257,000
12/29/2017	0.883780	0.902789	0.854435	0.888025	7,115,610	309,323,000
12/28/2017	0.966213	0.982556	0.845523	0.879319	7,997,100	338,174,000
12/27/2017	0.870666	1.00	0.866495	0.966331	10,953,900	304,733,000
12/26/2017	0.879772	0.919249	0.858310	0.867313	6,857,160	307,920,000
12/25/2017	0.869468	0.905455	0.849117	0.880118	14,419,500	304,314,000
12/24/2017	0.889168	0.889168	0.744276	0.862237	32,082,500	311,209,000
12/23/2017	0.807703	0.959505	0.807703	0.888159	20,796,800	282,696,000
12/22/2017	0.957511	0.960634	0.634792	0.810033	60,815,500	335,129,000
12/21/2017	0.955009	1.09	0.909827	0.958265	16,916,700	334,253,000
12/20/2017	0.972433	1.01	0.871966	0.950229	13,937,000	340,351,000
12/19/2017	1.08	1.11	0.923863	0.967663	19,641,000	377,272,000
12/18/2017	0.983205	1.12	0.884439	1.08	20,144,900	344,122,000
12/17/2017	1.20	1.24	0.966018	0.982094	21,186,400	418,390,000
12/16/2017	0.708296	1.21	0.704662	1.19	43,238,500	247,903,000
12/15/2017	0.742477	0.790444	0.668639	0.706517	10,861,900	259,867,000
12/14/2017	0.698387	0.762090	0.690710	0.748053	10,341,200	244,435,000
12/13/2017	0.637412	0.806713	0.586760	0.698579	16,769,400	223,094,000
12/12/2017	0.616150	0.645194	0.564863	0.641449	12,663,300	215,653,000
12/11/2017	0.693588	0.719371	0.582934	0.617482	18,366,400	242,756,000
12/10/2017	0.759597	0.759597	0.645100	0.690941	4,462,490	265,859,000
12/09/2017	0.782465	0.782465	0.708041	0.758042	10,760,400	273,863,000
12/08/2017	0.776695	0.814001	0.696021	0.781980	12,751,700	271,843,000
12/07/2017	0.909802	0.913912	0.725015	0.777056	12,158,600	318,431,000
12/06/2017	0.977510	0.984471	0.890548	0.916724	14,377,300	342,129,000
12/05/2017	0.991411	1.00	0.925489	0.979884	13,881,100	346,994,000
12/04/2017	0.913694	1.01	0.741734	0.991665	23,245,800	119,993,000
12/03/2017	1.07	1.08	0.893744	0.916937	11,576,700	-
12/02/2017	1.17	1.18	1.00	1.07	10,667,500	-
12/01/2017	1.27	1.27	0.867892	1.16	25,568,500	-
11/30/2017	1.23	1.38	0.996886	1.29	21,565,300	-
11/29/2017	1.37	1.48	1.16	1.17	16,962,700	-
11/28/2017	1.17	1.38	1.07	1.37	42,607,800	-
11/27/2017	0.743308	1.16	0.738365	1.16	22,245,000	-
11/26/2017	0.719136	0.751201	0.675201	0.751201	3,198,190	-
11/25/2017	0.630772	0.725842	0.630772	0.721115	5,078,390	-
11/24/2017	0.497269	0.669064	0.484358	0.668625	2,903,120	-
11/23/2017	0.462955	0.829454	0.429741	0.497920	3,392,260	-
11/22/2017	0.504107	0.535554	0.417022	0.462559	2,592,760	-
11/21/2017	0.482456	0.531807	0.453917	0.503455	9,608,310	-
