Date	Open	High	Low	Close	Volume	Market Cap
07/15/2018	0.735971	0.747417	0.728114	0.741424	1,240,940	36,922,900
07/14/2018	0.734385	0.752777	0.724428	0.734653	1,520,090	36,843,300
07/13/2018	0.735226	0.750121	0.727872	0.734051	1,788,960	36,885,500
07/12/2018	0.759657	0.759657	0.715297	0.727521	1,463,680	38,111,200
07/11/2018	0.736837	0.767467	0.727764	0.759247	1,048,750	36,966,300
07/10/2018	0.826641	0.832422	0.731943	0.736062	1,186,150	41,471,700
07/09/2018	0.838739	0.876614	0.823846	0.825825	615,724	42,078,600
07/08/2018	0.815204	0.856950	0.812856	0.839841	488,797	40,897,900
07/07/2018	0.798197	0.833860	0.784361	0.814598	1,592,930	40,044,700
07/06/2018	0.801539	0.846996	0.773642	0.798895	754,572	40,212,400
07/05/2018	0.841675	0.859384	0.792351	0.802013	1,411,260	42,225,900
07/04/2018	0.866933	0.904731	0.802495	0.838806	916,225	43,493,100
07/03/2018	0.922243	0.952596	0.862316	0.866329	1,786,870	46,267,900
07/02/2018	0.825353	0.996046	0.821299	0.925212	2,083,510	41,407,100
07/01/2018	0.814107	0.831046	0.801401	0.821565	257,166	40,842,900
06/30/2018	0.716634	0.816863	0.716634	0.814281	856,385	35,952,800
06/29/2018	0.686381	0.734323	0.651429	0.720043	709,388	34,435,000
06/28/2018	0.741559	0.747441	0.687692	0.691569	832,476	37,203,200
06/27/2018	0.730130	0.747043	0.714711	0.735195	543,228	36,629,800
06/26/2018	0.785185	0.786922	0.732186	0.733277	789,282	39,391,900
06/25/2018	0.783802	0.812684	0.761496	0.785731	1,148,100	39,322,500
06/24/2018	0.790807	0.816615	0.734758	0.787395	1,054,950	39,674,000
06/23/2018	0.764610	0.798239	0.754033	0.784504	1,186,690	38,359,700
06/22/2018	0.879687	0.879777	0.757918	0.765282	844,200	44,133,000
06/21/2018	0.873921	0.899734	0.873921	0.881450	756,713	43,843,700
06/20/2018	0.897669	0.902631	0.841115	0.874771	800,041	45,035,100
06/19/2018	0.875997	0.955525	0.875997	0.896116	1,565,970	43,947,800
06/18/2018	0.833534	0.885185	0.815823	0.877539	820,916	41,817,500
06/17/2018	0.907174	0.912397	0.834342	0.834828	1,215,980	45,512,000
06/16/2018	0.883851	0.923325	0.873209	0.906518	1,032,780	44,341,900
06/15/2018	1.01	1.07	0.879333	0.886485	2,085,690	50,551,700
06/14/2018	0.805563	1.09	0.776854	1.01	3,132,070	40,414,300
06/13/2018	0.843587	0.850673	0.758733	0.805999	953,963	42,321,800
06/12/2018	0.960589	0.968402	0.823413	0.841083	1,047,520	48,191,700
06/11/2018	0.959345	0.980401	0.920687	0.958130	897,497	48,129,300
06/10/2018	1.16	1.16	0.935726	0.959117	1,297,050	58,244,000
06/09/2018	1.22	1.22	1.15	1.16	994,327	61,195,700
06/08/2018	1.24	1.26	1.19	1.22	693,587	62,428,800
06/07/2018	1.23	1.27	1.23	1.24	656,422	61,752,200
06/06/2018	1.30	1.32	1.20	1.23	1,748,950	65,463,000
06/05/2018	1.32	1.33	1.25	1.31	1,508,270	66,315,700
06/04/2018	1.42	1.43	1.30	1.32	890,596	71,040,300
06/03/2018	1.44	1.49	1.40	1.42	996,209	72,365,900
06/02/2018	1.41	1.48	1.39	1.44	1,165,370	70,544,500
06/01/2018	1.32	1.41	1.31	1.41	1,330,550	66,103,000
05/31/2018	1.29	1.40	1.27	1.32	2,068,750	64,948,600
05/30/2018	1.35	1.35	1.28	1.29	1,089,760	67,687,000
05/29/2018	1.23	1.35	1.23	1.35	1,055,840	61,600,500
05/28/2018	1.35	1.35	1.23	1.23	1,668,900	67,554,800
05/27/2018	1.33	1.40	1.31	1.35	1,132,540	66,770,000
05/26/2018	1.38	1.39	1.32	1.33	886,185	69,142,500
05/25/2018	1.39	1.43	1.35	1.38	1,138,970	69,906,600
05/24/2018	1.32	1.40	1.28	1.39	1,040,880	66,339,800
05/23/2018	1.50	1.51	1.30	1.33	1,197,580	75,486,200
05/22/2018	1.70	1.70	1.51	1.51	1,389,110	85,114,600
05/21/2018	1.76	1.76	1.69	1.70	1,381,570	88,300,600
05/20/2018	1.72	1.81	1.69	1.76	1,723,120	86,288,400
05/19/2018	1.66	1.74	1.65	1.72	1,685,460	83,423,800
05/18/2018	1.59	1.68	1.56	1.66	1,782,020	79,953,100
05/17/2018	1.64	1.72	1.59	1.59	1,810,160	82,165,600
05/16/2018	1.69	1.70	1.58	1.64	1,462,680	84,861,700
05/15/2018	1.70	1.75	1.68	1.69	1,745,190	85,347,300
05/14/2018	1.72	1.74	1.60	1.70	1,718,210	86,257,200
05/13/2018	1.66	1.76	1.61	1.72	2,011,470	83,447,900
05/12/2018	1.70	1.72	1.50	1.66	2,374,720	85,071,000
05/11/2018	1.95	1.95	1.69	1.70	2,443,780	97,628,800
05/10/2018	1.91	2.15	1.89	1.95	3,990,770	95,588,000
05/09/2018	1.97	1.97	1.80	1.90	2,415,680	98,931,600
05/08/2018	2.05	2.08	1.91	1.98	1,845,940	102,613,000
05/07/2018	2.06	2.07	1.92	2.04	2,396,440	103,573,000
05/06/2018	2.25	2.32	2.05	2.06	2,923,750	112,780,000
05/05/2018	2.32	2.35	2.24	2.24	3,725,050	116,159,000
05/04/2018	2.52	2.52	2.29	2.32	4,247,060	126,411,000
05/03/2018	2.25	2.52	2.25	2.51	7,232,110	113,093,000
05/02/2018	2.21	2.27	2.19	2.26	6,711,150	110,921,000
05/01/2018	2.26	2.26	2.07	2.21	5,037,920	113,133,000
04/30/2018	2.30	2.35	2.18	2.25	7,800,330	115,629,000
04/29/2018	2.31	2.38	2.24	2.31	8,302,290	115,690,000
04/28/2018	2.07	2.35	2.07	2.31	6,646,120	103,924,000
04/27/2018	2.16	2.20	2.06	2.08	4,934,050	108,171,000
04/26/2018	1.93	2.15	1.88	2.15	8,659,280	96,843,500
04/25/2018	2.35	2.35	1.86	1.91	8,758,740	117,702,000
04/24/2018	2.06	2.37	2.04	2.37	9,295,720	103,342,000
04/23/2018	2.06	2.14	2.02	2.06	8,343,170	103,449,000
04/22/2018	1.90	2.26	1.90	2.07	14,591,200	95,529,500
04/21/2018	2.07	2.08	1.82	1.91	7,439,390	103,954,000
04/20/2018	1.92	2.11	1.88	2.07	8,077,310	96,512,300
04/19/2018	1.78	1.96	1.77	1.92	8,965,150	89,167,900
04/18/2018	1.64	1.78	1.62	1.77	7,052,680	82,157,200
04/17/2018	1.66	1.72	1.63	1.64	6,594,060	83,471,500
04/16/2018	1.71	1.72	1.60	1.66	7,375,110	85,824,300
04/15/2018	1.56	1.71	1.56	1.71	6,965,430	78,136,200
04/14/2018	1.58	1.66	1.51	1.56	5,922,680	79,079,400
04/13/2018	1.51	1.68	1.49	1.58	7,358,650	75,517,400
04/12/2018	1.31	1.51	1.27	1.50	7,635,290	65,648,900
04/11/2018	1.28	1.33	1.28	1.32	6,489,580	64,074,000
04/10/2018	1.21	1.33	1.19	1.28	6,037,920	60,861,000
04/09/2018	1.27	1.31	1.20	1.21	5,664,860	63,749,300
04/08/2018	1.24	1.29	1.24	1.27	5,916,150	62,117,200
04/07/2018	1.16	1.33	1.16	1.24	7,035,650	58,401,500
04/06/2018	1.23	1.24	1.15	1.16	5,713,120	61,509,800
04/05/2018	1.21	1.34	1.17	1.23	6,328,660	60,548,500
04/04/2018	1.33	1.35	1.18	1.21	5,205,290	66,848,700
04/03/2018	1.26	1.35	1.24	1.33	5,882,090	63,332,200
04/02/2018	1.21	1.30	1.21	1.26	5,850,500	60,863,400
04/01/2018	1.37	1.42	1.19	1.21	6,263,560	68,955,800
03/31/2018	1.47	1.60	1.36	1.37	6,923,610	73,529,400
03/30/2018	1.38	1.49	1.32	1.46	6,538,460	69,102,100
03/29/2018	1.71	2.13	1.38	1.38	13,456,800	85,571,100
03/28/2018	1.50	1.83	1.43	1.70	8,132,610	75,163,200
03/27/2018	1.59	1.60	1.47	1.50	4,825,730	79,560,200
03/26/2018	1.64	1.74	1.45	1.58	6,807,430	82,487,800
03/25/2018	1.70	1.76	1.64	1.65	6,749,380	85,238,400
03/24/2018	1.67	1.89	1.63	1.72	8,227,530	83,608,300
03/23/2018	1.61	1.65	1.46	1.65	6,737,000	80,540,500
03/22/2018	1.64	1.74	1.54	1.60	6,572,660	82,190,500
03/21/2018	1.58	1.73	1.57	1.64	6,946,920	79,367,300
03/20/2018	1.53	1.60	1.45	1.58	8,901,680	76,850,000
03/19/2018	1.43	1.58	1.40	1.51	9,071,000	71,969,400
03/18/2018	1.56	1.56	1.18	1.44	8,164,660	78,130,500
03/17/2018	1.75	1.78	1.55	1.56	6,822,270	87,951,400
03/16/2018	1.70	1.89	1.63	1.75	8,716,940	85,209,700
03/15/2018	1.70	1.79	1.60	1.70	8,407,510	85,087,100
03/14/2018	1.87	1.91	1.64	1.69	9,168,070	94,006,300
03/13/2018	1.94	2.01	1.87	1.87	8,135,580	97,219,800
03/12/2018	2.16	2.21	1.88	1.94	13,099,000	108,130,000
03/11/2018	1.96	2.17	1.86	2.16	3,078,670	98,454,400
03/10/2018	1.98	2.15	1.90	1.97	3,382,740	99,534,300
03/09/2018	1.91	1.99	1.74	1.98	2,290,390	95,676,000
03/08/2018	2.16	2.23	1.87	1.92	2,528,400	108,368,000
03/07/2018	2.47	2.52	2.07	2.17	3,996,130	123,692,000
03/06/2018	2.67	2.68	2.44	2.46	4,844,220	133,852,000
03/05/2018	2.73	2.81	2.67	2.68	3,700,610	137,189,000
03/04/2018	2.74	2.77	2.59	2.73	6,250,780	137,660,000
03/03/2018	2.85	2.91	2.70	2.75	4,219,520	142,840,000
03/02/2018	2.70	2.87	2.66	2.85	4,877,660	135,313,000
03/01/2018	2.67	2.85	2.64	2.70	5,147,330	133,758,000
02/28/2018	3.10	3.15	2.62	2.65	7,590,020	155,499,000
02/27/2018	3.06	3.19	2.93	3.10	4,096,370	153,666,000
02/26/2018	3.09	3.14	2.92	3.05	4,351,610	154,858,000
02/25/2018	3.15	3.31	3.09	3.09	3,045,500	158,136,000
02/24/2018	3.32	3.41	3.07	3.16	3,122,730	166,321,000
02/23/2018	3.21	3.59	3.03	3.31	4,159,440	160,972,000
02/22/2018	3.14	3.35	2.94	3.22	4,205,740	157,764,000
02/21/2018	3.61	3.77	3.14	3.15	7,021,380	181,356,000
02/20/2018	3.74	4.47	3.54	3.64	17,211,400	187,650,000
02/19/2018	3.30	3.76	3.27	3.74	7,358,230	165,722,000
02/18/2018	3.41	3.44	3.11	3.33	4,987,070	170,768,000
02/17/2018	3.11	3.42	3.09	3.40	3,443,030	156,057,000
02/16/2018	3.02	3.14	2.98	3.11	4,022,350	151,516,000
02/15/2018	2.85	3.50	2.79	3.02	3,462,470	142,920,000
02/14/2018	2.64	2.88	2.62	2.86	3,314,710	132,247,000
02/13/2018	2.78	2.80	2.61	2.65	2,425,640	139,259,000
02/12/2018	2.54	2.83	2.54	2.78	2,818,200	127,332,000
02/11/2018	2.71	2.71	2.33	2.52	2,959,620	136,087,000
02/10/2018	2.98	3.12	2.61	2.72	4,029,240	149,499,000
02/09/2018	2.80	3.11	2.60	2.99	3,692,920	140,282,000
02/08/2018	2.57	2.89	2.57	2.79	4,423,440	128,892,000
02/07/2018	2.68	2.99	2.46	2.57	5,848,140	134,615,000
02/06/2018	2.32	2.80	1.88	2.69	5,459,720	116,586,000
02/05/2018	2.84	2.91	2.11	2.32	5,514,460	142,656,000
02/04/2018	3.39	3.47	2.71	2.87	6,941,920	170,015,000
02/03/2018	3.14	3.60	2.86	3.40	8,134,220	157,347,000
02/02/2018	3.58	3.58	2.62	3.14	6,702,780	179,562,000
02/01/2018	4.06	4.10	3.22	3.59	11,682,700	203,525,000
01/31/2018	3.92	4.17	3.78	4.04	15,361,400	196,422,000
01/30/2018	4.64	4.64	3.89	3.96	12,081,800	232,522,000
01/29/2018	4.93	4.93	4.54	4.63	13,884,000	247,440,000
01/28/2018	4.50	5.48	4.37	4.95	22,717,700	225,673,000
01/27/2018	4.32	4.71	4.23	4.51	15,033,500	216,621,000
01/26/2018	4.27	4.55	4.02	4.32	13,433,300	214,029,000
01/25/2018	4.43	4.56	4.18	4.26	16,628,200	222,248,000
01/24/2018	4.51	4.52	4.04	4.41	18,215,300	226,406,000
01/23/2018	4.05	4.46	3.63	4.40	15,671,100	203,261,000
01/22/2018	4.47	4.71	3.69	4.04	17,414,600	224,247,000
01/21/2018	5.05	5.17	4.39	4.48	10,727,100	253,322,000
01/20/2018	4.82	5.35	4.79	5.04	14,023,900	241,925,000
01/19/2018	4.72	5.03	4.49	4.75	13,576,000	236,514,000
01/18/2018	4.27	5.35	4.03	4.77	16,352,900	214,331,000
01/17/2018	4.28	4.49	3.21	4.19	16,882,600	214,721,000
01/16/2018	5.70	5.72	3.56	4.29	16,324,800	286,045,000
01/15/2018	6.16	6.68	5.60	5.69	16,798,900	308,814,000
01/14/2018	6.34	6.71	5.47	6.18	18,083,200	318,063,000
01/13/2018	6.74	7.05	6.20	6.42	19,581,400	338,191,000
01/12/2018	6.66	6.89	6.39	6.78	18,335,700	333,981,000
01/11/2018	7.76	7.94	6.31	6.58	38,122,600	389,221,000
01/10/2018	8.10	8.50	7.51	7.75	37,060,100	406,367,000
01/09/2018	7.40	8.84	6.82	7.97	62,951,600	371,109,000
01/08/2018	7.58	7.88	5.83	7.42	36,955,200	380,131,000
01/07/2018	6.68	7.61	6.18	7.54	47,176,400	334,996,000
01/06/2018	6.09	6.95	5.94	6.65	41,039,600	305,232,000
01/05/2018	6.47	6.62	5.49	6.07	47,997,500	324,409,000
01/04/2018	5.52	6.74	5.44	6.53	26,520,200	276,790,000
01/03/2018	5.41	5.58	4.90	5.53	22,636,800	271,186,000
01/02/2018	4.94	5.67	4.76	5.43	28,490,300	247,605,000
01/01/2018	4.30	4.91	4.16	4.91	16,697,500	215,502,000
12/31/2017	4.12	4.58	3.91	4.28	13,348,300	206,541,000
12/30/2017	4.35	4.53	3.63	4.14	13,007,900	218,350,000
12/29/2017	3.88	4.43	3.78	4.35	10,376,800	194,473,000
12/28/2017	3.95	3.98	3.43	3.85	9,278,120	197,875,000
12/27/2017	3.94	4.25	3.76	3.97	8,066,360	197,728,000
12/26/2017	3.90	4.29	3.74	3.92	8,098,340	195,398,000
12/25/2017	3.29	4.29	3.19	3.90	10,632,300	165,010,000
12/24/2017	3.51	3.51	2.98	3.26	7,503,070	175,987,000
12/23/2017	3.28	3.87	3.26	3.48	8,805,680	164,656,000
12/22/2017	3.88	3.91	2.54	3.26	7,735,300	194,436,000
12/21/2017	4.05	4.49	3.70	3.87	12,131,800	203,060,000
12/20/2017	4.56	4.56	3.88	4.01	9,964,100	228,837,000
12/19/2017	4.75	5.08	4.07	4.56	16,909,300	238,219,000
12/18/2017	4.40	4.76	4.12	4.76	17,158,500	220,616,000
12/17/2017	4.07	4.70	4.07	4.41	16,517,000	204,101,000
12/16/2017	3.27	4.09	3.27	4.04	18,030,100	164,205,000
12/15/2017	3.27	3.47	3.05	3.28	11,647,900	163,766,000
12/14/2017	3.37	3.56	3.03	3.27	12,881,200	168,795,000
12/13/2017	2.91	3.64	2.83	3.38	15,968,400	146,037,000
12/12/2017	3.00	3.02	2.71	2.89	12,279,300	150,256,000
12/11/2017	2.82	3.07	2.76	2.99	8,524,080	141,503,000
12/10/2017	3.28	3.28	2.74	2.86	7,871,370	164,352,000
12/09/2017	3.01	3.75	2.94	3.26	11,118,400	150,926,000
12/08/2017	2.43	3.18	2.38	2.99	11,110,800	121,793,000
12/07/2017	2.69	2.98	2.33	2.47	11,082,200	134,680,000
12/06/2017	3.20	3.28	2.62	2.69	12,988,300	160,659,000
12/05/2017	3.20	3.71	3.10	3.20	14,445,700	160,417,000
12/04/2017	3.60	3.62	3.06	3.24	12,576,200	180,533,000
12/03/2017	3.52	3.87	3.33	3.58	13,470,600	176,677,000
12/02/2017	3.93	4.21	3.33	3.50	12,359,000	196,955,000
12/01/2017	4.39	4.39	3.75	3.95	14,526,200	219,265,000
11/30/2017	3.43	4.60	3.36	4.47	15,508,000	171,339,000
11/29/2017	4.29	4.34	3.29	3.42	15,466,100	214,647,000
11/28/2017	4.84	4.91	4.25	4.29	18,912,400	241,993,000
11/27/2017	5.46	5.71	4.79	4.85	19,848,700	273,041,000
11/26/2017	4.47	5.51	4.29	5.50	15,694,500	223,688,000
11/25/2017	4.41	4.54	4.19	4.45	12,058,700	220,743,000
11/24/2017	3.98	4.43	3.60	4.39	12,369,400	199,040,000
11/23/2017	3.92	4.34	3.71	4.08	15,652,000	196,150,000
11/22/2017	2.63	4.13	2.61	3.93	15,805,900	131,328,000
11/21/2017	2.73	2.81	2.48	2.57	3,389,140	136,651,000
11/20/2017	2.17	2.83	2.16	2.74	4,783,570	108,699,000
11/19/2017	2.04	2.24	2.00	2.17	1,465,610	101,835,000
11/18/2017	2.01	2.11	1.87	2.04	1,641,840	100,487,000
11/17/2017	2.14	2.26	1.80	2.01	3,178,580	107,088,000
11/16/2017	2.32	2.37	2.02	2.14	3,437,340	115,875,000
11/15/2017	2.28	2.44	2.14	2.30	5,599,250	114,198,000
11/14/2017	1.70	2.34	1.64	2.29	5,639,840	84,941,900
11/13/2017	1.51	1.70	1.48	1.70	1,765,640	75,254,800
11/12/2017	1.48	1.62	1.26	1.49	2,327,860	74,021,700
11/11/2017	1.45	1.71	1.33	1.48	3,956,410	72,459,400
11/10/2017	1.76	1.84	1.32	1.49	5,599,250	88,226,400
11/09/2017	1.12	1.90	0.976905	1.76	8,964,570	-
11/08/2017	0.920038	1.13	0.890788	1.12	739,382	-
