Date	Open	High	Low	Close	Volume	Market Cap
07/15/2018	0.051194	0.059014	0.049641	0.055831	6,950,180	-
07/14/2018	0.048009	0.052496	0.042192	0.051471	5,697,930	-
07/13/2018	0.039112	0.050954	0.039112	0.047929	6,821,690	-
07/12/2018	0.032953	0.043273	0.031840	0.042273	5,605,200	-
07/11/2018	0.036059	0.036604	0.030821	0.032954	3,126,670	-
07/10/2018	0.048461	0.050867	0.035544	0.038066	4,903,890	-
07/09/2018	0.054544	0.057050	0.045698	0.048327	7,986,080	-
07/08/2018	0.057141	0.059837	0.054257	0.054257	7,535,630	-
07/07/2018	0.059120	0.062802	0.051824	0.057284	7,184,030	-
07/06/2018	0.057604	0.066704	0.051814	0.061626	13,367,000	-
07/05/2018	0.049589	0.066895	0.048291	0.057611	13,471,300	-
07/04/2018	0.045044	0.060689	0.042598	0.050073	8,860,410	-
07/03/2018	0.041786	0.054861	0.039568	0.044915	6,573,670	-
07/02/2018	0.033513	0.046713	0.033204	0.041851	4,994,420	-
07/01/2018	0.030314	0.034875	0.027253	0.033505	3,289,750	-
06/30/2018	0.024173	0.032691	0.023061	0.030300	3,798,860	-
06/29/2018	0.022365	0.027737	0.019927	0.024155	1,835,670	-
06/28/2018	0.022578	0.024194	0.021548	0.022361	1,346,060	-
06/27/2018	0.021421	0.023984	0.020957	0.022918	1,519,110	-
06/26/2018	0.023079	0.023261	0.021409	0.021449	1,378,380	-
06/25/2018	0.022681	0.023490	0.022123	0.023079	1,365,330	-
06/24/2018	0.025452	0.025497	0.021181	0.022731	1,504,080	-
06/23/2018	0.026699	0.027153	0.022936	0.025458	1,922,740	-
06/22/2018	0.028874	0.029862	0.025138	0.026690	1,787,960	-
06/21/2018	0.028944	0.030431	0.027952	0.028883	2,062,750	-
06/20/2018	0.026558	0.029639	0.025917	0.028949	2,105,510	-
06/19/2018	0.027967	0.028939	0.026140	0.026546	1,890,860	-
06/18/2018	0.026803	0.028618	0.024901	0.027979	1,854,290	-
06/17/2018	0.026491	0.027807	0.025813	0.026530	1,818,820	-
06/16/2018	0.026868	0.027871	0.025698	0.026469	1,590,040	-
06/15/2018	0.027336	0.028284	0.025143	0.026932	1,457,310	-
06/14/2018	0.026204	0.028163	0.025821	0.027237	1,665,090	-
06/13/2018	0.027250	0.029696	0.024817	0.026164	1,486,170	-
06/12/2018	0.031146	0.031843	0.026494	0.026733	1,867,590	-
06/11/2018	0.029582	0.032485	0.029035	0.031419	2,145,020	-
06/10/2018	0.035751	0.036200	0.028885	0.029330	1,761,080	-
06/09/2018	0.035937	0.039769	0.035328	0.035716	2,436,030	-
06/08/2018	0.037630	0.037839	0.035223	0.035937	2,340,630	-
06/07/2018	0.040166	0.040461	0.036900	0.037600	2,109,230	-
06/06/2018	0.039433	0.040921	0.039004	0.040159	2,391,310	-
06/05/2018	0.039199	0.040967	0.038871	0.039462	2,198,810	-
06/04/2018	0.041704	0.043036	0.038386	0.039195	2,452,850	-
06/03/2018	0.042100	0.044258	0.040767	0.041717	2,320,400	-
06/02/2018	0.040868	0.043969	0.040651	0.042114	2,759,470	-
06/01/2018	0.037945	0.043329	0.037945	0.041074	2,650,030	-
05/31/2018	0.037963	0.042906	0.037435	0.037632	2,403,740	-
05/30/2018	0.037183	0.040384	0.036701	0.037992	2,018,440	-
05/29/2018	0.031788	0.037909	0.031235	0.037164	2,038,260	-
05/28/2018	0.032447	0.034931	0.030568	0.031825	1,307,470	-
05/27/2018	0.034171	0.034227	0.032387	0.032445	1,346,050	-
05/26/2018	0.032759	0.035108	0.032325	0.034142	1,425,850	-
05/25/2018	0.033683	0.034875	0.032015	0.032771	1,306,270	-
05/24/2018	0.033378	0.036669	0.032546	0.033934	1,375,460	-
05/23/2018	0.037288	0.039039	0.031518	0.033393	2,031,960	-
05/22/2018	0.042322	0.043058	0.034847	0.037181	1,635,050	-
05/21/2018	0.043537	0.044217	0.040811	0.042350	1,972,520	-
05/20/2018	0.041446	0.044101	0.041259	0.043503	1,797,800	-
05/19/2018	0.041379	0.043900	0.040099	0.041329	1,823,170	-
05/18/2018	0.039423	0.041845	0.038481	0.041360	2,153,860	-
05/17/2018	0.038858	0.042477	0.038858	0.039426	1,950,960	-
05/16/2018	0.040618	0.041991	0.036829	0.039211	1,890,110	-
05/15/2018	0.043091	0.044062	0.039202	0.040618	2,033,680	-
05/14/2018	0.043830	0.044472	0.039306	0.043300	1,852,040	-
05/13/2018	0.039702	0.044804	0.038484	0.043852	1,821,420	-
05/12/2018	0.038115	0.042487	0.035353	0.039739	1,603,980	-
05/11/2018	0.047546	0.049500	0.038644	0.040418	2,212,610	-
05/10/2018	0.050868	0.053488	0.047504	0.047545	1,853,010	-
05/09/2018	0.047852	0.053663	0.046190	0.050499	2,873,880	-
05/08/2018	0.048148	0.052575	0.045974	0.047907	2,319,330	-
05/07/2018	0.052365	0.052734	0.046207	0.047678	1,836,730	-
05/06/2018	0.062444	0.064848	0.049302	0.053174	2,191,790	-
05/05/2018	0.053328	0.062926	0.053249	0.062513	3,391,670	-
05/04/2018	0.044292	0.054620	0.043509	0.053268	2,252,630	-
05/03/2018	0.042608	0.047365	0.041488	0.044241	1,586,700	-
05/02/2018	0.041754	0.043421	0.040906	0.042551	1,804,760	-
05/01/2018	0.044502	0.044599	0.040386	0.041841	1,616,100	-
04/30/2018	0.047396	0.048967	0.043882	0.043998	1,913,690	-
04/29/2018	0.046701	0.048374	0.045212	0.048129	2,930,560	-
04/28/2018	0.045526	0.047837	0.044544	0.046703	2,211,930	-
04/27/2018	0.042584	0.049417	0.042531	0.045835	2,567,550	-
04/26/2018	0.038530	0.042671	0.037637	0.042144	1,856,970	-
04/25/2018	0.047771	0.050091	0.037056	0.038081	1,924,770	-
04/24/2018	0.045641	0.049685	0.044603	0.047766	3,568,360	-
04/23/2018	0.046411	0.050131	0.045636	0.045638	2,420,950	-
04/22/2018	0.044373	0.048886	0.043167	0.046501	3,311,470	-
04/21/2018	0.046794	0.049060	0.041597	0.044357	499,759	-
04/20/2018	0.040351	0.049897	0.038983	0.046793	2,941,280	-
04/19/2018	0.037975	0.040397	0.036397	0.040397	2,527,330	-
04/18/2018	0.036689	0.038363	0.035084	0.038240	2,067,890	-
04/17/2018	0.037598	0.038346	0.035248	0.036428	2,240,580	-
04/16/2018	0.039039	0.040012	0.035203	0.037594	2,038,940	-
04/15/2018	0.038638	0.040156	0.036191	0.039004	897,952	-
04/14/2018	0.038233	0.040411	0.035342	0.038698	2,386,540	-
04/13/2018	0.033375	0.041528	0.032099	0.038224	1,519,840	-
04/12/2018	0.030024	0.033109	0.027788	0.032882	1,032,840	-
04/11/2018	0.027358	0.030617	0.027100	0.030122	1,466,860	-
04/10/2018	0.027345	0.027682	0.025712	0.027316	986,208	-
04/09/2018	0.027361	0.029308	0.026016	0.027274	826,503	-
04/08/2018	0.026304	0.027916	0.025462	0.027315	917,823	-
04/07/2018	0.025055	0.028148	0.024886	0.026307	523,842	-
04/06/2018	0.025136	0.026042	0.024134	0.025061	531,283	-
04/05/2018	0.024934	0.027302	0.022412	0.025223	1,002,760	-
04/04/2018	0.028880	0.029099	0.024667	0.024945	484,512	-
04/03/2018	0.027265	0.029531	0.025407	0.028834	688,069	-
04/02/2018	0.026742	0.027447	0.025152	0.027318	529,719	-
04/01/2018	0.028457	0.028896	0.025646	0.026682	726,953	-
03/31/2018	0.028398	0.030674	0.026571	0.028438	883,479	-
03/30/2018	0.028068	0.029102	0.025778	0.028445	355,282	-
03/29/2018	0.032263	0.033199	0.027850	0.028723	641,920	-
03/28/2018	0.032903	0.035167	0.030738	0.032182	863,728	-
03/27/2018	0.034963	0.035433	0.031412	0.032787	1,404,060	-
03/26/2018	0.037029	0.039477	0.034022	0.034986	972,670	-
03/25/2018	0.036796	0.038702	0.035320	0.037065	1,148,240	-
03/24/2018	0.037731	0.042590	0.036097	0.037788	1,832,680	-
03/23/2018	0.036934	0.038481	0.034234	0.037486	1,661,940	-
03/22/2018	0.043356	0.044587	0.034685	0.036964	1,235,320	-
03/21/2018	0.034818	0.044324	0.034707	0.042708	1,157,540	-
03/20/2018	0.037170	0.038938	0.033171	0.034689	1,234,850	-
03/19/2018	0.033446	0.037648	0.031305	0.036866	1,094,800	-
03/18/2018	0.038498	0.039622	0.030239	0.033539	975,345	-
03/17/2018	0.044848	0.044848	0.035116	0.038547	1,387,250	-
03/16/2018	0.042482	0.048584	0.040431	0.044819	1,332,990	-
03/15/2018	0.038025	0.047199	0.036754	0.041333	2,123,690	-
03/14/2018	0.047575	0.049676	0.038025	0.038048	474,332	-
03/13/2018	0.048125	0.051491	0.045310	0.047605	315,927	-
03/12/2018	0.050577	0.051153	0.045622	0.048226	387,430	-
03/11/2018	0.049107	0.051050	0.044579	0.050998	248,328	-
03/10/2018	0.049116	0.052491	0.047097	0.049250	308,711	-
03/09/2018	0.053650	0.054241	0.042112	0.049098	724,736	-
03/08/2018	0.053581	0.059918	0.048519	0.053954	902,632	-
03/07/2018	0.067005	0.068963	0.052153	0.053764	902,213	-
03/06/2018	0.070401	0.073771	0.065483	0.066987	908,391	-
03/05/2018	0.071878	0.074533	0.068638	0.070411	741,145	-
03/04/2018	0.065774	0.073060	0.065334	0.071593	640,281	-
03/03/2018	0.072574	0.075776	0.064845	0.066129	1,067,210	-
03/02/2018	0.076621	0.077313	0.072555	0.072766	1,483,480	-
03/01/2018	0.073354	0.078535	0.072238	0.077396	2,192,740	-
02/28/2018	0.072880	0.076706	0.072184	0.073514	2,227,800	-
02/27/2018	0.071203	0.076149	0.070355	0.072795	1,629,370	-
02/26/2018	0.067603	0.074217	0.064130	0.070770	1,410,050	-
02/25/2018	0.072638	0.073176	0.066940	0.068978	357,037	-
02/24/2018	0.077413	0.082826	0.069343	0.072577	459,845	-
02/23/2018	0.077565	0.078329	0.073093	0.077762	540,835	-
02/22/2018	0.078562	0.082137	0.072318	0.077951	543,659	-
02/21/2018	0.084006	0.086108	0.076902	0.078695	1,582,110	-
02/20/2018	0.095822	0.098913	0.083619	0.084643	841,440	-
02/19/2018	0.093583	0.099265	0.093221	0.096602	453,539	-
02/18/2018	0.098885	0.099864	0.088674	0.093821	720,505	-
02/17/2018	0.100501	0.103655	0.097385	0.100202	1,726,760	-
02/16/2018	0.103817	0.111032	0.094162	0.100475	4,416,360	-
02/15/2018	0.083861	0.128564	0.080569	0.103889	11,368,500	-
02/14/2018	0.077189	0.088755	0.075167	0.083831	1,036,970	-
02/13/2018	0.083277	0.089318	0.066120	0.077314	1,822,090	-
02/12/2018	0.080234	0.088793	0.077580	0.083270	649,946	-
02/11/2018	0.083033	0.088270	0.075813	0.079826	1,640,120	-
02/10/2018	0.089472	0.093210	0.080221	0.082958	984,017	-
02/09/2018	0.084737	0.092597	0.075509	0.090197	1,179,890	-
02/08/2018	0.083585	0.097290	0.082417	0.084860	812,067	-
02/07/2018	0.088225	0.097690	0.082963	0.084126	1,304,790	-
02/06/2018	0.072912	0.089774	0.056438	0.088069	2,685,850	-
02/05/2018	0.083345	0.097790	0.067025	0.073470	601,925	-
02/04/2018	0.103945	0.104534	0.079702	0.084141	1,503,880	-
02/03/2018	0.099490	0.109901	0.091911	0.105472	1,980,020	-
02/02/2018	0.104757	0.104757	0.088922	0.099316	2,014,030	-
02/01/2018	0.119296	0.126537	0.099012	0.106539	4,256,720	-
01/31/2018	0.129444	0.130593	0.117644	0.118666	2,309,910	-
01/30/2018	0.143004	0.149745	0.126121	0.129340	6,097,950	-
01/29/2018	0.148667	0.155734	0.131675	0.142961	10,195,200	-
01/28/2018	0.134098	0.150239	0.132652	0.148646	12,133,700	-
01/27/2018	0.131859	0.137841	0.125202	0.134015	3,165,800	-
01/26/2018	0.137001	0.144543	0.120847	0.133827	4,140,150	-
01/25/2018	0.120733	0.143119	0.120733	0.137076	4,410,280	-
01/24/2018	0.108445	0.135169	0.102820	0.119450	4,886,120	-
01/23/2018	0.107639	0.119049	0.102217	0.108440	3,237,630	-
01/22/2018	0.107514	0.122343	0.099708	0.107773	2,613,070	-
01/21/2018	0.125055	0.128578	0.103293	0.104820	3,320,360	-
01/20/2018	0.097680	0.131472	0.096964	0.126043	4,793,530	-
01/19/2018	0.095633	0.112226	0.084904	0.096996	1,583,110	-
01/18/2018	0.096760	0.108190	0.084047	0.096147	1,756,900	-
01/17/2018	0.091621	0.097636	0.070172	0.097305	1,318,650	-
