Date	Open	High	Low	Close	Volume	Market Cap
07/15/2018	0.032415	0.032898	0.031720	0.032649	1,026,300	5,524,120
07/14/2018	0.032400	0.032696	0.031424	0.031818	918,362	5,521,640
07/13/2018	0.031876	0.033213	0.031402	0.032225	1,024,560	5,432,330
07/12/2018	0.031273	0.032864	0.025429	0.032027	998,784	5,329,540
07/11/2018	0.033959	0.034565	0.030739	0.031553	924,951	5,787,070
07/10/2018	0.037826	0.038131	0.033782	0.033966	1,083,010	6,446,140
07/09/2018	0.038885	0.039536	0.037863	0.037919	1,140,420	6,626,090
07/08/2018	0.040219	0.041247	0.038501	0.038824	1,175,850	6,852,370
07/07/2018	0.039915	0.040836	0.038687	0.040400	1,315,230	6,800,560
07/06/2018	0.039586	0.040416	0.038488	0.039806	1,250,090	6,744,490
07/05/2018	0.039816	0.040300	0.038987	0.039581	1,057,800	6,783,740
07/04/2018	0.039466	0.042519	0.038503	0.039762	1,266,670	6,723,990
07/03/2018	0.040195	0.041365	0.039075	0.039545	1,251,990	6,848,310
07/02/2018	0.037881	0.041680	0.037797	0.040252	1,248,570	6,454,110
07/01/2018	0.041837	0.042072	0.041167	0.041428	38	7,128,010
06/30/2018	0.037084	0.041976	0.037084	0.041828	48	6,318,130
06/29/2018	0.034966	0.037463	0.034147	0.037042	1,037,320	5,957,300
06/28/2018	0.036011	0.036148	0.034654	0.034974	612,222	6,126,810
06/27/2018	0.035975	0.036755	0.035094	0.036017	1,124,520	6,120,700
06/26/2018	0.038240	0.038492	0.035856	0.036132	1,123,560	6,505,960
06/25/2018	0.037078	0.040101	0.036361	0.038305	1,229,120	6,308,120
06/24/2018	0.039551	0.039551	0.034512	0.037034	1,152,640	6,728,830
06/23/2018	0.038250	0.040244	0.037077	0.039289	1,248,920	6,507,250
06/22/2018	0.042281	0.043000	0.037630	0.038314	912,345	7,192,750
06/21/2018	0.041897	0.046994	0.041805	0.042221	1,336,250	7,127,020
06/20/2018	0.043089	0.046334	0.039746	0.041972	1,340,390	7,329,590
06/19/2018	0.049585	0.050673	0.041412	0.043566	1,383,050	8,433,760
06/18/2018	0.045212	0.051316	0.043884	0.049676	1,604,760	7,689,710
06/17/2018	0.040944	0.046665	0.040944	0.045305	1,433,010	6,963,690
06/16/2018	0.040615	0.041923	0.040335	0.040965	1,304,330	6,907,640
06/15/2018	0.042697	0.042769	0.040503	0.040835	1,194,620	7,261,570
06/14/2018	0.040396	0.042965	0.039201	0.042583	1,413,760	6,870,140
06/13/2018	0.042527	0.043677	0.038869	0.040820	1,575,490	7,232,450
06/12/2018	0.042904	0.048099	0.041908	0.042396	1,679,560	7,296,130
06/11/2018	0.043825	0.044933	0.041281	0.042953	1,210,950	7,452,630
06/10/2018	0.050454	0.050454	0.043058	0.043759	1,138,650	8,579,880
06/09/2018	0.049859	0.056579	0.049571	0.050535	1,265,730	8,478,660
06/08/2018	0.049939	0.054501	0.048016	0.049639	1,310,720	8,492,140
06/07/2018	0.055470	0.058091	0.048893	0.049712	1,276,880	9,432,220
06/06/2018	0.053171	0.056894	0.052090	0.055204	1,181,770	9,040,980
06/05/2018	0.056480	0.056895	0.050329	0.053378	1,357,000	9,603,530
06/04/2018	0.060548	0.060967	0.056185	0.056418	1,371,840	10,294,800
06/03/2018	0.058818	0.063730	0.058084	0.060734	1,442,930	10,000,100
06/02/2018	0.061976	0.065922	0.058508	0.058508	1,394,270	10,536,400
06/01/2018	0.063595	0.064551	0.061083	0.062037	1,483,730	10,810,600
05/31/2018	0.062403	0.065821	0.061929	0.064307	1,703,130	10,607,700
05/30/2018	0.062237	0.063994	0.061242	0.062182	1,369,680	10,579,300
05/29/2018	0.060928	0.063876	0.059361	0.062444	1,828,790	10,356,500
05/28/2018	0.063862	0.067342	0.060988	0.061108	1,978,570	10,854,700
05/27/2018	0.072260	0.072978	0.063354	0.064108	1,848,410	12,282,000
05/26/2018	0.068844	0.073976	0.068263	0.072158	2,546,100	11,701,200
05/25/2018	0.073359	0.077593	0.067534	0.068646	2,577,120	12,468,300
05/24/2018	0.073492	0.075482	0.069332	0.073460	3,089,610	12,490,500
05/23/2018	0.082969	0.083349	0.070123	0.074045	2,140,180	14,068,300
05/22/2018	0.088399	0.090672	0.082071	0.082871	2,985,990	14,988,900
05/21/2018	0.084055	0.099700	0.079715	0.088335	2,879,940	14,250,900
05/20/2018	0.074957	0.084225	0.074496	0.084113	2,760,740	12,706,900
05/19/2018	0.076499	0.078566	0.074623	0.075282	2,274,960	12,967,600
05/18/2018	0.072106	0.080255	0.070341	0.076414	2,337,770	12,222,800
05/17/2018	0.074705	0.076276	0.071699	0.072324	1,949,100	12,663,500
05/16/2018	0.074563	0.075915	0.071416	0.074638	2,268,330	12,639,300
05/15/2018	0.076360	0.077492	0.073997	0.074681	2,204,990	12,943,900
05/14/2018	0.074564	0.077468	0.070390	0.076615	1,485,970	12,639,400
05/13/2018	0.069885	0.076321	0.067073	0.074927	1,708,150	11,846,100
05/12/2018	0.071645	0.072296	0.066759	0.069750	1,633,720	12,144,000
05/11/2018	0.077539	0.077539	0.070862	0.071461	996,104	13,142,800
05/10/2018	0.079167	0.080376	0.074525	0.077299	1,580,160	13,418,700
05/09/2018	0.078299	0.081567	0.071107	0.078818	2,168,590	13,271,300
05/08/2018	0.085847	0.086322	0.071481	0.074134	2,043,110	14,550,400
05/07/2018	0.089947	0.090216	0.078755	0.085076	2,363,300	15,245,000
05/06/2018	0.092974	0.093958	0.071168	0.089555	2,556,050	15,757,400
05/05/2018	0.095879	0.104546	0.085999	0.092866	3,620,440	16,249,500
05/04/2018	0.096216	0.099960	0.090343	0.096091	2,984,230	16,298,500
05/03/2018	0.080003	0.096818	0.079405	0.096141	3,102,520	13,545,500
05/02/2018	0.078226	0.080817	0.074539	0.079928	2,062,210	13,244,400
05/01/2018	0.079845	0.081821	0.071344	0.078584	2,467,180	13,518,300
04/30/2018	0.059067	0.086080	0.057341	0.079719	2,494,600	10,000,000
04/29/2018	0.051971	0.059495	0.049125	0.059098	2,314,190	8,798,400
04/28/2018	0.045360	0.054629	0.043283	0.052170	1,954,690	7,679,260
04/27/2018	0.047702	0.049258	0.045578	0.045578	1,113,070	8,075,570
04/26/2018	0.045163	0.047965	0.043533	0.047766	1,791,940	7,645,560
04/25/2018	0.050264	0.050264	0.041556	0.044894	1,526,920	8,508,930
04/24/2018	0.045112	0.050574	0.045076	0.050574	1,637,880	7,636,540
04/23/2018	0.041712	0.046329	0.041641	0.045082	1,374,470	7,060,120
04/22/2018	0.042401	0.043914	0.040565	0.041787	1,158,380	7,176,560
04/21/2018	0.042786	0.044297	0.035525	0.042575	1,568,540	7,235,010
04/20/2018	0.035044	0.043118	0.034745	0.043118	1,129,790	5,925,380
04/19/2018	0.035864	0.037028	0.033087	0.035061	737,374	6,063,560
04/18/2018	0.031635	0.036015	0.031552	0.035827	1,207,000	5,348,500
04/17/2018	0.031697	0.032901	0.031217	0.031504	802,789	5,358,640
04/16/2018	0.034762	0.035275	0.030540	0.031510	950,583	5,876,450
04/15/2018	0.035882	0.037503	0.032902	0.034789	1,028,570	6,065,750
04/14/2018	0.035590	0.036917	0.032775	0.036008	1,078,060	6,016,180
04/13/2018	0.036169	0.040080	0.034992	0.034992	789,021	6,113,770
04/12/2018	0.031116	0.037025	0.030805	0.035854	1,429,220	5,259,360
04/11/2018	0.027304	0.031194	0.027242	0.031194	1,190,830	4,614,970
04/10/2018	0.027994	0.028301	0.026826	0.027218	675,844	4,731,540
04/09/2018	0.026893	0.029880	0.026623	0.027859	1,121,710	4,545,380
04/08/2018	0.025120	0.027802	0.024793	0.026886	553,081	4,245,570
04/07/2018	0.024695	0.026112	0.024389	0.025159	765,443	4,173,760
04/06/2018	0.024561	0.025223	0.023326	0.024511	791,801	4,150,960
04/05/2018	0.023991	0.024900	0.023253	0.024696	545,639	4,054,460
04/04/2018	0.025788	0.026044	0.023785	0.023989	640,124	4,358,120
04/03/2018	0.024085	0.026047	0.023461	0.025757	570,267	4,070,190
04/02/2018	0.025824	0.027674	0.023298	0.024066	598,338	4,364,050
04/01/2018	0.027287	0.027901	0.023924	0.026000	707,607	4,611,170
03/31/2018	0.027443	0.028788	0.026768	0.027343	388,228	4,637,580
03/30/2018	0.027545	0.028862	0.026062	0.027488	359,063	4,654,730
03/29/2018	0.032003	0.032234	0.026986	0.027619	425,988	5,407,990
03/28/2018	0.033369	0.034679	0.030918	0.032164	637,065	5,638,720
03/27/2018	0.035753	0.035961	0.033114	0.033281	695,949	6,040,430
03/26/2018	0.038009	0.038433	0.034191	0.035816	578,563	6,421,360
03/25/2018	0.038900	0.039592	0.036838	0.038106	565,831	6,571,770
03/24/2018	0.043641	0.043897	0.038184	0.038184	657,101	7,372,190
03/23/2018	0.039242	0.043867	0.036214	0.043410	787,534	6,628,670
03/22/2018	0.039034	0.041076	0.037243	0.039227	898,625	6,584,620
03/21/2018	0.040575	0.041407	0.037667	0.039246	741,228	6,844,550
03/20/2018	0.038895	0.041559	0.037994	0.040510	781,812	6,561,030
03/19/2018	0.037708	0.041749	0.035389	0.038509	703,739	6,360,700
03/18/2018	0.040727	0.045453	0.029583	0.035504	731,594	6,869,870
03/17/2018	0.042427	0.043666	0.040129	0.040998	668,833	7,156,690
03/16/2018	0.043443	0.043929	0.041323	0.042153	492,819	7,327,820
03/15/2018	0.047323	0.047580	0.043230	0.044087	459,833	7,981,710
03/14/2018	0.055172	0.056783	0.045988	0.047238	525,150	9,305,360
03/13/2018	0.056668	0.059032	0.055031	0.055160	674,616	9,556,760
03/12/2018	0.060467	0.062187	0.055897	0.057061	896,068	10,167,100
03/11/2018	0.055529	0.061128	0.053706	0.060263	1,019,330	9,335,330
03/10/2018	0.058229	0.060044	0.054536	0.055638	913,797	9,785,290
03/09/2018	0.057963	0.058820	0.052659	0.058363	867,547	9,740,560
03/08/2018	0.062987	0.063865	0.056549	0.058304	928,920	10,584,700
03/07/2018	0.069588	0.070292	0.059583	0.063096	1,128,330	11,693,800
03/06/2018	0.068773	0.074052	0.065010	0.069791	1,117,290	11,553,200
03/05/2018	0.071842	0.072583	0.067841	0.068954	1,461,130	12,065,700
03/04/2018	0.071313	0.072976	0.068539	0.072207	1,100,760	11,976,700
03/03/2018	0.069344	0.075597	0.068683	0.071333	1,319,320	11,646,000
03/02/2018	0.069567	0.073323	0.062231	0.069386	1,865,380	11,683,300
03/01/2018	0.051018	0.090038	0.050246	0.069505	1,332,840	8,568,010
02/28/2018	0.059243	0.059603	0.050635	0.050751	1,076,200	9,938,750
02/27/2018	0.054536	0.061415	0.051020	0.058135	1,355,730	9,148,730
02/26/2018	0.053573	0.060913	0.047785	0.054007	1,347,530	9,223,830
02/25/2018	0.043942	0.056439	0.040614	0.053497	1,181,870	7,565,560
02/24/2018	0.049087	0.050010	0.043119	0.044011	845,806	8,445,600
02/23/2018	0.041521	0.055370	0.039704	0.048877	1,522,420	-
02/22/2018	0.049705	0.051078	0.035053	0.041383	1,010,150	-
02/21/2018	0.058834	0.058921	0.047846	0.049871	1,464,910	-
02/20/2018	0.064861	0.067256	0.057590	0.059032	1,504,540	-
02/19/2018	0.066370	0.069988	0.064722	0.066143	1,621,350	-
02/18/2018	0.075534	0.075604	0.063087	0.066774	906,878	-
02/17/2018	0.080741	0.099187	0.074955	0.075316	1,794,190	-
02/16/2018	0.064012	0.093265	0.060095	0.080533	1,948,810	-
02/15/2018	0.073130	0.073201	0.060065	0.064836	1,312,250	-
02/14/2018	0.085346	0.091192	0.058508	0.066220	1,434,890	-
02/13/2018	0.100290	0.100849	0.083183	0.085414	2,491,310	-
02/12/2018	0.100138	0.105449	0.094340	0.099980	2,228,630	-
02/11/2018	0.093184	0.105654	0.080416	0.099502	2,863,940	-
02/10/2018	0.085637	0.097074	0.084123	0.093695	1,756,210	-
02/09/2018	0.071207	0.098765	0.066180	0.085835	1,882,670	-
02/08/2018	0.066986	0.075847	0.066706	0.070775	1,141,690	-
02/07/2018	0.066588	0.075773	0.062054	0.067208	1,278,560	-
02/06/2018	0.059532	0.068331	0.049785	0.065814	1,269,880	-
02/05/2018	0.076908	0.080818	0.057571	0.059479	1,097,880	-
02/04/2018	0.089323	0.099175	0.073642	0.077762	1,171,780	-
02/03/2018	0.084941	0.095933	0.075450	0.091876	1,268,570	-
02/02/2018	0.090527	0.090527	0.062281	0.084819	830,200	-
02/01/2018	0.107854	0.114579	0.087344	0.090538	807,889	-
01/31/2018	0.108798	0.110240	0.103023	0.107558	884,372	-
01/30/2018	0.120857	0.121047	0.103451	0.109545	699,452	-
01/29/2018	0.133821	0.133821	0.118758	0.120574	857,207	-
01/28/2018	0.126782	0.136202	0.121909	0.133837	555,328	-
01/27/2018	0.120225	0.131527	0.114002	0.125698	540,923	-
01/26/2018	0.129282	0.130503	0.109434	0.120406	653,907	-
01/25/2018	0.138718	0.140660	0.124215	0.129715	991,422	-
01/24/2018	0.119622	0.138834	0.116459	0.135526	818,710	-
01/23/2018	0.125781	0.141524	0.110231	0.119791	484,672	-
01/22/2018	0.142007	0.143177	0.115433	0.125954	743,837	-
01/21/2018	0.162541	0.165698	0.137228	0.140684	543,663	-
01/20/2018	0.120215	0.168398	0.117037	0.161909	1,475,520	-
01/19/2018	0.117194	0.126179	0.111369	0.118187	1,201,970	-
01/18/2018	0.102956	0.126708	0.099420	0.117809	703,135	-
01/17/2018	0.109339	0.118143	0.077482	0.102872	503,539	-
01/16/2018	0.150090	0.150943	0.100135	0.109238	659,651	-
01/15/2018	0.164169	0.177757	0.098828	0.150382	937,333	-
01/14/2018	0.202190	0.203842	0.154862	0.154862	741,088	-
01/13/2018	0.206364	0.235276	0.155018	0.200373	1,148,640	-
01/12/2018	0.282944	0.324483	0.179743	0.204303	886,429	-
01/11/2018	0.238685	0.396372	0.230111	0.278798	1,072,350	-
