Date	Open	High	Low	Close	Volume	Market Cap
07/15/2018	0.033256	0.034065	0.032895	0.033501	190,327	26,916,500
07/14/2018	0.033046	0.033605	0.032434	0.033182	181,152	26,746,200
07/13/2018	0.032995	0.035732	0.032750	0.032865	550,416	26,657,600
07/12/2018	0.034573	0.038336	0.032035	0.033082	1,667,480	27,932,300
07/11/2018	0.034131	0.035666	0.032440	0.034447	481,591	27,575,700
07/10/2018	0.038124	0.038124	0.033642	0.034104	442,052	30,801,700
07/09/2018	0.039875	0.040813	0.037918	0.037918	426,403	32,215,800
07/08/2018	0.039552	0.041453	0.039231	0.039583	650,132	31,955,500
07/07/2018	0.037305	0.040139	0.036041	0.039105	723,512	30,140,100
07/06/2018	0.037964	0.038437	0.033977	0.037358	601,063	30,672,000
07/05/2018	0.040355	0.042459	0.036812	0.038046	922,054	32,604,100
07/04/2018	0.036248	0.044238	0.035585	0.040508	3,184,130	29,286,000
07/03/2018	0.038866	0.040175	0.035753	0.036213	642,351	31,401,000
07/02/2018	0.036488	0.039801	0.034380	0.038728	1,068,530	29,479,900
07/01/2018	0.033620	0.037487	0.032191	0.037487	908,407	27,162,200
06/30/2018	0.031471	0.034335	0.031471	0.033577	477,296	25,426,600
06/29/2018	0.029166	0.031520	0.028619	0.031472	286,429	23,563,800
06/28/2018	0.030255	0.030902	0.029023	0.029163	338,414	24,444,100
06/27/2018	0.029756	0.030411	0.029022	0.030244	265,610	24,040,900
06/26/2018	0.032470	0.032675	0.029959	0.029959	274,663	26,233,800
06/25/2018	0.031180	0.033092	0.031046	0.032500	316,315	25,191,100
06/24/2018	0.034652	0.034703	0.029201	0.031306	399,496	27,996,300
06/23/2018	0.034412	0.035063	0.033715	0.034636	231,509	27,802,600
06/22/2018	0.040282	0.040677	0.034028	0.034396	641,228	32,545,100
06/21/2018	0.039744	0.040860	0.039144	0.040372	474,838	32,110,000
06/20/2018	0.040058	0.040406	0.038129	0.039647	308,746	32,363,700
06/19/2018	0.040370	0.041470	0.039594	0.040016	436,080	32,616,400
06/18/2018	0.039627	0.040885	0.038017	0.040377	405,124	32,015,800
06/17/2018	0.039168	0.041115	0.039081	0.039746	417,866	31,644,600
06/16/2018	0.038265	0.039551	0.038188	0.039095	412,099	30,915,400
06/15/2018	0.041519	0.041539	0.038332	0.038391	398,654	33,544,400
06/14/2018	0.038467	0.041696	0.037720	0.041568	705,177	31,078,200
06/13/2018	0.040908	0.041304	0.035832	0.038492	810,574	33,050,600
06/12/2018	0.045909	0.046253	0.040103	0.040712	896,562	37,091,100
06/11/2018	0.044627	0.046029	0.043687	0.045748	590,017	36,028,600
06/10/2018	0.053380	0.053380	0.043786	0.044448	1,131,080	43,095,300
06/09/2018	0.054777	0.055578	0.053372	0.053372	457,062	44,222,900
06/08/2018	0.056634	0.057132	0.054088	0.054969	723,890	45,722,200
06/07/2018	0.058358	0.058813	0.056343	0.056607	611,076	47,114,500
06/06/2018	0.056666	0.060036	0.055297	0.058111	2,030,750	45,691,800
06/05/2018	0.056611	0.057025	0.053042	0.056557	1,124,700	45,647,300
06/04/2018	0.060899	0.061701	0.055120	0.056599	1,528,380	49,104,800
06/03/2018	0.058769	0.063228	0.058724	0.061001	2,437,660	47,387,200
06/02/2018	0.057983	0.059919	0.056990	0.058758	1,383,970	46,753,500
06/01/2018	0.058011	0.058630	0.055972	0.058138	1,317,860	46,776,200
05/31/2018	0.056375	0.059875	0.055809	0.057948	1,426,760	45,452,900
05/30/2018	0.059863	0.060804	0.054424	0.056365	1,497,410	48,265,600
05/29/2018	0.052865	0.060376	0.051924	0.059525	1,676,010	42,604,700
05/28/2018	0.059297	0.059632	0.052376	0.052945	1,444,280	47,788,100
05/27/2018	0.060065	0.060712	0.058574	0.059187	810,050	48,406,800
05/26/2018	0.061278	0.063414	0.059778	0.060183	803,424	49,384,600
05/25/2018	0.064819	0.065424	0.060191	0.061279	1,590,600	52,238,600
05/24/2018	0.061299	0.066901	0.058058	0.064844	2,456,400	49,401,500
05/23/2018	0.072552	0.072666	0.060650	0.061446	2,325,250	58,470,200
05/22/2018	0.081100	0.081397	0.072570	0.072614	1,724,270	65,359,200
05/21/2018	0.086819	0.086897	0.080706	0.080975	1,133,170	69,968,600
05/20/2018	0.083376	0.087384	0.081700	0.086693	1,110,550	67,193,700
05/19/2018	0.084944	0.086322	0.082864	0.083329	1,057,100	68,457,000
05/18/2018	0.083393	0.085203	0.081211	0.084887	1,743,170	67,207,100
05/17/2018	0.089741	0.094153	0.083111	0.083232	1,489,220	72,323,100
05/16/2018	0.092368	0.093401	0.084975	0.089944	1,969,050	74,440,300
05/15/2018	0.099339	0.102102	0.091948	0.092448	1,572,710	80,058,700
05/14/2018	0.101691	0.103423	0.091192	0.099688	2,797,580	81,953,600
05/13/2018	0.096685	0.103244	0.092807	0.101668	1,795,650	77,919,600
05/12/2018	0.089421	0.100312	0.083364	0.096601	2,223,590	72,065,200
05/11/2018	0.104883	0.105238	0.087018	0.091684	2,997,850	84,526,200
05/10/2018	0.114312	0.117141	0.104681	0.104681	2,913,920	92,125,600
05/09/2018	0.120820	0.120820	0.109359	0.114212	3,344,430	97,370,500
05/08/2018	0.126188	0.130191	0.114002	0.121337	5,173,510	101,697,000
05/07/2018	0.125513	0.127000	0.113670	0.125767	3,021,770	101,153,000
05/06/2018	0.135658	0.136167	0.120447	0.125443	3,396,090	109,329,000
05/05/2018	0.137354	0.141448	0.132565	0.135391	3,430,990	110,695,000
05/04/2018	0.140276	0.142219	0.133827	0.137417	4,527,770	113,050,000
05/03/2018	0.143873	0.145758	0.139591	0.140315	5,432,470	115,895,000
05/02/2018	0.136182	0.145205	0.134265	0.143723	5,367,010	109,689,000
05/01/2018	0.137313	0.140801	0.129193	0.136487	5,475,970	110,599,000
04/30/2018	0.154936	0.169335	0.136800	0.137850	16,493,300	124,794,000
04/29/2018	0.120311	0.163430	0.118995	0.154723	32,358,700	96,905,000
04/28/2018	0.106710	0.121258	0.106226	0.120220	2,876,100	85,950,200
04/27/2018	0.113441	0.115876	0.107050	0.107050	1,819,520	91,371,700
04/26/2018	0.106228	0.114771	0.101524	0.113219	2,704,070	85,550,500
04/25/2018	0.130839	0.130839	0.099365	0.105106	3,846,860	105,371,000
04/24/2018	0.118893	0.134621	0.117339	0.131957	4,602,530	95,393,100
04/23/2018	0.114718	0.123887	0.113579	0.118760	3,810,820	89,749,600
04/22/2018	0.106728	0.123506	0.103426	0.114692	4,724,470	83,498,300
04/21/2018	0.112510	0.115702	0.097293	0.108389	3,455,860	88,021,700
04/20/2018	0.107917	0.114404	0.102732	0.112635	4,455,880	84,428,600
04/19/2018	0.097997	0.108312	0.097997	0.108047	3,793,740	76,667,300
04/18/2018	0.093460	0.099457	0.093460	0.098029	2,897,860	73,118,300
04/17/2018	0.090303	0.097656	0.089998	0.093238	3,699,670	70,648,700
04/16/2018	0.099641	0.101576	0.088947	0.090472	3,377,000	54,140,000
04/15/2018	0.098011	0.102895	0.095614	0.099628	4,322,710	53,254,000
04/14/2018	0.083596	0.104024	0.082710	0.097873	8,814,040	45,421,900
04/13/2018	0.081558	0.097164	0.079958	0.084872	5,083,960	44,314,200
04/12/2018	0.072252	0.081957	0.069909	0.081509	2,439,630	39,258,100
04/11/2018	0.069528	0.074597	0.069364	0.072326	2,166,150	37,777,700
04/10/2018	0.066325	0.072226	0.064597	0.069428	1,832,670	36,037,500
04/09/2018	0.070871	0.072157	0.065018	0.066146	1,404,670	38,507,500
04/08/2018	0.071113	0.073262	0.068317	0.070592	3,635,050	38,639,200
04/07/2018	0.060072	0.076813	0.059958	0.071114	4,433,430	32,639,900
04/06/2018	0.064027	0.064905	0.059489	0.059968	1,120,340	34,788,800
04/05/2018	0.066350	0.066350	0.062114	0.064362	1,380,000	36,051,200
04/04/2018	0.074041	0.074551	0.064310	0.065978	1,506,750	40,230,100
04/03/2018	0.068632	0.075496	0.067591	0.074086	1,797,920	37,291,000
04/02/2018	0.066926	0.071963	0.065907	0.068702	1,303,770	36,363,900
04/01/2018	0.071509	0.072661	0.062159	0.066587	1,400,240	38,854,300
03/31/2018	0.068818	0.073976	0.068818	0.071746	1,529,110	37,392,300
03/30/2018	0.072958	0.075379	0.066283	0.068957	1,737,330	39,641,700
03/29/2018	0.088065	0.088703	0.070481	0.073487	2,521,360	47,849,700
03/28/2018	0.076420	0.094581	0.076063	0.088209	5,091,250	41,522,600
03/27/2018	0.081879	0.082662	0.073524	0.076388	1,606,440	44,488,600
03/26/2018	0.093835	0.095160	0.076487	0.082081	2,498,010	50,985,100
03/25/2018	0.086629	0.099264	0.084442	0.093299	3,087,860	47,069,700
03/24/2018	0.086021	0.095428	0.085473	0.088153	2,611,890	46,739,500
03/23/2018	0.088244	0.088375	0.078963	0.084733	2,127,490	47,947,300
03/22/2018	0.091674	0.097986	0.082889	0.088262	2,074,430	49,810,600
03/21/2018	0.084129	0.102510	0.084129	0.091964	4,828,790	45,711,500
03/20/2018	0.079540	0.085994	0.075705	0.083925	1,797,140	43,217,800
03/19/2018	0.075438	0.084605	0.072691	0.078730	2,338,790	40,989,200
03/18/2018	0.072181	0.078135	0.058683	0.076281	2,391,360	39,219,700
03/17/2018	0.080552	0.081053	0.071102	0.072688	1,668,650	43,768,100
03/16/2018	0.080228	0.087360	0.076721	0.080586	2,249,600	43,592,000
03/15/2018	0.080985	0.084266	0.072984	0.080373	2,213,360	44,003,300
03/14/2018	0.095914	0.100339	0.079034	0.080951	1,953,820	52,114,900
03/13/2018	0.101366	0.105167	0.094906	0.096037	1,787,780	55,076,800
03/12/2018	0.117784	0.121790	0.096887	0.101534	4,875,970	63,997,700
03/11/2018	0.095710	0.121048	0.091470	0.117762	3,768,570	52,003,600
03/10/2018	0.103668	0.112207	0.093279	0.096007	1,565,170	56,328,100
03/09/2018	0.100016	0.109816	0.082586	0.104229	2,770,510	54,343,300
03/08/2018	0.117815	0.125756	0.099442	0.100420	2,370,230	64,014,700
03/07/2018	0.143771	0.148411	0.108954	0.118748	3,509,020	78,117,600
03/06/2018	0.165626	0.165626	0.141291	0.143968	2,379,470	89,992,900
03/05/2018	0.175414	0.175414	0.162971	0.166393	2,815,120	95,311,200
03/04/2018	0.177193	0.180971	0.166997	0.175545	2,738,610	96,277,300
03/03/2018	0.176060	0.182151	0.171051	0.177367	2,375,880	95,662,000
03/02/2018	0.180676	0.184426	0.175104	0.176191	2,952,120	98,169,900
03/01/2018	0.176519	0.191035	0.171128	0.181351	3,659,600	95,911,200
02/28/2018	0.193198	0.208458	0.176102	0.176102	5,178,820	104,974,000
02/27/2018	0.190694	0.206081	0.181538	0.193327	7,393,800	103,613,000
02/26/2018	0.206164	0.206384	0.178111	0.188462	12,324,900	112,019,000
02/25/2018	0.251718	0.268325	0.195306	0.206734	34,242,100	136,771,000
02/24/2018	0.172716	0.251616	0.171218	0.251072	56,702,500	93,844,800
02/23/2018	0.150298	0.198465	0.145736	0.172977	10,310,700	81,664,000
02/22/2018	0.169604	0.183916	0.147709	0.150250	3,356,830	92,154,400
02/21/2018	0.185919	0.188570	0.159787	0.169378	6,949,960	101,019,000
02/20/2018	0.223363	0.226466	0.184881	0.186590	6,249,290	121,364,000
02/19/2018	0.220653	0.238659	0.218019	0.223709	5,150,890	119,891,000
02/18/2018	0.248926	0.252023	0.220045	0.221153	4,929,490	135,254,000
02/17/2018	0.253335	0.268167	0.242132	0.249476	7,588,450	137,649,000
02/16/2018	0.229973	0.271935	0.225551	0.253592	13,512,400	124,955,000
02/15/2018	0.241427	0.245837	0.214337	0.231560	9,726,070	131,179,000
02/14/2018	0.249919	0.258453	0.232735	0.242027	12,010,900	135,793,000
02/13/2018	0.272097	0.308379	0.241869	0.250067	26,346,700	147,844,000
02/12/2018	0.177979	0.291783	0.176785	0.271106	41,695,800	96,704,700
02/11/2018	0.166443	0.196513	0.144677	0.177401	1,731,310	90,436,500
02/10/2018	0.191790	0.200984	0.151985	0.166450	1,888,360	104,209,000
02/09/2018	0.177413	0.208757	0.162115	0.192886	3,339,370	96,397,300
02/08/2018	0.129586	0.182671	0.129586	0.177124	2,370,960	70,410,600
02/07/2018	0.125783	0.161233	0.109280	0.130087	1,723,630	68,343,800
02/06/2018	0.098979	0.125667	0.077894	0.125667	1,434,910	53,780,100
02/05/2018	0.135654	0.142350	0.089307	0.099042	1,132,620	73,707,500
02/04/2018	0.169516	0.169699	0.125686	0.136936	1,207,970	92,106,100
02/03/2018	0.163665	0.186369	0.145754	0.169398	1,548,150	88,927,000
02/02/2018	0.171046	0.171221	0.117577	0.160435	1,758,700	92,937,700
02/01/2018	0.220076	0.227559	0.158511	0.172360	2,563,930	119,578,000
01/31/2018	0.225053	0.239118	0.209354	0.220223	3,693,330	122,282,000
01/30/2018	0.266958	0.271537	0.204213	0.224774	2,629,170	145,051,000
01/29/2018	0.285319	0.294230	0.257245	0.265899	4,008,600	155,028,000
01/28/2018	0.274647	0.291260	0.269647	0.288015	3,287,340	149,229,000
01/27/2018	0.298299	0.307801	0.275276	0.275276	3,412,090	162,080,000
01/26/2018	0.315457	0.337049	0.267678	0.297983	4,259,050	171,403,000
01/25/2018	0.291586	0.374611	0.286753	0.316100	7,355,280	158,433,000
01/24/2018	0.297347	0.315393	0.280065	0.282177	3,821,550	161,563,000
01/23/2018	0.259364	0.318468	0.235896	0.297562	3,936,630	140,925,000
01/22/2018	0.290499	0.299944	0.233323	0.258797	2,604,550	157,842,000
01/21/2018	0.372883	0.387049	0.279349	0.286653	3,089,880	202,606,000
01/20/2018	0.256399	0.403922	0.251471	0.374275	6,278,440	139,314,000
01/19/2018	0.249425	0.292988	0.232862	0.255035	3,047,110	135,525,000
01/18/2018	0.306145	0.326350	0.248941	0.267522	4,037,220	166,343,000
01/17/2018	0.283882	0.331773	0.197740	0.300020	4,354,800	154,247,000
01/16/2018	0.401731	0.419931	0.213778	0.276698	7,929,460	218,280,000
01/15/2018	0.490209	0.522087	0.364069	0.400585	9,679,140	266,354,000
01/14/2018	0.532988	0.565933	0.440287	0.495684	7,836,520	289,598,000
01/13/2018	0.582579	0.611810	0.444905	0.537286	20,580,700	316,544,000
01/12/2018	0.457525	0.610170	0.438809	0.582826	15,654,700	248,595,000
01/11/2018	0.628577	0.632969	0.372797	0.455437	35,372,800	341,536,000
01/10/2018	0.679097	0.689247	0.528423	0.622135	50,313,600	368,986,000
01/09/2018	0.766165	0.766165	0.631669	0.647474	30,148,500	416,295,000
01/08/2018	0.482690	0.808058	0.438399	0.764553	31,503,300	262,269,000
01/07/2018	0.414203	0.487881	0.383055	0.483953	8,412,820	225,057,000
01/06/2018	0.389839	0.429871	0.380684	0.417733	5,904,190	211,818,000
01/05/2018	0.452785	0.461123	0.334925	0.391658	9,432,140	246,020,000
01/04/2018	0.392186	0.476869	0.356065	0.437494	6,639,450	213,094,000
01/03/2018	0.396705	0.401099	0.349277	0.388598	5,809,770	215,549,000
01/02/2018	0.380223	0.403607	0.319028	0.397431	5,498,740	206,594,000
01/01/2018	0.375349	0.389671	0.331788	0.380424	3,686,350	203,946,000
12/31/2017	0.252300	0.400165	0.251379	0.381380	4,303,250	137,087,000
12/30/2017	0.291288	0.296615	0.234863	0.257012	2,435,920	158,271,000
12/29/2017	0.255118	0.311990	0.249524	0.296553	5,804,610	138,618,000
12/28/2017	0.275074	0.286512	0.224962	0.252861	5,266,620	149,461,000
12/27/2017	0.169452	0.276588	0.154357	0.275688	5,708,740	92,071,400
12/26/2017	0.157104	0.175610	0.144724	0.170350	1,437,700	85,362,500
12/25/2017	0.148776	0.163508	0.136204	0.156235	1,398,820	80,837,000
12/24/2017	0.155622	0.157550	0.115850	0.147272	1,637,860	84,556,800
12/23/2017	0.151571	0.188503	0.150465	0.154977	1,947,840	82,356,100
12/22/2017	0.181899	0.191887	0.101387	0.146068	2,014,380	98,834,300
12/21/2017	0.153269	0.201961	0.149025	0.190047	3,629,490	83,278,200
12/20/2017	0.131011	0.152753	0.107337	0.151494	2,185,980	71,184,500
12/19/2017	0.137415	0.154703	0.117499	0.131203	3,404,110	74,664,500
12/18/2017	0.104022	0.143303	0.094287	0.137355	3,737,300	56,520,500
12/17/2017	0.071237	0.112527	0.066584	0.105080	2,523,490	38,706,700
12/16/2017	0.069595	0.071461	0.056370	0.071461	999,797	37,814,200
12/15/2017	0.066514	0.069780	0.052072	0.068684	1,170,280	36,140,100
12/14/2017	0.040844	0.099369	0.032213	0.066568	2,024,050	22,192,700
12/13/2017	0.045777	0.048200	0.039643	0.040282	607,979	24,872,600
12/12/2017	0.044844	0.046456	0.042332	0.046456	640,131	24,366,000
12/11/2017	0.040140	0.045578	0.037773	0.044697	879,360	21,809,700
12/10/2017	0.039603	0.043287	0.035504	0.040419	785,712	21,518,100
12/09/2017	0.035850	0.044418	0.035651	0.039543	615,761	19,478,900
12/08/2017	0.033558	0.037011	0.030083	0.035919	621,568	18,233,500
12/07/2017	0.034765	0.039046	0.030788	0.033297	481,322	18,889,600
12/06/2017	0.039159	0.041110	0.033704	0.035087	586,729	21,276,800
12/05/2017	0.041891	0.043847	0.038786	0.039403	453,090	22,761,500
12/04/2017	0.037700	0.043573	0.035871	0.041519	517,942	20,484,200
12/03/2017	0.036229	0.041024	0.034802	0.037159	448,756	19,685,000
12/02/2017	0.036606	0.037898	0.033372	0.035862	466,722	19,889,900
12/01/2017	0.036754	0.040127	0.035203	0.036623	520,010	19,970,200
11/30/2017	0.034464	0.038685	0.032584	0.036913	492,694	18,725,800
11/29/2017	0.042149	0.043478	0.033365	0.034668	616,710	22,901,400
11/28/2017	0.044966	0.045599	0.039901	0.042288	771,716	24,432,200
11/27/2017	0.048805	0.049587	0.041663	0.044747	1,000,660	26,518,000
11/26/2017	0.048230	0.049770	0.046200	0.048704	740,226	26,205,600
11/25/2017	0.047082	0.050345	0.044726	0.048258	2,625,550	25,581,900
11/24/2017	0.046854	0.048653	0.044002	0.047539	957,171	25,457,800
11/23/2017	0.041558	0.048350	0.040298	0.047063	826,399	22,580,700
11/22/2017	0.043475	0.043792	0.040023	0.042031	669,300	23,622,300
11/21/2017	0.045343	0.045343	0.040750	0.043462	787,974	24,636,800
11/20/2017	0.044430	0.047979	0.042750	0.045360	1,081,460	24,140,900
11/19/2017	0.047808	0.049964	0.042995	0.042995	1,179,690	25,976,600
11/18/2017	0.044838	0.048737	0.043360	0.047913	1,127,430	24,362,700
11/17/2017	0.042480	0.047323	0.042480	0.044682	1,086,990	23,081,700
11/16/2017	0.045560	0.047887	0.041678	0.043253	1,164,680	24,755,200
11/15/2017	0.047919	0.049769	0.044855	0.045865	744,128	26,037,000
11/14/2017	0.050093	0.050745	0.047394	0.047859	1,010,800	27,218,200
11/13/2017	0.039919	0.050809	0.039236	0.050012	1,383,240	21,689,900
11/12/2017	0.044133	0.044133	0.037684	0.038545	1,752,070	23,979,600
11/11/2017	0.042087	0.046536	0.041962	0.044279	885,127	22,868,200
11/10/2017	0.052187	0.054041	0.041678	0.042359	672,973	28,355,800
11/09/2017	0.049054	0.055422	0.046120	0.052015	799,153	26,653,400
11/08/2017	0.039266	0.049152	0.037812	0.048822	1,013,170	21,334,900
11/07/2017	0.038536	0.040287	0.038350	0.039155	433,853	20,938,400
11/06/2017	0.039468	0.041379	0.038010	0.038587	517,723	21,445,000
11/05/2017	0.040088	0.041024	0.038600	0.039397	661,888	21,781,600
11/04/2017	0.041401	0.045125	0.037906	0.039817	1,091,180	22,495,200
11/03/2017	0.034131	0.043981	0.034070	0.041660	1,235,340	18,545,100
11/02/2017	0.039502	0.039840	0.029971	0.034347	1,674,770	21,463,100
11/01/2017	0.048605	0.049433	0.039215	0.039717	2,137,720	26,409,300
10/31/2017	0.054035	0.055191	0.047586	0.047586	2,036,960	29,359,900
10/30/2017	0.046737	0.057693	0.046465	0.054467	2,504,330	25,394,400
10/29/2017	0.058077	0.059307	0.045594	0.047196	2,854,130	-
10/28/2017	0.060589	0.061507	0.055478	0.055478	5,395,350	-
