Date	Open	High	Low	Close	Volume	Market Cap
07/15/2018	0.003659	0.003758	0.003452	0.003622	168,703	8,636,040
07/14/2018	0.003762	0.003762	0.003184	0.003504	174,414	8,880,230
07/13/2018	0.003492	0.003810	0.003492	0.003755	196,230	8,242,160
07/12/2018	0.004016	0.004100	0.003394	0.003483	262,312	9,508,810
07/11/2018	0.004155	0.004306	0.003972	0.004019	246,000	9,838,270
07/10/2018	0.004722	0.004755	0.004095	0.004154	269,607	11,180,200
07/09/2018	0.004837	0.004919	0.004506	0.004725	364,378	11,453,200
07/08/2018	0.005391	0.005413	0.004822	0.004825	305,378	12,764,600
07/07/2018	0.004997	0.005495	0.004766	0.005391	627,679	11,832,000
07/06/2018	0.004267	0.005164	0.004030	0.005093	564,293	10,102,800
07/05/2018	0.004029	0.005128	0.004006	0.004266	576,961	9,539,650
07/04/2018	0.004103	0.004121	0.003932	0.004017	202,637	9,716,050
07/03/2018	0.004321	0.004357	0.004092	0.004103	230,916	10,232,300
07/02/2018	0.003989	0.004335	0.003903	0.004317	223,342	9,445,630
07/01/2018	0.004118	0.004178	0.003990	0.003990	148,848	9,750,380
06/30/2018	0.003925	0.004267	0.003829	0.004118	398,205	9,293,950
06/29/2018	0.003997	0.004006	0.003494	0.003939	357,087	9,463,790
06/28/2018	0.004395	0.004396	0.003998	0.004001	243,063	10,406,100
06/27/2018	0.004405	0.004482	0.004199	0.004392	225,027	10,428,900
06/26/2018	0.004662	0.004753	0.004439	0.004439	245,868	11,038,600
06/25/2018	0.004795	0.005110	0.004548	0.004633	281,391	11,354,200
06/24/2018	0.005049	0.005233	0.004503	0.004809	353,637	11,954,700
06/23/2018	0.005254	0.005366	0.005013	0.005048	303,236	12,434,800
06/22/2018	0.005787	0.005970	0.005086	0.005214	435,397	13,678,500
06/21/2018	0.006264	0.006484	0.005752	0.005785	422,605	14,806,900
06/20/2018	0.005908	0.006552	0.005753	0.006296	486,832	13,964,400
06/19/2018	0.005989	0.006119	0.005655	0.005910	458,426	14,157,100
06/18/2018	0.005881	0.006263	0.005778	0.005992	404,466	13,901,400
06/17/2018	0.005876	0.005928	0.005744	0.005820	200,308	13,889,600
06/16/2018	0.005602	0.005927	0.005564	0.005873	202,593	13,242,100
06/15/2018	0.005912	0.006036	0.005554	0.005618	216,954	13,974,500
06/14/2018	0.005455	0.005967	0.005423	0.005876	206,614	12,895,700
06/13/2018	0.006043	0.006074	0.005330	0.005433	252,809	14,285,200
06/12/2018	0.006445	0.006664	0.005895	0.006031	254,508	15,234,700
06/11/2018	0.006281	0.006778	0.006088	0.006415	263,277	14,848,300
06/10/2018	0.007233	0.007365	0.006211	0.006290	386,104	17,097,000
06/09/2018	0.008801	0.009072	0.007256	0.007256	617,721	20,803,800
06/08/2018	0.009112	0.009126	0.008517	0.008801	243,887	21,540,100
06/07/2018	0.008992	0.009411	0.008935	0.009110	438,153	21,256,300
06/06/2018	0.009864	0.009925	0.008946	0.008982	594,278	23,316,200
06/05/2018	0.010333	0.010341	0.009328	0.009914	629,657	24,426,600
06/04/2018	0.009821	0.011029	0.009712	0.010184	1,324,260	23,215,600
06/03/2018	0.009546	0.010160	0.009451	0.009780	258,207	22,565,800
06/02/2018	0.009910	0.010159	0.009361	0.009531	395,428	23,425,600
06/01/2018	0.008927	0.010714	0.008702	0.009910	726,540	21,101,800
05/31/2018	0.008928	0.009129	0.008689	0.008919	341,356	21,103,800
05/30/2018	0.008947	0.009928	0.008738	0.008917	345,410	21,060,300
05/29/2018	0.008213	0.009096	0.008121	0.008946	257,205	19,333,000
05/28/2018	0.009794	0.009810	0.008147	0.008218	422,660	23,054,000
05/27/2018	0.009989	0.010195	0.009664	0.009807	192,702	23,513,500
05/26/2018	0.010234	0.010619	0.009760	0.009981	284,239	24,089,400
05/25/2018	0.011423	0.011507	0.010085	0.010215	510,427	26,887,900
05/24/2018	0.010302	0.011572	0.010098	0.011411	668,152	24,249,600
05/23/2018	0.012491	0.012521	0.009905	0.010311	664,097	29,402,000
05/22/2018	0.013723	0.014005	0.012459	0.012506	658,092	32,301,500
05/21/2018	0.015977	0.016269	0.013476	0.013701	3,246,370	37,608,600
05/20/2018	0.014549	0.016670	0.013759	0.016086	1,489,780	34,245,600
05/19/2018	0.015668	0.016422	0.014515	0.014543	2,058,400	36,879,400
05/18/2018	0.014310	0.015997	0.013869	0.015670	2,447,500	33,684,500
05/17/2018	0.013228	0.015180	0.013138	0.014183	1,413,550	31,136,300
05/16/2018	0.013362	0.013486	0.012240	0.013189	550,615	31,452,900
05/15/2018	0.013713	0.014678	0.013347	0.013453	725,243	32,279,400
05/14/2018	0.013821	0.013914	0.012490	0.013670	629,443	32,531,800
05/13/2018	0.012859	0.015017	0.012554	0.013777	718,226	30,269,000
05/12/2018	0.014009	0.014009	0.011727	0.012993	785,376	32,974,300
05/11/2018	0.015457	0.015662	0.013288	0.013978	659,811	36,384,200
05/10/2018	0.016328	0.017247	0.015311	0.015536	1,183,840	38,433,300
05/09/2018	0.016238	0.016335	0.014957	0.016335	846,329	38,222,100
05/08/2018	0.017510	0.018412	0.015935	0.016279	1,115,380	41,216,400
05/07/2018	0.018410	0.018846	0.016758	0.017377	1,067,940	43,335,100
05/06/2018	0.017744	0.019597	0.016141	0.018379	1,468,080	41,766,200
05/05/2018	0.017816	0.018357	0.017407	0.017735	1,489,400	41,936,100
05/04/2018	0.014285	0.019137	0.014171	0.017651	3,640,380	33,624,300
05/03/2018	0.012495	0.014972	0.012495	0.014362	849,314	29,410,500
05/02/2018	0.011954	0.013158	0.011251	0.012495	1,136,580	28,137,400
05/01/2018	0.012378	0.012378	0.011498	0.011811	556,233	29,135,500
04/30/2018	0.013012	0.013090	0.012112	0.012361	803,548	30,628,400
04/29/2018	0.013649	0.013933	0.012078	0.013026	979,017	32,128,400
04/28/2018	0.013659	0.014342	0.013341	0.013669	806,847	32,150,800
04/27/2018	0.013937	0.014967	0.013289	0.013859	1,041,310	32,806,800
04/26/2018	0.012697	0.014164	0.012324	0.013842	1,061,030	29,887,200
04/25/2018	0.015865	0.015865	0.011695	0.012670	1,049,820	37,344,400
04/24/2018	0.015285	0.016295	0.014455	0.015938	1,644,350	35,979,800
04/23/2018	0.016348	0.016937	0.014568	0.015247	1,683,920	38,482,700
04/22/2018	0.013017	0.018451	0.013017	0.016588	6,969,840	30,640,000
04/21/2018	0.012485	0.012998	0.011457	0.012998	849,863	29,387,500
04/20/2018	0.010356	0.012633	0.010283	0.012465	965,277	24,377,900
04/19/2018	0.009625	0.010391	0.009602	0.010355	494,056	22,656,800
04/18/2018	0.009832	0.009960	0.009305	0.009619	418,214	23,143,400
04/17/2018	0.009391	0.010024	0.009264	0.009825	646,409	22,105,100
04/16/2018	0.009749	0.009806	0.008944	0.009390	643,868	22,947,700
04/15/2018	0.008665	0.009744	0.008665	0.009744	576,436	20,396,800
04/14/2018	0.008101	0.008752	0.008041	0.008659	393,803	19,069,100
04/13/2018	0.007757	0.008543	0.007581	0.008103	802,413	18,259,700
04/12/2018	0.007549	0.007720	0.006000	0.007720	678,654	17,770,800
04/11/2018	0.006669	0.007705	0.006465	0.007544	997,205	15,698,400
04/10/2018	0.005876	0.007279	0.005710	0.006653	603,779	13,831,000
04/09/2018	0.005577	0.006416	0.005459	0.005867	662,486	13,128,100
04/08/2018	0.005425	0.005624	0.005091	0.005570	298,861	12,770,200
04/07/2018	0.005156	0.005485	0.005150	0.005421	205,330	12,137,500
04/06/2018	0.005370	0.005453	0.005072	0.005152	213,578	12,639,500
04/05/2018	0.005378	0.005518	0.005038	0.005396	216,936	12,660,500
04/04/2018	0.006279	0.006372	0.005236	0.005377	507,672	14,779,400
04/03/2018	0.005374	0.006607	0.005298	0.006278	426,188	12,649,100
04/02/2018	0.005338	0.005522	0.005292	0.005389	240,112	12,564,200
04/01/2018	0.005915	0.006089	0.005075	0.005310	509,359	13,924,100
03/31/2018	0.006296	0.007146	0.005277	0.005915	501,809	14,820,400
03/30/2018	0.006857	0.006870	0.005979	0.006294	385,199	16,015,700
03/29/2018	0.007872	0.008228	0.006673	0.006911	411,568	18,385,700
03/28/2018	0.008572	0.008852	0.007856	0.007863	481,777	20,019,800
03/27/2018	0.009094	0.009255	0.008341	0.008572	515,999	21,239,100
03/26/2018	0.009701	0.009967	0.008741	0.009105	556,907	22,656,900
03/25/2018	0.009206	0.009936	0.009099	0.009711	397,392	21,502,400
03/24/2018	0.009288	0.009648	0.009120	0.009324	415,870	21,693,200
03/23/2018	0.009614	0.009614	0.008299	0.009073	533,083	22,453,900
03/22/2018	0.010029	0.010463	0.009199	0.009588	390,118	23,423,800
03/21/2018	0.010498	0.010875	0.009716	0.009978	240,972	24,520,000
03/20/2018	0.010203	0.010833	0.009728	0.010513	278,991	23,830,100
03/19/2018	0.010083	0.010480	0.009241	0.010139	435,574	23,550,400
03/18/2018	0.010932	0.011034	0.008331	0.010071	536,696	25,531,900
03/17/2018	0.013105	0.013266	0.010633	0.010952	2,833,970	30,609,100
03/16/2018	0.012880	0.013392	0.012435	0.013096	948,990	30,083,500
03/15/2018	0.011959	0.013352	0.011959	0.012944	1,122,360	27,853,800
03/14/2018	0.014180	0.015370	0.011804	0.011977	820,988	33,027,800
03/13/2018	0.016560	0.016741	0.013551	0.014087	3,698,970	38,570,100
03/12/2018	0.018030	0.018895	0.016309	0.016518	2,117,060	41,993,700
03/11/2018	0.016681	0.019040	0.015880	0.018023	1,303,280	38,852,300
03/10/2018	0.016498	0.017243	0.016014	0.016749	989,192	38,425,700
03/09/2018	0.015682	0.016530	0.013964	0.016530	1,136,700	36,525,500
03/08/2018	0.013035	0.017335	0.012971	0.015826	2,307,730	30,361,400
03/07/2018	0.014539	0.014822	0.012639	0.013101	537,553	-
03/06/2018	0.015183	0.016415	0.014335	0.014563	1,111,570	-
03/05/2018	0.020625	0.020722	0.015078	0.015427	1,420,450	-
03/04/2018	0.021943	0.022546	0.019959	0.020658	1,211,060	-
03/03/2018	0.024693	0.025708	0.020889	0.021893	2,217,680	-
03/02/2018	0.021035	0.032882	0.021035	0.025234	2,757,030	-
03/01/2018	0.021947	0.024029	0.018327	0.020433	1,161,020	-
