Date	Open	High	Low	Close	Volume	Market Cap
07/15/2018	2.54	2.54	1.52	1.55	4,559	1,863,780
07/14/2018	1.45	2.89	1.45	2.55	22,481	1,065,180
07/13/2018	1.24	1.74	1.24	1.45	424	909,238
07/12/2018	1.40	1.44	1.22	1.24	667	1,026,700
07/11/2018	1.67	1.68	1.40	1.40	1,853	1,223,130
07/10/2018	1.75	1.75	1.67	1.67	1,709	1,279,990
07/09/2018	2.33	2.33	1.61	1.75	799	1,705,010
07/08/2018	2.30	2.46	1.89	2.33	1,475	1,683,080
07/07/2018	1.87	2.40	1.67	2.30	580,231	1,370,920
07/06/2018	1.93	1.93	1.65	1.87	2,501	1,413,670
07/05/2018	1.59	1.95	1.59	1.93	358	1,165,820
07/04/2018	1.66	1.93	1.59	1.59	1,903	1,217,720
07/03/2018	1.98	1.98	1.66	1.66	7	1,446,830
07/02/2018	1.83	1.98	1.70	1.98	1,079	1,339,030
07/01/2018	2.00	2.00	1.80	1.83	765	1,461,800
06/30/2018	1.75	2.08	1.75	2.00	157	1,282,100
06/29/2018	1.67	2.00	1.65	1.75	334	1,220,990
06/28/2018	2.10	2.10	1.66	1.67	4,617	1,538,580
06/27/2018	2.10	2.10	2.10	2.10	518	1,538,230
06/26/2018	2.21	2.24	2.03	2.10	440	1,621,020
06/25/2018	2.33	2.34	2.08	2.21	2,438	1,709,770
06/24/2018	2.31	2.79	2.26	2.34	55,676	1,694,890
06/23/2018	2.27	3.49	2.22	2.37	28,977	1,664,450
06/22/2018	2.18	3.63	1.61	2.27	324,146	1,595,700
06/21/2018	2.18	2.24	1.65	2.18	8,762	1,593,380
06/20/2018	2.28	3.23	1.92	2.18	21,549	1,672,140
06/19/2018	2.79	2.79	2.23	2.28	6,655	2,042,620
06/18/2018	3.01	3.02	2.25	2.79	5,039	2,206,240
06/17/2018	2.23	3.03	2.22	3.02	3,611	1,634,900
06/16/2018	2.36	2.37	2.23	2.23	3,987	1,732,020
06/15/2018	3.39	3.39	2.28	2.37	716	2,482,810
06/14/2018	2.29	3.39	2.02	3.39	73,418	1,674,420
06/13/2018	2.90	2.95	2.28	2.29	13,538	2,121,500
06/12/2018	2.65	3.00	2.62	2.89	3,494	1,941,530
06/11/2018	2.70	2.75	2.64	2.65	8,441	1,974,270
06/10/2018	3.70	3.70	2.69	2.69	10,798	2,709,280
06/09/2018	3.46	3.80	3.07	3.79	357	2,537,420
06/08/2018	3.43	3.47	3.21	3.46	3,266	2,512,920
06/07/2018	4.12	4.13	3.29	3.43	10,699	3,015,560
06/06/2018	3.26	4.12	3.03	4.12	30,402	2,389,470
06/05/2018	3.50	3.51	3.26	3.26	17,535	2,567,070
06/04/2018	3.56	3.93	3.43	3.50	13,151	2,605,350
06/03/2018	3.53	3.83	3.53	3.56	11,066	2,588,210
06/02/2018	3.79	3.96	3.53	3.53	6,542	2,772,500
06/01/2018	3.71	3.86	3.68	3.79	2,446	2,717,570
05/31/2018	4.18	4.46	3.56	3.71	9,405	3,058,470
05/30/2018	3.67	4.77	3.59	4.18	2,586	2,686,940
05/29/2018	3.63	3.68	3.39	3.67	6,288	2,660,160
05/28/2018	5.85	5.90	3.28	3.63	13,263	4,283,760
05/27/2018	4.34	5.86	3.44	5.85	40,272	3,179,880
05/26/2018	3.62	4.34	3.61	4.34	19,181	2,649,700
05/25/2018	5.14	5.18	3.42	3.62	104,427	3,761,530
05/24/2018	3.95	5.37	3.80	5.13	89,216	2,894,600
05/23/2018	4.12	4.28	3.94	3.95	20,085	3,019,320
05/22/2018	4.45	4.71	4.07	4.12	27,070	3,262,340
05/21/2018	4.39	5.80	3.99	4.49	85,258	3,212,380
05/20/2018	4.08	4.41	3.92	4.39	8,986	2,991,440
05/19/2018	4.48	4.65	3.89	4.08	72,459	3,279,960
05/18/2018	4.54	4.71	4.30	4.48	29,822	3,324,920
05/17/2018	4.44	5.11	4.44	4.54	42,507	3,254,420
05/16/2018	6.10	6.10	4.43	4.44	91,081	4,467,300
05/15/2018	5.35	6.44	5.35	6.10	90,750	3,921,500
05/14/2018	4.98	5.76	4.64	5.36	62,411	3,644,540
05/13/2018	4.59	5.12	4.48	4.98	45,039	3,365,410
05/12/2018	4.86	4.98	4.48	4.60	16,012	3,562,440
05/11/2018	5.33	5.40	4.78	4.87	34,690	3,901,940
05/10/2018	5.03	5.81	5.03	5.33	28,240	3,687,390
05/09/2018	5.36	5.66	5.03	5.03	19,315	3,922,770
05/08/2018	5.35	5.66	5.00	5.36	57,822	3,916,440
05/07/2018	5.63	5.72	4.98	5.34	33,688	4,123,450
05/06/2018	5.90	5.90	5.19	5.63	53,196	4,322,490
05/05/2018	5.04	6.21	5.03	5.87	162,092	3,687,860
05/04/2018	5.33	5.42	4.89	5.04	30,151	3,902,700
05/03/2018	5.20	5.93	4.88	5.37	80,716	3,809,020
05/02/2018	5.39	5.48	4.65	5.20	26,004	3,950,180
05/01/2018	4.92	5.40	4.55	5.40	117,981	3,602,900
04/30/2018	5.09	5.78	4.80	4.92	122,410	3,729,930
04/29/2018	5.51	5.82	4.98	5.09	87,741	4,035,530
04/28/2018	5.89	5.95	5.09	5.51	126,707	4,313,150
04/27/2018	5.70	5.98	5.50	5.89	132,193	4,172,630
04/26/2018	4.90	6.28	4.80	5.69	117,603	3,591,750
04/25/2018	6.51	6.51	4.74	4.90	125,198	4,769,080
04/24/2018	7.40	7.41	5.30	6.52	376,889	5,423,320
04/23/2018	5.28	7.65	5.07	7.40	473,695	3,865,420
04/22/2018	4.43	5.45	4.32	5.35	381,329	3,247,750
04/21/2018	4.36	5.80	4.04	4.44	348,289	3,192,290
04/20/2018	3.98	4.50	3.77	4.36	156,019	2,915,300
04/19/2018	3.82	4.11	3.57	3.98	139,133	2,798,350
04/18/2018	3.76	3.89	3.23	3.82	198,942	2,754,620
04/17/2018	3.79	3.99	3.42	3.76	55,061	2,778,030
04/16/2018	4.05	4.06	3.33	3.74	46,064	2,962,920
04/15/2018	3.81	4.12	3.81	4.05	54,567	2,791,240
04/14/2018	3.90	4.26	3.74	3.81	66,087	2,855,420
04/13/2018	4.30	4.87	3.82	3.90	73,105	3,150,860
04/12/2018	3.75	4.40	3.68	4.30	70,793	2,749,180
04/11/2018	3.69	4.00	3.67	3.76	25,355	2,699,450
04/10/2018	3.74	3.96	3.56	3.68	17,002	2,742,340
04/09/2018	4.07	4.32	3.52	3.74	49,721	2,977,350
04/08/2018	3.65	4.13	3.44	4.06	49,566	2,673,620
04/07/2018	4.48	5.01	3.39	3.65	117,426	3,281,030
04/06/2018	4.99	5.44	3.80	4.81	47,560	3,657,050
04/05/2018	4.78	5.18	4.43	5.01	21,261	3,497,440
04/04/2018	5.29	5.45	4.41	4.78	9,545	3,872,520
04/03/2018	5.28	5.72	5.00	5.29	45,751	3,870,580
04/02/2018	5.00	5.36	4.77	5.28	15,599	3,660,820
04/01/2018	5.39	5.43	4.74	4.98	22,231	3,949,400
03/31/2018	5.36	5.82	5.17	5.39	37,736	3,924,540
03/30/2018	5.35	5.51	4.89	5.36	53,866	3,919,090
03/29/2018	6.19	6.39	5.29	5.36	59,015	4,535,770
03/28/2018	7.20	7.20	5.99	6.19	108,306	5,270,870
03/27/2018	6.12	7.57	5.70	6.56	636,876	4,480,070
03/26/2018	7.42	9.40	5.87	6.11	593,536	-
03/25/2018	6.93	8.46	6.79	7.42	84,986	-
03/24/2018	6.72	7.48	5.96	7.00	101,062	-
03/23/2018	7.15	7.15	5.35	6.64	161,063	-
03/22/2018	8.39	9.00	4.78	7.18	188,962	-
03/21/2018	7.67	9.38	7.64	8.39	39,626	-
03/20/2018	10.00	10.73	6.78	7.66	247,299	-
03/19/2018	10.88	12.11	9.45	9.91	1,564,260	-
03/18/2018	15.84	15.84	9.79	10.93	330,043	-
03/17/2018	16.99	17.80	14.16	15.87	1,088,100	-
03/16/2018	18.02	18.62	16.61	16.97	104,248	-
03/15/2018	18.05	18.49	16.53	18.03	793,489	-
03/14/2018	20.07	20.76	17.24	18.06	157,759	-
03/13/2018	20.61	20.95	19.16	20.07	106,400	-
03/12/2018	20.58	21.61	19.51	20.71	149,496	-
03/11/2018	17.90	20.62	17.61	20.62	76,138	-
03/10/2018	22.03	22.23	17.63	17.93	31,442	-
03/09/2018	19.39	22.20	17.50	22.03	131,549	-
03/08/2018	20.42	21.59	19.38	19.46	84,834	-
03/07/2018	24.44	24.52	19.78	20.20	380,541	-
03/06/2018	24.78	25.94	20.34	24.46	452,807	-
03/05/2018	30.01	30.01	22.87	24.81	384,666	-
03/04/2018	29.03	40.80	24.63	30.44	567,918	-
03/03/2018	26.13	31.30	21.08	29.06	582,231	-
03/02/2018	21.66	25.63	20.23	25.63	950,437	-
03/01/2018	17.67	21.35	16.24	21.24	247,819	-
02/28/2018	17.50	18.00	17.09	17.66	22,567	-
02/27/2018	17.68	19.41	16.38	17.51	66,224	-
02/26/2018	18.37	21.27	17.56	17.64	92,136	-
02/25/2018	20.02	20.02	17.89	18.36	46,565	-
02/24/2018	19.18	21.11	16.98	20.05	161,539	-
02/23/2018	19.86	21.23	17.62	19.19	92,667	-
02/22/2018	21.70	22.85	18.47	19.87	81,559	-
02/21/2018	23.50	24.75	18.31	21.72	145,605	-
02/20/2018	26.68	27.10	23.50	23.51	273,553	-
02/19/2018	26.24	28.32	24.86	26.67	67,224	-
02/18/2018	26.87	28.08	22.60	26.30	498,288	-
02/17/2018	29.09	29.61	26.54	26.84	272,704	-
02/16/2018	26.82	30.44	25.91	29.12	247,735	-
02/15/2018	27.20	28.81	24.90	26.90	126,531	-
02/14/2018	28.72	29.13	25.27	27.19	178,619	-
02/13/2018	27.09	28.90	22.42	28.75	395,120	-
02/12/2018	24.77	29.63	24.77	27.07	91,827	-
02/11/2018	30.18	30.18	22.54	24.68	379,682	-
02/10/2018	25.81	31.51	22.79	29.04	1,538,930	-
02/09/2018	21.04	25.73	18.11	25.73	420,721	-
02/08/2018	18.78	24.60	17.88	21.00	342,577	-
02/07/2018	20.46	24.39	15.41	18.83	417,445	-
02/06/2018	18.11	23.67	11.73	20.44	702,526	-
02/05/2018	27.05	27.47	15.02	18.08	1,015,560	-
02/04/2018	30.40	36.29	25.65	27.26	734,333	-
02/03/2018	20.12	39.43	16.38	31.80	849,515	-
02/02/2018	20.30	25.95	15.27	20.07	182,308	-
02/01/2018	28.36	29.99	16.86	20.32	256,059	-
01/31/2018	31.81	31.90	23.94	28.32	326,010	-
01/30/2018	37.50	38.79	27.77	31.94	523,779	-
01/29/2018	42.68	42.68	31.21	37.87	715,375	-
01/28/2018	55.32	58.08	36.19	36.19	1,200,630	-
01/27/2018	32.88	57.75	32.88	55.11	4,132,270	-
01/26/2018	6.43	91.43	6.17	38.64	8,119,040	-
01/25/2018	4.42	6.44	3.71	6.44	199,921	-
01/24/2018	4.89	5.02	3.38	4.39	27,190	-
01/23/2018	5.57	5.71	2.94	4.90	104,133	-
01/22/2018	5.99	6.56	3.48	5.26	100,474	-
01/21/2018	6.92	7.36	2.85	5.96	90,920	-
01/20/2018	7.09	7.48	6.60	6.92	129,535	-
