Date	Open	High	Low	Close	Volume	Market Cap
07/15/2018	0.020708	0.021866	0.020383	0.021158	137,968	8,697,150
07/14/2018	0.020045	0.021354	0.019907	0.020648	140,284	8,418,940
07/13/2018	0.019726	0.020688	0.019557	0.020074	82,667	8,284,960
07/12/2018	0.021218	0.021680	0.019062	0.019691	31,568	8,911,640
07/11/2018	0.021721	0.022045	0.019427	0.021011	23,040	9,122,900
07/10/2018	0.023058	0.023423	0.021176	0.021718	45,531	9,684,400
07/09/2018	0.023805	0.024570	0.023225	0.023359	30,003	9,998,140
07/08/2018	0.024253	0.024795	0.023803	0.023813	30,453	10,186,100
07/07/2018	0.023977	0.024542	0.023220	0.024256	13,189	10,070,500
07/06/2018	0.025017	0.025248	0.023342	0.024002	26,814	10,507,200
07/05/2018	0.024899	0.025586	0.024248	0.025033	7,126	10,457,500
07/04/2018	0.024123	0.025813	0.023467	0.024836	23,776	10,131,500
07/03/2018	0.025210	0.025934	0.023567	0.024124	27,918	10,588,200
07/02/2018	0.023775	0.025807	0.023259	0.025292	26,628	9,985,670
07/01/2018	0.024339	0.024441	0.023050	0.023773	13,038	10,222,300
06/30/2018	0.022909	0.024509	0.022575	0.024325	38,924	9,621,820
06/29/2018	0.022066	0.023416	0.021162	0.022890	105,128	9,217,690
06/28/2018	0.022731	0.023704	0.021953	0.022078	146,992	9,495,280
06/27/2018	0.022014	0.024236	0.021289	0.022705	185,208	9,195,720
06/26/2018	0.023348	0.023440	0.021921	0.022035	158,311	9,753,240
06/25/2018	0.022959	0.023464	0.020711	0.023314	174,203	9,590,410
06/24/2018	0.024915	0.025071	0.021531	0.023036	173,125	10,407,800
06/23/2018	0.024806	0.025624	0.023866	0.025001	175,993	10,362,100
06/22/2018	0.027537	0.027544	0.024150	0.024804	35,265	11,503,000
06/21/2018	0.028238	0.028776	0.027343	0.027552	20,784	11,795,700
06/20/2018	0.028634	0.028748	0.027295	0.028243	17,543	11,961,200
06/19/2018	0.027082	0.029249	0.027082	0.028824	52,925	11,312,800
06/18/2018	0.026305	0.027528	0.025800	0.027088	16,610	10,988,500
06/17/2018	0.026024	0.027000	0.025887	0.026344	27,575	10,870,800
06/16/2018	0.025399	0.026812	0.024065	0.025975	46,958	10,610,000
06/15/2018	0.026214	0.026536	0.024779	0.025474	42,296	10,950,200
06/14/2018	0.024427	0.026688	0.024427	0.026251	47,801	10,203,800
06/13/2018	0.025850	0.026636	0.024237	0.024417	72,740	10,798,500
06/12/2018	0.030197	0.030398	0.025269	0.025781	87,218	12,583,900
06/11/2018	0.028313	0.031009	0.028165	0.030347	73,057	11,798,900
06/10/2018	0.032858	0.032858	0.026817	0.028699	95,528	13,693,000
06/09/2018	0.034891	0.034955	0.032808	0.032808	58,612	14,540,100
06/08/2018	0.034897	0.035376	0.033030	0.034895	40,373	14,542,400
06/07/2018	0.033623	0.036570	0.032373	0.034854	101,758	13,988,800
06/06/2018	0.034765	0.035323	0.032166	0.033612	62,466	14,429,100
06/05/2018	0.036524	0.036573	0.032000	0.034800	84,361	15,157,400
06/04/2018	0.036397	0.036839	0.033303	0.036316	97,013	15,104,700
06/03/2018	0.034786	0.038290	0.034491	0.036416	80,982	14,436,100
06/02/2018	0.033089	0.034991	0.032955	0.034796	52,927	13,731,800
06/01/2018	0.036646	0.037314	0.030736	0.033101	246,121	15,208,200
05/31/2018	0.037085	0.038365	0.033950	0.036595	123,003	15,390,200
05/30/2018	0.037511	0.040138	0.036317	0.037109	89,669	15,567,200
05/29/2018	0.030712	0.038960	0.030712	0.037487	95,747	12,745,300
05/28/2018	0.032822	0.033900	0.030478	0.030821	48,372	13,621,000
05/27/2018	0.035465	0.035701	0.032376	0.032518	48,045	14,718,100
05/26/2018	0.034823	0.036797	0.033532	0.035423	60,201	14,451,700
05/25/2018	0.034777	0.036542	0.033356	0.034559	66,948	14,432,400
05/24/2018	0.034354	0.037035	0.032947	0.034724	108,889	14,257,000
05/23/2018	0.037673	0.037673	0.032733	0.034465	155,592	15,634,500
05/22/2018	0.041986	0.042174	0.037527	0.037723	84,478	17,424,300
05/21/2018	0.044045	0.045288	0.041332	0.042017	91,452	18,278,800
05/20/2018	0.042859	0.045693	0.042264	0.043991	128,681	17,786,400
05/19/2018	0.047994	0.048089	0.042462	0.043010	159,505	19,917,300
05/18/2018	0.044500	0.048399	0.042540	0.047998	98,477	18,467,500
05/17/2018	0.046883	0.048202	0.043102	0.044503	131,288	19,456,600
05/16/2018	0.043293	0.046695	0.040911	0.045845	128,943	17,966,700
05/15/2018	0.046563	0.047022	0.043183	0.043301	209,038	19,323,600
05/14/2018	0.049825	0.049825	0.044963	0.046636	157,651	20,677,400
05/13/2018	0.046623	0.051737	0.042493	0.049837	196,905	19,348,800
05/12/2018	0.041023	0.049970	0.039026	0.046684	149,485	17,024,700
05/11/2018	0.045394	0.045394	0.038009	0.041118	221,745	18,838,500
05/10/2018	0.046335	0.050058	0.045000	0.045396	245,632	19,229,000
05/09/2018	0.047065	0.051389	0.044995	0.046325	305,690	19,532,000
05/08/2018	0.056121	0.056911	0.049436	0.049436	165,406	23,290,300
05/07/2018	0.058737	0.058802	0.052934	0.055894	98,645	24,375,800
05/06/2018	0.062549	0.063109	0.053596	0.058207	115,480	25,958,000
05/05/2018	0.057350	0.063817	0.055505	0.063598	261,779	23,800,400
05/04/2018	0.061915	0.061915	0.053431	0.057330	185,588	25,694,800
05/03/2018	0.056322	0.064027	0.051796	0.062027	332,307	23,373,800
05/02/2018	0.057132	0.061594	0.053686	0.056304	283,394	23,709,800
05/01/2018	0.065605	0.066396	0.057327	0.057523	262,478	27,226,000
04/30/2018	0.067704	0.071854	0.062724	0.065528	246,977	28,097,100
04/29/2018	0.071789	0.076050	0.064464	0.069471	232,319	29,792,600
04/28/2018	0.062673	0.074965	0.062269	0.071725	308,992	26,009,100
04/27/2018	0.059786	0.065891	0.058519	0.062981	383,810	24,811,000
04/26/2018	0.047385	0.065617	0.047320	0.058319	576,070	19,664,900
04/25/2018	0.058418	0.059674	0.045780	0.046964	351,158	24,243,600
04/24/2018	0.056311	0.060923	0.055014	0.058697	333,813	23,369,200
04/23/2018	0.051797	0.056652	0.049834	0.055538	568,120	21,495,800
04/22/2018	0.042520	0.056413	0.041312	0.052023	1,313,320	17,645,800
04/21/2018	0.039774	0.042564	0.037559	0.042496	553,975	16,506,000
04/20/2018	0.035541	0.040168	0.035510	0.039816	466,662	14,749,600
04/19/2018	0.031028	0.036887	0.029841	0.036407	585,003	12,876,600
04/18/2018	0.031490	0.031649	0.029365	0.030932	394,972	13,068,500
04/17/2018	0.028538	0.031684	0.027513	0.031470	285,282	11,843,400
04/16/2018	0.031959	0.032540	0.027209	0.028118	259,833	13,263,000
04/15/2018	0.028556	0.032212	0.028152	0.032161	257,531	11,850,900
04/14/2018	0.029762	0.030869	0.028347	0.028602	234,394	12,351,300
04/13/2018	0.031769	0.033864	0.029613	0.029715	280,907	13,184,300
04/12/2018	0.025800	0.031867	0.024758	0.031732	271,792	10,706,900
04/11/2018	0.024680	0.026013	0.024531	0.025868	111,579	10,242,000
04/10/2018	0.024062	0.024895	0.023755	0.024629	125,539	9,985,550
04/09/2018	0.024740	0.025739	0.023425	0.024057	168,237	10,266,900
04/08/2018	0.023520	0.025600	0.023300	0.024745	215,209	9,760,690
04/07/2018	0.022570	0.024233	0.022383	0.023496	182,657	9,366,640
04/06/2018	0.023574	0.024208	0.021431	0.022582	168,297	9,783,250
04/05/2018	0.026371	0.026541	0.023541	0.023687	246,958	10,944,000
04/04/2018	0.028046	0.028608	0.024530	0.026363	240,924	11,639,100
04/03/2018	0.025726	0.028220	0.024382	0.028035	290,573	10,676,500
04/02/2018	0.023198	0.025842	0.022694	0.025723	255,170	9,627,130
04/01/2018	0.022848	0.023630	0.021043	0.023073	179,301	9,481,860
03/31/2018	0.022044	0.023544	0.022044	0.022824	130,365	9,148,370
03/30/2018	0.022394	0.023512	0.021066	0.022094	208,099	9,293,500
03/29/2018	0.024935	0.025913	0.021752	0.022447	126,432	10,347,900
03/28/2018	0.025216	0.026612	0.024174	0.024897	34,134	10,464,600
03/27/2018	0.027197	0.028094	0.024349	0.025215	166,789	11,286,900
03/26/2018	0.030086	0.030406	0.025569	0.027227	101,518	12,485,800
03/25/2018	0.030485	0.030976	0.029498	0.030139	47,056	12,651,200
03/24/2018	0.030929	0.032131	0.029108	0.030875	31,239	12,835,400
03/23/2018	0.032792	0.032792	0.029580	0.030599	54,057	13,608,800
03/22/2018	0.034527	0.035276	0.031649	0.032797	35,654	14,328,600
03/21/2018	0.033581	0.036207	0.032497	0.034562	48,713	13,936,000
03/20/2018	0.033538	0.033971	0.030544	0.033321	106,135	13,918,300
03/19/2018	0.029471	0.033256	0.028031	0.033256	45,053	12,230,600
03/18/2018	0.031866	0.031866	0.024474	0.029592	216,281	13,224,300
03/17/2018	0.035915	0.036037	0.031180	0.031949	50,530	14,904,800
03/16/2018	0.036853	0.036885	0.033028	0.035768	106,247	15,293,800
03/15/2018	0.037953	0.045188	0.032766	0.036883	83,304	15,750,600
03/14/2018	0.041577	0.044431	0.033515	0.037515	103,262	17,254,500
03/13/2018	0.043782	0.045080	0.041296	0.041564	139,648	18,081,900
03/12/2018	0.044700	0.045924	0.040521	0.043894	117,022	18,461,200
03/11/2018	0.038555	0.045047	0.034398	0.044853	187,678	15,923,300
03/10/2018	0.041940	0.043986	0.037499	0.038676	101,577	17,321,100
03/09/2018	0.044832	0.045555	0.034320	0.041948	136,530	-
03/08/2018	0.047173	0.048316	0.039077	0.044986	162,663	-
03/07/2018	0.050226	0.055230	0.036015	0.047246	281,010	-
03/06/2018	0.058869	0.059337	0.048341	0.049728	316,325	-
03/05/2018	0.060221	0.061471	0.057089	0.058939	222,527	-
03/04/2018	0.060722	0.061165	0.056157	0.060227	219,334	-
03/03/2018	0.056754	0.060784	0.054308	0.060182	257,566	-
03/02/2018	0.063135	0.065090	0.054351	0.057061	470,745	-
03/01/2018	0.061177	0.064681	0.059041	0.064045	357,240	-
02/28/2018	0.061171	0.063703	0.058022	0.061136	430,365	-
02/27/2018	0.059974	0.063781	0.057795	0.061168	322,994	-
02/26/2018	0.059055	0.063453	0.057234	0.060512	342,389	-
02/25/2018	0.056712	0.061124	0.054833	0.059008	327,145	-
02/24/2018	0.059660	0.063864	0.053059	0.056812	510,819	-
02/23/2018	0.050473	0.060043	0.047120	0.057849	629,528	-
02/22/2018	0.052640	0.054518	0.045786	0.050539	184,717	-
02/21/2018	0.056475	0.056802	0.045096	0.052239	402,330	-
02/20/2018	0.062129	0.066385	0.055921	0.056076	623,472	-
02/19/2018	0.059282	0.065231	0.056342	0.061861	435,727	-
02/18/2018	0.063444	0.063635	0.055670	0.059477	370,508	-
02/17/2018	0.064269	0.065884	0.060423	0.063580	456,164	-
