Date	Open	High	Low	Close	Volume	Market Cap
07/15/2018	0.622320	0.695439	0.594217	0.669218	348,847	224,563,000
07/14/2018	0.621649	0.658949	0.618460	0.621687	304,657	224,274,000
07/13/2018	0.647977	0.670609	0.611582	0.622208	308,962	233,773,000
07/12/2018	0.642256	0.661451	0.625562	0.647000	331,587	231,709,000
07/11/2018	0.652658	0.697764	0.607512	0.643160	344,416	235,454,000
07/10/2018	0.713184	0.722947	0.651727	0.653035	263,560	257,290,000
07/09/2018	0.790405	0.799351	0.700460	0.713663	355,669	285,107,000
07/08/2018	0.766569	0.810812	0.764504	0.790614	290,043	276,509,000
07/07/2018	0.719244	0.766960	0.667912	0.766960	301,598	259,439,000
07/06/2018	0.750522	0.765615	0.666374	0.715740	578,098	270,721,000
07/05/2018	0.784580	0.851221	0.721709	0.746034	527,324	283,006,000
07/04/2018	0.815008	0.831020	0.780834	0.780834	348,474	293,982,000
07/03/2018	0.875720	0.902357	0.802695	0.815004	597,248	315,881,000
07/02/2018	0.811649	0.915869	0.796485	0.885692	373,132	292,770,000
07/01/2018	0.823489	0.825181	0.790988	0.811490	349,506	297,041,000
06/30/2018	0.789335	0.898257	0.755669	0.841183	632,318	284,719,000
06/29/2018	0.702518	0.843963	0.696588	0.791774	709,905	253,353,000
06/28/2018	0.741295	0.788172	0.691970	0.702393	486,627	267,332,000
06/27/2018	0.743967	0.785917	0.709552	0.740666	308,024	268,295,000
06/26/2018	0.767483	0.805317	0.733316	0.737345	268,126	276,776,000
06/25/2018	0.784629	0.790286	0.737868	0.767668	175,024	282,959,000
06/24/2018	0.822153	0.826293	0.725938	0.787705	248,224	296,491,000
06/23/2018	0.761437	0.831746	0.749070	0.822482	753,527	274,582,000
06/22/2018	0.981635	0.984866	0.762590	0.762796	1,027,070	353,987,000
06/21/2018	0.985718	1.04	0.972924	0.982785	785,098	355,459,000
06/20/2018	0.998035	1.03	0.967547	0.984724	1,029,980	359,900,000
06/19/2018	1.04	1.05	0.985728	0.996760	797,980	375,694,000
06/18/2018	1.03	1.04	0.980393	1.04	714,665	370,061,000
06/17/2018	1.04	1.05	1.02	1.03	648,407	375,848,000
06/16/2018	1.02	1.06	1.01	1.04	754,092	369,375,000
06/15/2018	1.05	1.08	1.02	1.03	545,195	378,309,000
06/14/2018	0.980474	1.05	0.959951	1.05	406,892	353,486,000
06/13/2018	1.06	1.08	0.945435	0.980124	402,931	380,562,000
06/12/2018	1.10	1.15	1.00	1.05	506,139	395,093,000
06/11/2018	1.14	1.14	0.993636	1.10	857,301	411,484,000
06/10/2018	1.28	1.28	1.13	1.14	439,966	461,444,000
06/09/2018	1.29	1.33	1.28	1.28	376,402	465,588,000
06/08/2018	1.27	1.36	1.25	1.29	686,015	459,119,000
06/07/2018	1.36	1.38	1.21	1.27	1,299,530	491,188,000
06/06/2018	1.43	1.45	1.35	1.36	1,025,180	514,730,000
06/05/2018	1.35	1.51	1.31	1.43	1,204,230	486,726,000
06/04/2018	1.44	1.45	1.33	1.35	584,525	518,318,000
06/03/2018	1.43	1.61	1.41	1.42	496,029	516,414,000
06/02/2018	1.39	1.48	1.36	1.43	512,584	500,657,000
06/01/2018	1.38	1.43	1.35	1.39	599,447	498,815,000
05/31/2018	1.30	1.43	1.29	1.38	702,643	467,388,000
05/30/2018	1.30	1.38	1.26	1.29	577,081	467,946,000
05/29/2018	1.17	1.37	1.16	1.30	1,079,730	420,812,000
05/28/2018	1.24	1.28	1.16	1.17	693,354	444,963,000
05/27/2018	1.23	1.26	1.17	1.24	621,569	443,800,000
05/26/2018	1.25	1.28	1.22	1.23	433,068	449,089,000
05/25/2018	1.23	1.31	1.23	1.25	646,173	442,106,000
05/24/2018	1.17	1.31	1.12	1.21	685,425	421,781,000
05/23/2018	1.28	1.33	1.13	1.17	582,023	459,902,000
05/22/2018	1.49	1.49	1.27	1.28	651,977	535,670,000
05/21/2018	1.66	1.68	1.44	1.49	724,421	597,852,000
05/20/2018	1.45	1.67	1.44	1.65	626,541	524,009,000
05/19/2018	1.52	1.63	1.44	1.46	786,691	545,688,000
05/18/2018	1.55	1.55	1.47	1.51	572,857	557,812,000
05/17/2018	1.58	1.65	1.54	1.55	812,123	564,090,000
05/16/2018	1.58	1.61	1.52	1.59	753,895	563,316,000
05/15/2018	1.65	1.67	1.57	1.58	721,802	587,339,000
05/14/2018	1.69	1.77	1.60	1.67	749,012	609,411,000
05/13/2018	1.60	1.71	1.57	1.69	646,948	577,400,000
05/12/2018	1.58	1.66	1.52	1.60	679,301	567,571,000
05/11/2018	1.68	1.74	1.58	1.58	654,409	604,956,000
05/10/2018	1.76	1.85	1.67	1.67	833,209	633,061,000
05/09/2018	1.82	1.88	1.74	1.76	1,006,340	655,967,000
05/08/2018	1.81	1.88	1.74	1.83	590,025	652,959,000
05/07/2018	1.87	1.88	1.74	1.82	797,544	674,107,000
05/06/2018	2.00	2.11	1.79	1.88	1,067,830	720,795,000
05/05/2018	1.88	2.02	1.86	2.00	1,067,250	675,624,000
05/04/2018	1.97	1.98	1.84	1.89	1,913,660	711,043,000
05/03/2018	1.80	2.09	1.80	1.95	2,611,190	646,787,000
05/02/2018	1.76	1.91	1.73	1.80	1,153,710	632,300,000
05/01/2018	1.75	1.77	1.66	1.76	697,578	629,528,000
04/30/2018	1.72	1.85	1.66	1.74	1,345,020	618,288,000
04/29/2018	1.52	1.90	1.52	1.71	1,410,300	546,039,000
04/28/2018	1.39	1.53	1.39	1.53	923,701	500,390,000
04/27/2018	1.50	1.50	1.39	1.40	808,980	541,485,000
04/26/2018	1.33	1.52	1.30	1.51	1,461,170	477,290,000
04/25/2018	1.48	1.48	1.23	1.31	1,629,990	531,693,000
04/24/2018	1.48	1.53	1.42	1.48	1,326,580	531,955,000
04/23/2018	1.51	1.52	1.46	1.48	731,488	544,895,000
04/22/2018	1.46	1.58	1.43	1.52	1,192,420	524,267,000
04/21/2018	1.51	1.52	1.42	1.46	1,106,090	542,264,000
04/20/2018	1.26	1.54	1.26	1.53	715,023	451,537,000
04/19/2018	1.18	1.25	1.16	1.25	577,618	423,353,000
04/18/2018	1.11	1.19	1.11	1.17	366,075	400,197,000
04/17/2018	1.18	1.18	1.11	1.11	403,298	422,875,000
04/16/2018	1.28	1.28	1.14	1.18	404,276	459,062,000
04/15/2018	1.18	1.65	1.12	1.28	489,264	425,379,000
04/14/2018	1.18	1.23	1.14	1.18	395,954	423,371,000
04/13/2018	1.19	1.29	0.997235	1.09	1,363,970	429,260,000
04/12/2018	1.04	1.22	1.00	1.16	2,275,730	374,025,000
04/11/2018	1.03	1.11	0.973760	1.01	2,381,110	371,904,000
04/10/2018	0.952950	1.04	0.945920	1.02	1,972,590	342,688,000
04/09/2018	0.985279	1.03	0.940969	0.955567	708,154	354,314,000
04/08/2018	0.943365	0.994913	0.943338	0.983440	305,997	339,241,000
04/07/2018	0.911151	0.993757	0.904311	0.945726	325,205	327,657,000
04/06/2018	0.949855	0.957060	0.898226	0.909749	321,127	341,575,000
04/05/2018	0.904269	0.972449	0.875129	0.957527	408,782	325,179,000
04/04/2018	0.994873	1.01	0.858844	0.904268	365,024	357,739,000
04/03/2018	0.930200	1.00	0.916104	0.996150	298,623	334,484,000
04/02/2018	0.945823	1.06	0.919039	0.929663	274,856	340,102,000
04/01/2018	0.913359	0.969493	0.862944	0.954635	307,471	328,428,000
03/31/2018	0.936039	1.00	0.886785	0.914495	370,595	336,584,000
03/30/2018	0.986726	1.03	0.909677	0.937085	470,690	354,810,000
03/29/2018	1.08	1.10	0.958360	0.989225	496,590	389,613,000
03/28/2018	1.07	1.11	1.06	1.08	330,642	384,723,000
03/27/2018	1.16	1.16	1.06	1.07	385,060	415,300,000
03/26/2018	1.17	1.21	1.07	1.16	652,340	420,014,000
03/25/2018	1.10	1.19	1.07	1.19	395,674	397,064,000
03/24/2018	1.13	1.24	1.10	1.12	429,531	406,961,000
03/23/2018	1.14	1.14	1.06	1.12	539,824	409,745,000
03/22/2018	1.21	1.27	1.09	1.14	466,219	434,016,000
03/21/2018	1.14	1.25	1.14	1.21	546,389	410,287,000
03/20/2018	1.10	1.18	1.07	1.14	641,695	394,911,000
03/19/2018	1.04	1.13	1.01	1.09	643,322	374,772,000
03/18/2018	1.03	1.07	0.851118	1.04	681,938	369,724,000
03/17/2018	1.15	1.16	1.03	1.03	488,605	414,025,000
03/16/2018	1.15	1.20	1.10	1.15	561,047	411,653,000
03/15/2018	1.21	1.24	1.09	1.15	892,659	436,558,000
03/14/2018	1.34	1.40	1.15	1.22	666,784	482,802,000
03/13/2018	1.31	1.39	1.25	1.34	614,413	472,153,000
03/12/2018	1.45	1.52	1.26	1.32	623,472	522,358,000
03/11/2018	1.35	1.53	1.26	1.46	704,859	483,866,000
03/10/2018	1.54	1.55	1.27	1.35	834,448	552,009,000
03/09/2018	1.33	1.56	1.20	1.54	791,133	478,274,000
03/08/2018	1.54	1.62	1.32	1.33	783,809	552,359,000
03/07/2018	1.61	1.68	1.47	1.54	864,987	580,362,000
03/06/2018	1.71	1.84	1.60	1.62	1,070,350	613,040,000
03/05/2018	1.82	1.94	1.68	1.71	1,461,500	654,590,000
03/04/2018	1.80	1.86	1.62	1.82	860,770	645,349,000
03/03/2018	1.78	1.88	1.77	1.79	771,788	638,028,000
03/02/2018	1.76	1.84	1.75	1.78	859,359	632,524,000
03/01/2018	1.74	1.82	1.72	1.76	883,064	625,089,000
02/28/2018	1.83	1.98	1.72	1.74	905,598	657,274,000
02/27/2018	2.05	2.05	1.82	1.83	698,792	735,864,000
02/26/2018	1.86	2.08	1.84	2.04	513,974	667,228,000
02/25/2018	1.90	1.90	1.81	1.87	307,627	682,554,000
02/24/2018	1.90	2.04	1.83	1.90	597,030	681,001,000
02/23/2018	1.97	2.11	1.85	1.90	666,451	705,294,000
02/22/2018	2.12	2.19	1.85	1.97	994,730	760,782,000
02/21/2018	2.30	2.46	2.04	2.12	785,626	826,161,000
02/20/2018	2.38	2.61	2.32	2.32	1,265,460	854,197,000
02/19/2018	2.22	2.38	2.19	2.38	842,577	796,025,000
02/18/2018	2.27	2.35	2.09	2.23	914,941	815,915,000
02/17/2018	2.26	2.43	2.21	2.28	1,098,650	810,646,000
02/16/2018	2.01	2.43	2.00	2.26	745,385	720,841,000
02/15/2018	2.34	2.34	1.99	1.99	1,390,900	840,560,000
02/14/2018	1.71	2.37	1.71	2.33	1,635,590	612,423,000
02/13/2018	1.73	1.80	1.63	1.73	762,763	594,594,000
02/12/2018	1.44	1.85	1.43	1.74	1,196,790	494,427,000
02/11/2018	1.47	1.56	1.34	1.43	516,198	506,200,000
02/10/2018	1.50	1.59	1.40	1.47	562,500	515,456,000
02/09/2018	1.38	2.19	1.27	1.50	710,388	474,355,000
02/08/2018	1.22	1.47	1.21	1.37	479,390	419,729,000
02/07/2018	1.40	1.54	1.19	1.20	744,113	481,604,000
02/06/2018	1.12	1.42	0.826084	1.41	1,148,330	386,224,000
02/05/2018	1.48	1.54	1.05	1.12	764,470	510,504,000
02/04/2018	1.72	1.82	1.41	1.50	663,940	592,649,000
02/03/2018	1.59	1.90	1.46	1.72	701,289	548,548,000
02/02/2018	1.86	1.87	1.29	1.59	917,640	640,989,000
02/01/2018	2.03	2.23	1.72	1.87	973,099	698,479,000
01/31/2018	1.96	2.24	1.84	2.03	1,423,700	673,118,000
01/30/2018	2.30	2.36	1.90	1.95	1,629,830	791,971,000
01/29/2018	2.38	2.62	2.22	2.29	1,836,730	819,101,000
01/28/2018	1.98	2.48	1.96	2.37	1,646,840	680,087,000
01/27/2018	1.83	1.98	1.80	1.98	720,460	630,823,000
01/26/2018	1.78	1.90	1.66	1.83	1,015,660	611,258,000
01/25/2018	1.86	1.92	1.76	1.78	1,024,320	454,196,000
01/24/2018	1.70	1.88	1.66	1.83	1,559,140	415,782,000
01/23/2018	1.77	1.90	1.67	1.70	807,366	432,874,000
01/22/2018	1.94	1.95	1.64	1.79	683,656	473,951,000
01/21/2018	2.00	2.11	1.75	1.92	1,000,580	488,172,000
01/20/2018	1.86	2.21	1.86	1.99	799,479	454,369,000
01/19/2018	1.94	2.17	1.77	1.86	1,149,220	473,735,000
01/18/2018	1.98	2.24	1.85	1.97	1,256,730	483,172,000
01/17/2018	1.91	2.19	1.54	1.98	1,240,490	465,579,000
01/16/2018	2.20	2.37	1.59	1.92	1,596,940	402,094,000
01/15/2018	2.66	2.72	2.04	2.26	1,964,590	486,415,000
01/14/2018	2.71	2.79	2.44	2.61	1,931,400	495,134,000
01/13/2018	2.51	2.82	2.42	2.70	2,718,050	458,472,000
01/12/2018	2.43	2.62	2.27	2.51	1,629,480	444,080,000
01/11/2018	2.49	2.59	2.05	2.41	1,791,770	454,689,000
01/10/2018	2.79	2.80	2.22	2.45	2,766,430	509,893,000
01/09/2018	2.89	2.99	2.53	2.81	2,547,570	528,607,000
01/08/2018	2.92	3.14	2.49	2.90	2,470,460	534,516,000
01/07/2018	2.35	3.00	2.20	3.00	2,609,570	430,297,000
01/06/2018	2.51	2.70	2.23	2.36	3,014,060	459,475,000
01/05/2018	2.13	2.87	2.13	2.53	4,205,640	389,488,000
01/04/2018	2.10	2.18	1.86	2.10	2,443,920	384,571,000
01/03/2018	2.42	2.42	1.95	2.09	2,351,030	443,175,000
01/02/2018	1.37	2.44	1.37	2.42	5,207,890	249,791,000
01/01/2018	0.705983	1.48	0.656576	1.35	2,409,160	129,169,000
12/31/2017	0.658982	0.726004	0.547553	0.719817	554,462	120,569,000
12/30/2017	0.695645	0.695645	0.550780	0.656832	462,467	127,277,000
12/29/2017	0.604372	0.686723	0.569895	0.647335	337,828	110,578,000
12/28/2017	0.708854	0.713493	0.571864	0.608830	359,094	129,694,000
12/27/2017	0.715722	0.761959	0.636347	0.710163	444,550	130,951,000
12/26/2017	0.534896	0.728007	0.523776	0.693165	671,928	97,866,300
12/25/2017	0.466724	0.551002	0.460810	0.539369	637,287	85,393,200
12/24/2017	0.526535	0.533845	0.419142	0.459982	811,846	96,336,600
12/23/2017	0.562065	0.667653	0.513353	0.520501	839,943	102,837,000
12/22/2017	0.724057	0.829626	0.402633	0.614822	583,378	132,476,000
12/21/2017	0.800172	0.913243	0.749922	0.754088	220,805	146,402,000
12/20/2017	1.05	1.05	0.723260	0.799065	925,381	192,554,000
12/19/2017	0.621920	1.07	0.621096	1.05	725,817	113,788,000
12/18/2017	0.609583	0.645902	0.568793	0.623993	687,354	111,531,000
12/17/2017	0.598993	0.662449	0.588407	0.609511	351,307	109,594,000
12/16/2017	0.626290	0.649676	0.576899	0.598099	376,054	114,588,000
12/15/2017	0.661373	0.676780	0.597862	0.624883	289,483	121,007,000
12/14/2017	0.641305	0.694187	0.604749	0.660590	246,756	117,335,000
12/13/2017	0.588937	0.721442	0.538654	0.642007	89,749	107,754,000
12/12/2017	0.467755	0.620420	0.423254	0.588534	97,331	85,582,000
12/11/2017	0.437915	0.495315	0.349423	0.470775	220,240	80,122,300
12/10/2017	0.488289	0.559410	0.372133	0.444034	86,143	89,339,000
12/09/2017	0.540047	0.652289	0.485044	0.486727	187,639	98,808,800
12/08/2017	0.559875	0.596047	0.464156	0.540061	360,288	102,436,000
12/07/2017	0.700801	0.740254	0.424152	0.590707	502,319	127,520,000
12/06/2017	0.406433	0.715904	0.405743	0.710438	236,956	73,955,900
12/05/2017	0.358652	0.418963	0.347204	0.407149	56,484	65,261,500
12/04/2017	0.321543	0.371843	0.312541	0.358468	59,232	58,508,900
12/03/2017	0.308134	0.331352	0.291839	0.318914	63,048	56,069,000
12/02/2017	0.299943	0.326974	0.286416	0.308030	74,698	54,578,700
12/01/2017	0.248464	0.299952	0.240404	0.299952	68,615	45,211,300
11/30/2017	0.221815	0.251718	0.205415	0.249082	142,725	40,362,100
11/29/2017	0.242403	0.249361	0.204279	0.219010	12,541	44,108,500
11/28/2017	0.229870	0.253236	0.224324	0.242209	28,080	41,827,900
11/27/2017	0.227218	0.252267	0.222303	0.230185	55,006	41,345,300
11/26/2017	0.241402	0.265778	0.211240	0.227275	42,443	43,926,200
11/25/2017	0.224129	0.269261	0.205736	0.241394	51,677	40,783,200
11/24/2017	0.232366	0.235733	0.196240	0.224166	46,103	42,282,000
11/23/2017	0.187700	0.264788	0.187700	0.233534	199,411	34,154,500
11/22/2017	0.165951	0.192210	0.165817	0.187269	31,200	30,197,000
11/21/2017	0.158318	0.167181	0.150038	0.165739	7,051	28,808,100
11/20/2017	0.153109	0.186232	0.141887	0.158568	73,699	27,860,200
11/19/2017	0.143078	0.156149	0.141380	0.153274	15,466	26,035,000
11/18/2017	0.137773	0.152167	0.132310	0.143449	21,093	25,069,600
11/17/2017	0.141578	0.165781	0.132144	0.138531	47,733	25,761,900
11/16/2017	0.120169	0.168295	0.115433	0.141676	81,554	21,866,400
11/15/2017	0.139026	0.142337	0.119264	0.120263	12,695	-
11/14/2017	0.141815	0.152871	0.133524	0.138951	34,067	-
11/13/2017	0.143723	0.146598	0.121965	0.141822	21,381	-
11/12/2017	0.132139	0.149172	0.117238	0.143495	12,190	-
11/11/2017	0.142234	0.162639	0.122815	0.132124	2,136	-
11/10/2017	0.156775	0.157118	0.122991	0.123023	33,552	-
11/09/2017	0.120051	0.157560	0.119572	0.156701	21,441	-
11/08/2017	0.122750	0.137995	0.120702	0.120702	13,642	-
11/07/2017	0.095705	0.139953	0.090107	0.122836	21,794	-
11/06/2017	0.153184	0.155777	0.095562	0.095562	18,772	-
11/05/2017	0.145499	0.154199	0.122292	0.153040	6,183	-
11/04/2017	0.143249	0.154546	0.127436	0.145310	15,995	-
11/03/2017	0.135774	0.160669	0.123071	0.143226	19,424	-
11/02/2017	0.142061	0.159305	0.131256	0.135111	20,687	-
11/01/2017	0.146731	0.213032	0.127123	0.141668	58,795	-
10/31/2017	0.144205	0.171555	0.144066	0.147002	46,345	-
10/30/2017	0.163747	0.166523	0.143412	0.144126	7,203	-
10/29/2017	0.159122	0.168994	0.142260	0.164076	5,246	-
10/28/2017	0.136560	0.159758	0.134762	0.159190	3,590	-
10/27/2017	0.165609	0.167359	0.135263	0.136437	21,020	-
10/26/2017	0.146890	0.167765	0.133203	0.165692	42,943	-
10/25/2017	0.142820	0.159400	0.139643	0.147206	1,482	-
10/24/2017	0.134892	0.173573	0.132912	0.142694	48,705	-
10/23/2017	0.161659	0.172558	0.134685	0.134983	35,983	-
10/22/2017	0.164421	0.166518	0.137277	0.161753	9,852	-
10/21/2017	0.169492	0.180880	0.134659	0.164426	22,640	-
10/20/2017	0.169852	0.197512	0.143464	0.169711	5,704	-
10/19/2017	0.172494	0.242789	0.125669	0.169990	24,265	-
10/18/2017	0.186608	0.186618	0.122617	0.172896	26,564	-
10/17/2017	0.181137	0.198503	0.148407	0.186829	17,036	-
10/16/2017	0.187672	0.219125	0.170032	0.180354	39,622	-
10/15/2017	0.220156	0.230968	0.186753	0.187177	6,825	-
10/14/2017	0.187942	0.234149	0.023524	0.219511	14,610	-
10/13/2017	0.214954	0.257224	0.182170	0.187757	34,592	-
10/12/2017	0.202347	0.268822	0.184496	0.215374	30,129	-
10/11/2017	0.198180	0.262383	0.195815	0.202390	16,009	-
10/10/2017	0.252402	0.274500	0.197577	0.198189	20,495	-
10/09/2017	0.315650	0.315710	0.222512	0.251778	16,776	-
10/08/2017	0.253720	1.49	0.171788	0.293584	36,340	-
10/07/2017	0.200257	0.254636	0.178537	0.254083	38,476	-
10/06/2017	0.186912	0.200603	0.186912	0.200603	22,131	-
