Date	Open	High	Low	Close	Volume	Market Cap
07/15/2018	0.126402	0.143090	0.126007	0.130914	1,148	9,731,610
07/14/2018	0.149665	0.150569	0.117166	0.126452	270	11,522,600
07/13/2018	0.135227	0.151775	0.134084	0.149381	15,883	10,397,500
07/12/2018	0.132778	0.136455	0.127919	0.134880	1,091	10,209,200
07/11/2018	0.136278	0.142255	0.130442	0.132783	1,278	10,488,200
07/10/2018	0.138799	0.146438	0.130376	0.136274	833	10,684,800
07/09/2018	0.156939	0.157518	0.138442	0.138901	3,224	12,082,300
07/08/2018	0.127365	0.158327	0.126482	0.156963	5,442	9,803,750
07/07/2018	0.141379	0.142253	0.115402	0.127338	48	10,880,300
07/06/2018	0.139013	0.146053	0.138695	0.141444	4,375	10,694,200
07/05/2018	0.126515	0.146050	0.125548	0.139070	3,544	9,732,540
07/04/2018	0.144019	0.150239	0.125958	0.126160	3,198	11,079,100
07/03/2018	0.132093	0.146668	0.131228	0.144074	1,147	10,156,600
07/02/2018	0.126415	0.137534	0.125023	0.132118	2,433	9,721,310
07/01/2018	0.125697	0.143112	0.079048	0.126324	6,747	9,665,110
06/30/2018	0.121474	0.134059	0.121474	0.125616	835	9,336,410
06/29/2018	0.123188	0.126167	0.115718	0.121361	2,082	9,468,360
06/28/2018	0.128891	0.129337	0.119455	0.123126	1,747	9,908,270
06/27/2018	0.116194	0.119306	0.113589	0.115796	37	8,936,000
06/26/2018	0.192563	0.193365	0.116417	0.116590	37	14,809,300
06/25/2018	0.187823	0.197088	0.153837	0.192563	145	14,444,500
06/24/2018	0.129528	0.190404	0.122796	0.188581	586	9,952,110
06/23/2018	0.131277	0.134899	0.129082	0.129562	259	10,082,800
06/22/2018	0.144115	0.145272	0.128184	0.131191	447	11,068,500
06/21/2018	0.149396	0.156780	0.143151	0.144153	2,062	11,469,300
06/20/2018	0.157719	0.161722	0.134783	0.149478	16,377	12,088,300
06/19/2018	0.149210	0.158942	0.146834	0.157618	13,649	11,437,300
06/18/2018	0.142107	0.151677	0.138518	0.149299	25,676	10,893,200
06/17/2018	0.142244	0.145499	0.141899	0.142241	3,023	10,931,500
06/16/2018	0.138743	0.144885	0.138670	0.142242	2,115	10,662,900
06/15/2018	0.143756	0.144186	0.131741	0.139123	1,448	11,046,800
06/14/2018	0.131549	0.146350	0.127989	0.143861	3,636	10,112,800
06/13/2018	0.133812	0.134894	0.118305	0.131252	8,168	10,285,800
06/12/2018	0.135798	0.148141	0.087672	0.133310	35,418	10,424,100
06/11/2018	0.131175	0.138382	0.126069	0.135749	3,742	10,070,400
06/10/2018	0.156159	0.156159	0.128148	0.130950	8,748	11,989,200
06/09/2018	0.138553	0.174826	0.123191	0.155854	9,589	10,635,400
06/08/2018	0.156282	0.157251	0.138517	0.138517	2,094	11,995,200
06/07/2018	0.149034	0.192999	0.149034	0.156016	1,324	11,438,800
06/06/2018	0.156009	0.156759	0.148947	0.148973	368	11,975,000
06/05/2018	0.153388	0.156424	0.145567	0.156313	6,677	11,770,000
06/04/2018	0.168045	0.173930	0.152239	0.153398	9,969	12,853,500
06/03/2018	0.167976	0.174780	0.151761	0.168266	6,907	12,853,600
06/02/2018	0.170766	0.170851	0.145590	0.168156	1,609	13,068,700
06/01/2018	0.156792	0.171863	0.149992	0.170803	6,391	12,004,900
05/31/2018	0.143862	0.169249	0.141089	0.156489	29,070	11,024,300
05/30/2018	0.124575	0.144130	0.124554	0.144000	22,818	9,548,880
05/29/2018	0.120743	0.141993	0.120447	0.124495	3,584	9,255,110
05/28/2018	0.131951	0.132140	0.118790	0.120978	631	10,098,700
05/27/2018	0.137510	0.146808	0.129772	0.131955	6,000	10,521,100
05/26/2018	0.139080	0.145095	0.110670	0.137245	48,159	10,643,300
05/25/2018	0.155454	0.157590	0.135349	0.139086	1,810	11,896,000
05/24/2018	0.146495	0.156707	0.136294	0.155284	1,162	11,209,700
05/23/2018	0.148248	0.149798	0.135551	0.147155	5,175	11,343,900
05/22/2018	0.165211	0.165773	0.147543	0.148500	2,670	12,641,700
05/21/2018	0.161891	0.165988	0.144726	0.165558	6,528	12,374,500
05/20/2018	0.159802	0.164542	0.158274	0.161684	392	12,238,300
05/19/2018	0.149041	0.161596	0.148170	0.159668	4,670	11,413,200
05/18/2018	0.151977	0.166168	0.119856	0.149050	5,736	11,637,000
05/17/2018	0.175322	0.177057	0.150169	0.152108	5,238	13,416,100
05/16/2018	0.175496	0.175918	0.139884	0.175120	4,285	13,427,700
05/15/2018	0.183207	0.185308	0.140566	0.175417	22,659	14,023,700
05/14/2018	0.183414	0.185285	0.156518	0.183464	3,866	14,048,100
05/13/2018	0.177003	0.191562	0.171706	0.183487	6,873	13,554,900
05/12/2018	0.169843	0.178948	0.161594	0.177271	5,082	13,002,900
05/11/2018	0.185095	0.186100	0.161515	0.170178	6,197	14,170,900
05/10/2018	0.189584	0.194116	0.167881	0.184951	15,546	14,554,800
05/09/2018	0.190656	0.194437	0.146769	0.189438	5,331	14,619,600
05/08/2018	0.180821	0.194038	0.180771	0.190898	7,094	13,867,500
05/07/2018	0.158461	0.183018	0.145154	0.179652	7,090	12,111,200
05/06/2018	0.174055	0.176777	0.156219	0.158365	5,338	13,305,500
05/05/2018	0.193754	0.204273	0.173431	0.174033	8,714	14,811,600
05/04/2018	0.189533	0.197702	0.177184	0.193592	14,059	14,502,000
05/03/2018	0.191153	0.206570	0.177037	0.190050	9,050	14,627,600
05/02/2018	0.182435	0.192018	0.180728	0.191167	5,758	13,961,400
05/01/2018	0.194363	0.195419	0.175581	0.182933	824	14,870,600
04/30/2018	0.206722	0.213484	0.177632	0.193727	14,182	15,915,400
04/29/2018	0.204038	0.206698	0.169540	0.206698	17,847	15,319,100
04/28/2018	0.195672	0.210497	0.185589	0.204093	168	14,694,600
04/27/2018	0.195976	0.203653	0.191600	0.197365	6,549	14,710,900
04/26/2018	0.183558	0.195806	0.170193	0.195639	7,318	13,779,000
04/25/2018	0.197790	0.206072	0.174098	0.181781	18,045	14,838,200
04/24/2018	0.191546	0.209540	0.191546	0.198046	14,838	14,379,400
04/23/2018	0.177510	0.202289	0.177384	0.191530	6,701	13,320,600
04/22/2018	0.176601	0.190369	0.166071	0.177964	3,726	13,260,300
04/21/2018	0.180149	0.195011	0.165943	0.176601	8,376	13,529,500
04/20/2018	0.179322	0.186899	0.168881	0.180266	7,306	13,464,700
04/19/2018	0.161380	0.179533	0.154936	0.179533	18,755	12,103,100
04/18/2018	0.151748	0.161919	0.151373	0.161288	2,891	11,373,200
04/17/2018	0.143989	0.155339	0.140795	0.151668	5,946	10,787,500
04/16/2018	0.162391	0.177785	0.139583	0.142625	15,486	11,855,700
04/15/2018	0.162193	0.176855	0.160463	0.162186	10,034	11,836,200
04/14/2018	0.175643	0.182624	0.157355	0.162296	17,576	12,813,400
04/13/2018	0.173250	0.185015	0.168297	0.175643	10,692	12,651,300
04/12/2018	0.141989	0.173417	0.137709	0.172952	45,666	10,320,600
04/11/2018	0.133961	0.142698	0.130897	0.142698	10,798	9,739,910
04/10/2018	0.137687	0.140600	0.132912	0.133649	3,772	10,191,400
04/09/2018	0.126619	0.138652	0.118558	0.137272	2,547	9,378,380
04/08/2018	0.131318	0.133754	0.123142	0.126359	755	9,744,660
04/07/2018	0.119125	0.134116	0.119036	0.131359	966	8,839,860
04/06/2018	0.130490	0.131739	0.118241	0.119088	1,716	9,681,260
04/05/2018	0.134145	0.147193	0.128323	0.131002	3,907	9,952,390
04/04/2018	0.155407	0.155696	0.133110	0.134288	1,655	11,517,400
04/03/2018	0.157622	0.164024	0.149057	0.155127	2,355	11,673,600
04/02/2018	0.132309	0.160812	0.131479	0.157461	7,389	9,785,290
04/01/2018	0.145477	0.148169	0.125798	0.131876	20,588	10,784,800
03/31/2018	0.134359	0.146029	0.117698	0.145432	26,972	9,916,780
03/30/2018	0.117648	0.134832	0.110580	0.134467	4,210	8,684,340
03/29/2018	0.129695	0.130758	0.106114	0.117989	10,835	9,572,130
03/28/2018	0.125037	0.133003	0.124134	0.129469	8,879	9,206,510
03/27/2018	0.138239	0.138239	0.124812	0.125029	753	10,183,400
03/26/2018	0.145785	0.176795	0.130462	0.138331	2,782	10,738,000
03/25/2018	0.131819	0.147382	0.129844	0.146013	1,379	9,710,200
03/24/2018	0.165206	0.171073	0.132882	0.133420	10,873	12,161,000
03/23/2018	0.164390	0.174682	0.141247	0.163525	2,210	12,108,500
03/22/2018	0.156542	0.196367	0.146163	0.164418	15,680	11,524,100
03/21/2018	0.139477	0.203136	0.117801	0.156447	12,287	10,267,000
03/20/2018	0.128209	0.140677	0.121471	0.139149	912	9,387,780
03/19/2018	0.136800	0.141282	0.105208	0.127148	9,281	10,028,100
03/18/2018	0.143450	0.143450	0.115991	0.137352	9,975	10,510,500
03/17/2018	0.159372	0.163102	0.142114	0.143579	6,722	11,650,200
03/16/2018	0.157724	0.175024	0.151582	0.159269	21,143	11,535,100
03/15/2018	0.166095	0.173628	0.151557	0.157871	4,484	12,134,200
03/14/2018	0.198100	0.201444	0.159627	0.166479	3,868	14,488,800
03/13/2018	0.204559	0.257391	0.186873	0.198035	17,546	14,922,700
03/12/2018	0.195165	0.233035	0.180394	0.204980	15,489	14,236,600
03/11/2018	0.184837	0.211885	0.177351	0.195652	4,958	13,482,200
03/10/2018	0.198872	0.228309	0.184204	0.185433	4,364	14,473,500
03/09/2018	0.188963	0.224993	0.161217	0.198884	11,602	13,744,300
03/08/2018	0.187429	0.214275	0.172876	0.189335	30,424	13,694,300
03/07/2018	0.210288	0.245610	0.184851	0.187724	29,339	15,372,600
03/06/2018	0.240498	0.240498	0.185275	0.210086	17,072	17,583,500
03/05/2018	0.185876	0.247555	0.184934	0.240567	4,545	13,580,000
03/04/2018	0.189311	0.200006	0.184348	0.185953	429	13,843,200
03/03/2018	0.139906	0.193903	0.139906	0.189458	381	10,233,200
03/02/2018	0.177918	0.212958	0.139122	0.140059	1,060	13,020,300
03/01/2018	0.200245	0.242486	0.171895	0.178390	4,539	14,643,900
02/28/2018	0.166529	0.215333	0.157964	0.215333	8,991	12,157,200
02/27/2018	0.168399	0.184547	0.159991	0.166642	2,027	12,307,400
02/26/2018	0.169944	0.178086	0.164240	0.167932	2,012	12,420,800
02/25/2018	0.169912	0.189812	0.160938	0.169796	6,577	12,418,300
02/24/2018	0.188496	0.211182	0.146364	0.170201	14,816	13,789,000
02/23/2018	0.151815	0.214601	0.149161	0.188694	4,568	11,112,300
02/22/2018	0.196170	0.208044	0.151983	0.151983	2,912	14,332,200
02/21/2018	0.200059	0.216892	0.190736	0.196480	1,100	14,627,600
02/20/2018	0.233519	0.235536	0.199582	0.200308	6,887	17,071,200
02/19/2018	0.214960	0.243442	0.214815	0.233444	6,079	15,711,900
02/18/2018	0.237666	0.260576	0.209463	0.215796	7,566	17,311,800
02/17/2018	0.224203	0.242045	0.201335	0.237443	2,963	16,319,600
02/16/2018	0.243521	0.243521	0.217509	0.224101	1,229	17,728,700
02/15/2018	0.242327	0.246248	0.219744	0.243902	3,724	17,640,500
02/14/2018	0.164965	0.242724	0.164965	0.242202	7,177	11,999,500
02/13/2018	0.189102	0.189992	0.164488	0.165300	2,456	13,726,100
02/12/2018	0.128000	0.190562	0.127023	0.188797	9,012	9,289,680
02/11/2018	0.135416	0.196560	0.110271	0.127370	26,963	9,827,200
02/10/2018	0.183129	0.229125	0.083873	0.135612	50,463	13,282,700
02/09/2018	0.176829	0.193440	0.170298	0.183130	11,058	12,830,000
02/08/2018	0.183947	0.209714	0.174791	0.176495	33,605	13,366,100
02/07/2018	0.197492	0.215767	0.176640	0.184419	21,287	14,367,500
02/06/2018	0.181997	0.203014	0.136026	0.197710	27,839	13,260,900
02/05/2018	0.178954	0.208760	0.154041	0.181399	7,521	13,035,300
02/04/2018	0.272754	0.273200	0.156470	0.180705	22,921	19,875,000
02/03/2018	0.225842	0.295813	0.208198	0.271954	26,155	16,434,800
02/02/2018	0.265593	0.265593	0.174170	0.224777	26,828	19,334,100
02/01/2018	0.282412	0.293378	0.248737	0.266400	17,475	20,588,500
01/31/2018	0.297681	0.301761	0.265354	0.281872	51,748	21,639,400
01/30/2018	0.310832	0.332620	0.279013	0.296739	29,789	22,614,900
01/29/2018	0.342541	0.343808	0.277088	0.317308	39,666	24,833,300
01/28/2018	0.318397	0.348189	0.307850	0.343679	72,567	23,138,500
01/27/2018	0.274915	0.341412	0.274839	0.316222	21,026	19,965,800
01/26/2018	0.309545	0.331884	0.262861	0.274903	224,198	22,559,100
01/25/2018	0.324607	0.338180	0.269774	0.310554	58,168	23,668,500
01/24/2018	0.331494	0.338911	0.295643	0.321981	15,828	24,150,400
01/23/2018	0.304697	0.342844	0.290642	0.331345	43,897	22,212,600
01/22/2018	0.342144	0.362644	0.270038	0.300445	34,013	24,937,300
01/21/2018	0.410595	0.416261	0.332330	0.339534	25,095	29,909,200
01/20/2018	0.342066	0.427338	0.326634	0.409839	39,587	24,894,300
01/19/2018	0.321529	0.382270	0.307443	0.339446	44,970	23,301,400
01/18/2018	0.378371	0.401025	0.307971	0.323991	111,967	27,418,800
01/17/2018	0.308712	0.397422	0.272842	0.374240	75,556	30,871,200
01/16/2018	0.416250	0.416904	0.263162	0.309878	143,501	41,625,000
01/15/2018	0.434958	0.502346	0.412120	0.416128	22,225	43,495,800
01/14/2018	0.552782	0.558790	0.421681	0.436277	138,343	55,278,200
01/13/2018	0.504206	0.575095	0.481317	0.552309	122,632	50,420,600
01/12/2018	0.390606	0.545363	0.380450	0.502515	117,509	39,060,600
01/11/2018	0.428037	0.461340	0.343034	0.384424	225,757	42,803,700
01/10/2018	0.528769	0.556127	0.396962	0.428926	151,728	52,876,900
01/09/2018	0.490740	0.528354	0.439722	0.528354	205,512	49,074,000
01/08/2018	0.538005	0.547155	0.419789	0.492111	189,359	53,800,500
01/07/2018	0.458325	0.597875	0.454155	0.535402	164,675	45,832,500
01/06/2018	0.414811	0.462807	0.406251	0.458554	123,495	41,481,100
01/05/2018	0.414915	0.453348	0.389133	0.401769	236,932	41,491,500
01/04/2018	0.473567	0.494167	0.363509	0.416105	129,193	47,356,700
01/03/2018	0.415202	0.493132	0.387957	0.472744	58,181	41,520,200
01/02/2018	0.442368	0.455935	0.386311	0.413722	79,333	37,601,300
01/01/2018	0.389923	0.529604	0.363855	0.441511	187,755	33,143,400
12/31/2017	0.379507	0.393628	0.341394	0.382430	66,891	32,258,100
12/30/2017	0.403703	0.425466	0.310633	0.383052	215,838	34,314,800
12/29/2017	0.259277	0.417118	0.240794	0.403900	177,622	22,038,600
12/28/2017	0.259478	0.306168	0.237123	0.258027	33,633	22,055,600
12/27/2017	0.325164	0.330858	0.230965	0.283031	147,098	27,638,900
12/26/2017	0.261270	0.325378	0.251336	0.324663	69,878	22,207,900
12/25/2017	0.255828	0.274616	0.232386	0.261203	27,566	21,745,400
12/24/2017	0.256837	0.273710	0.212460	0.254469	61,506	21,831,100
12/23/2017	0.242706	0.282146	0.218052	0.256500	79,750	20,630,000
12/22/2017	0.271666	0.287878	0.167904	0.240710	58,433	23,091,600
12/21/2017	0.299627	0.311760	0.236843	0.270658	19,895	25,468,300
12/20/2017	0.253433	0.308315	0.224910	0.299147	64,097	21,541,800
12/19/2017	0.279745	0.302784	0.238699	0.253666	66,865	23,778,300
12/18/2017	0.226044	0.281240	0.222558	0.280240	43,724	19,213,800
12/17/2017	0.261907	0.272163	0.213507	0.226238	67,770	22,262,100
12/16/2017	0.242944	0.263360	0.236472	0.261308	35,790	20,650,200
12/15/2017	0.231636	0.275053	0.214507	0.242798	109,538	19,689,100
12/14/2017	0.209357	0.261618	0.193104	0.231414	95,582	17,795,300
12/13/2017	0.216228	0.239531	0.173379	0.209548	94,396	18,379,400
12/12/2017	0.224985	0.247123	0.189922	0.216094	111,336	19,123,700
12/11/2017	0.210604	0.264093	0.199196	0.226042	72,122	17,901,400
12/10/2017	0.230160	0.233403	0.207146	0.210659	39,710	19,563,600
12/09/2017	0.222372	0.252149	0.219146	0.229416	74,503	18,901,600
12/08/2017	0.194352	0.225128	0.189795	0.222380	47,868	16,519,900
12/07/2017	0.210092	0.218012	0.193896	0.195597	48,343	17,857,800
12/06/2017	0.216449	0.219366	0.205404	0.210430	18,063	18,398,200
12/05/2017	0.232659	0.234528	0.209476	0.216854	56,777	19,776,000
12/04/2017	0.219797	0.232617	0.218167	0.232473	28,381	18,682,700
12/03/2017	0.230220	0.245782	0.216817	0.219296	20,518	19,568,700
12/02/2017	0.228710	0.251741	0.216825	0.230108	63,079	19,440,300
12/01/2017	0.223939	0.235976	0.201191	0.228729	37,549	19,034,800
11/30/2017	0.221149	0.254805	0.198392	0.224692	54,834	18,797,700
11/29/2017	0.236815	0.266902	0.190168	0.218271	66,344	20,129,300
11/28/2017	0.217349	0.240461	0.204044	0.237206	69,650	18,474,600
11/27/2017	0.229009	0.249208	0.206811	0.217508	77,599	19,465,800
11/26/2017	0.206449	0.260986	0.206449	0.227264	145,955	17,548,200
11/25/2017	0.182968	0.249242	0.182968	0.206456	44,865	15,552,300
11/24/2017	0.177403	0.209847	0.161526	0.183045	35,157	15,079,200
11/23/2017	0.151824	0.178330	0.150786	0.178165	26,331	12,905,100
11/22/2017	0.170733	0.172005	0.146996	0.151491	86,739	14,512,300
11/21/2017	0.203627	0.206012	0.162008	0.170478	28,557	17,308,300
11/20/2017	0.173465	0.207601	0.150299	0.203732	47,458	14,744,500
11/19/2017	0.176098	0.183388	0.168363	0.173646	26,343	14,968,400
11/18/2017	0.173148	0.178969	0.162631	0.176545	19,003	14,717,600
11/17/2017	0.176697	0.182476	0.159504	0.173449	57,469	15,019,200
11/16/2017	0.174758	0.182337	0.168221	0.176806	24,571	14,854,500
11/15/2017	0.181660	0.185097	0.169746	0.174846	45,864	15,441,100
11/14/2017	0.167481	0.182427	0.167481	0.181561	27,024	14,235,900
11/13/2017	0.169199	0.178582	0.153037	0.167451	31,713	14,381,900
11/12/2017	0.173655	0.226770	0.168638	0.168937	23,274	14,760,600
11/11/2017	0.172526	0.186350	0.165716	0.173653	13,089	14,664,700
11/10/2017	0.187631	0.193481	0.165957	0.173028	31,630	15,948,700
11/09/2017	0.199084	0.201853	0.181733	0.187507	30,702	16,922,200
11/08/2017	0.175070	0.203021	0.168753	0.200164	61,641	14,881,000
11/07/2017	0.166169	0.185991	0.158503	0.175220	27,400	14,124,400
11/06/2017	0.179635	0.187222	0.165993	0.165993	68,645	15,268,900
11/05/2017	0.182229	0.186651	0.167168	0.179457	16,616	15,489,500
11/04/2017	0.191122	0.192737	0.181133	0.182050	22,711	16,245,300
11/03/2017	0.181733	0.199145	0.181733	0.191108	33,645	15,447,300
11/02/2017	0.189148	0.194757	0.175971	0.180897	40,420	16,077,600
11/01/2017	0.207965	0.211511	0.180389	0.188633	82,102	17,677,000
10/31/2017	0.219545	0.223078	0.204556	0.208335	28,806	18,661,400
10/30/2017	0.212869	0.220295	0.201924	0.219428	49,698	18,093,800
10/29/2017	0.198694	0.225004	0.192583	0.213305	74,981	16,889,000
10/28/2017	0.202053	0.217691	0.188335	0.198779	73,367	17,174,500
10/27/2017	0.197797	0.234611	0.193027	0.201869	73,992	16,812,800
10/26/2017	0.193691	0.207990	0.190919	0.197896	61,837	16,463,700
10/25/2017	0.214070	0.222742	0.179128	0.194107	78,507	18,195,900
10/24/2017	0.215871	0.240403	0.202148	0.213881	34,742	18,349,100
10/23/2017	0.208753	0.231719	0.186237	0.219123	27,267	17,744,000
10/22/2017	0.183292	0.209050	0.181015	0.208880	23,268	15,579,800
10/21/2017	0.202305	0.209963	0.167724	0.183294	48,772	17,195,900
10/20/2017	0.257279	0.257322	0.202570	0.202570	74,503	21,868,700
10/19/2017	0.214242	0.283947	0.199093	0.257481	60,180	18,210,600
10/18/2017	0.192953	0.223858	0.184998	0.214736	49,789	16,401,000
10/17/2017	0.243316	0.243316	0.192853	0.193182	68,590	20,681,800
10/16/2017	0.233242	0.251506	0.209602	0.242860	79,532	19,825,600
10/15/2017	0.208929	0.237699	0.194807	0.232710	63,323	17,759,000
10/14/2017	0.294181	0.608995	0.199659	0.203013	69,050	25,005,400
10/13/2017	0.287887	0.315227	0.244945	0.293903	23,480	24,470,400
10/12/2017	0.256649	0.355295	0.256472	0.270769	49,693	21,815,100
10/11/2017	0.274588	0.303771	0.252103	0.256638	64,252	23,340,000
10/10/2017	0.299075	0.305410	0.245682	0.274602	59,906	25,421,400
10/09/2017	0.294317	0.317737	0.230381	0.302252	26,946	25,016,900
10/08/2017	0.315541	0.325802	0.202613	0.294288	106,747	26,821,000
10/07/2017	0.332432	0.353678	0.306854	0.316575	39,634	28,256,700
10/06/2017	0.305024	0.335736	0.296907	0.332869	66,447	25,927,000
10/05/2017	0.315015	0.346878	0.285480	0.304882	30,403	26,776,300
10/04/2017	0.320233	0.408901	0.298433	0.305487	115,040	27,219,800
10/03/2017	0.348875	0.370136	0.318478	0.319502	38,670	29,654,400
10/02/2017	0.358031	0.405524	0.337676	0.349191	43,924	30,432,700
10/01/2017	0.383755	0.387717	0.291491	0.358039	135,806	32,619,200
09/30/2017	0.309147	0.383747	0.286340	0.383624	110,778	26,277,500
09/29/2017	0.356414	0.357468	0.254723	0.275127	176,600	30,295,200
09/28/2017	0.350598	0.376906	0.293516	0.357074	93,926	29,800,800
09/27/2017	0.304032	0.374506	0.302696	0.350778	85,441	25,842,700
09/26/2017	0.380837	0.388330	0.302069	0.304505	103,585	32,371,100
09/25/2017	0.321858	0.395218	0.321817	0.380948	35,780	27,357,900
09/24/2017	0.411957	0.463548	0.321213	0.321213	88,688	35,016,300
09/23/2017	0.356908	0.415778	0.356592	0.411948	101,791	30,337,200
09/22/2017	0.332292	0.384727	0.321364	0.357331	85,387	28,244,800
09/21/2017	0.356313	0.358388	0.294578	0.332431	58,292	30,286,600
09/20/2017	0.355288	0.441199	0.346453	0.357609	39,431	30,199,500
09/19/2017	0.387367	0.388108	0.344581	0.355646	91,796	32,926,200
09/18/2017	0.347755	0.421195	0.332411	0.381451	108,067	29,559,200
09/17/2017	0.336962	0.423637	0.307917	0.354943	252,880	28,641,800
09/16/2017	0.336929	0.366403	0.303147	0.337517	157,543	28,639,000
09/15/2017	0.299250	0.472955	0.273507	0.334238	84,427	25,436,200
09/14/2017	0.498665	0.517098	0.291783	0.298015	163,239	38,382,500
09/13/2017	0.313198	0.509528	0.292835	0.499315	419,510	24,107,000
09/12/2017	0.322396	0.365088	0.310008	0.313303	43,730	24,815,000
09/11/2017	0.330845	0.416599	0.319616	0.322270	163,061	25,465,300
09/10/2017	0.353606	0.443003	0.324125	0.329711	72,552	27,217,200
09/09/2017	0.335082	0.895075	0.315474	0.353590	68,059	25,791,400
09/08/2017	0.366336	1.15	0.242194	0.334529	103,565	28,193,400
09/07/2017	0.369227	0.420186	0.331624	0.367044	170,912	28,415,900
09/06/2017	0.448664	0.751116	0.357186	0.369415	148,368	34,529,400
09/05/2017	0.347951	0.527342	0.301876	0.446706	131,319	26,778,500
09/04/2017	0.421332	0.423801	0.287930	0.348937	166,193	32,425,900
09/03/2017	0.420338	0.453154	0.380347	0.419974	50,269	32,349,400
09/02/2017	0.659025	0.738159	0.373188	0.419360	81,928	50,718,800
09/01/2017	0.476951	0.866356	0.444044	0.662191	160,360	36,680,100
08/31/2017	0.495752	0.516595	0.453883	0.482373	41,753	38,126,000
08/30/2017	0.499902	2.04	0.430255	0.498621	94,839	38,445,200
08/29/2017	0.483601	0.513524	0.456125	0.500112	81,869	37,190,100
08/28/2017	0.533995	0.535868	0.454684	0.483736	178,438	40,998,800
08/27/2017	0.510906	0.536550	0.488674	0.533474	91,076	39,226,100
08/26/2017	0.534203	0.534203	0.426585	0.510319	112,800	41,014,800
08/25/2017	0.428377	0.610553	0.428377	0.517415	322,793	32,889,700
08/24/2017	0.390040	0.424098	0.381156	0.423723	83,160	29,946,300
08/23/2017	0.413111	0.441771	0.380852	0.387862	89,891	31,717,700
08/22/2017	0.584849	1.28	0.414403	0.416270	96,734	44,771,700
08/21/2017	0.450122	0.605012	0.328839	0.400059	71,903	34,435,500
08/20/2017	0.441466	0.470256	0.420921	0.450013	99,226	33,773,300
08/19/2017	0.466334	0.484116	0.410643	0.443262	81,691	35,675,700
08/18/2017	0.511973	0.535905	0.321545	0.466335	150,000	39,167,200
08/17/2017	0.519428	0.600597	0.461619	0.515224	142,826	39,711,600
08/16/2017	0.524367	0.530396	0.464545	0.519322	69,935	40,089,200
08/15/2017	0.463228	0.802939	0.434831	0.522911	140,614	35,414,700
08/14/2017	0.592750	1.26	0.414615	0.461258	445,312	45,139,100
08/13/2017	0.346476	0.592249	0.328588	0.590926	354,003	26,384,900
08/12/2017	0.367485	0.380463	0.314010	0.345874	79,762	27,984,600
08/11/2017	0.315345	0.389008	0.242306	0.368926	162,886	24,014,000
08/10/2017	0.313099	0.329288	0.286957	0.315641	114,676	23,811,700
08/09/2017	0.315930	0.341646	0.289978	0.313690	50,952	24,011,200
08/08/2017	0.283377	0.322694	0.282065	0.315128	33,542	21,537,100
08/07/2017	0.217404	0.340235	0.197350	0.283352	143,049	16,523,000
08/06/2017	0.247171	0.253357	0.216657	0.217805	67,338	18,785,400
08/05/2017	0.201685	0.248469	0.155994	0.245326	41,305	15,328,400
08/04/2017	0.237853	0.248440	0.201366	0.201768	40,626	18,077,200
08/03/2017	0.246500	0.251045	0.212207	0.237721	9,644	18,734,400
08/02/2017	0.248410	0.250679	0.196511	0.244322	17,695	18,879,500
08/01/2017	0.235133	0.252764	0.198642	0.248989	24,343	17,870,500
07/31/2017	0.241791	0.242271	0.192630	0.234762	37,698	18,376,500
07/30/2017	0.229697	0.245572	0.042757	0.241181	17,732	17,457,300
07/29/2017	0.207806	0.232491	0.192578	0.230163	13,222	15,793,600
07/28/2017	0.235566	0.292440	0.209768	0.209768	9,352	17,903,400
07/27/2017	0.252414	0.297323	0.226112	0.235267	46,236	19,183,900
07/26/2017	0.231911	0.401817	0.218733	0.251565	26,235	17,625,600
07/25/2017	0.254487	0.268583	0.200262	0.233953	31,122	19,341,000
07/24/2017	0.271731	0.272565	0.225008	0.254528	80,211	20,646,800
07/23/2017	0.289051	0.349754	0.226139	0.270780	65,359	21,907,400
07/22/2017	0.230525	0.291635	0.220308	0.289509	33,168	17,469,800
07/21/2017	0.218885	0.253415	0.214319	0.230308	64,305	16,579,900
07/20/2017	0.209128	0.257834	0.206711	0.216909	99,778	15,840,500
07/19/2017	0.263744	0.344719	0.184900	0.208254	231,985	19,943,100
07/18/2017	0.132759	0.318215	0.122960	0.260248	151,337	10,037,000
07/17/2017	0.086842	0.136646	0.017073	0.129295	56,088	6,529,950
07/16/2017	0.077871	0.105090	0.063713	0.087428	38,704	5,822,490
07/15/2017	0.080819	0.095160	0.078211	0.078211	51,162	-
