Date	Open	High	Low	Close	Volume	Market Cap
07/15/2018	0.200496	0.216764	0.199830	0.215431	1,504	5,261,910
07/14/2018	0.204241	0.207484	0.193042	0.200547	0	5,360,200
07/13/2018	0.202197	0.208314	0.192245	0.203893	6,410	5,306,550
07/12/2018	0.208844	0.210846	0.200304	0.202917	5,209	5,481,000
07/11/2018	0.208529	0.224010	0.196086	0.208887	1,781	5,472,730
07/10/2018	0.231556	0.231920	0.186915	0.208521	7,542	6,077,060
07/09/2018	0.230665	0.233791	0.168175	0.231656	9,653	6,053,680
07/08/2018	0.230508	0.239098	0.230256	0.230551	13,819	6,049,560
07/07/2018	0.224377	0.230096	0.197461	0.230096	10,527	5,888,660
07/06/2018	0.217915	0.225144	0.209093	0.224758	2,183	5,719,060
07/05/2018	0.231120	0.234356	0.215312	0.218457	8,739	6,065,620
07/04/2018	0.233737	0.235500	0.213372	0.230679	6,249	6,134,300
07/03/2018	0.231162	0.239748	0.218083	0.234007	13,133	6,066,720
07/02/2018	0.217923	0.231933	0.208755	0.230809	18,874	5,719,270
07/01/2018	0.223571	0.224828	0.190762	0.217987	6,985	5,867,500
06/30/2018	0.216361	0.237755	0.214901	0.217146	1,088	5,678,280
06/29/2018	0.214675	0.218055	0.191764	0.216388	9,708	5,634,030
06/28/2018	0.217783	0.221353	0.213958	0.215047	4,993	5,715,610
06/27/2018	0.224956	0.227257	0.212026	0.216227	2,095	5,903,860
06/26/2018	0.241225	0.242212	0.224906	0.224906	6,709	6,330,820
06/25/2018	0.240755	0.244890	0.233689	0.241225	4,167	6,318,490
06/24/2018	0.252351	0.252800	0.223952	0.240818	9,913	6,622,820
06/23/2018	0.255380	0.259107	0.236707	0.252490	11,518	6,702,320
06/22/2018	0.292438	0.298553	0.247167	0.255461	13,768	7,674,870
06/21/2018	0.299983	0.309462	0.288952	0.292580	12,364	7,872,890
06/20/2018	0.312802	0.313281	0.294544	0.299841	16,268	8,209,310
06/19/2018	0.303753	0.317035	0.298505	0.312507	13,307	7,971,830
06/18/2018	0.281464	0.304994	0.271700	0.301232	26,656	7,386,860
06/17/2018	0.284721	0.295445	0.276520	0.277277	1,216	7,472,340
06/16/2018	0.281742	0.294266	0.280453	0.284528	3,297	7,394,180
06/15/2018	0.291724	0.302943	0.275637	0.281938	18,379	7,656,150
06/14/2018	0.286692	0.302728	0.280284	0.291550	1,920	7,524,090
06/13/2018	0.277207	0.294971	0.239493	0.286199	24,252	7,275,140
06/12/2018	0.322132	0.332056	0.275088	0.276323	11,712	8,454,190
06/11/2018	0.317177	0.333918	0.299303	0.321649	11,359	8,324,140
06/10/2018	0.375095	0.375095	0.297001	0.316915	9,621	9,844,160
06/09/2018	0.350847	0.384697	0.350743	0.377146	6,997	9,207,800
06/08/2018	0.368258	0.396581	0.350998	0.350998	7,278	9,664,720
06/07/2018	0.396735	0.403782	0.378500	0.378500	13,925	10,412,100
06/06/2018	0.393120	0.409290	0.381311	0.396712	50,948	10,317,200
06/05/2018	0.392297	0.408483	0.366684	0.393097	8,078	10,295,600
06/04/2018	0.396536	0.401745	0.369891	0.392182	14,023	10,406,900
06/03/2018	0.384926	0.399120	0.354130	0.396430	18,522	10,102,200
06/02/2018	0.379833	0.392769	0.379833	0.385523	5,366	9,968,530
06/01/2018	0.383315	0.397295	0.368312	0.380206	15,427	10,059,900
05/31/2018	0.370182	0.387184	0.363515	0.383054	5,870	9,715,220
05/30/2018	0.374375	0.389448	0.358726	0.370172	17,818	9,825,280
05/29/2018	0.336175	0.382937	0.336175	0.374341	8,858	8,822,740
05/28/2018	0.371611	0.379020	0.326727	0.336313	26,070	9,752,720
05/27/2018	0.389089	0.390741	0.367995	0.371343	7,179	10,211,400
05/26/2018	0.384247	0.401808	0.381170	0.388839	17,096	10,084,400
05/25/2018	0.400675	0.401104	0.369674	0.383756	9,806	10,515,500
05/24/2018	0.394559	0.410586	0.368438	0.400171	1,371	10,355,000
05/23/2018	0.450618	0.450618	0.380216	0.394787	22,015	11,826,200
05/22/2018	0.492172	0.495442	0.432587	0.451233	21,571	12,916,800
05/21/2018	0.511260	0.563784	0.477177	0.497115	72,861	13,417,700
05/20/2018	0.475846	0.520765	0.474507	0.510669	23,891	12,488,300
05/19/2018	0.484340	0.498904	0.470284	0.475030	43,947	12,711,200
05/18/2018	0.377607	0.496423	0.372059	0.484311	334,430	9,910,090
05/17/2018	0.358086	0.407576	0.352424	0.377360	198,145	9,397,770
05/16/2018	0.350454	0.408405	0.318211	0.357808	14,723	9,197,480
05/15/2018	0.384225	0.387165	0.342479	0.351005	37,005	10,083,800
05/14/2018	0.352300	0.442669	0.318171	0.384700	26,643	9,245,920
05/13/2018	0.371655	0.374717	0.336100	0.352462	5,166	9,753,900
05/12/2018	0.353588	0.371776	0.303175	0.371776	36,183	9,279,740
05/11/2018	0.366500	0.391439	0.338988	0.354376	116,693	9,618,610
05/10/2018	0.345627	0.665706	0.322318	0.366482	128,141	9,070,810
05/09/2018	0.355446	0.355446	0.309584	0.345530	43,470	9,328,500
05/08/2018	0.328832	0.351255	0.312993	0.350246	7,177	8,630,030
05/07/2018	0.353240	0.368279	0.323799	0.330673	14,894	9,270,590
05/06/2018	0.378935	0.388692	0.330332	0.359659	34,403	9,944,950
05/05/2018	0.369617	0.385542	0.348027	0.378841	21,850	9,700,410
05/04/2018	0.381190	0.381190	0.358614	0.369894	23,420	10,004,100
05/03/2018	0.344685	0.384694	0.328653	0.381346	21,434	9,046,080
05/02/2018	0.320782	0.372056	0.294941	0.344634	39,893	8,418,760
05/01/2018	0.342367	0.349562	0.276394	0.321176	6,526	8,985,250
04/30/2018	0.330798	0.357976	0.319275	0.342127	4,642	8,681,610
04/29/2018	0.336610	0.368204	0.320059	0.330911	15,492	8,834,160
04/28/2018	0.346597	0.369470	0.331910	0.336680	11,609	9,096,250
04/27/2018	0.365726	0.365828	0.325368	0.348007	13,901	9,598,280
04/26/2018	0.325726	0.366260	0.319085	0.366260	14,525	8,548,500
04/25/2018	0.404911	0.407472	0.316391	0.325503	72,606	10,626,700
04/24/2018	0.355154	0.417363	0.355154	0.405621	22,733	9,320,830
04/23/2018	0.342523	0.390886	0.331165	0.354220	23,665	8,989,320
04/22/2018	0.366849	0.374864	0.340687	0.342077	33,191	9,627,750
04/21/2018	0.354734	0.375358	0.340210	0.366089	23,191	9,309,800
04/20/2018	0.390525	0.402397	0.335025	0.354429	133,791	10,249,100
04/19/2018	0.358097	0.390766	0.357325	0.390121	8,198	9,398,070
04/18/2018	0.355701	0.358630	0.335357	0.357955	73,638	9,335,190
04/17/2018	0.367782	0.377716	0.356741	0.357060	10,197	9,652,230
04/16/2018	0.381724	0.381841	0.350066	0.367689	3,516	10,018,100
04/15/2018	0.379693	0.415819	0.350768	0.381496	2,657	9,964,850
04/14/2018	0.360119	0.382576	0.358774	0.379739	24,972	9,451,130
04/13/2018	0.361827	0.381263	0.344949	0.362139	21,055	9,495,960
04/12/2018	0.331716	0.361571	0.306426	0.361366	23,748	8,705,700
04/11/2018	0.298306	0.332367	0.275801	0.332367	8,765	7,828,890
04/10/2018	0.296826	0.303143	0.280212	0.297842	5,285	7,790,030
04/09/2018	0.287969	0.308848	0.283336	0.296408	7,351	7,557,600
04/08/2018	0.273293	0.299179	0.253114	0.279956	5,218	7,172,420
04/07/2018	0.271837	0.285593	0.266024	0.275066	5,692	7,134,220
04/06/2018	0.297785	0.298719	0.261295	0.271543	4,584	7,815,220
04/05/2018	0.278463	0.305144	0.257278	0.299300	5,867	7,308,120
04/04/2018	0.291935	0.326629	0.263734	0.278346	2,109	7,661,680
04/03/2018	0.372292	0.429604	0.277545	0.291848	8,520	9,770,590
04/02/2018	0.340659	0.371885	0.268429	0.371885	5,595	8,940,430
04/01/2018	0.281981	0.483857	0.281981	0.339642	4,980	7,400,450
03/31/2018	0.398576	0.495970	0.280562	0.281974	1,319	10,460,400
03/30/2018	0.312128	0.519239	0.292688	0.396381	3,814	8,191,640
03/29/2018	0.403594	0.421075	0.285795	0.312880	8,542	10,592,100
03/28/2018	0.422529	0.453487	0.349277	0.403107	12,976	11,089,000
03/27/2018	0.439374	0.476100	0.376576	0.423277	13,763	11,531,100
03/26/2018	0.435044	0.493422	0.380242	0.439989	23,688	11,417,500
03/25/2018	0.446671	0.493885	0.408854	0.435549	6,148	11,722,600
03/24/2018	0.460549	0.514106	0.416919	0.452825	8,092	12,086,900
03/23/2018	0.513398	0.513398	0.430091	0.454738	5,754	13,473,900
03/22/2018	0.498616	0.550417	0.461844	0.513411	14,266	13,085,900
03/21/2018	0.532425	0.538042	0.477047	0.499213	3,396	13,973,200
03/20/2018	0.474628	0.928998	0.402547	0.531302	7,392	12,456,400
03/19/2018	0.431872	0.643883	0.429144	0.470446	6,907	11,334,300
03/18/2018	0.463569	0.464016	0.387549	0.433701	12,348	12,166,100
03/17/2018	0.498977	0.672826	0.458964	0.461477	3,252	13,095,400
03/16/2018	0.492854	0.523554	0.468545	0.498935	28,468	12,934,700
03/15/2018	0.516599	0.662447	0.465761	0.493138	7,877	13,557,900
03/14/2018	0.802451	0.807619	0.490244	0.516793	11,375	21,059,900
03/13/2018	0.619732	0.919853	0.595900	0.802514	2,266	16,264,500
03/12/2018	0.641293	0.670881	0.585649	0.622489	5,022	16,830,400
03/11/2018	0.587943	0.677302	0.550322	0.642852	2,127	15,430,200
03/10/2018	0.694119	0.702922	0.568055	0.589978	9,619	18,216,800
03/09/2018	0.670479	0.711078	0.544691	0.693822	17,993	17,596,400
03/08/2018	0.595674	0.727519	0.575414	0.674679	30,557	15,633,200
03/07/2018	0.621529	0.689442	0.563895	0.639950	8,303	16,311,700
03/06/2018	0.690316	0.802501	0.611259	0.622327	16,965	18,117,000
03/05/2018	0.745330	0.847982	0.655585	0.692230	28,213	19,560,800
03/04/2018	0.768711	0.834546	0.704401	0.745736	11,019	20,174,400
03/03/2018	0.803339	0.871791	0.703324	0.769850	52,310	21,083,200
03/02/2018	0.850484	0.902403	0.759356	0.804314	14,234	22,320,500
03/01/2018	0.837548	0.883545	0.827761	0.852675	2,331	21,981,000
02/28/2018	0.841385	0.873906	0.758028	0.836341	15,566	22,081,700
02/27/2018	0.865448	0.922851	0.803075	0.842210	13,365	22,713,200
02/26/2018	0.799282	0.880198	0.779809	0.865161	5,033	20,976,700
02/25/2018	0.818718	0.867367	0.697147	0.767695	10,720	21,486,800
02/24/2018	0.842035	0.912220	0.784490	0.820024	4,404	22,098,800
02/23/2018	0.876335	0.948644	0.828543	0.843095	6,396	22,998,900
02/22/2018	0.887304	0.999645	0.811535	0.877154	8,840	23,286,800
02/21/2018	0.946435	1.05	0.881482	0.888319	16,277	24,838,700
02/20/2018	0.960746	1.19	0.938502	0.947599	17,555	25,214,300
02/19/2018	0.976707	1.23	0.931146	0.959874	40,405	25,633,100
02/18/2018	1.10	1.10	0.883052	0.981214	28,697	28,956,900
02/17/2018	1.05	1.16	1.01	1.10	19,779	27,571,300
02/16/2018	1.22	1.25	0.957368	1.05	29,538	32,049,500
02/15/2018	1.40	1.63	1.06	1.23	140,736	36,818,400
02/14/2018	1.12	1.40	1.08	1.40	49,242	29,284,600
02/13/2018	1.18	1.24	0.909479	1.13	93,706	30,985,800
02/12/2018	0.609359	1.33	0.586645	1.12	262,521	15,992,300
02/11/2018	0.555732	0.618855	0.504169	0.605836	4,669	14,584,900
02/10/2018	0.547943	0.633706	0.545347	0.556208	5,345	14,380,500
02/09/2018	0.607918	0.627250	0.519547	0.547549	5,922	15,954,500
02/08/2018	0.586059	0.650982	0.525677	0.606359	19,587	15,380,800
02/07/2018	0.604124	0.683028	0.542150	0.588023	15,526	15,854,900
02/06/2018	0.487986	0.645233	0.418222	0.609497	7,639	12,806,900
02/05/2018	0.554328	0.580641	0.372607	0.487254	73,627	14,548,000
02/04/2018	0.710206	0.795461	0.515955	0.559747	71,096	18,639,000
02/03/2018	0.762052	0.907209	0.654703	0.789750	32,428	19,999,600
02/02/2018	0.780597	0.811821	0.534912	0.759413	54,424	20,486,400
02/01/2018	0.951074	0.990355	0.675634	0.782303	28,537	24,960,400
01/31/2018	1.03	1.07	0.940816	0.948965	27,827	27,035,800
01/30/2018	1.12	1.18	0.933815	1.03	27,073	29,392,900
01/29/2018	1.42	1.42	1.03	1.12	36,724	37,226,800
01/28/2018	1.50	1.54	1.09	1.46	40,422	39,350,600
01/27/2018	1.31	1.67	0.817359	1.49	170,361	34,270,800
01/26/2018	1.45	1.57	0.978775	1.21	103,528	37,933,100
01/25/2018	1.48	1.75	1.34	1.45	69,303	38,758,700
01/24/2018	1.54	1.63	1.40	1.50	89,494	40,544,000
01/23/2018	1.60	1.63	1.38	1.55	148,102	41,862,800
01/22/2018	1.75	2.12	1.34	1.60	252,420	45,914,200
01/21/2018	1.81	1.81	1.34	1.78	147,614	47,531,000
01/20/2018	1.70	2.07	1.60	1.81	150,803	44,707,300
01/19/2018	1.28	1.71	1.28	1.69	88,479	33,703,500
01/18/2018	1.58	1.78	1.13	1.30	188,192	41,354,800
01/17/2018	1.39	1.59	0.934204	1.56	94,998	36,381,200
01/16/2018	1.85	1.96	1.08	1.29	93,530	48,518,200
01/15/2018	1.94	2.12	1.65	1.85	79,890	50,964,500
01/14/2018	2.23	2.33	1.70	1.96	92,468	58,433,300
01/13/2018	2.33	2.38	1.90	2.23	124,789	61,152,200
01/12/2018	2.15	2.39	1.83	2.33	120,423	56,489,900
01/11/2018	2.55	2.57	1.69	2.15	97,291	66,814,900
01/10/2018	2.60	2.64	1.86	2.51	148,953	68,292,100
01/09/2018	2.82	2.95	2.26	2.60	137,547	73,913,200
01/08/2018	3.29	3.30	2.40	2.83	328,659	86,251,800
01/07/2018	3.43	3.62	2.81	3.28	571,613	90,085,000
01/06/2018	2.40	3.78	2.31	3.57	672,427	63,061,800
01/05/2018	1.87	2.73	1.60	2.40	520,003	49,133,900
01/04/2018	1.86	1.96	1.43	1.87	136,891	48,921,000
01/03/2018	1.29	2.03	1.26	1.74	416,460	33,883,300
01/02/2018	1.15	1.35	1.14	1.29	90,831	30,070,900
01/01/2018	1.05	1.20	0.975226	1.15	104,291	27,582,100
12/31/2017	1.13	1.18	1.03	1.05	132,832	29,539,800
12/30/2017	1.24	1.27	1.02	1.15	130,157	32,485,900
12/29/2017	1.18	1.30	1.13	1.24	157,020	30,856,400
12/28/2017	1.20	1.22	0.972111	1.16	307,260	31,483,100
12/27/2017	0.797507	1.22	0.742148	1.20	348,666	20,930,200
12/26/2017	0.923428	0.942558	0.738797	0.785736	164,327	24,234,900
12/25/2017	0.503484	1.09	0.422924	0.935915	356,975	13,213,700
12/24/2017	0.500696	0.519249	0.398816	0.498756	113,363	13,140,500
12/23/2017	0.458405	0.554160	0.455029	0.495118	23,140	12,030,600
12/22/2017	0.565815	0.571329	0.356013	0.454183	33,316	14,849,500
12/21/2017	0.575442	0.658638	0.515217	0.563858	39,721	15,102,200
12/20/2017	0.611232	0.617130	0.531818	0.574314	54,940	16,041,500
12/19/2017	0.700438	0.830560	0.596841	0.611889	152,263	18,382,600
12/18/2017	0.714274	0.828183	0.677168	0.713551	89,357	18,745,700
12/17/2017	0.755590	0.919912	0.690167	0.713529	67,003	19,830,100
12/16/2017	0.640987	0.782124	0.637318	0.754977	138,292	16,822,400
12/15/2017	0.611403	0.711167	0.577864	0.640043	74,051	16,046,000
12/14/2017	0.638013	0.638013	0.530024	0.610686	45,744	16,744,300
12/13/2017	0.583885	0.638599	0.460470	0.638599	46,390	15,323,800
12/12/2017	0.472070	0.654195	0.438006	0.543152	44,221	12,389,200
12/11/2017	0.448608	0.501706	0.425647	0.474049	27,359	11,773,500
12/10/2017	0.541155	0.541155	0.430967	0.444248	29,137	14,202,300
12/09/2017	0.498654	0.550903	0.459122	0.539035	29,324	13,086,900
12/08/2017	0.535708	0.647309	0.463910	0.498956	53,109	14,059,400
12/07/2017	0.455547	0.624120	0.441395	0.534590	47,558	11,955,600
12/06/2017	0.399946	0.488569	0.378757	0.451929	62,180	10,496,400
12/05/2017	0.443829	0.445295	0.385276	0.400730	34,463	11,648,100
12/04/2017	0.417415	0.450037	0.357343	0.443077	18,185	10,954,800
12/03/2017	0.382706	0.454650	0.382706	0.416389	34,299	10,043,900
12/02/2017	0.434500	0.446834	0.378404	0.382552	18,058	11,403,200
12/01/2017	0.320238	0.441839	0.320238	0.434640	31,271	8,404,470
11/30/2017	0.290387	0.440397	0.261536	0.321260	12,385	7,621,050
11/29/2017	0.301092	0.376767	0.272230	0.286300	24,784	7,902,010
11/28/2017	0.343774	0.348252	0.296801	0.307813	20,903	9,022,180
11/27/2017	0.304899	0.348271	0.298419	0.344014	22,531	8,001,910
11/26/2017	0.318806	0.322469	0.278679	0.314241	12,561	8,366,900
11/25/2017	0.327975	0.360680	0.291101	0.318818	14,714	8,607,540
11/24/2017	0.322482	0.391571	0.310868	0.324536	18,481	8,463,360
11/23/2017	0.336108	0.345077	0.320033	0.323749	17,280	8,820,980
11/22/2017	0.294116	0.359401	0.293792	0.335580	18,249	7,718,920
11/21/2017	0.306261	0.332047	0.279786	0.294865	12,765	8,037,670
11/20/2017	0.326642	0.375362	0.292656	0.306566	21,827	8,572,540
11/19/2017	0.316022	0.339209	0.302293	0.326965	17,905	8,293,840
11/18/2017	0.315535	0.326185	0.289961	0.316792	10,223	8,281,050
11/17/2017	0.314767	0.344237	0.302556	0.316157	15,734	8,260,880
11/16/2017	0.327350	0.338593	0.297734	0.315056	13,622	8,591,120
11/15/2017	0.335926	0.366012	0.310241	0.331901	29,967	8,816,200
11/14/2017	0.306739	0.363137	0.306739	0.335737	39,953	8,050,210
11/13/2017	0.279618	0.360159	0.270424	0.306566	23,405	7,338,440
11/12/2017	0.279977	0.294706	0.241523	0.279202	9,373	7,347,840
11/11/2017	0.308213	0.353077	0.266832	0.280047	24,035	8,088,880
11/10/2017	0.405945	0.405945	0.309151	0.309151	7,645	10,653,800
11/09/2017	0.316162	0.436506	0.280627	0.405631	36,615	8,297,510
11/08/2017	0.273336	0.355281	0.272191	0.317439	12,745	7,173,550
11/07/2017	0.293137	0.307572	0.271225	0.273713	12,827	7,693,240
11/06/2017	0.294127	0.336989	0.270566	0.293051	16,980	7,719,200
11/05/2017	0.313927	0.377701	0.244640	0.293834	21,102	8,238,840
11/04/2017	0.336574	0.347312	0.292800	0.313533	25,217	8,833,220
11/03/2017	0.311154	0.373142	0.269002	0.336557	15,040	8,166,060
11/02/2017	0.301844	0.312706	0.226168	0.310267	21,694	7,921,740
11/01/2017	0.352217	0.411312	0.301179	0.301215	28,436	9,243,740
10/31/2017	0.316926	0.445893	0.316926	0.352764	39,300	8,317,550
10/30/2017	0.429290	0.447821	0.314030	0.316154	28,562	11,266,500
10/29/2017	0.427915	0.466241	0.388748	0.426587	11,463	11,230,400
10/28/2017	0.418554	0.473510	0.409457	0.428161	8,102	10,984,700
10/27/2017	0.556848	0.624315	0.417399	0.417983	16,283	14,614,200
10/26/2017	0.474333	0.557368	0.412610	0.557075	31,756	12,448,600
10/25/2017	0.472057	0.488830	0.441993	0.475237	20,883	12,388,900
10/24/2017	0.484024	0.505829	0.443844	0.471678	17,638	12,702,900
10/23/2017	0.508531	0.543946	0.443754	0.484757	21,234	13,346,100
10/22/2017	0.458001	0.540405	0.418238	0.509016	17,826	12,020,000
10/21/2017	0.478700	0.626483	0.436885	0.457917	14,294	12,563,200
10/20/2017	0.476630	0.602351	0.459498	0.479643	25,666	12,508,900
10/19/2017	0.442759	0.561430	0.411008	0.476887	29,518	11,620,000
10/18/2017	0.437121	0.444135	0.415085	0.443636	12,654	11,472,000
10/17/2017	0.463586	0.506651	0.428647	0.437326	25,758	12,166,600
10/16/2017	0.536216	0.588191	0.396998	0.463375	17,243	14,072,700
10/15/2017	0.476469	0.546254	0.440613	0.535442	25,718	12,504,700
10/14/2017	0.451673	0.577247	0.222226	0.473433	15,075	11,853,900
10/13/2017	0.528218	0.605819	0.443657	0.451408	20,552	13,862,800
10/12/2017	0.619825	0.620793	0.488386	0.527739	40,640	16,267,000
10/11/2017	0.600108	0.642882	0.579176	0.619442	17,930	15,749,500
10/10/2017	0.545067	0.674884	0.532515	0.598626	29,362	14,305,000
10/09/2017	0.579223	0.661383	0.528828	0.544561	38,253	15,201,400
10/08/2017	0.654904	3.01	0.545812	0.578739	72,231	17,187,600
10/07/2017	0.781530	2.36	0.583380	0.656903	74,838	-
10/06/2017	0.656861	0.878747	0.583884	0.813983	45,543	-
10/05/2017	0.622113	0.664410	0.514112	0.656820	27,289	-
10/04/2017	0.548961	0.622150	0.526050	0.622119	30,411	-
10/03/2017	0.573654	0.634387	0.524585	0.577984	32,707	-
10/02/2017	0.538962	0.655157	0.538962	0.573435	17,434	-
10/01/2017	0.625943	0.626149	0.518286	0.539007	23,368	-
09/30/2017	0.544456	0.625726	0.507199	0.625698	13,850	-
09/29/2017	0.605156	0.789466	0.498539	0.544407	17,812	-
09/28/2017	0.651897	0.725987	0.585091	0.605983	41,700	-
09/27/2017	0.745116	0.929867	0.508759	0.653339	74,057	-
09/26/2017	0.493119	0.751249	0.469872	0.746688	52,819	-
09/25/2017	0.734682	0.766069	0.493295	0.493295	31,436	-
