Date	Open	High	Low	Close	Volume	Market Cap
07/15/2018	0.048871	0.050413	0.047677	0.049771	13,954	499,355
07/14/2018	0.046964	0.049900	0.045846	0.049071	14,273	479,866
07/13/2018	0.049629	0.049745	0.045990	0.047032	14,581	507,100
07/12/2018	0.044473	0.049580	0.043393	0.049580	6,776	454,418
07/11/2018	0.044676	0.045517	0.042194	0.044483	6,979	456,489
07/10/2018	0.047637	0.047731	0.039360	0.044421	9,161	486,750
07/09/2018	0.047286	0.049916	0.047221	0.047671	4,484	483,155
07/08/2018	0.049676	0.049775	0.047214	0.047296	73	507,576
07/07/2018	0.052993	0.053522	0.047983	0.049732	3,233	541,469
07/06/2018	0.056793	0.060748	0.052273	0.052884	15,424	580,297
07/05/2018	0.061129	0.061916	0.049224	0.056867	17,604	624,604
07/04/2018	0.060843	0.063498	0.052476	0.061130	8,576	621,678
07/03/2018	0.054975	0.061589	0.054707	0.060866	14,023	561,720
07/02/2018	0.050582	0.055772	0.050251	0.055233	7,936	516,840
07/01/2018	0.050013	0.050949	0.049461	0.050577	8,352	511,021
06/30/2018	0.049081	0.050785	0.048706	0.049810	6,810	501,496
06/29/2018	0.045011	0.049415	0.044935	0.048952	8,612	459,916
06/28/2018	0.047108	0.047915	0.044962	0.045276	6,741	481,344
06/27/2018	0.048947	0.049171	0.046886	0.047214	7,084	500,130
06/26/2018	0.050485	0.051033	0.048921	0.048967	7,810	515,842
06/25/2018	0.050866	0.051460	0.049449	0.050797	7,817	519,735
06/24/2018	0.046065	0.051784	0.043739	0.051395	8,016	470,685
06/23/2018	0.045269	0.046541	0.044653	0.046133	7,286	462,543
06/22/2018	0.049688	0.049731	0.043756	0.045142	7,555	507,699
06/21/2018	0.049556	0.050039	0.047431	0.049676	7,759	506,345
06/20/2018	0.045934	0.049871	0.044292	0.049545	8,035	469,338
06/19/2018	0.048659	0.049337	0.044612	0.046581	6,726	497,187
06/18/2018	0.045923	0.049772	0.045664	0.048686	8,920	469,229
06/17/2018	0.046544	0.047189	0.042110	0.046145	8,168	475,574
06/16/2018	0.046110	0.047019	0.044463	0.046226	7,294	471,141
06/15/2018	0.046108	0.047427	0.041345	0.046279	7,377	471,114
06/14/2018	0.043161	0.048131	0.019971	0.046250	9,357	441,010
06/13/2018	0.045686	0.048060	0.042536	0.043181	4,811	466,806
06/12/2018	0.045527	0.051124	0.044402	0.045568	4,957	465,176
06/11/2018	0.052848	0.053181	0.044874	0.045275	2,452	539,981
06/10/2018	0.061994	0.061994	0.052484	0.052772	25	633,437
06/09/2018	0.063305	0.065809	0.060178	0.061916	19,357	646,828
06/08/2018	0.072600	0.072635	0.059785	0.063714	15,479	741,798
06/07/2018	0.072127	0.073383	0.069267	0.072545	10,674	736,963
06/06/2018	0.079288	0.079350	0.070811	0.072137	15,506	810,140
06/05/2018	0.077874	0.078918	0.069006	0.078776	18,199	795,686
06/04/2018	0.073928	0.083977	0.068284	0.078062	22,836	755,372
06/03/2018	0.075661	0.076408	0.073325	0.074202	19,477	773,079
06/02/2018	0.077797	0.079705	0.072417	0.075717	18,341	794,900
06/01/2018	0.077389	0.078566	0.073943	0.078207	23,714	790,727
05/31/2018	0.081874	0.084133	0.065559	0.077332	16,559	836,554
05/30/2018	0.071063	0.081923	0.069545	0.081889	738	726,093
05/29/2018	0.067910	0.097408	0.061615	0.071015	13,402	693,882
05/28/2018	0.070002	0.070926	0.059332	0.067933	18,459	715,249
05/27/2018	0.069537	0.081372	0.066057	0.070867	14,078	710,497
05/26/2018	0.076920	0.099223	0.069455	0.080430	26,438	785,936
05/25/2018	0.069577	0.077021	0.061160	0.077021	25,515	710,914
05/24/2018	0.063314	0.083209	0.053696	0.069824	24,958	646,922
05/23/2018	0.047060	0.076842	0.044539	0.063475	16,767	480,842
05/22/2018	0.049290	0.049528	0.046586	0.047109	15,727	503,628
05/21/2018	0.050591	0.050797	0.049123	0.049299	18,734	516,917
05/20/2018	0.048895	0.050896	0.048326	0.050528	17,296	499,593
05/19/2018	0.049272	0.049869	0.048493	0.048777	15,067	503,437
05/18/2018	0.048391	0.049622	0.047390	0.049197	15,864	494,445
05/17/2018	0.050946	0.051575	0.043772	0.048349	18,805	520,550
05/16/2018	0.051680	0.051722	0.049542	0.050935	27	528,043
05/15/2018	0.052755	0.053218	0.049267	0.051709	12,034	539,030
05/14/2018	0.054382	0.054758	0.050891	0.052846	10,095	555,657
05/13/2018	0.053160	0.055020	0.052489	0.054651	18,084	543,165
05/12/2018	0.053561	0.054215	0.051940	0.053178	12,652	547,266
05/11/2018	0.059199	0.059557	0.052561	0.053719	22,417	604,873
05/10/2018	0.062031	0.062716	0.059128	0.059128	14,931	633,803
05/09/2018	0.062001	0.062477	0.060286	0.062048	14,925	633,504
05/08/2018	0.063862	0.064448	0.059119	0.062096	16,669	652,512
05/07/2018	0.061786	0.064665	0.055755	0.063727	22,537	631,300
05/06/2018	0.058675	0.062083	0.056142	0.061072	23,857	599,514
05/05/2018	0.054636	0.060249	0.054551	0.058635	8,260	558,244
05/04/2018	0.052532	0.055875	0.051543	0.054659	6,660	536,746
05/03/2018	0.048770	0.052803	0.048407	0.052552	10,466	498,307
05/02/2018	0.047596	0.049162	0.046730	0.048860	21,829	486,321
05/01/2018	0.047683	0.047683	0.045928	0.047668	24,679	487,205
04/30/2018	0.047307	0.048680	0.044638	0.047641	23,184	483,360
04/29/2018	0.047102	0.048007	0.046364	0.047329	201	481,271
04/28/2018	0.044345	0.047556	0.043937	0.047121	22,463	453,097
04/27/2018	0.046578	0.046841	0.043749	0.044496	18,649	475,913
04/26/2018	0.040813	0.046710	0.039729	0.046514	21,317	417,008
04/25/2018	0.035420	0.045195	0.030782	0.040488	24,935	361,902
04/24/2018	0.033577	0.035494	0.030912	0.034794	18,497	343,070
04/23/2018	0.036112	0.036191	0.031766	0.033462	14,354	368,980
04/22/2018	0.040303	0.040845	0.035954	0.036186	16,526	411,796
04/21/2018	0.046243	0.046851	0.030469	0.040302	21,898	472,491
04/20/2018	0.043916	0.046479	0.042412	0.046227	22,531	448,713
04/19/2018	0.042216	0.044319	0.040548	0.043723	20,563	431,339
04/18/2018	0.043193	0.045673	0.041110	0.042184	21,842	441,326
04/17/2018	0.044918	0.046299	0.042683	0.043153	19,764	458,950
04/16/2018	0.048069	0.049616	0.044400	0.044895	21,481	491,149
04/15/2018	0.045927	0.048787	0.044396	0.048089	22,728	469,264
04/14/2018	0.050654	0.052062	0.044192	0.045878	21,199	517,559
04/13/2018	0.052169	0.056584	0.044019	0.050730	19,528	533,041
04/12/2018	0.049806	0.059881	0.047461	0.052257	26,394	508,890
04/11/2018	0.048369	0.050388	0.047713	0.049926	19,595	494,211
04/10/2018	0.049285	0.051563	0.048050	0.048322	11,358	503,565
04/09/2018	0.050652	0.054562	0.048398	0.049245	25,611	517,528
04/08/2018	0.052473	0.054852	0.048584	0.050570	52,640	536,133
04/07/2018	0.048998	0.054437	0.046793	0.052356	67,541	500,627
04/06/2018	0.043371	0.050944	0.041216	0.049270	63,963	443,133
04/05/2018	0.045235	0.046083	0.040347	0.043321	34,502	462,175
04/04/2018	0.052611	0.052641	0.042880	0.043995	3,197	537,547
04/03/2018	0.058015	0.061581	0.051725	0.053018	4,811	592,759
04/02/2018	0.060812	0.068862	0.048878	0.058044	25,720	621,336
04/01/2018	0.067288	0.068653	0.060216	0.060514	34,507	687,504
03/31/2018	0.063450	0.070603	0.060103	0.067568	78,720	648,284
03/30/2018	0.064618	0.066235	0.059190	0.064055	82,808	660,218
03/29/2018	0.061148	0.072785	0.048693	0.065982	94,395	624,762
03/28/2018	0.060122	0.069935	0.057882	0.060759	45,079	614,280
03/27/2018	0.080519	0.080741	0.060059	0.060135	26,879	822,689
03/26/2018	0.076701	0.083826	0.076701	0.080594	79	783,677
03/25/2018	0.084350	0.086306	0.076448	0.076753	478	861,833
03/24/2018	0.089297	0.092014	0.085324	0.085528	726	912,372
03/23/2018	0.087014	0.089005	0.083487	0.088015	31,359	889,049
03/22/2018	0.091268	0.092674	0.085619	0.087016	28,370	932,513
03/21/2018	0.099352	0.102544	0.089681	0.090187	95,202	1,015,110
03/20/2018	0.097792	0.100625	0.091032	0.098464	87,849	999,168
03/19/2018	0.091315	0.098946	0.090264	0.096377	112,483	932,984
03/18/2018	0.080442	0.092421	0.076656	0.091537	118,834	821,896
03/17/2018	0.084616	0.084616	0.076697	0.081112	49,313	864,548
03/16/2018	0.087144	0.087772	0.079272	0.084488	2,089	890,374
03/15/2018	0.089713	0.090233	0.083855	0.086863	76,407	916,621
03/14/2018	0.104536	0.106665	0.087497	0.089753	107,373	1,068,070
03/13/2018	0.108040	0.113668	0.102396	0.104886	123,132	1,103,870
03/12/2018	0.111764	0.119188	0.105194	0.109667	120,295	1,141,930
03/11/2018	0.106611	0.114895	0.102390	0.112118	104,167	1,089,270
03/10/2018	0.110348	0.114881	0.104037	0.106803	124,587	1,127,450
03/09/2018	0.110986	0.112282	0.097360	0.109838	126,309	1,133,970
03/08/2018	0.099656	0.112863	0.096071	0.111411	141,125	1,018,220
03/07/2018	0.117372	0.119191	0.095896	0.100391	121,206	1,199,220
03/06/2018	0.127938	0.130092	0.115666	0.117525	141,184	1,307,180
03/05/2018	0.134866	0.137501	0.123053	0.128408	132,474	1,377,960
03/04/2018	0.131099	0.137612	0.120908	0.137612	155,826	1,339,470
03/03/2018	0.124524	0.130982	0.122621	0.130982	56,973	1,272,290
03/02/2018	0.132805	0.137855	0.121037	0.124676	85,152	1,356,900
03/01/2018	0.119065	0.134270	0.117907	0.132928	144,778	1,216,510
02/28/2018	0.130100	0.134024	0.118767	0.119096	140,113	1,329,270
02/27/2018	0.129822	0.133964	0.122163	0.129720	141,584	1,326,430
02/26/2018	0.113026	0.134278	0.106045	0.130579	17,779	1,154,810
02/25/2018	0.118486	0.120244	0.112567	0.112881	86,721	1,210,600
02/24/2018	0.125821	0.129679	0.114866	0.118666	134,983	1,285,550
02/23/2018	0.124484	0.130499	0.119196	0.125473	137,723	1,271,880
02/22/2018	0.121567	0.128785	0.111997	0.123814	102,533	1,242,080
02/21/2018	0.131821	0.143335	0.113652	0.121689	78,119	1,346,840
02/20/2018	0.142958	0.150901	0.121866	0.132879	171,383	1,460,640
02/19/2018	0.123513	0.145495	0.121114	0.143826	158,168	1,261,960
02/18/2018	0.129778	0.131947	0.120008	0.124082	131,723	1,325,980
02/17/2018	0.112733	0.130789	0.111189	0.128726	95,231	1,151,820
02/16/2018	0.118082	0.128450	0.107799	0.112454	159,479	1,206,470
02/15/2018	0.106994	0.129922	0.101605	0.119596	163,423	1,093,190
02/14/2018	0.094545	0.107934	0.092798	0.106749	86,507	965,985
02/13/2018	0.091467	0.097703	0.090468	0.092609	101,816	934,546
02/12/2018	0.077794	0.092440	0.077794	0.091301	68,707	794,838
02/11/2018	0.081313	0.081313	0.075033	0.076281	30,762	830,791
02/10/2018	0.083784	0.086916	0.076754	0.081468	45,898	856,039
02/09/2018	0.080899	0.084713	0.075937	0.084675	93,747	826,565
02/08/2018	0.074226	0.085557	0.074226	0.081062	90,544	758,389
02/07/2018	0.076698	0.084985	0.071325	0.074676	67,419	783,637
02/06/2018	0.067814	0.079106	0.058459	0.076772	84,593	692,870
02/05/2018	0.084514	0.086307	0.065849	0.067728	84,769	863,494
02/04/2018	0.100125	0.102442	0.082312	0.085340	96,395	1,023,000
02/03/2018	0.097831	0.102626	0.090623	0.100074	103,911	999,560
02/02/2018	0.099519	0.099519	0.080256	0.097498	93,288	1,016,810
02/01/2018	0.107641	0.111265	0.093685	0.100725	72,704	1,099,800
01/31/2018	0.111084	0.114872	0.102372	0.108200	81,897	1,134,970
01/30/2018	0.134951	0.136477	0.109502	0.111406	88,806	1,378,830
01/29/2018	0.125804	0.144813	0.123082	0.135466	122,956	1,285,370
01/28/2018	0.128530	0.136122	0.123214	0.125123	100,325	1,313,230
01/27/2018	0.136515	0.140583	0.123908	0.129912	53,649	1,394,800
01/26/2018	0.130374	0.138902	0.121293	0.136605	43,018	1,332,070
01/25/2018	0.145709	0.149763	0.127087	0.130833	104,993	1,488,750
01/24/2018	0.141029	0.146538	0.133235	0.143469	64,845	1,440,930
01/23/2018	0.129112	0.145553	0.112125	0.141104	22,230	1,319,160
01/22/2018	0.103976	0.149439	0.103158	0.128494	110,723	1,062,350
01/21/2018	0.108537	0.110472	0.091619	0.102471	82,765	1,108,950
01/20/2018	0.088606	0.111308	0.087851	0.108291	88,073	905,304
01/19/2018	0.086094	0.096379	0.078030	0.087128	72,730	879,639
01/18/2018	0.069696	0.094081	0.068075	0.087112	68,297	712,102
01/17/2018	0.072632	0.074552	0.059672	0.069431	35,453	742,099
01/16/2018	0.085735	0.089915	0.068596	0.072994	11,382	875,974
01/15/2018	0.090640	0.096946	0.083339	0.085636	17,411	926,093
01/14/2018	0.074338	0.092598	0.071544	0.090966	21,809	759,527
01/13/2018	0.072687	0.076337	0.072236	0.074553	11,049	742,655
01/12/2018	0.069139	0.073260	0.067640	0.072763	13,355	706,408
01/11/2018	0.077325	0.077762	0.067560	0.068705	20,560	790,044
01/10/2018	0.076317	0.077793	0.071718	0.077404	29,996	779,750
01/09/2018	0.111419	0.119881	0.073536	0.076223	60,315	1,138,390
01/08/2018	0.114308	0.125485	0.107198	0.111121	14,874	1,167,910
01/07/2018	0.114727	0.130312	0.112733	0.115026	22,270	1,172,190
01/06/2018	0.115845	0.116110	0.105904	0.114477	15,724	1,183,620
01/05/2018	0.099904	0.116928	0.098476	0.115916	17,536	1,020,740
01/04/2018	0.116532	0.117746	0.092495	0.099387	16,538	1,190,640
01/03/2018	0.115348	0.118754	0.091927	0.115523	18,723	1,178,540
01/02/2018	0.101067	0.127764	0.101067	0.115605	20,041	1,032,620
01/01/2018	0.103530	0.104395	0.094008	0.101070	15,483	1,057,790
12/31/2017	0.094266	0.103259	0.086655	0.103133	13,951	963,135
12/30/2017	0.096684	0.100723	0.082347	0.096312	14,976	987,836
12/29/2017	0.098138	0.110442	0.096113	0.096923	13,426	1,002,700
12/28/2017	0.127710	0.128596	0.093661	0.098275	15,051	1,304,840
12/27/2017	0.103514	0.133040	0.097240	0.129058	17,839	1,057,620
12/26/2017	0.114709	0.118384	0.091174	0.104167	15,491	1,172,000
12/25/2017	0.099881	0.126989	0.097071	0.114824	20,333	1,020,500
12/24/2017	0.109065	0.109065	0.090134	0.098854	13,055	1,114,340
12/23/2017	0.080559	0.126510	0.077825	0.107765	15,414	823,090
12/22/2017	0.087944	0.094977	0.061083	0.079970	11,540	898,543
12/21/2017	0.089384	0.255042	0.083282	0.086248	8,395	913,254
12/20/2017	0.100015	0.100015	0.085309	0.089114	3,220	1,021,870
12/19/2017	0.105548	0.115737	0.092688	0.100285	14,043	1,078,410
12/18/2017	0.100326	0.106314	0.095898	0.105460	13,610	1,025,050
12/17/2017	0.105628	0.108942	0.098968	0.100028	13,942	1,079,220
12/16/2017	0.098154	0.106733	0.094918	0.105615	14,344	1,002,850
12/15/2017	0.103584	0.114413	0.093178	0.097495	13,523	1,058,340
12/14/2017	0.135216	0.139499	0.087256	0.104409	14,922	1,381,530
12/13/2017	0.102443	0.150584	0.092860	0.135645	23,092	1,046,670
12/12/2017	0.097494	0.120312	0.084439	0.101839	15,053	996,113
12/11/2017	0.093484	0.110565	0.086234	0.096511	13,829	955,138
12/10/2017	0.100187	0.104092	0.079242	0.094925	12,933	1,023,620
12/09/2017	0.096093	0.104048	0.088233	0.099343	13,287	981,795
12/08/2017	0.145090	0.147428	0.090296	0.097321	14,575	1,482,410
12/07/2017	0.128995	0.149323	0.125214	0.145269	18,069	1,317,960
12/06/2017	0.116304	0.138825	0.113103	0.129216	16,601	1,188,290
12/05/2017	0.116082	0.121062	0.112603	0.116562	16,823	1,186,020
12/04/2017	0.100778	0.117271	0.100538	0.115854	16,331	1,029,670
12/03/2017	0.110094	0.121383	0.094924	0.100557	16,450	1,124,850
12/02/2017	0.116898	0.121358	0.101493	0.110862	14,089	1,194,360
12/01/2017	0.108424	0.118842	0.103054	0.116454	16,411	1,107,780
11/30/2017	0.103991	0.113884	0.094674	0.108061	14,788	1,062,490
11/29/2017	0.113540	0.124338	0.096796	0.102039	15,603	1,160,050
11/28/2017	0.124545	0.127458	0.110024	0.114842	14,999	1,272,490
11/27/2017	0.124442	0.145795	0.113804	0.124710	20,188	1,271,440
11/26/2017	0.178420	0.183988	0.099151	0.124419	31,509	1,822,940
11/25/2017	0.175589	0.190279	0.168255	0.178479	30,371	1,794,000
11/24/2017	0.227990	0.248164	0.153619	0.177009	38,704	2,309,690
11/23/2017	0.219081	0.260444	0.194601	0.229731	40,883	2,219,260
11/22/2017	0.204922	0.265217	0.204922	0.219809	30,063	2,075,560
11/21/2017	0.247579	0.267485	0.207318	0.222304	27,292	2,507,500
11/20/2017	0.240274	0.277246	0.202202	0.247534	46,027	2,433,490
11/19/2017	0.716985	0.716985	0.146871	0.240895	61,649	7,260,390
11/18/2017	0.071979	0.776833	0.069203	0.754465	122,834	728,880
11/17/2017	0.069931	0.075295	0.069057	0.072252	11,252	708,146
11/16/2017	0.063539	0.070771	0.062117	0.070125	7,391	643,418
11/15/2017	0.064595	0.070044	0.038656	0.068656	13,713	654,075
11/14/2017	0.063611	0.065462	0.061824	0.064221	20,706	643,925
11/13/2017	0.055655	0.065644	0.055462	0.063020	10,982	563,394
11/12/2017	0.061406	0.062183	0.053338	0.056102	7,491	621,608
11/11/2017	0.065519	0.067928	0.061191	0.061451	8,987	663,240
11/10/2017	0.071433	0.073493	0.064228	0.065754	11,021	723,104
11/09/2017	0.074113	0.074570	0.070711	0.071008	9,826	750,239
11/08/2017	0.073281	0.078608	0.071766	0.074189	16,408	741,818
11/07/2017	0.071158	0.074321	0.070996	0.073511	13,899	720,328
11/06/2017	0.061209	0.075923	0.057236	0.071202	10,231	619,607
11/05/2017	0.062533	0.063661	0.057456	0.061073	8,295	633,005
11/04/2017	0.060489	0.064590	0.057110	0.062651	8,468	612,316
11/03/2017	0.051747	0.061945	0.046429	0.060646	9,108	523,829
11/02/2017	0.048769	0.053283	0.045415	0.051745	7,477	493,679
11/01/2017	0.048136	0.050142	0.044983	0.048715	6,829	487,271
10/31/2017	0.043385	0.049202	0.037174	0.048043	7,139	439,174
10/30/2017	0.050351	0.055568	0.034222	0.043225	6,476	509,688
10/29/2017	0.046678	0.052459	0.045040	0.050583	7,116	472,508
10/28/2017	0.057346	0.059145	0.043406	0.046742	7,012	580,497
10/27/2017	0.057279	0.058169	0.052972	0.057190	8,283	579,814
10/26/2017	0.054827	0.059938	0.053353	0.055853	7,759	554,999
10/25/2017	0.054019	0.057371	0.049152	0.054662	7,152	546,823
10/24/2017	0.058127	0.059369	0.052964	0.054324	8,700	588,401
10/23/2017	0.052498	0.059521	0.048588	0.058255	8,516	531,423
10/22/2017	0.052660	0.053161	0.047597	0.052403	8,049	533,061
10/21/2017	0.058280	0.059303	0.051743	0.052344	7,495	589,951
10/20/2017	0.056532	0.059946	0.051263	0.058162	8,353	572,259
10/19/2017	0.051961	0.056952	0.050660	0.056516	8,269	525,985
10/18/2017	0.054999	0.054999	0.048255	0.051935	6,314	556,726
10/17/2017	0.053249	0.056408	0.050910	0.054996	8,027	538,911
10/16/2017	0.056461	0.056968	0.051956	0.053239	8,021	571,423
10/15/2017	0.052603	0.057191	0.048881	0.056340	8,720	532,372
10/14/2017	0.050394	0.057415	0.045951	0.052450	7,268	510,012
10/13/2017	0.053145	0.057679	0.043278	0.050381	7,593	537,849
10/12/2017	0.049565	0.054386	0.049017	0.052553	7,693	501,625
10/11/2017	0.048104	0.050238	0.045872	0.049282	6,662	486,831
10/10/2017	0.049830	0.050847	0.043566	0.048350	6,352	504,303
10/09/2017	0.048116	0.050439	0.046751	0.049554	6,601	486,957
10/08/2017	0.045112	0.049246	0.036954	0.048106	5,161	456,550
10/07/2017	0.033991	0.045339	0.032774	0.045233	642	343,999
10/06/2017	0.040911	0.044863	0.033673	0.033980	2,909	414,038
10/05/2017	0.043069	0.045215	0.035591	0.040738	5,446	435,876
10/04/2017	0.045400	0.046739	0.039549	0.043114	4,188	459,467
10/03/2017	0.048475	0.048794	0.038114	0.045295	5,106	490,590
10/02/2017	0.046226	0.048729	0.042398	0.048474	7,193	467,826
10/01/2017	0.046464	0.047415	0.044227	0.046246	6,069	470,238
09/30/2017	0.043626	0.047154	0.042996	0.046439	6,469	441,515
09/29/2017	0.046415	0.046582	0.040011	0.043622	4,150	469,737
09/28/2017	0.046558	0.047888	0.043917	0.046292	4,434	471,142
09/27/2017	0.042825	0.046739	0.041097	0.046557	4,459	433,295
09/26/2017	0.043749	0.044319	0.040937	0.042945	6,246	442,522
09/25/2017	0.037972	0.044067	0.035822	0.043714	7,164	384,088
09/24/2017	0.035688	0.038664	0.032958	0.038231	5,720	360,980
09/23/2017	0.035774	0.036647	0.035084	0.035653	5,004	361,848
09/22/2017	0.040223	0.042186	0.028925	0.035875	4,877	406,767
09/21/2017	0.043683	0.043891	0.039735	0.040269	6,137	441,703
09/20/2017	0.039175	0.045042	0.036056	0.043898	6,850	396,114
09/19/2017	0.044853	0.045213	0.031866	0.039227	6,439	453,363
09/18/2017	0.042744	0.045841	0.038072	0.044745	7,640	431,719
09/17/2017	0.040812	0.046862	0.038834	0.043256	6,248	411,908
09/16/2017	0.043152	0.045759	0.039787	0.041061	5,128	435,528
09/15/2017	0.034228	0.045255	0.027253	0.043264	5,973	345,459
09/14/2017	0.037020	0.049660	0.031555	0.033964	6,018	373,637
09/13/2017	0.038137	0.046575	0.035332	0.037018	5,300	384,909
09/12/2017	0.042356	0.055328	0.037460	0.038367	5,515	427,492
09/11/2017	0.037636	0.061964	0.025108	0.054815	6,756	379,853
09/10/2017	0.038170	0.038252	0.035580	0.037517	14	385,248
09/09/2017	0.035227	0.038248	0.025231	0.038130	158	355,539
09/08/2017	0.033456	0.043295	0.031468	0.035160	2,805	337,670
09/07/2017	0.035172	0.040889	0.033141	0.033449	2,148	354,982
09/06/2017	0.032808	0.035729	0.031822	0.035100	5,184	331,129
09/05/2017	0.026650	0.033537	0.023288	0.032683	4,881	268,976
09/04/2017	0.028176	0.036000	0.024966	0.026518	4,627	284,370
09/03/2017	0.028051	0.030573	0.027036	0.028166	4,007	283,106
09/02/2017	0.036635	0.038094	0.020314	0.028033	4,427	369,748
09/01/2017	0.055588	0.101132	0.031409	0.036981	3,133	561,029
08/31/2017	0.031103	0.055759	0.024257	0.055586	819	313,910
08/30/2017	0.037240	0.057063	0.026238	0.031145	424	375,854
08/29/2017	0.036800	0.040276	0.035339	0.037290	168	371,417
08/28/2017	0.041538	0.042256	0.035239	0.036743	315	419,235
08/26/2017	0.048896	0.049006	0.048087	0.048350	9,411	493,488
08/25/2017	0.054917	0.055612	0.048240	0.048814	9,508	554,258
08/24/2017	0.040210	0.075267	0.035074	0.055077	10,712	405,831
08/23/2017	0.036601	0.053560	0.036239	0.040434	6,860	369,403
08/22/2017	0.023861	0.046158	0.018445	0.036674	8,254	240,822
08/21/2017	0.047871	0.050118	0.020249	0.023807	7,966	483,146
08/20/2017	0.048780	0.053422	0.047188	0.048053	43,121	492,318
08/19/2017	0.047867	0.056750	0.044736	0.049175	22,173	483,104
08/18/2017	0.051638	0.054991	0.046586	0.047785	6,829	521,166
08/17/2017	0.057029	0.061623	0.050199	0.051584	8,451	575,575
08/16/2017	0.059275	0.061616	0.050204	0.057082	8,928	598,235
08/15/2017	0.053860	0.071220	0.053565	0.059417	8,710	543,589
08/14/2017	0.057944	0.095164	0.048690	0.053551	8,370	584,801
08/13/2017	0.068881	0.074471	0.047179	0.057826	8,885	695,191
08/12/2017	0.089908	0.094158	0.061647	0.068944	11,722	907,404
08/11/2017	0.085947	0.096859	0.085261	0.089978	10,832	867,432
08/10/2017	0.086782	0.096162	0.084836	0.085953	16,291	875,851
08/09/2017	0.098100	0.098336	0.085396	0.086740	7,921	990,082
08/08/2017	0.108031	0.111154	0.096265	0.098303	2,598	1,090,300
08/07/2017	0.106517	0.117881	0.102633	0.107922	8,722	1,075,020
08/06/2017	0.120699	0.121879	0.101939	0.106754	6,991	1,218,160
08/05/2017	0.110478	0.125236	0.109052	0.120670	8,999	1,115,010
08/04/2017	0.109470	0.121805	0.104824	0.110131	7,807	1,104,830
08/03/2017	0.129691	0.129691	0.103407	0.108942	8,282	1,308,910
08/02/2017	0.141845	0.143033	0.111133	0.130105	6,501	1,431,580
08/01/2017	0.169642	0.170307	0.120477	0.141872	15,841	1,712,120
07/31/2017	0.195783	0.200289	0.168605	0.169560	11,125	1,975,930
07/30/2017	0.198420	0.210613	0.186741	0.196924	14,350	2,002,530
07/29/2017	0.228151	0.228772	0.190292	0.198448	15,106	2,302,590
07/28/2017	0.273894	0.279442	0.209756	0.229122	15,408	2,764,240
07/27/2017	0.292837	0.304221	0.249482	0.273066	17,389	2,955,430
07/26/2017	0.254631	0.310339	0.229775	0.292009	26,054	2,569,830
07/25/2017	0.241986	0.417217	0.202057	0.254525	20,481	2,442,220
07/24/2017	0.230607	0.251569	0.199187	0.238602	18,693	2,327,380
07/23/2017	0.242439	0.249101	0.224609	0.230876	18,315	2,446,790
07/22/2017	0.247875	0.264546	0.225854	0.242637	18,191	2,501,650
07/21/2017	0.219119	0.284189	0.210701	0.247000	20,460	2,211,430
07/20/2017	0.182903	0.226669	0.182903	0.217505	17,257	1,845,920
07/19/2017	0.180426	0.193493	0.169656	0.176475	13,979	1,820,920
07/18/2017	0.170857	0.192580	0.163086	0.180125	14,271	1,724,350
07/17/2017	0.151658	0.181047	0.149474	0.170062	14,133	1,530,590
07/16/2017	0.162873	0.169544	0.143761	0.151827	11,974	1,643,780
07/15/2017	0.170817	0.189019	0.152055	0.162770	12,127	1,723,950
07/14/2017	0.187161	0.197084	0.164034	0.164034	21,957	1,888,900
07/13/2017	0.208042	0.222925	0.173478	0.175095	66,595	2,099,640
07/12/2017	0.208178	0.218251	0.178717	0.209313	69,887	2,101,010
07/11/2017	0.226614	0.239491	0.172383	0.208231	50,942	2,287,080
07/10/2017	0.295410	0.318892	0.210388	0.227098	68,990	2,981,390
07/09/2017	0.375853	0.379783	0.253409	0.294986	72,070	3,793,250
07/08/2017	0.466594	0.471337	0.274326	0.375136	72,658	4,709,050
07/07/2017	0.436575	0.516857	0.426454	0.465951	29,449	4,406,080
07/06/2017	0.519933	0.520093	0.426693	0.436254	17,274	5,247,360
07/05/2017	0.436628	0.519675	0.417725	0.519675	25,519	4,406,620
07/04/2017	0.497270	0.501891	0.423471	0.436849	746	5,018,640
07/03/2017	0.524982	0.526658	0.421811	0.498395	56,385	5,298,320
07/02/2017	0.569373	0.570020	0.507595	0.526922	34,668	5,746,330
07/01/2017	0.580296	0.587844	0.500401	0.569442	56,787	5,856,570
06/30/2017	0.594469	0.659193	0.507387	0.588513	57,085	5,999,570
06/29/2017	0.561412	0.664847	0.499126	0.593288	147,304	5,665,950
06/28/2017	0.579063	0.679539	0.525454	0.561934	277,581	5,844,090
06/27/2017	0.511675	0.575316	0.384261	0.575316	86,333	5,163,990
06/26/2017	0.656459	0.657100	0.499853	0.499877	118,275	6,625,200
06/25/2017	0.512980	0.755866	0.493239	0.656802	386,117	5,177,160
06/24/2017	0.511270	0.559942	0.491655	0.514159	46,432	5,159,900
06/23/2017	0.479974	0.597000	0.443651	0.511328	28,529	4,844,050
06/22/2017	0.487376	0.503411	0.479970	0.479974	12,828	4,918,760
06/21/2017	0.487423	0.529344	0.487287	0.487367	31,379	4,919,230
06/20/2017	0.555360	0.555382	0.479670	0.487422	33,133	5,604,860
06/19/2017	0.648694	0.648718	0.479923	0.555360	48,146	6,546,820
06/18/2017	0.501088	0.650037	0.501087	0.648696	52,609	5,057,130
06/17/2017	0.687388	0.688600	0.410325	0.501089	78,508	6,937,280
06/16/2017	0.657452	0.687388	0.552889	0.687387	39,932	6,635,160
06/15/2017	0.605581	0.831816	0.449001	0.657932	107,527	6,111,670
06/14/2017	0.545401	0.679827	0.545293	0.605609	41,856	5,504,320
06/13/2017	0.611047	0.668714	0.544064	0.545720	48,668	6,166,830
06/12/2017	0.611089	0.728313	0.553038	0.613083	39,951	6,167,250
06/11/2017	0.705412	0.736341	0.562985	0.611894	89,076	7,119,180
06/10/2017	0.896849	0.896849	0.619068	0.706081	5,907	9,051,210
06/09/2017	0.720884	1.05	0.689656	0.926474	193,107	7,275,330
06/08/2017	0.755865	0.828490	0.674647	0.721979	104,861	7,628,370
06/07/2017	0.857117	0.859275	0.698238	0.755697	36,847	8,650,230
06/06/2017	0.755190	0.867988	0.549883	0.856902	124,398	7,621,560
06/05/2017	0.754110	0.804732	0.725345	0.752816	242,647	7,610,650
06/04/2017	0.647579	0.759583	0.631632	0.753973	78,272	6,535,510
06/03/2017	0.620943	0.758190	0.547353	0.646933	141,171	6,266,690
06/02/2017	0.456225	0.721731	0.450631	0.621205	147,067	4,604,320
06/01/2017	0.424055	0.488397	0.424055	0.456020	26,721	4,279,650
05/31/2017	0.438356	0.459091	0.360191	0.424096	34,260	1,488,960
05/30/2017	0.458854	0.480656	0.374898	0.436673	13,599	1,464,300
05/29/2017	0.434844	0.488138	0.354537	0.458344	31,673	1,387,680
05/28/2017	0.435094	0.485685	0.407180	0.435718	21,967	1,388,480
05/27/2017	0.491634	0.506527	0.371010	0.432501	20,757	1,568,910
05/26/2017	0.405743	0.557527	0.391651	0.490168	18,267	1,294,820
05/25/2017	0.491743	0.556748	0.347516	0.408636	68,421	1,229,360
05/24/2017	0.457544	0.505659	0.372072	0.492665	48,963	1,143,860
05/23/2017	0.694769	1.03	0.294212	0.457108	40,053	1,736,920
05/22/2017	0.424225	88.22	0.424225	0.695046	53,765	1,060,560
