Date	Open	High	Low	Close	Volume	Market Cap
07/15/2018	0.025357	0.026658	0.025310	0.026242	26,768	39,130,200
07/14/2018	0.024698	0.025528	0.024011	0.025115	12,974	38,112,800
07/13/2018	0.024213	0.025803	0.022972	0.024767	38,066	37,364,000
07/12/2018	0.022815	0.024200	0.022218	0.024200	19,696	35,206,800
07/11/2018	0.023889	0.024951	0.022387	0.022820	30,501	36,864,800
07/10/2018	0.025999	0.026776	0.023873	0.023888	51,023	40,120,200
07/09/2018	0.025147	0.026401	0.023937	0.026018	22,075	38,806,100
07/08/2018	0.026764	0.026817	0.023785	0.025153	37,338	41,301,200
07/07/2018	0.027520	0.027566	0.024763	0.026794	54,668	42,467,900
07/06/2018	0.025357	0.028276	0.025326	0.027567	62,817	39,130,500
07/05/2018	0.025409	0.026262	0.024954	0.025361	7,549	39,209,500
07/04/2018	0.023729	0.027613	0.023042	0.025355	27,772	36,618,200
07/03/2018	0.024864	0.026702	0.022671	0.023738	37,217	38,368,800
07/02/2018	0.025342	0.027422	0.023043	0.024976	44,258	39,106,700
07/01/2018	0.026124	0.027886	0.022989	0.025339	38,757	40,313,800
06/30/2018	0.025145	0.027654	0.023810	0.026118	51,480	38,802,100
06/29/2018	0.023755	0.025641	0.020524	0.025109	57,889	36,658,000
06/28/2018	0.020247	0.024323	0.020129	0.024148	51,972	31,244,100
06/27/2018	0.020240	0.020848	0.019533	0.020240	27,496	31,233,000
06/26/2018	0.020114	0.021663	0.019982	0.020248	24,038	31,039,500
06/25/2018	0.019809	0.021069	0.019329	0.020114	34,789	30,567,800
06/24/2018	0.020238	0.020962	0.018407	0.019847	56,186	31,230,700
06/23/2018	0.020637	0.021156	0.019481	0.020241	25,488	31,846,600
06/22/2018	0.021765	0.023055	0.018966	0.020635	36,216	33,587,200
06/21/2018	0.023539	0.023672	0.021427	0.022191	19,393	36,324,900
06/20/2018	0.021789	0.023534	0.020828	0.023534	67,481	33,624,400
06/19/2018	0.020122	0.022072	0.020117	0.021776	20,262	31,051,800
06/18/2018	0.021375	0.021661	0.018940	0.020132	25,634	32,984,500
06/17/2018	0.021894	0.022459	0.019985	0.021448	38,951	33,785,900
06/16/2018	0.021803	0.022369	0.020759	0.021840	8,014	33,645,800
06/15/2018	0.019744	0.022972	0.019088	0.021883	74,955	30,467,300
06/14/2018	0.018482	0.019887	0.016888	0.019776	50,289	28,520,600
06/13/2018	0.019090	0.019511	0.016855	0.018551	22,385	29,459,000
06/12/2018	0.021146	0.021746	0.017471	0.019041	39,502	32,631,400
06/11/2018	0.022289	0.022359	0.020619	0.021157	27,678	34,395,300
06/10/2018	0.024241	0.024241	0.021258	0.022190	18,310	37,407,000
06/09/2018	0.024772	0.025790	0.023840	0.024210	27,096	38,226,600
06/08/2018	0.025576	0.026314	0.023709	0.023968	25,846	39,467,000
06/07/2018	0.026721	0.026995	0.025399	0.025556	29,041	41,234,200
06/06/2018	0.026628	0.026928	0.025137	0.026696	23,629	41,091,000
06/05/2018	0.025011	0.027651	0.024488	0.026635	85,952	38,596,000
06/04/2018	0.026712	0.027182	0.024617	0.025223	51,361	41,220,200
06/03/2018	0.025397	0.046059	0.023192	0.026826	148,974	39,191,800
06/02/2018	0.022405	0.025467	0.022204	0.025390	23,943	34,573,900
06/01/2018	0.028231	0.028317	0.019698	0.022414	99,940	43,564,200
05/31/2018	0.024363	0.028602	0.024312	0.028210	51,514	37,595,400
05/30/2018	0.022394	0.026608	0.021630	0.024367	59,317	34,557,300
05/29/2018	0.021142	0.022435	0.020045	0.022379	24,646	32,625,500
05/28/2018	0.022036	0.022122	0.020295	0.021149	18,848	34,005,300
05/27/2018	0.022930	0.022930	0.020532	0.022031	12,916	35,383,900
05/26/2018	0.021214	0.024122	0.021101	0.022921	28,324	32,735,900
05/25/2018	0.021782	0.022447	0.020677	0.021241	9,848	33,612,600
05/24/2018	0.020091	0.021891	0.018810	0.021741	24,618	31,003,600
05/23/2018	0.019585	0.022345	0.019069	0.020142	47,195	30,223,400
05/22/2018	0.020240	0.020674	0.019539	0.019606	13,226	31,234,000
05/21/2018	0.020431	0.021793	0.020075	0.020244	38,282	31,528,500
05/20/2018	0.020435	0.020980	0.019666	0.020402	17,646	31,533,800
05/19/2018	0.019475	0.020849	0.019251	0.020419	20,791	30,053,400
05/18/2018	0.019306	0.020529	0.018374	0.019478	36,392	29,792,700
05/17/2018	0.019702	0.021337	0.018964	0.019289	22,958	30,403,400
05/16/2018	0.020791	0.021455	0.019035	0.019690	24,022	32,084,000
05/15/2018	0.020627	0.022027	0.019761	0.020803	31,270	31,831,300
05/14/2018	0.020422	0.021111	0.018399	0.020663	18,450	31,513,700
05/13/2018	0.020068	0.021261	0.018895	0.020425	15,530	30,968,800
05/12/2018	0.021250	0.021523	0.019672	0.020075	23,540	32,792,000
05/11/2018	0.023092	0.024156	0.020638	0.021312	25,661	35,633,900
05/10/2018	0.023681	0.024124	0.022319	0.023063	16,733	36,543,900
05/09/2018	0.023899	0.024587	0.022308	0.023688	30,273	36,880,200
05/08/2018	0.020996	0.025338	0.020996	0.024303	39,389	32,400,400
05/07/2018	0.020876	0.024555	0.020077	0.024555	59,217	32,214,800
05/06/2018	0.023632	0.023801	0.019884	0.020861	33,822	36,468,100
05/05/2018	0.024702	0.024747	0.022820	0.023616	30,891	38,119,500
05/04/2018	0.026479	0.026479	0.022513	0.024714	24,589	40,862,000
05/03/2018	0.026769	0.030086	0.020586	0.026490	102,965	41,308,700
05/02/2018	0.031286	0.033467	0.027657	0.027687	84,756	48,279,800
05/01/2018	0.023888	0.031349	0.023464	0.031334	96,640	36,863,300
04/30/2018	0.034632	0.034849	0.022166	0.024872	110,412	53,442,800
04/29/2018	0.025292	0.035418	0.025292	0.034642	99,848	39,029,400
04/28/2018	0.023163	0.025946	0.021555	0.025302	19,995	35,744,600
04/27/2018	0.019610	0.026625	0.019610	0.023243	49,491	30,261,500
04/26/2018	0.015243	0.022036	0.014871	0.019583	39,989	23,521,900
04/25/2018	0.016099	0.017557	0.012151	0.015118	17,139	24,842,900
04/24/2018	0.017114	0.018139	0.015797	0.016209	35,722	26,409,000
04/23/2018	0.017299	0.017676	0.016774	0.017363	17,264	26,694,300
04/22/2018	0.018394	0.018769	0.017244	0.017333	22,893	28,384,600
04/21/2018	0.017683	0.018551	0.016979	0.018394	23,818	27,288,300
04/20/2018	0.017788	0.018345	0.015808	0.017677	61,698	27,448,800
04/19/2018	0.016328	0.018557	0.015127	0.017776	96,871	25,196,200
04/18/2018	0.014612	0.016463	0.014430	0.016315	50,867	22,549,100
04/17/2018	0.015750	0.015847	0.014515	0.014599	19,257	24,304,400
04/16/2018	0.014855	0.015796	0.013376	0.015742	10,106	22,924,300
04/15/2018	0.015422	0.016243	0.014810	0.014862	16,302	23,799,000
04/14/2018	0.015040	0.016017	0.014899	0.015406	11,278	23,209,300
04/13/2018	0.014257	0.016370	0.009414	0.015040	31,465	22,001,500
04/12/2018	0.012366	0.015221	0.012304	0.014240	27,457	19,082,600
04/11/2018	0.012644	0.013592	0.011016	0.012396	18,187	19,511,400
04/10/2018	0.013131	0.013566	0.012580	0.012632	17,233	20,262,700
04/09/2018	0.013840	0.014028	0.012552	0.012855	2,001	21,356,800
04/08/2018	0.013740	0.013881	0.012774	0.013817	3,972	21,203,000
04/07/2018	0.013044	0.013940	0.012520	0.013728	9,124	20,129,000
04/06/2018	0.012535	0.013217	0.011290	0.013029	13,080	19,343,500
04/05/2018	0.011431	0.013737	0.011066	0.012599	24,936	17,639,900
04/04/2018	0.013350	0.013350	0.011323	0.011426	4,183	20,600,300
04/03/2018	0.013982	0.014644	0.012687	0.012839	7,573	21,576,700
04/02/2018	0.012753	0.013981	0.012554	0.013972	9,222	19,680,200
04/01/2018	0.012196	0.013901	0.011168	0.012693	15,258	18,820,600
03/31/2018	0.010460	0.012234	0.010460	0.012197	13,975	16,142,200
03/30/2018	0.010630	0.011416	0.010015	0.010459	6,266	16,403,100
03/29/2018	0.011756	0.012408	0.010613	0.010656	21,609	18,141,000
03/28/2018	0.011291	0.012747	0.011228	0.011742	14,624	17,423,400
03/27/2018	0.012417	0.013163	0.011279	0.011293	22,083	19,162,200
03/26/2018	0.013544	0.013998	0.011422	0.012436	13,469	20,900,400
03/25/2018	0.013611	0.014592	0.013111	0.013554	7,142	21,003,400
03/24/2018	0.013113	0.015336	0.013077	0.013800	9,283	20,235,800
03/23/2018	0.014128	0.014544	0.010688	0.012925	16,828	21,801,100
03/22/2018	0.016215	0.016470	0.012875	0.014128	6,581	25,022,500
03/21/2018	0.015402	0.016529	0.013229	0.016244	18,530	23,768,100
03/20/2018	0.014573	0.015933	0.013830	0.015374	10,272	22,488,500
03/19/2018	0.014330	0.016528	0.014242	0.014412	27,384	22,114,100
03/18/2018	0.014195	0.015134	0.012611	0.014390	14,203	21,904,900
03/17/2018	0.014277	0.014484	0.013177	0.014229	9,091	22,032,100
03/16/2018	0.014680	0.015493	0.012210	0.014254	10,519	22,653,700
03/15/2018	0.015593	0.016124	0.013636	0.014690	23,326	24,062,100
03/14/2018	0.016563	0.018138	0.014722	0.015600	13,769	25,560,100
03/13/2018	0.018087	0.020072	0.012069	0.016561	24,010	27,911,500
03/12/2018	0.018035	0.021330	0.017441	0.018191	24,203	27,830,400
03/11/2018	0.017306	0.020117	0.015728	0.018091	28,393	26,706,200
03/10/2018	0.019162	0.019405	0.016596	0.017366	15,699	29,570,800
03/09/2018	0.019606	0.019836	0.014362	0.019154	25,003	30,255,200
03/08/2018	0.020090	0.021176	0.014449	0.019730	19,906	31,002,500
03/07/2018	0.023157	0.025571	0.019189	0.020119	10,741	35,734,600
03/06/2018	0.024692	0.025542	0.022899	0.023187	6,563	38,103,900
03/05/2018	0.027150	0.027150	0.023650	0.024744	5,145	41,895,900
03/04/2018	0.028167	0.028176	0.022803	0.027170	15,246	43,466,400
03/03/2018	0.026469	0.028545	0.025270	0.028213	8,284	40,846,200
03/02/2018	0.023988	0.028594	0.023988	0.026506	8,389	37,017,300
03/01/2018	0.026311	0.028586	0.024050	0.024050	12,279	40,601,600
02/28/2018	0.024024	0.027097	0.023987	0.026272	14,533	37,073,200
02/27/2018	0.024506	0.026535	0.023363	0.025519	17,437	37,817,000
02/26/2018	0.023985	0.024756	0.021369	0.024437	7,019	37,012,800
02/25/2018	0.024046	0.025695	0.021607	0.023954	34,343	37,107,000
02/24/2018	0.025367	0.027269	0.023518	0.024083	29,815	39,144,800
02/23/2018	0.026092	0.026657	0.024806	0.025399	18,867	40,264,700
02/22/2018	0.026289	0.028420	0.024501	0.026117	28,220	40,567,700
02/21/2018	0.029194	0.029734	0.025989	0.026325	51,740	45,050,800
02/20/2018	0.031621	0.032198	0.028936	0.029237	23,828	48,795,800
02/19/2018	0.028257	0.031823	0.027256	0.031593	28,777	43,605,600
02/18/2018	0.030900	0.033863	0.027789	0.028384	31,835	47,682,900
02/17/2018	0.032356	0.033102	0.028294	0.030807	48,322	49,929,900
02/16/2018	0.032687	0.032687	0.027685	0.032362	64,800	50,440,800
02/15/2018	0.029536	0.038146	0.029030	0.032832	89,479	45,578,500
02/14/2018	0.029788	0.035052	0.028578	0.029517	42,642	45,967,100
02/13/2018	0.031593	0.034615	0.028971	0.028971	45,817	48,752,800
02/12/2018	0.025405	0.031593	0.025405	0.031539	17,573	39,204,400
02/11/2018	0.028212	0.028433	0.024434	0.025246	11,479	43,536,100
02/10/2018	0.028761	0.031939	0.025782	0.028237	45,343	44,383,000
02/09/2018	0.023581	0.030187	0.019699	0.028740	115,064	36,389,800
02/08/2018	0.023185	0.025055	0.022443	0.023518	28,619	35,777,300
02/07/2018	0.023998	0.028455	0.022261	0.023279	16,545	37,032,500
02/06/2018	0.019424	0.026002	0.016564	0.024229	56,678	29,974,300
02/05/2018	0.022573	0.024098	0.018436	0.020006	63,972	34,833,300
02/04/2018	0.023647	0.025291	0.019984	0.022795	53,731	36,491,200
02/03/2018	0.025402	0.027383	0.022416	0.023631	76,289	39,199,800
02/02/2018	0.027031	0.027031	0.022836	0.025650	43,014	41,713,600
02/01/2018	0.028401	0.030160	0.024448	0.027361	36,513	43,827,600
01/31/2018	0.026740	0.031384	0.025330	0.028333	40,544	41,263,400
01/30/2018	0.032531	0.033663	0.025180	0.027192	68,438	50,200,300
01/29/2018	0.037659	0.037850	0.031373	0.032520	52,858	58,113,400
01/28/2018	0.033535	0.037955	0.032358	0.037692	33,607	51,750,300
01/27/2018	0.033121	0.033759	0.028606	0.033367	70,098	51,110,700
01/26/2018	0.035651	0.037934	0.030562	0.033144	73,529	55,015,500
01/25/2018	0.035167	0.040638	0.028677	0.035745	119,976	54,269,000
01/24/2018	0.037197	0.041766	0.032065	0.034612	118,987	57,400,900
01/23/2018	0.037321	0.043943	0.033273	0.037189	60,031	57,592,400
01/22/2018	0.044305	0.048202	0.033973	0.037421	168,256	68,369,600
01/21/2018	0.055178	0.062186	0.042615	0.045539	125,986	85,148,900
01/20/2018	0.041386	0.061963	0.041386	0.054934	245,852	63,864,400
01/19/2018	0.043024	0.044928	0.038685	0.040951	65,165	66,393,000
01/18/2018	0.038835	0.047092	0.035825	0.043467	94,395	59,928,400
01/17/2018	0.041151	0.043292	0.026087	0.037747	85,673	63,502,700
01/16/2018	0.047739	0.050447	0.030332	0.043318	115,225	73,668,500
01/15/2018	0.084527	0.108583	0.045483	0.047040	352,529	130,439,000
01/14/2018	0.080098	0.121201	0.075425	0.102766	264,535	123,604,000
01/13/2018	0.074065	0.085323	0.065931	0.079988	121,473	-
01/12/2018	0.040041	0.084509	0.039249	0.074152	434,155	-
01/11/2018	0.036974	0.044070	0.031740	0.039774	159,119	-
01/10/2018	0.035763	0.043261	0.031284	0.037005	246,497	-
01/09/2018	0.033556	0.037790	0.029939	0.035719	86,368	-
01/08/2018	0.032480	0.038742	0.029238	0.033643	80,974	-
01/07/2018	0.033771	0.040094	0.029542	0.039091	125,462	-
01/06/2018	0.032270	0.034689	0.031086	0.033801	59,003	-
01/05/2018	0.030321	0.032815	0.026120	0.032247	78,745	-
01/04/2018	0.023936	0.030303	0.021900	0.030303	149,857	-
01/03/2018	0.024636	0.031144	0.022295	0.023813	131,792	-
01/02/2018	0.021579	0.026441	0.018044	0.024710	105,581	-
01/01/2018	0.026152	0.029709	0.018242	0.021582	166,325	-
12/31/2017	0.023856	0.034579	0.019796	0.026067	133,497	-
12/30/2017	0.027312	0.027981	0.021398	0.021398	88,641	-
12/29/2017	0.037881	0.040268	0.023089	0.027381	260,129	-
12/28/2017	0.039616	0.040123	0.031888	0.037513	35,776	-
12/27/2017	0.039321	0.039768	0.031459	0.039691	145,652	-
12/26/2017	0.041693	0.049775	0.033753	0.039285	126,803	-
12/25/2017	0.047755	0.056279	0.038881	0.041734	101,164	-
12/24/2017	0.049516	0.057084	0.030212	0.047264	123,655	-
12/23/2017	0.050056	0.054237	0.026544	0.048975	113,787	-
12/22/2017	0.078565	0.089801	0.021747	0.049588	223,776	-
12/21/2017	0.057908	0.078294	0.040605	0.078294	52,369	-
12/17/2017	0.025514	0.026158	0.025007	0.025379	8,146,360	54,791,900
12/16/2017	0.026720	0.026904	0.024629	0.025511	8,188,910	57,381,300
12/15/2017	0.014405	0.031976	0.013791	0.026687	8,402,580	30,935,000
12/14/2017	0.013511	0.017955	0.013207	0.014395	2,370,870	29,014,700
12/13/2017	0.013774	0.015409	0.012928	0.013554	1,760,610	29,580,300
12/12/2017	0.015882	0.016799	0.013269	0.013900	2,655,270	34,106,500
12/11/2017	0.018015	0.019544	0.014688	0.015536	3,090,950	38,686,100
12/10/2017	0.015483	0.022556	0.011917	0.018431	6,330,200	33,249,600
12/09/2017	0.026844	0.033090	0.010295	0.015414	11,945,400	57,646,700
12/08/2017	0.026237	0.032650	0.021882	0.026871	2,989,470	56,344,300
12/07/2017	0.038046	0.039183	0.025456	0.026348	8,320,530	81,703,000
12/06/2017	0.022705	0.042624	0.022080	0.038110	27,158,800	48,759,300
12/05/2017	0.017486	0.022872	0.017260	0.022756	2,410,130	37,550,900
12/04/2017	0.015513	0.018386	0.015046	0.017689	1,618,940	33,312,800
12/03/2017	0.014432	0.018664	0.014364	0.015461	4,103,420	30,991,900
12/02/2017	0.011972	0.015238	0.011907	0.014415	2,251,250	25,710,500
12/01/2017	0.010794	0.012091	0.009932	0.012091	377,555	23,179,600
11/30/2017	0.010514	0.011588	0.009354	0.010648	192,734	22,579,800
11/29/2017	0.010821	0.012814	0.010092	0.010356	394,912	23,238,900
11/28/2017	0.010631	0.011216	0.010488	0.010734	393,254	22,829,400
11/27/2017	0.009879	0.013754	0.009879	0.010698	1,407,190	21,214,300
11/26/2017	0.009187	0.010348	0.009065	0.009877	206,846	19,729,900
11/25/2017	0.008783	0.009533	0.008763	0.009191	157,753	18,862,100
11/24/2017	0.008518	0.009012	0.008292	0.008882	155,336	18,291,900
11/23/2017	0.008966	0.009010	0.008420	0.008608	129,488	19,254,800
11/22/2017	0.008683	0.009453	0.008611	0.008887	187,552	18,646,100
11/21/2017	0.008823	0.009254	0.008396	0.008662	139,651	18,947,800
11/20/2017	0.009086	0.009307	0.008660	0.008822	192,477	19,511,300
11/19/2017	0.008720	0.009090	0.008462	0.009090	118,288	18,725,700
11/18/2017	0.008916	0.009046	0.008200	0.008736	113,159	19,146,900
11/17/2017	0.009256	0.009527	0.008171	0.008568	168,485	19,878,200
11/16/2017	0.009275	0.009971	0.008738	0.009272	152,376	19,917,600
11/15/2017	0.008798	0.009296	0.008743	0.009229	179,843	18,894,000
11/14/2017	0.008747	0.009087	0.008267	0.008729	184,010	18,783,500
11/13/2017	0.007550	0.008903	0.007503	0.008600	154,349	16,214,000
11/12/2017	0.008086	0.013609	0.006818	0.007693	259,262	17,363,700
11/11/2017	0.008351	0.009203	0.007673	0.008029	157,815	17,933,200
11/10/2017	0.009766	0.010284	0.008024	0.008381	274,727	20,972,700
11/09/2017	0.009629	0.010491	0.008994	0.009879	415,810	20,678,500
11/08/2017	0.008593	0.009933	0.008441	0.009565	313,986	18,452,800
11/07/2017	0.008838	0.009521	0.007866	0.008554	454,175	18,979,800
11/06/2017	0.007402	0.009666	0.007063	0.008979	1,073,760	15,895,000
11/05/2017	0.007220	0.007776	0.006968	0.007246	142,344	15,504,500
11/04/2017	0.007637	0.007986	0.007118	0.007234	150,230	16,399,700
11/03/2017	0.006670	0.008664	0.006080	0.007657	418,502	14,324,500
11/02/2017	0.007294	0.007392	0.005913	0.006679	306,361	15,663,000
11/01/2017	0.007859	0.008262	0.006995	0.007223	221,367	16,877,300
10/31/2017	0.008024	0.008537	0.007688	0.007865	243,824	17,231,600
10/30/2017	0.008180	0.008549	0.007680	0.008051	299,872	17,566,100
10/29/2017	0.008191	0.008500	0.007835	0.008228	478,930	17,589,300
10/28/2017	0.009742	0.009925	0.007496	0.008259	1,491,480	20,920,800
10/27/2017	0.009420	0.009859	0.009224	0.009715	85,414	20,228,600
10/26/2017	0.009982	0.010132	0.009284	0.009476	217,047	21,435,400
10/25/2017	0.010152	0.010385	0.009515	0.009983	277,026	21,801,100
10/24/2017	0.009216	0.010914	0.008917	0.010148	399,899	19,791,100
10/23/2017	0.009871	0.011525	0.009062	0.009236	444,143	21,198,500
10/22/2017	0.009776	0.010633	0.009416	0.009887	194,121	20,992,800
10/21/2017	0.009602	0.010327	0.009310	0.009769	154,702	20,621,200
10/20/2017	0.010039	0.011849	0.009595	0.009683	703,031	21,559,200
10/19/2017	0.009213	0.010125	0.009030	0.010037	257,052	19,785,600
10/18/2017	0.008850	0.009420	0.008215	0.009209	200,434	19,004,800
10/17/2017	0.009248	0.009591	0.008495	0.008849	197,325	19,859,600
10/16/2017	0.008425	0.009963	0.008183	0.009247	350,490	18,092,000
10/15/2017	0.009013	0.009058	0.008050	0.008423	147,530	19,354,400
10/14/2017	0.008540	0.009317	0.008354	0.009170	170,530	18,338,700
10/13/2017	0.009034	0.009780	0.008125	0.008537	231,334	19,401,000
10/12/2017	0.009699	0.009703	0.008551	0.009220	300,265	20,827,900
10/11/2017	0.008239	0.010289	0.008127	0.009691	287,221	17,692,600
10/10/2017	0.008376	0.009099	0.007834	0.008146	200,201	17,988,200
10/09/2017	0.009207	0.009227	0.007768	0.008376	311,930	19,772,700
10/08/2017	0.009965	0.010460	0.009188	0.009205	278,321	21,399,300
10/07/2017	0.010015	0.010140	0.009503	0.009992	119,854	21,506,100
10/06/2017	0.010205	0.010506	0.009777	0.010098	191,657	21,914,800
10/05/2017	0.010594	0.010594	0.009709	0.010205	212,101	22,750,100
10/04/2017	0.009937	0.063371	0.009664	0.010512	361,410	21,339,200
10/03/2017	0.010302	0.010544	0.009421	0.009828	238,850	22,124,300
10/02/2017	0.010107	0.010860	0.009863	0.010302	356,577	21,705,200
10/01/2017	0.011339	0.011339	0.010057	0.010155	352,775	24,350,800
09/30/2017	0.010764	0.011422	0.010762	0.011073	231,615	23,116,600
09/29/2017	0.011825	0.011825	0.010335	0.010763	408,652	25,394,300
09/28/2017	0.011826	0.012630	0.011314	0.011834	884,347	25,396,600
09/27/2017	0.010500	0.012217	0.010500	0.011618	628,594	22,548,000
09/26/2017	0.009836	0.011172	0.009835	0.010452	664,788	21,122,800
09/25/2017	0.009955	0.010460	0.009291	0.009953	701,388	21,377,800
09/24/2017	0.010950	0.010950	0.009637	0.009965	781,734	23,515,600
09/23/2017	0.011110	0.011202	0.009687	0.010951	1,269,430	23,858,800
09/22/2017	0.011513	0.012487	0.010318	0.011142	3,334,750	24,725,000
09/21/2017	0.008302	0.012377	0.008302	0.011491	5,742,400	17,828,300
09/20/2017	0.008297	0.009145	0.007930	0.008382	706,209	17,816,600
09/19/2017	0.009109	0.009154	0.008016	0.008308	560,584	19,562,400
09/18/2017	0.008387	0.009270	0.008141	0.009087	339,030	18,011,400
09/17/2017	0.008655	0.008720	0.007230	0.008147	745,471	18,585,800
09/16/2017	0.008532	0.009308	0.008110	0.008549	134,072	18,323,200
09/15/2017	0.007269	0.008744	0.006585	0.008518	189,092	15,610,000
09/14/2017	0.009148	0.009534	0.007082	0.007213	246,644	19,645,600
09/13/2017	0.010011	0.010088	0.008344	0.009149	247,669	21,498,100
09/12/2017	0.009777	0.010800	0.009585	0.010090	333,506	20,996,800
09/11/2017	0.010134	0.010467	0.009656	0.009852	489,004	21,762,500
09/10/2017	0.009920	0.010206	0.009185	0.010060	251,032	21,302,200
09/09/2017	0.010301	0.010321	0.009702	0.009988	203,922	22,122,200
09/08/2017	0.011772	0.011991	0.009450	0.010282	798,885	25,280,000
09/07/2017	0.012332	0.012864	0.011306	0.011815	635,602	26,483,000
09/06/2017	0.010479	0.015309	0.010442	0.012676	1,726,260	22,502,700
09/05/2017	0.009695	0.011053	0.008603	0.010553	393,171	20,820,300
09/04/2017	0.011367	0.011402	0.008598	0.009943	436,323	24,409,700
09/03/2017	0.011297	0.011911	0.010690	0.011180	340,685	24,259,300
09/02/2017	0.011827	0.012978	0.010946	0.011290	566,462	25,398,000
09/01/2017	0.012235	0.012554	0.011599	0.011861	524,077	26,275,400
08/31/2017	0.012036	0.012751	0.011602	0.012468	693,254	25,847,300
08/30/2017	0.012233	0.012538	0.010939	0.012013	608,301	26,269,900
08/29/2017	0.011907	0.012272	0.011475	0.012103	1,000,120	25,571,000
08/28/2017	0.012293	0.012511	0.011813	0.011844	791,127	26,398,400
08/27/2017	0.012949	0.013453	0.011560	0.012306	965,059	27,808,800
08/26/2017	0.012543	0.013111	0.011976	0.012823	414,421	26,935,700
08/25/2017	0.012997	0.013236	0.012195	0.012539	543,939	27,911,400
08/24/2017	0.012807	0.013288	0.012449	0.012889	718,778	27,501,800
08/23/2017	0.013445	0.013892	0.012047	0.012554	1,952,720	28,873,000
08/22/2017	0.012124	0.014335	0.010118	0.013391	4,440,100	26,035,900
08/21/2017	0.015619	0.015992	0.011438	0.012136	2,101,210	33,542,300
08/20/2017	0.016542	0.016658	0.015454	0.015638	1,108,550	35,522,600
08/19/2017	0.016891	0.018040	0.015151	0.016453	1,463,260	36,272,200
08/18/2017	0.022694	0.025240	0.015365	0.017151	4,965,310	48,735,700
08/17/2017	0.023653	0.027191	0.016663	0.026148	5,470,270	50,794,000
08/16/2017	0.024920	0.026397	0.021607	0.023806	1,812,080	53,515,900
08/15/2017	0.025324	0.028270	0.022194	0.024893	1,807,240	54,383,200
08/14/2017	0.024927	0.025549	0.022301	0.025299	1,005,600	53,530,000
08/13/2017	0.027650	0.028588	0.021281	0.024951	2,415,880	59,378,500
08/12/2017	0.020937	0.029405	0.019182	0.027714	4,465,020	44,961,500
08/11/2017	0.014537	0.024227	0.014270	0.020845	2,508,320	31,218,400
08/10/2017	0.017049	0.018712	0.014672	0.014674	1,071,290	36,611,800
08/09/2017	0.019342	0.020387	0.014863	0.017223	1,551,320	41,536,400
08/08/2017	0.020229	0.021934	0.019241	0.019609	1,126,480	43,440,700
08/07/2017	0.019008	0.024676	0.017279	0.019167	3,631,710	40,818,500
08/06/2017	0.023440	0.027142	0.017540	0.019210	6,295,870	50,337,300
08/05/2017	0.014912	0.029653	0.012352	0.022533	11,719,600	32,022,700
08/04/2017	0.010919	0.015142	0.008357	0.015142	1,818,450	23,447,900
08/03/2017	0.007892	0.010950	0.007545	0.010950	916,008	16,948,200
08/02/2017	0.006721	0.008872	0.006617	0.007718	283,115	14,433,300
08/01/2017	0.006813	0.007675	0.006327	0.006695	173,651	14,631,000
07/31/2017	0.006493	0.007792	0.006144	0.006810	191,697	13,943,500
07/30/2017	0.006462	0.006852	0.005640	0.006486	98,581	13,877,300
07/29/2017	0.005674	0.006793	0.005556	0.006490	111,198	12,184,900
07/28/2017	0.006152	0.006523	0.005139	0.005696	186,668	13,211,200
07/27/2017	0.006708	0.006753	0.005950	0.005950	190,514	14,405,600
07/26/2017	0.006766	0.007808	0.006088	0.006664	492,451	14,530,100
07/25/2017	0.006019	0.007986	0.005947	0.006839	842,404	12,924,700
07/24/2017	0.005673	0.007214	0.005592	0.005992	348,746	12,183,700
07/23/2017	0.006180	0.006414	0.005341	0.005761	275,533	13,272,400
07/22/2017	0.005831	0.007059	0.005676	0.006258	354,980	12,521,600
07/21/2017	0.006292	0.006983	0.005061	0.005835	577,781	13,511,400
07/20/2017	0.006245	0.007646	0.005704	0.005732	833,143	13,411,600
07/19/2017	0.008107	0.008388	0.005808	0.006401	1,703,320	17,409,800
07/18/2017	0.002921	0.009287	0.002921	0.008148	5,895,660	6,272,250
07/17/2017	0.002821	0.003028	0.002603	0.002913	37,588	6,057,730
07/16/2017	0.002781	0.003108	0.002376	0.002824	39,129	5,971,100
07/15/2017	0.002888	0.016897	0.002528	0.002789	50,905	6,202,400
07/14/2017	0.003090	0.003172	0.002739	0.002893	28,976	6,636,120
07/13/2017	0.003505	0.003512	0.003070	0.003092	26,898	7,526,920
07/12/2017	0.003044	0.003522	0.002769	0.003479	43,950	6,537,420
07/11/2017	0.002812	0.003548	0.002141	0.003082	104,295	6,038,850
07/10/2017	0.003588	0.003692	0.002696	0.002818	50,660	7,704,680
07/09/2017	0.004002	0.004009	0.003539	0.003581	21,203	8,595,050
07/08/2017	0.003575	0.004000	0.003086	0.003999	25,240	7,677,210
07/07/2017	0.004080	0.004274	0.003493	0.003572	39,477	8,761,680
07/06/2017	0.004369	0.004372	0.003860	0.004129	57,998	9,381,890
07/05/2017	0.004379	0.004455	0.003864	0.004367	74,876	9,404,590
07/04/2017	0.003707	0.004479	0.003707	0.004382	74,146	7,960,000
07/03/2017	0.003336	0.004037	0.003093	0.003815	65,697	7,162,980
07/02/2017	0.003346	0.003616	0.003118	0.003398	28,512	7,185,110
07/01/2017	0.003433	0.003996	0.003304	0.003346	42,425	7,371,680
06/30/2017	0.003900	0.004108	0.003448	0.003557	45,518	8,374,900
06/29/2017	0.004161	0.004347	0.003773	0.003892	33,258	8,934,940
06/28/2017	0.004076	0.004313	0.003895	0.004165	42,059	8,752,830
06/27/2017	0.003777	0.004179	0.003574	0.004147	57,520	8,110,920
06/26/2017	0.004434	0.004598	0.003253	0.003777	78,577	9,522,550
06/25/2017	0.003946	0.004888	0.003874	0.004562	140,421	8,474,260
06/24/2017	0.003695	0.004140	0.003695	0.003930	56,592	7,933,990
06/23/2017	0.004070	0.004177	0.003448	0.003695	89,218	8,739,950
06/22/2017	0.004464	0.004643	0.003697	0.004020	56,777	9,585,470
06/21/2017	0.003697	0.004909	0.003246	0.004488	279,359	7,939,200
06/20/2017	0.002928	0.003822	0.002748	0.003697	106,341	6,287,040
06/19/2017	0.003198	0.003371	0.002899	0.002928	42,485	6,867,330
06/18/2017	0.003348	0.003497	0.003148	0.003198	34,134	7,188,830
06/17/2017	0.003422	0.003472	0.003148	0.003422	38,734	7,348,880
06/16/2017	0.002948	0.003547	0.002844	0.003522	59,681	6,330,160
06/15/2017	0.003647	0.003763	0.002347	0.003141	79,819	7,832,200
06/14/2017	0.004094	0.004249	0.003275	0.003647	70,764	8,791,000
06/13/2017	0.003861	0.004437	0.003529	0.004096	89,452	8,291,030
06/12/2017	0.004226	0.005239	0.003406	0.003900	138,499	9,074,210
06/11/2017	0.004941	0.005692	0.003580	0.004202	223,184	10,610,800
06/10/2017	0.005881	0.005934	0.004651	0.005201	134,532	12,628,800
06/09/2017	0.005884	0.006380	0.005643	0.005872	106,378	12,635,900
06/08/2017	0.005329	0.006257	0.004933	0.006082	117,418	11,443,000
06/07/2017	0.006197	0.006197	0.004934	0.005222	212,513	13,308,800
06/06/2017	0.006740	0.006833	0.004774	0.006224	282,557	14,474,600
06/05/2017	0.004029	0.006720	0.003943	0.006720	541,201	8,651,290
06/04/2017	0.003750	0.004717	0.003750	0.004028	168,814	8,053,060
06/03/2017	0.002846	0.003887	0.002745	0.003887	83,970	6,111,630
06/02/2017	0.002786	0.002872	0.002522	0.002872	24,428	5,982,100
06/01/2017	0.002633	0.002780	0.002482	0.002689	20,671	5,654,090
05/31/2017	0.002650	0.002750	0.002465	0.002631	14,651	5,691,330
05/30/2017	0.002574	0.002751	0.002390	0.002640	28,188	5,527,860
05/29/2017	0.002459	0.002708	0.002362	0.002571	16,973	5,280,280
05/28/2017	0.002189	0.002911	0.002189	0.002485	25,933	4,700,840
05/27/2017	0.002534	0.002534	0.001630	0.002176	15,202	5,441,620
05/26/2017	0.002849	0.003187	0.002402	0.002521	14,764	6,118,480
05/25/2017	0.003290	0.003533	0.002440	0.002870	49,418	7,065,590
05/24/2017	0.002239	0.003709	0.002138	0.003587	118,674	4,809,100
05/23/2017	0.002175	0.002488	0.002146	0.002237	31,335	4,670,370
05/22/2017	0.002613	0.003049	0.001898	0.002178	222,011	5,610,620
05/21/2017	0.001473	0.003133	0.001413	0.002624	249,583	3,162,660
05/20/2017	0.001550	0.001688	0.001236	0.001473	44,221	3,329,310
05/19/2017	0.001304	0.001573	0.001252	0.001552	20,475	2,799,420
05/18/2017	0.001267	0.001355	0.001049	0.001303	23,358	2,720,070
05/17/2017	0.001008	0.001269	0.000997	0.001267	17,994	2,165,650
05/16/2017	0.000951	0.001065	0.000932	0.001009	6,429	2,041,450
05/15/2017	0.001077	0.001079	0.000870	0.000935	7,891	2,313,740
05/14/2017	0.001078	0.001082	0.001011	0.001043	2,984	2,314,860
05/13/2017	0.001002	0.001075	0.000950	0.001074	779	2,150,920
05/12/2017	0.001060	0.001094	0.000951	0.001004	7,522	2,276,420
05/11/2017	0.001110	0.001190	0.001010	0.001059	2,796	2,382,760
05/10/2017	0.001212	0.001230	0.000935	0.001108	8,341	2,602,690
05/09/2017	0.001311	0.001383	0.001067	0.001211	14,585	2,814,940
05/08/2017	0.001038	0.001378	0.001038	0.001310	25,716	2,229,520
05/07/2017	0.001089	0.001090	0.000927	0.001038	9,924	2,339,550
05/06/2017	0.001105	0.001107	0.000973	0.001089	43,904	2,373,160
05/05/2017	0.000863	0.001009	0.000800	0.000918	14,004	1,852,260
05/04/2017	0.000805	0.000917	0.000767	0.000861	4,774	1,729,680
05/03/2017	0.000789	0.000847	0.000674	0.000805	8,826	1,694,270
05/02/2017	0.000794	0.000800	0.000683	0.000788	3,168	1,705,340
05/01/2017	0.000762	0.000860	0.000655	0.000795	19,559	1,635,460
04/30/2017	0.000751	0.000773	0.000724	0.000753	7,602	1,613,520
04/29/2017	0.000793	0.000799	0.000735	0.000751	9,110	1,702,860
04/28/2017	0.000774	0.000792	0.000702	0.000792	10,105	1,661,800
04/27/2017	0.000733	0.000815	0.000723	0.000774	7,931	1,573,780
04/26/2017	0.000706	0.000773	0.000671	0.000732	8,795	1,516,140
04/25/2017	0.000718	0.000746	0.000644	0.000706	12,741	1,542,460
04/24/2017	0.000708	0.000775	0.000651	0.000712	7,230	1,519,860
04/23/2017	0.000828	0.000833	0.000535	0.000706	46,752	1,778,340
04/22/2017	0.000785	0.000831	0.000754	0.000828	9,576	1,686,840
04/21/2017	0.000811	0.000817	0.000707	0.000817	7,222	1,742,500
04/20/2017	0.000731	0.000813	0.000731	0.000807	3,517	1,570,340
04/19/2017	0.000756	0.000783	0.000667	0.000731	10,440	1,624,120
04/18/2017	0.000735	0.000801	0.000716	0.000756	4,490	1,577,350
04/17/2017	0.000793	0.000837	0.000712	0.000735	11,083	1,703,410
04/16/2017	0.000771	0.000856	0.000753	0.000793	11,839	1,655,870
04/15/2017	0.000861	0.000875	0.000721	0.000763	4,820	1,849,090
04/14/2017	0.000742	0.000878	0.000716	0.000861	9,847	1,592,610
04/13/2017	0.000817	0.000909	0.000687	0.000741	6,096	1,755,270
04/12/2017	0.000838	0.045670	0.000772	0.000824	30,167	1,800,360
04/11/2017	0.000642	0.000853	0.000600	0.000838	10,491	1,377,800
04/10/2017	0.000664	0.000686	0.000609	0.000641	9,327	1,425,880
04/09/2017	0.000687	0.000703	0.000623	0.000664	8,898	1,476,230
04/08/2017	0.000664	0.000691	0.000608	0.000687	7,913	1,426,050
04/07/2017	0.000669	0.000732	0.000640	0.000667	11,072	1,436,840
04/06/2017	0.000862	0.000866	0.000598	0.000673	25,889	1,851,450
04/05/2017	0.000709	0.000881	0.000649	0.000802	36,612	1,523,300
04/04/2017	0.000576	0.000777	0.000525	0.000730	44,726	1,237,610
04/03/2017	0.000423	0.000605	0.000421	0.000575	48,103	907,424
04/02/2017	0.000453	0.000457	0.000398	0.000422	3,924	973,454
04/01/2017	0.000469	0.000640	0.000440	0.000453	4,339	1,006,930
03/31/2017	0.000446	0.000508	0.000424	0.000469	1,087	957,810
03/30/2017	0.000354	0.000888	0.000354	0.000446	11,606	760,963
03/29/2017	0.000377	0.000380	0.000345	0.000354	161	808,719
03/28/2017	0.000366	0.000383	0.000342	0.000377	1,738	785,126
03/27/2017	0.000369	0.000402	0.000338	0.000366	6,626	793,315
03/26/2017	0.000390	0.000399	0.000365	0.000367	848	836,675
03/25/2017	0.000403	0.000408	0.000340	0.000389	2,801	864,837
03/24/2017	0.000364	0.000414	0.000354	0.000403	7,134	781,514
03/23/2017	0.000378	0.000379	0.000333	0.000364	2,730	811,788
03/22/2017	0.000381	0.000433	0.000343	0.000378	5,907	818,258
03/21/2017	0.000380	0.000393	0.000351	0.000381	791	815,900
03/20/2017	0.000353	0.000392	0.000342	0.000380	8,960	757,336
03/19/2017	0.000293	0.000360	0.000287	0.000352	9,205	629,254
03/18/2017	0.000330	0.000345	0.000279	0.000292	3,542	708,470
03/17/2017	0.000354	0.000359	0.000317	0.000330	2,879	760,312
03/16/2017	0.000350	0.000383	0.000334	0.000356	10,064	752,418
03/15/2017	0.000360	0.000375	0.000349	0.000350	1,718	772,334
03/14/2017	0.000333	0.000386	0.000332	0.000360	553	714,431
03/13/2017	0.000354	0.000384	0.000332	0.000333	1,067	760,888
03/12/2017	0.000341	0.000356	0.000318	0.000354	1,094	732,764
03/11/2017	0.000346	0.000370	0.000338	0.000341	849	743,156
03/10/2017	0.000428	0.000443	0.000337	0.000346	1,887	919,488
03/09/2017	0.000414	0.000442	0.000388	0.000428	1,268	889,329
03/08/2017	0.000428	0.000432	0.000350	0.000414	5,250	919,404
03/07/2017	0.000395	0.000429	0.000382	0.000428	2,941	847,601
03/06/2017	0.000355	0.000395	0.000354	0.000395	1,259	762,125
03/05/2017	0.000339	0.000355	0.000326	0.000355	911	727,262
03/04/2017	0.000307	0.000345	0.000306	0.000339	326	658,382
03/03/2017	0.000313	0.000358	0.000304	0.000306	685	671,469
03/02/2017	0.000343	0.000361	0.000312	0.000313	2,046	736,394
03/01/2017	0.000354	0.000356	0.000334	0.000342	419	760,235
02/28/2017	0.000390	0.000394	0.000329	0.000354	9,026	836,741
02/27/2017	0.000560	0.000610	0.000354	0.000389	3,057	1,202,640
02/26/2017	0.000389	0.000731	0.000384	0.000561	6,718	835,483
02/25/2017	0.000328	0.000423	0.000327	0.000389	8,336	703,763
02/24/2017	0.000340	0.000360	0.000326	0.000329	1,898	730,329
02/23/2017	0.000324	0.000349	0.000324	0.000338	376	695,802
02/22/2017	0.000312	0.000347	0.000298	0.000324	698	670,324
02/21/2017	0.000291	0.000335	0.000285	0.000312	1,213	625,790
02/20/2017	0.000319	0.000350	0.000286	0.000292	5,753	685,189
02/19/2017	0.000483	0.000535	0.000305	0.000319	1,133	1,037,330
02/18/2017	0.000294	0.000558	0.000293	0.000483	5,319	630,886
02/17/2017	0.000308	0.000315	0.000288	0.000293	341	661,073
02/16/2017	0.000292	0.000310	0.000292	0.000308	900	627,533
02/15/2017	0.000292	0.000302	0.000281	0.000292	1,813	626,638
02/14/2017	0.000258	0.000300	0.000258	0.000291	659	553,731
02/13/2017	0.000260	0.000298	0.000257	0.000258	700	557,723
02/12/2017	0.000261	0.000271	0.000259	0.000260	248	560,311
02/11/2017	0.000257	0.000272	0.000241	0.000261	386	552,146
02/10/2017	0.000269	0.000270	0.000241	0.000257	771	577,289
02/09/2017	0.000277	0.000292	0.000248	0.000268	302	594,471
02/08/2017	0.000297	0.000302	0.000263	0.000276	1,155	638,769
02/07/2017	0.000312	0.000318	0.000254	0.000297	2,646	670,105
02/06/2017	0.000339	0.000355	0.000290	0.000311	11,258	728,796
02/05/2017	0.000355	0.000365	0.000330	0.000339	1,623	761,921
02/04/2017	0.000392	0.000395	0.000334	0.000355	1,972	841,610
02/03/2017	0.000415	0.000431	0.000327	0.000391	5,844	890,559
02/02/2017	0.000336	0.000415	0.000298	0.000415	11,576	722,130
02/01/2017	0.000252	0.000393	0.000252	0.000336	13,137	541,821
01/31/2017	0.000240	0.000250	0.000229	0.000243	736	515,068
01/30/2017	0.000202	0.000240	0.000189	0.000240	2,334	434,412
01/29/2017	0.000194	0.000222	0.000184	0.000202	257	415,611
01/28/2017	0.000221	0.000230	0.000193	0.000194	469	474,036
01/27/2017	0.000165	0.000231	0.000165	0.000221	2,470	354,689
01/26/2017	0.000189	0.000199	0.000165	0.000165	3,660	406,570
01/25/2017	0.000205	0.000214	0.000188	0.000189	459	440,917
01/24/2017	0.000173	0.000210	0.000171	0.000196	453	371,577
01/23/2017	0.000231	0.000231	0.000166	0.000175	1,444	496,430
01/22/2017	0.000240	0.000253	0.000187	0.000231	2,196	514,677
01/21/2017	0.000224	0.000240	0.000224	0.000240	114	480,514
01/20/2017	0.000225	0.000225	0.000206	0.000224	134	482,686
01/19/2017	0.000213	0.000226	0.000197	0.000225	11	456,959
01/18/2017	0.000209	0.000217	0.000196	0.000212	3	448,450
01/17/2017	0.000216	0.000231	0.000194	0.000209	740	464,284
01/16/2017	0.000205	0.000217	0.000205	0.000216	88	441,198
01/15/2017	0.000205	0.000206	0.000203	0.000205	32	439,382
01/14/2017	0.000206	0.000209	0.000203	0.000205	63	442,373
01/13/2017	0.000233	0.000235	0.000197	0.000206	888	501,227
01/12/2017	0.000156	0.000241	0.000144	0.000234	2,892	334,043
01/11/2017	0.000154	0.000159	0.000128	0.000156	308	331,367
01/10/2017	0.000153	0.000156	0.000153	0.000154	0	329,598
01/09/2017	0.000164	0.000171	0.000134	0.000154	153	352,222
01/08/2017	0.000145	0.000164	0.000144	0.000164	72	312,188
01/07/2017	0.000154	0.000154	0.000132	0.000145	107	329,838
01/06/2017	0.000179	0.000295	0.000133	0.000153	77	383,448
01/05/2017	0.000173	0.000186	0.000148	0.000178	332	371,964
01/04/2017	0.000136	0.000174	0.000136	0.000173	134	291,411
01/03/2017	0.000163	0.000165	0.000134	0.000136	99	351,071
01/02/2017	0.000180	0.000182	0.000123	0.000163	1,659	385,901
01/01/2017	0.000154	0.000180	0.000153	0.000180	14	331,140
12/31/2016	0.000163	0.000164	0.000152	0.000154	56	350,920
12/30/2016	0.000165	0.000174	0.000161	0.000163	48	355,396
12/29/2016	0.000186	0.000186	0.000153	0.000166	243	399,730
12/28/2016	0.000244	0.000248	0.000176	0.000186	109	524,048
12/27/2016	0.000163	0.000467	0.000163	0.000244	459	350,834
12/26/2016	0.000176	0.000187	0.000161	0.000163	1	378,913
12/25/2016	0.000153	0.000198	0.000148	0.000177	369	328,136
12/24/2016	0.000218	0.000218	0.000152	0.000153	528	468,413
12/23/2016	0.000277	0.000414	0.000217	0.000218	206	595,179
12/22/2016	0.000192	0.000278	0.000185	0.000277	202	412,070
12/21/2016	0.000204	0.000209	0.000186	0.000192	145	438,082
12/20/2016	0.000174	0.000266	0.000166	0.000204	794	374,294
12/19/2016	0.000175	0.000183	0.000158	0.000174	850	376,286
12/18/2016	0.000518	0.000519	0.000175	0.000175	78	1,112,200
12/17/2016	0.000181	0.000577	0.000181	0.000524	80	387,683
12/16/2016	0.000207	0.000253	0.000164	0.000181	104	444,851
12/15/2016	0.000232	0.000239	0.000198	0.000207	224	499,170
12/14/2016	0.000364	0.000365	0.000226	0.000227	96	781,667
12/13/2016	0.000845	0.001000	0.000187	0.000364	24	1,814,340
12/12/2016	0.000259	0.000845	0.000185	0.000845	52	556,102
12/11/2016	0.000201	0.000882	0.000199	0.000259	940	432,523
12/10/2016	0.000509	0.000597	0.000201	0.000201	123	1,092,670
12/09/2016	0.000815	0.001242	0.000193	0.000509	211	1,750,330
12/08/2016	0.000200	0.000817	0.000199	0.000815	268	428,883
12/07/2016	0.000684	0.000803	0.000184	0.000200	1,184	1,467,960
12/06/2016	0.001328	0.001332	0.000454	0.000684	1,338	2,851,280
12/05/2016	0.000186	0.001328	0.000180	0.001328	44	398,850
12/04/2016	0.000193	0.000193	0.000185	0.000186	1	414,011
12/03/2016	0.000194	0.000201	0.000191	0.000193	237	417,656
12/02/2016	0.000197	0.000203	0.000194	0.000194	709	422,973
12/01/2016	0.000201	0.000205	0.000196	0.000197	175	432,368
11/30/2016	0.000199	0.000202	0.000199	0.000201	1	426,518
11/29/2016	0.000206	0.000206	0.000191	0.000199	517	442,442
11/28/2016	0.000205	0.000221	0.000199	0.000206	301	440,170
11/27/2016	0.000213	0.000222	0.000205	0.000205	449	457,974
11/26/2016	0.000215	0.000230	0.000212	0.000213	9	461,876
11/25/2016	0.000222	0.000222	0.000214	0.000215	37	476,928
11/24/2016	0.000231	0.000239	0.000220	0.000222	438	495,691
11/23/2016	0.000225	0.000238	0.000223	0.000231	358	484,051
11/22/2016	0.000244	0.000244	0.000210	0.000225	1,439	523,883
11/21/2016	0.000197	0.000244	0.000191	0.000244	1,299	423,864
11/20/2016	0.000195	0.000198	0.000190	0.000197	156	419,661
11/19/2016	0.000203	0.000204	0.000194	0.000195	112	435,785
11/18/2016	0.000200	0.000203	0.000192	0.000203	19	429,634
11/17/2016	0.000193	0.000202	0.000193	0.000200	165	415,519
11/16/2016	0.000192	0.000209	0.000184	0.000194	805	412,349
11/15/2016	0.000183	0.000193	0.000183	0.000192	113	393,644
11/14/2016	0.000197	0.000197	0.000175	0.000183	632	422,129
11/13/2016	0.000197	0.000197	0.000179	0.000197	193	423,945
11/12/2016	0.000208	0.000208	0.000197	0.000197	191	446,159
11/11/2016	0.000208	0.000223	0.000200	0.000208	1,401	445,614
11/10/2016	0.000210	0.000215	0.000193	0.000207	508	450,433
11/09/2016	0.000241	0.000242	0.000190	0.000210	3,094	518,291
11/08/2016	0.000246	0.000263	0.000220	0.000241	3,840	528,487
11/07/2016	0.000171	0.000247	0.000169	0.000246	7,217	366,715
11/06/2016	0.000183	0.000185	0.000168	0.000171	371	392,751
11/05/2016	0.000155	0.000183	0.000147	0.000183	2,020	332,242
11/04/2016	0.000131	0.000155	0.000130	0.000155	1,418	281,005
11/03/2016	0.000148	0.000149	0.000125	0.000131	290	318,184
11/02/2016	0.000139	0.000148	0.000137	0.000148	308	297,772
11/01/2016	0.000140	0.000160	0.000138	0.000139	710	301,064
10/31/2016	0.000154	0.000156	0.000133	0.000140	396	331,593
10/30/2016	0.000157	0.000157	0.000146	0.000154	126	337,552
10/29/2016	0.000159	0.000162	0.000150	0.000157	556	340,634
10/28/2016	0.000165	0.000165	0.000144	0.000159	589	354,754
10/27/2016	0.000156	0.000179	0.000144	0.000165	1,501	335,029
10/26/2016	0.000151	0.000161	0.000146	0.000156	253	324,796
10/25/2016	0.000157	0.000165	0.000151	0.000151	574	336,947
10/24/2016	0.000164	0.000164	0.000157	0.000157	185	352,763
10/23/2016	0.000158	0.000171	0.000138	0.000164	1,421	338,768
10/22/2016	0.000152	0.000158	0.000147	0.000158	577	326,158
10/21/2016	0.000139	0.000152	0.000126	0.000152	1,948	298,047
10/20/2016	0.000145	0.000145	0.000132	0.000139	469	311,428
10/19/2016	0.000134	0.000183	0.000132	0.000145	4,605	287,703
10/18/2016	0.000160	0.000160	0.000127	0.000134	3,752	343,164
10/17/2016	0.000160	0.000161	0.000147	0.000160	345	344,474
10/16/2016	0.000147	0.000161	0.000147	0.000160	754	315,442
10/15/2016	0.000134	0.000160	0.000134	0.000147	900	288,791
10/14/2016	0.000146	0.000147	0.000128	0.000134	1,921	314,523
10/13/2016	0.000159	0.000160	0.000140	0.000146	769	341,553
10/12/2016	0.000160	0.000166	0.000153	0.000159	304	344,173
10/11/2016	0.000142	0.000171	0.000142	0.000160	2,809	305,735
10/10/2016	0.000142	0.000168	0.000142	0.000142	2,719	304,627
10/09/2016	0.000155	0.000155	0.000142	0.000142	121	332,381
10/08/2016	0.000148	0.000155	0.000142	0.000155	1,330	318,062
10/07/2016	0.000147	0.000148	0.000141	0.000148	193	315,949
10/06/2016	0.000147	0.000153	0.000135	0.000147	1,859	315,687
10/05/2016	0.000153	0.000153	0.000134	0.000147	3,257	327,601
10/04/2016	0.000165	0.000165	0.000134	0.000153	1,724	354,928
10/03/2016	0.000165	0.000172	0.000159	0.000165	188	354,208
10/02/2016	0.000160	0.000166	0.000159	0.000165	137	342,816
10/01/2016	0.000165	0.000172	0.000159	0.000160	112	353,536
09/30/2016	0.000176	0.000182	0.000164	0.000165	318	377,208
09/29/2016	0.000169	0.000176	0.000163	0.000176	453	363,621
09/28/2016	0.000188	0.000188	0.000163	0.000169	339	403,536
09/27/2016	0.000182	0.000188	0.000181	0.000188	20	391,729
09/26/2016	0.000180	0.000188	0.000180	0.000182	193	387,080
09/25/2016	0.000175	0.000180	0.000168	0.000180	568	375,296
09/24/2016	0.000187	0.000187	0.000169	0.000175	1,169	401,324
09/23/2016	0.000185	0.000193	0.000181	0.000187	171	396,967
09/22/2016	0.000185	0.000186	0.000173	0.000185	295	397,534
09/21/2016	0.000195	0.000195	0.000179	0.000185	31	418,029
09/20/2016	0.000189	0.000195	0.000182	0.000195	375	405,574
09/19/2016	0.000195	0.000195	0.000177	0.000189	816	419,103
09/18/2016	0.000194	0.000195	0.000188	0.000195	600	416,429
09/17/2016	0.000194	0.000201	0.000188	0.000194	114	417,108
09/16/2016	0.000206	0.000207	0.000194	0.000194	250	443,312
09/15/2016	0.000195	0.000214	0.000189	0.000206	472	419,659
09/14/2016	0.000195	0.000207	0.000195	0.000195	282	418,667
09/13/2016	0.000176	0.000195	0.000170	0.000195	1,563	378,795
09/12/2016	0.000176	0.000195	0.000170	0.000176	510	377,848
09/11/2016	0.000181	0.000194	0.000168	0.000176	208	388,304
09/10/2016	0.000187	0.000187	0.000181	0.000181	12	401,274
09/09/2016	0.000175	0.000194	0.000175	0.000187	15	376,600
09/08/2016	0.000203	0.000203	0.000163	0.000175	2,124	435,510
09/07/2016	0.000189	0.000203	0.000183	0.000203	198	406,379
09/06/2016	0.000206	0.000206	0.000182	0.000189	502	442,899
09/05/2016	0.000201	0.000207	0.000194	0.000206	195	431,320
09/04/2016	0.000197	0.000220	0.000183	0.000201	6,138	423,935
09/03/2016	0.000190	0.000213	0.000190	0.000197	1,557	407,865
09/02/2016	0.000189	0.000201	0.000188	0.000190	402	405,574
09/01/2016	0.000213	0.000213	0.000189	0.000189	486	457,253
08/31/2016	0.000191	0.000213	0.000189	0.000213	1,525	409,259
08/30/2016	0.000195	0.000197	0.000190	0.000191	382	419,180
08/29/2016	0.000189	0.000201	0.000184	0.000201	329	406,714
08/28/2016	0.000188	0.000189	0.000188	0.000189	114	403,905
08/27/2016	0.000203	0.000203	0.000188	0.000188	87	435,677
08/26/2016	0.000202	0.000214	0.000185	0.000203	1,466	434,256
08/25/2016	0.000203	0.000209	0.000201	0.000202	67	436,077
08/24/2016	0.000216	0.000216	0.000197	0.000203	694	463,564
08/23/2016	0.000194	0.000216	0.000192	0.000216	773	415,813
08/22/2016	0.000215	0.000216	0.000193	0.000194	312	461,889
08/21/2016	0.000204	0.000215	0.000180	0.000215	4,103	437,215
08/20/2016	0.000219	0.000225	0.000202	0.000204	1,473	469,738
08/19/2016	0.000230	0.000230	0.000202	0.000219	3,501	493,335
08/18/2016	0.000229	0.000242	0.000202	0.000230	6,177	492,388
08/17/2016	0.000254	0.000255	0.000223	0.000229	1,653	545,618
08/16/2016	0.000233	0.000256	0.000227	0.000254	648	499,436
08/15/2016	0.000245	0.000258	0.000231	0.000233	912	526,784
08/14/2016	0.000247	0.000287	0.000241	0.000245	1,938	530,611
08/13/2016	0.000353	0.000364	0.000218	0.000247	5,827	757,063
08/12/2016	0.000218	0.000388	0.000218	0.000358	11,582	468,096
08/11/2016	0.000213	0.000221	0.000213	0.000218	97	457,751
08/10/2016	0.000212	0.000222	0.000211	0.000213	129	454,425
08/09/2016	0.000219	0.000219	0.000206	0.000212	342	469,633
08/08/2016	0.000213	0.000219	0.000206	0.000219	80	458,204
08/07/2016	0.000229	0.000231	0.000200	0.000213	869	492,274
08/06/2016	0.000219	0.000229	0.000205	0.000229	92	469,260
08/05/2016	0.000237	0.000237	0.000213	0.000219	509	509,164
08/04/2016	0.000215	0.000238	0.000212	0.000237	1,112	462,171
08/03/2016	0.000208	0.000233	0.000206	0.000215	430	446,756
08/02/2016	0.000235	0.000235	0.000205	0.000207	901	504,714
08/01/2016	0.000196	0.000255	0.000194	0.000235	2,168	421,218
07/31/2016	0.000223	0.000223	0.000195	0.000196	1,648	478,279
07/30/2016	0.000223	0.000237	0.000222	0.000223	1,375	479,698
07/29/2016	0.000216	0.000236	0.000203	0.000223	1,651	464,204
07/28/2016	0.000216	0.000230	0.000203	0.000216	3,277	463,719
07/27/2016	0.000222	0.000222	0.000201	0.000216	605	475,897
07/26/2016	0.000229	0.000236	0.000203	0.000222	880	491,632
07/25/2016	0.000212	0.000238	0.000210	0.000229	561	454,431
07/24/2016	0.000243	0.000257	0.000205	0.000212	3,548	520,885
07/23/2016	0.000234	0.000243	0.000229	0.000243	362	502,990
07/22/2016	0.000259	0.000260	0.000233	0.000234	1,311	556,961
07/21/2016	0.000266	0.000266	0.000246	0.000259	361	571,819
07/20/2016	0.000269	0.000275	0.000248	0.000266	351	577,987
07/19/2016	0.000249	0.000295	0.000228	0.000269	1,562	534,829
07/18/2016	0.000285	0.000299	0.000204	0.000249	9,031	612,834
07/17/2016	0.000271	0.000286	0.000258	0.000285	2,035	581,783
07/16/2016	0.000292	0.000312	0.000271	0.000272	1,339	626,704
07/15/2016	0.000263	0.000339	0.000263	0.000292	3,528	565,284
07/14/2016	0.000262	0.000264	0.000230	0.000263	2,163	562,598
07/13/2016	0.000259	0.000286	0.000226	0.000262	2,820	556,574
07/12/2016	0.000227	0.000289	0.000226	0.000259	2,994	486,794
07/11/2016	0.000305	0.000313	0.000214	0.000227	9,070	655,410
07/10/2016	0.000325	0.000375	0.000285	0.000305	7,119	698,963
07/09/2016	0.000253	0.000405	0.000251	0.000325	10,218	543,912
07/08/2016	0.000211	0.000273	0.000209	0.000253	4,812	453,946
07/07/2016	0.000224	0.000224	0.000189	0.000211	761	480,003
07/06/2016	0.000221	0.000230	0.000217	0.000223	683	475,253
07/05/2016	0.000232	0.000232	0.000202	0.000221	1,592	499,172
07/04/2016	0.000211	0.000232	0.000210	0.000232	1,081	452,726
07/03/2016	0.000211	0.000213	0.000195	0.000211	284	454,171
07/02/2016	0.000203	0.000211	0.000197	0.000211	551	435,701
07/01/2016	0.000215	0.000219	0.000201	0.000203	281	462,714
06/30/2016	0.000205	0.000216	0.000175	0.000216	4,712	440,211
06/29/2016	0.000219	0.000219	0.000185	0.000205	1,462	470,301
06/28/2016	0.000204	0.000222	0.000200	0.000220	269	438,112
06/27/2016	0.000201	0.000220	0.000198	0.000201	187	432,497
06/26/2016	0.000213	0.000230	0.000201	0.000202	524	457,068
06/25/2016	0.000206	0.000214	0.000188	0.000213	494	442,903
06/24/2016	0.000237	0.000249	0.000186	0.000206	1,578	509,192
06/23/2016	0.000167	0.000240	0.000154	0.000237	2,958	359,240
06/22/2016	0.000173	0.000185	0.000156	0.000167	861	371,811
06/21/2016	0.000192	0.000193	0.000166	0.000173	1,194	411,628
06/20/2016	0.000221	0.000222	0.000183	0.000192	723	475,659
06/19/2016	0.000219	0.000227	0.000203	0.000221	296	470,956
06/18/2016	0.000217	0.000233	0.000210	0.000219	129	466,399
06/17/2016	0.000268	0.000271	0.000205	0.000217	967	575,972
06/16/2016	0.000257	0.000291	0.000228	0.000268	2,970	551,804
06/15/2016	0.000171	0.000291	0.000169	0.000257	5,973	368,124
06/14/2016	0.000197	0.000197	0.000149	0.000171	5,067	423,537
06/13/2016	0.000182	0.000211	0.000170	0.000197	2,005	390,095
06/12/2016	0.000182	0.000184	0.000147	0.000182	5,885	390,881
06/11/2016	0.000179	0.000182	0.000163	0.000182	1,038	384,434
06/10/2016	0.000178	0.000185	0.000172	0.000179	734	382,542
06/09/2016	0.000186	0.000186	0.000172	0.000178	85	399,703
06/08/2016	0.000208	0.000220	0.000162	0.000186	3,489	445,764
06/07/2016	0.000217	0.000252	0.000200	0.000208	2,820	465,250
06/06/2016	0.000241	0.000259	0.000204	0.000217	2,155	518,596
06/05/2016	0.000178	0.000291	0.000178	0.000247	3,352	381,662
06/04/2016	0.000171	0.000178	0.000169	0.000178	598	366,700
06/03/2016	0.000178	0.000183	0.000166	0.000171	851	381,245
06/02/2016	0.000177	0.000178	0.000176	0.000178	109	380,212
06/01/2016	0.000181	0.000188	0.000159	0.000177	1,140	387,988
05/31/2016	0.000182	0.000200	0.000177	0.000181	165	389,798
05/30/2016	0.000163	0.000218	0.000163	0.000182	1,510	350,323
05/29/2016	0.000179	0.000188	0.000147	0.000163	1,790	385,134
05/28/2016	0.000147	0.000181	0.000134	0.000180	1,945	314,905
05/27/2016	0.000154	0.000184	0.000146	0.000147	1,717	331,037
05/26/2016	0.000153	0.000168	0.000140	0.000154	2,267	328,273
05/25/2016	0.000143	0.000189	0.000134	0.000153	3,724	306,532
05/24/2016	0.000182	0.000209	0.000143	0.000143	4,514	391,065
05/23/2016	0.000264	0.000265	0.000142	0.000182	18,479	566,096
05/22/2016	0.000284	0.000293	0.000248	0.000264	955	609,112
05/21/2016	0.000310	0.000337	0.000275	0.000284	730	665,447
05/20/2016	0.000259	0.000332	0.000251	0.000314	2,230	555,859
05/19/2016	0.000236	0.000291	0.000232	0.000259	3,086	507,562
05/18/2016	0.000386	0.000386	0.000114	0.000236	20,894	828,149
05/17/2016	0.000350	0.000496	0.000327	0.000386	4,943	750,732
05/16/2016	0.000403	0.000407	0.000345	0.000350	724	864,706
05/15/2016	0.000360	0.000369	0.000343	0.000343	239	773,202
05/14/2016	0.000383	0.000388	0.000351	0.000360	254	822,252
05/13/2016	0.000359	0.000419	0.000358	0.000383	1,014	771,657
05/12/2016	0.000348	0.000415	0.000335	0.000359	3,159	748,149
05/11/2016	0.000356	0.000416	0.000294	0.000344	3,393	764,897
05/10/2016	0.000345	0.000423	0.000323	0.000356	1,923	741,715
05/09/2016	0.000348	0.000407	0.000322	0.000345	8,903	747,833
05/08/2016	0.000463	0.000492	0.000229	0.000358	15,772	994,313
05/07/2016	0.000552	0.000568	0.000450	0.000463	3,718	1,184,480
05/06/2016	0.000578	0.000600	0.000491	0.000552	2,836	1,240,910
05/05/2016	0.000563	0.000618	0.000537	0.000578	584	1,208,720
05/04/2016	0.000563	0.000612	0.000515	0.000563	1,485	1,208,460
05/03/2016	0.000605	0.000673	0.000480	0.000563	3,158	1,298,860
05/02/2016	0.000660	0.000769	0.000416	0.000605	8,836	1,416,960
05/01/2016	0.000529	0.000764	0.000529	0.000660	6,310	1,136,470
04/30/2016	0.000610	0.000628	0.000376	0.000529	5,554	1,309,830
04/29/2016	0.000566	0.000652	0.000550	0.000610	1,386	1,216,020
04/28/2016	0.000556	0.000663	0.000526	0.000566	3,622	1,194,640
04/27/2016	0.000634	0.000728	0.000555	0.000556	4,017	1,361,750
04/26/2016	0.000550	0.000704	0.000520	0.000634	4,072	1,181,990
04/25/2016	0.000826	0.000827	0.000489	0.000550	9,701	1,774,720
04/24/2016	0.000847	0.000887	0.000795	0.000825	355	1,819,030
04/23/2016	0.000932	0.000948	0.000791	0.000847	1,047	2,001,130
04/22/2016	0.000904	0.001157	0.000861	0.000932	3,220	1,941,050
04/21/2016	0.000967	0.001044	0.000759	0.000903	2,235	2,075,970
04/20/2016	0.001062	0.001070	0.000937	0.000967	681	2,281,040
04/19/2016	0.001046	0.001064	0.000892	0.001063	3,848	2,246,350
04/18/2016	0.001026	0.001091	0.001008	0.001046	2,037	2,203,900
04/17/2016	0.000952	0.001106	0.000934	0.001026	1,494	2,043,770
04/16/2016	0.000881	0.001061	0.000879	0.000952	1,691	1,891,140
04/15/2016	0.000912	0.000960	0.000846	0.000881	1,405	1,958,950
04/14/2016	0.001098	0.001105	0.000865	0.000912	1,663	2,357,920
04/13/2016	0.000873	0.001098	0.000845	0.001097	4,077	1,873,780
04/12/2016	0.000863	0.000872	0.000676	0.000872	8,489	1,852,420
04/11/2016	0.000852	0.000931	0.000782	0.000862	4,938	1,830,040
04/10/2016	0.000936	0.000954	0.000679	0.000856	6,660	2,009,380
04/09/2016	0.000926	0.001046	0.000859	0.000935	3,306	1,989,500
04/08/2016	0.001011	0.001011	0.000904	0.000925	1,902	2,170,570
04/07/2016	0.001025	0.001159	0.000950	0.001010	5,932	2,201,510
04/06/2016	0.001137	0.001137	0.000872	0.001025	10,686	2,441,860
04/05/2016	0.001367	0.001400	0.000818	0.001119	25,137	2,936,130
04/04/2016	0.001390	0.001576	0.001381	0.001381	4,577	2,985,620
04/03/2016	0.001504	0.001701	0.001281	0.001389	8,012	3,228,940
04/02/2016	0.001176	0.001696	0.001061	0.001503	16,113	2,524,930
04/01/2016	0.001084	0.001281	0.001027	0.001174	2,781	2,326,970
03/31/2016	0.000843	0.001501	0.000843	0.001084	21,712	1,810,270
03/30/2016	0.000792	0.000870	0.000735	0.000842	5,444	1,700,770
03/29/2016	0.000755	0.000791	0.000722	0.000791	1,043	1,621,630
03/28/2016	0.000678	0.000923	0.000665	0.000755	9,861	1,456,450
03/27/2016	0.000711	0.000712	0.000651	0.000679	2,102	1,526,510
03/26/2016	0.000639	0.000711	0.000625	0.000711	2,076	1,371,310
03/25/2016	0.000591	0.000664	0.000590	0.000638	2,507	1,270,110
03/24/2016	0.000628	0.000628	0.000577	0.000591	5,999	1,347,840
03/23/2016	0.000615	0.000678	0.000607	0.000627	3,854	1,320,050
03/22/2016	0.000706	0.000730	0.000592	0.000615	6,287	1,517,140
03/21/2016	0.000616	0.000707	0.000577	0.000707	5,149	1,322,830
03/20/2016	0.000743	0.000747	0.000583	0.000616	9,283	1,595,210
03/19/2016	0.000716	0.000759	0.000685	0.000743	2,893	1,538,060
03/18/2016	0.001043	0.001043	0.000612	0.000717	23,885	2,238,820
03/17/2016	0.000802	0.001357	0.000768	0.001043	23,080	1,723,030
03/16/2016	0.000834	0.000849	0.000670	0.000801	8,009	1,790,520
03/15/2016	0.000858	0.000904	0.000768	0.000842	9,835	1,842,020
03/14/2016	0.000833	0.000952	0.000740	0.000862	12,945	1,787,870
03/13/2016	0.001004	0.001130	0.000719	0.000832	50,745	2,156,980
03/12/2016	0.000721	0.001038	0.000721	0.001004	23,330	1,548,220
03/11/2016	0.000592	0.000844	0.000574	0.000738	17,408	1,272,340
03/10/2016	0.000514	0.000679	0.000455	0.000592	23,959	1,104,410
03/09/2016	0.000468	0.000544	0.000388	0.000514	11,536	1,004,380
03/08/2016	0.000597	0.000597	0.000333	0.000468	17,746	1,281,680
03/07/2016	0.000302	0.000644	0.000200	0.000601	24,469	647,982
03/06/2016	0.000316	0.000353	0.000274	0.000302	4,780	679,496
03/05/2016	0.000288	0.000338	0.000254	0.000316	4,356	617,502
03/04/2016	0.000354	0.000407	0.000288	0.000288	4,760	760,944
03/03/2016	0.000288	0.000393	0.000287	0.000354	2,285	619,034
03/02/2016	0.000292	0.000383	0.000269	0.000288	7,187	626,073
03/01/2016	0.000324	0.000433	0.000254	0.000292	8,889	695,911
02/29/2016	0.000459	0.000512	0.000263	0.000324	15,658	986,648
02/28/2016	0.000225	0.000544	0.000222	0.000464	31,506	483,049
02/27/2016	0.000195	0.000212	0.000173	0.000212	2,050	418,283
02/26/2016	0.000200	0.000226	0.000188	0.000194	4,052	428,586
02/25/2016	0.000170	0.000220	0.000161	0.000191	5,237	365,034
02/24/2016	0.000160	0.000174	0.000157	0.000170	1,167	343,518
02/23/2016	0.000175	0.000180	0.000149	0.000160	1,865	376,458
02/22/2016	0.000162	0.000175	0.000152	0.000175	1,468	348,807
02/21/2016	0.000166	0.000167	0.000146	0.000162	433	357,242
02/20/2016	0.000169	0.000185	0.000135	0.000166	3,054	362,152
02/19/2016	0.000190	0.000190	0.000122	0.000160	6,135	408,514
02/18/2016	0.000204	0.000227	0.000168	0.000190	5,176	438,344
02/17/2016	0.000163	0.000245	0.000163	0.000204	7,817	-
02/16/2016	0.000216	0.000232	0.000163	0.000163	6,864	-
