Date	Open	High	Low	Close	Volume	Market Cap
07/15/2018	0.889085	0.930513	0.884072	0.917162	1,887,630	55,710,400
07/14/2018	0.893748	0.904920	0.878133	0.896123	1,964,320	56,002,600
07/13/2018	0.893114	0.925176	0.883793	0.893008	2,696,050	55,962,900
07/12/2018	0.923585	0.926952	0.838424	0.887286	2,881,830	57,872,200
07/11/2018	0.916990	0.960290	0.897153	0.922443	2,454,800	57,458,900
07/10/2018	0.971856	0.981444	0.909540	0.921849	1,684,880	60,896,900
07/09/2018	0.910382	1.04	0.903839	0.978095	2,825,450	57,044,900
07/08/2018	0.922499	0.964540	0.910221	0.911107	1,409,580	57,804,100
07/07/2018	0.929056	1.09	0.853594	0.924518	7,793,140	58,215,000
07/06/2018	0.883901	1.16	0.781535	0.931477	20,545,300	55,385,600
07/05/2018	0.867081	0.958336	0.865693	0.883069	2,006,380	54,331,600
07/04/2018	0.894172	0.906201	0.786815	0.866218	1,690,460	56,029,200
07/03/2018	0.875243	0.945584	0.853470	0.887646	3,234,370	54,843,100
07/02/2018	0.844917	0.883888	0.801736	0.866710	2,341,780	52,942,800
07/01/2018	0.804190	0.845038	0.795311	0.834275	2,259,670	50,390,800
06/30/2018	0.814139	0.862336	0.798845	0.804950	1,771,330	51,014,300
06/29/2018	0.791736	0.844347	0.677671	0.836351	1,895,210	49,610,500
06/28/2018	0.808731	0.823671	0.720526	0.811849	1,650,760	50,675,400
06/27/2018	0.705433	0.818217	0.697123	0.730902	525,324	44,202,700
06/26/2018	0.788305	0.844050	0.706003	0.706117	1,656,540	49,395,500
06/25/2018	0.769865	0.801197	0.746386	0.775678	1,076,720	48,240,000
06/24/2018	0.783854	0.797246	0.720210	0.769711	1,695,620	49,116,600
06/23/2018	0.805965	0.834277	0.788612	0.797327	1,066,720	50,502,100
06/22/2018	0.961535	0.965925	0.789513	0.812809	2,630,180	60,250,200
06/21/2018	0.946525	0.972186	0.936226	0.965496	1,310,340	59,309,600
06/20/2018	0.970598	0.974562	0.933657	0.955420	1,067,770	60,818,000
06/19/2018	0.965654	0.977086	0.942031	0.970358	1,252,700	60,508,200
06/18/2018	0.946581	0.966444	0.859396	0.965892	1,246,970	59,313,100
06/17/2018	0.943480	0.959751	0.913776	0.944154	1,034,480	59,118,800
06/16/2018	0.929929	0.950349	0.916745	0.930248	1,362,970	58,269,700
06/15/2018	0.919793	0.957859	0.865168	0.930258	1,673,830	57,634,500
06/14/2018	0.833539	0.963096	0.812391	0.926683	736,228	52,229,800
06/13/2018	0.881199	0.887521	0.800205	0.829235	776,175	55,216,200
06/12/2018	0.941535	0.947591	0.872478	0.880975	655,935	58,996,900
06/11/2018	0.929181	0.941319	0.900478	0.941319	809,325	58,222,800
06/10/2018	1.12	1.12	0.890216	0.923746	1,101,390	70,366,800
06/09/2018	1.14	1.16	1.12	1.12	405,144	71,484,700
06/08/2018	1.17	1.18	1.14	1.14	520,420	73,436,800
06/07/2018	1.19	1.21	1.17	1.17	539,666	74,739,400
06/06/2018	1.21	1.21	1.16	1.19	526,352	75,629,200
06/05/2018	1.16	1.22	1.12	1.21	1,197,250	72,808,100
06/04/2018	1.23	1.25	1.18	1.19	617,451	77,245,100
06/03/2018	1.28	1.28	1.22	1.25	1,032,910	80,374,500
06/02/2018	1.26	1.31	1.21	1.28	1,242,520	79,037,100
06/01/2018	1.24	1.28	1.19	1.27	852,857	77,937,200
05/31/2018	1.12	1.27	1.11	1.24	1,282,460	70,141,200
05/30/2018	1.16	1.18	1.11	1.12	713,408	72,455,600
05/29/2018	1.00	1.22	1.00	1.15	1,511,880	62,886,500
05/28/2018	1.09	1.10	0.999590	1.01	782,327	68,474,400
05/27/2018	1.11	1.11	1.07	1.09	711,000	69,435,700
05/26/2018	1.09	1.15	1.08	1.11	566,872	68,304,000
05/25/2018	1.16	1.16	1.08	1.09	520,336	72,722,000
05/24/2018	1.05	1.16	1.03	1.15	1,070,800	65,876,500
05/23/2018	1.17	1.18	1.04	1.06	1,239,520	73,350,300
05/22/2018	1.26	1.26	1.17	1.17	643,176	78,692,500
05/21/2018	1.36	1.36	1.24	1.26	1,014,740	85,378,200
05/20/2018	1.28	1.37	1.27	1.36	762,978	80,213,800
05/19/2018	1.26	1.36	1.23	1.29	1,032,540	78,805,800
05/18/2018	1.19	1.26	1.14	1.25	1,106,260	74,847,200
05/17/2018	1.28	1.29	1.18	1.20	1,172,440	80,356,200
05/16/2018	1.35	1.37	1.26	1.28	1,138,570	84,630,700
05/15/2018	1.46	1.49	1.34	1.36	1,047,070	91,269,200
05/14/2018	1.45	1.48	1.32	1.45	1,423,790	90,580,100
05/13/2018	1.31	1.47	1.29	1.45	1,457,370	82,182,800
05/12/2018	1.40	1.40	1.19	1.31	1,907,740	87,699,000
05/11/2018	1.67	1.67	1.28	1.40	4,278,820	104,807,000
05/10/2018	1.75	1.78	1.69	1.69	1,084,190	109,388,000
05/09/2018	1.73	1.80	1.72	1.75	1,149,160	108,228,000
05/08/2018	1.79	1.81	1.71	1.72	1,200,120	112,182,000
05/07/2018	1.80	1.82	1.69	1.79	1,563,950	112,902,000
05/06/2018	1.91	1.97	1.71	1.80	3,037,780	119,762,000
05/05/2018	1.94	1.97	1.87	1.91	1,567,740	121,288,000
05/04/2018	1.99	2.02	1.81	1.93	3,009,100	124,829,000
05/03/2018	1.82	2.06	1.82	2.02	3,293,260	113,984,000
05/02/2018	1.77	1.85	1.74	1.81	2,064,760	110,858,000
05/01/2018	1.79	1.81	1.62	1.79	2,707,100	112,264,000
04/30/2018	1.90	1.94	1.76	1.79	1,802,720	119,313,000
04/29/2018	1.94	2.03	1.84	1.91	1,840,370	121,287,000
04/28/2018	1.78	1.98	1.77	1.94	1,897,780	111,281,000
04/27/2018	1.88	1.94	1.77	1.78	2,149,000	117,668,000
04/26/2018	1.69	1.90	1.64	1.87	2,014,700	105,785,000
04/25/2018	2.09	2.09	1.59	1.69	4,068,470	130,971,000
04/24/2018	1.89	2.12	1.89	2.09	4,618,180	118,490,000
04/23/2018	1.76	1.95	1.76	1.89	2,789,750	110,331,000
04/22/2018	1.83	2.02	1.73	1.77	4,343,310	114,606,000
04/21/2018	1.90	1.96	1.69	1.83	6,424,720	119,234,000
04/20/2018	1.51	1.92	1.47	1.92	5,446,780	94,856,500
04/19/2018	1.42	1.52	1.38	1.52	1,826,830	89,028,600
04/18/2018	1.29	1.42	1.29	1.42	1,194,520	80,595,700
04/17/2018	1.34	1.43	1.28	1.28	1,165,310	83,666,400
04/16/2018	1.43	1.43	1.30	1.33	1,477,900	89,819,200
04/15/2018	1.30	1.44	1.30	1.43	1,576,770	81,741,100
04/14/2018	1.31	1.39	1.27	1.30	1,293,320	82,242,900
04/13/2018	1.26	1.42	1.21	1.31	2,426,180	78,779,400
04/12/2018	0.996615	1.28	0.960365	1.27	3,388,130	62,448,300
04/11/2018	0.969755	1.01	0.934933	1.01	1,267,350	60,765,200
04/10/2018	0.950202	0.979280	0.937166	0.964938	642,337	59,540,000
04/09/2018	0.972202	1.02	0.926857	0.949653	876,004	60,918,600
04/08/2018	0.929947	1.01	0.925031	0.971846	933,840	58,270,800
04/07/2018	0.881931	0.956906	0.881681	0.930646	960,922	55,262,100
04/06/2018	0.929830	0.947850	0.867746	0.884318	1,039,820	58,263,500
04/05/2018	0.960569	0.973326	0.874271	0.930834	1,677,930	60,189,600
04/04/2018	1.08	1.08	0.937220	0.960020	1,386,490	67,668,300
04/03/2018	0.942399	1.13	0.917406	1.08	1,901,290	59,051,100
04/02/2018	0.942984	0.986960	0.906838	0.934051	1,179,970	59,087,700
04/01/2018	0.981816	0.997526	0.876271	0.945500	1,791,820	61,521,000
03/31/2018	1.01	1.04	0.973627	0.981912	518,852	63,183,000
03/30/2018	0.971662	1.06	0.950173	0.995256	1,048,800	60,884,700
03/29/2018	1.17	1.18	0.938923	0.964988	2,302,860	73,311,700
03/28/2018	1.15	1.23	1.15	1.17	1,108,310	72,200,900
03/27/2018	1.23	1.23	1.15	1.15	1,147,820	77,360,400
03/26/2018	1.30	1.32	1.17	1.23	1,674,800	81,240,300
03/25/2018	1.25	1.33	1.24	1.30	979,747	78,110,900
03/24/2018	1.33	1.36	1.24	1.25	2,165,910	83,557,200
03/23/2018	1.32	1.34	1.22	1.34	2,730,020	83,024,800
03/22/2018	1.41	1.46	1.31	1.33	1,706,910	88,574,000
03/21/2018	1.47	1.52	1.39	1.41	2,711,980	92,297,500
03/20/2018	1.33	1.54	1.30	1.47	3,909,710	83,055,600
03/19/2018	1.35	1.46	1.26	1.34	4,085,360	84,669,300
03/18/2018	1.19	1.35	1.05	1.31	6,756,960	74,631,600
03/17/2018	1.28	1.29	1.16	1.20	2,924,820	80,143,200
03/16/2018	1.23	1.45	1.16	1.28	4,481,970	77,176,700
03/15/2018	1.25	1.28	1.11	1.23	4,683,900	78,121,000
03/14/2018	1.52	1.57	1.23	1.25	2,876,310	95,462,000
03/13/2018	1.56	1.60	1.48	1.53	2,630,860	97,720,300
03/12/2018	1.68	1.71	1.46	1.56	3,330,080	105,323,000
03/11/2018	1.50	1.73	1.44	1.70	3,169,100	94,274,800
03/10/2018	1.56	1.75	1.49	1.51	4,643,210	97,767,500
03/09/2018	1.57	1.59	1.28	1.55	4,494,890	98,327,900
03/08/2018	1.73	1.76	1.53	1.57	3,023,200	108,676,000
03/07/2018	1.83	1.97	1.60	1.74	5,147,990	114,624,000
03/06/2018	2.03	2.05	1.79	1.84	2,518,060	127,083,000
03/05/2018	2.13	2.18	2.04	2.06	1,699,130	133,779,000
03/04/2018	2.07	2.18	2.01	2.13	1,688,510	129,496,000
03/03/2018	2.20	2.23	2.04	2.07	2,845,280	137,819,000
03/02/2018	2.26	2.29	2.13	2.20	2,347,600	141,801,000
03/01/2018	2.17	2.32	2.13	2.28	6,160,220	136,174,000
02/28/2018	2.30	2.46	2.12	2.17	6,059,830	144,306,000
02/27/2018	2.12	2.43	2.11	2.31	6,239,220	132,543,000
02/26/2018	2.06	2.19	1.98	2.13	4,721,310	128,857,000
02/25/2018	1.95	2.12	1.94	2.05	3,797,590	122,467,000
02/24/2018	2.09	2.18	1.88	1.96	5,097,970	130,894,000
02/23/2018	1.83	2.27	1.76	2.08	12,314,400	114,553,000
02/22/2018	2.40	2.57	1.77	1.86	14,051,200	150,138,000
02/21/2018	2.59	2.75	2.29	2.35	7,423,870	162,503,000
02/20/2018	2.93	3.08	2.57	2.64	7,329,620	183,520,000
02/19/2018	2.91	3.20	2.87	2.93	9,440,120	182,473,000
02/18/2018	3.16	3.19	2.70	2.86	14,994,700	197,778,000
02/17/2018	2.96	3.37	2.96	3.16	13,205,200	185,762,000
02/16/2018	3.00	3.14	2.86	2.99	13,814,400	188,151,000
02/15/2018	2.30	3.22	2.23	3.04	28,600,000	144,171,000
02/14/2018	1.67	2.35	1.67	2.30	7,853,560	104,359,000
02/13/2018	1.75	1.77	1.63	1.66	1,243,390	109,722,000
02/12/2018	1.61	1.81	1.59	1.75	1,923,930	100,819,000
02/11/2018	1.71	1.71	1.52	1.59	2,350,400	106,890,000
02/10/2018	1.78	1.85	1.61	1.71	3,734,790	111,461,000
02/09/2018	1.73	1.87	1.52	1.78	6,289,070	108,677,000
02/08/2018	1.41	1.93	1.40	1.69	10,272,500	88,317,400
02/07/2018	1.41	1.85	1.22	1.34	6,156,640	88,597,900
02/06/2018	1.24	1.42	0.966090	1.41	6,829,210	77,522,100
02/05/2018	1.60	1.72	1.15	1.18	3,556,210	100,484,000
02/04/2018	1.82	1.99	1.52	1.61	1,923,260	114,014,000
02/03/2018	1.82	2.01	1.62	1.82	4,463,870	113,772,000
02/02/2018	1.81	1.96	1.44	1.81	6,571,980	113,140,000
02/01/2018	2.31	2.38	1.64	1.81	8,565,300	144,942,000
01/31/2018	2.32	2.39	2.19	2.31	2,462,840	145,198,000
01/30/2018	2.72	2.74	2.26	2.31	2,103,770	170,657,000
01/29/2018	2.87	2.90	2.70	2.74	1,115,730	180,047,000
01/28/2018	2.82	2.95	2.79	2.87	2,172,420	176,507,000
01/27/2018	2.69	2.87	2.63	2.81	1,635,500	168,648,000
01/26/2018	2.64	2.76	2.49	2.67	1,924,340	165,639,000
01/25/2018	2.74	2.86	2.61	2.64	1,881,610	171,866,000
01/24/2018	2.60	2.93	2.58	2.71	2,822,530	162,896,000
01/23/2018	2.71	2.96	2.40	2.59	4,973,480	170,053,000
01/22/2018	2.88	3.19	2.41	2.69	4,519,550	180,319,000
01/21/2018	3.49	3.54	2.70	2.84	5,076,500	218,395,000
01/20/2018	3.10	3.72	2.96	3.50	5,835,270	194,433,000
01/19/2018	2.99	3.36	2.85	3.10	4,963,310	187,125,000
01/18/2018	3.24	3.51	2.62	2.98	17,466,500	203,114,000
01/17/2018	2.42	3.34	1.68	3.17	33,257,100	151,730,000
01/16/2018	3.74	3.80	2.14	2.42	22,550,900	234,153,000
01/15/2018	5.16	5.31	3.67	3.77	14,098,700	323,171,000
01/14/2018	5.00	6.06	4.63	5.16	27,388,200	302,469,000
01/13/2018	6.64	7.06	4.89	5.00	16,228,600	402,139,000
01/12/2018	6.41	6.81	6.30	6.64	2,158,840	387,698,000
01/11/2018	7.16	7.39	6.00	6.32	7,672,000	433,613,000
01/10/2018	7.07	7.17	6.58	7.15	8,892,300	427,688,000
01/09/2018	7.17	7.47	6.87	7.05	8,149,570	433,968,000
01/08/2018	7.56	7.79	6.82	7.19	11,000,400	457,622,000
01/07/2018	7.62	7.89	7.27	7.57	8,722,460	460,988,000
01/06/2018	7.37	7.78	7.19	7.59	9,164,570	446,070,000
01/05/2018	6.94	8.14	6.81	7.36	39,867,200	420,057,000
01/04/2018	6.61	7.13	6.23	7.10	13,928,300	400,223,000
01/03/2018	6.34	6.70	6.20	6.57	13,506,000	383,947,000
01/02/2018	5.42	6.43	5.36	6.34	16,686,400	327,954,000
01/01/2018	5.42	5.83	5.14	5.44	12,758,900	328,004,000
12/31/2017	5.04	5.54	4.75	5.38	8,431,380	305,256,000
12/30/2017	5.54	5.54	5.01	5.07	4,986,310	335,102,000
12/29/2017	5.18	5.65	5.04	5.52	5,485,770	313,673,000
12/28/2017	5.72	5.81	5.00	5.17	5,121,120	346,246,000
12/27/2017	5.99	6.17	5.61	5.77	7,843,130	362,419,000
12/26/2017	5.98	6.12	5.87	5.99	5,363,700	361,739,000
12/25/2017	6.27	6.29	5.62	5.98	7,330,400	379,643,000
12/24/2017	6.68	6.68	5.31	6.08	14,507,900	404,080,000
12/23/2017	4.10	6.83	4.10	6.66	78,286,700	248,124,000
12/22/2017	4.05	4.42	3.45	4.13	17,960,700	244,842,000
12/21/2017	4.46	4.66	3.88	4.04	16,297,700	270,015,000
12/20/2017	4.67	4.87	4.26	4.47	9,593,440	282,901,000
12/19/2017	4.48	5.05	4.44	4.66	22,549,400	271,386,000
12/18/2017	4.32	4.52	4.05	4.46	12,217,200	261,445,000
12/17/2017	4.63	4.78	4.33	4.37	8,830,240	280,166,000
12/16/2017	4.05	4.68	4.02	4.62	12,949,500	245,412,000
12/15/2017	4.21	4.29	3.54	4.05	20,015,600	254,591,000
12/14/2017	4.11	4.49	4.04	4.22	15,687,600	248,794,000
12/13/2017	3.75	4.58	3.54	4.10	27,740,300	227,017,000
12/12/2017	3.66	4.07	3.41	3.75	26,836,800	221,362,000
12/11/2017	3.19	4.22	3.18	3.66	55,078,900	193,079,000
12/10/2017	2.80	3.20	2.33	3.17	15,447,300	169,416,000
12/09/2017	2.98	3.07	2.55	2.80	9,846,850	180,514,000
12/08/2017	2.82	3.10	2.55	2.98	10,293,500	170,923,000
12/07/2017	2.46	3.21	2.07	2.86	26,877,900	148,803,000
12/06/2017	2.92	3.41	2.12	2.50	31,348,200	176,668,000
12/05/2017	2.78	3.19	2.41	2.93	29,284,900	168,184,000
12/04/2017	2.48	2.87	2.26	2.67	27,826,300	150,243,000
12/03/2017	1.98	2.74	1.93	2.48	56,283,100	119,858,000
12/02/2017	1.69	2.23	1.53	1.99	26,194,500	102,349,000
12/01/2017	1.25	1.81	1.18	1.69	13,447,600	75,736,100
11/30/2017	1.06	1.27	1.03	1.26	5,567,330	63,973,800
11/29/2017	1.18	1.28	0.935192	1.04	10,772,400	71,156,000
11/28/2017	1.18	1.32	1.16	1.18	7,002,880	71,115,500
11/27/2017	1.22	1.37	1.15	1.18	11,840,300	73,549,200
11/26/2017	1.20	1.47	1.13	1.23	21,088,800	72,884,400
11/25/2017	0.805049	1.38	0.760544	1.20	26,964,100	48,707,500
11/24/2017	0.727971	0.833303	0.693445	0.812051	5,808,040	44,044,100
11/23/2017	0.645571	0.842716	0.630753	0.723804	8,327,510	39,058,700
11/22/2017	0.526474	0.706359	0.484102	0.645625	6,237,280	31,853,000
11/21/2017	0.576040	0.605417	0.444559	0.531077	6,916,280	34,851,900
11/20/2017	0.403731	0.718719	0.393001	0.556601	10,850,100	24,426,700
11/19/2017	0.352819	0.417789	0.347648	0.404074	2,376,890	21,346,400
11/18/2017	0.331796	0.353353	0.316624	0.350610	1,118,870	20,074,500
11/17/2017	0.258840	0.350601	0.254190	0.332361	3,846,140	15,660,500
11/16/2017	0.253330	0.259843	0.246340	0.258674	1,171,920	15,327,100
11/15/2017	0.251920	0.259846	0.249651	0.252915	712,587	15,241,800
11/14/2017	0.254208	0.268759	0.249688	0.251818	775,969	15,380,200
11/13/2017	0.238424	0.259791	0.238424	0.253880	733,206	14,425,200
11/12/2017	0.253297	0.254948	0.235926	0.239896	602,041	15,325,100
11/11/2017	0.244315	0.256710	0.239703	0.253148	617,894	14,781,700
11/10/2017	0.263563	0.282063	0.239903	0.245124	1,023,320	15,946,200
11/09/2017	0.247184	0.281442	0.244651	0.264662	1,666,620	14,955,300
11/08/2017	0.207254	0.245837	0.206946	0.245346	644,493	12,539,400
11/07/2017	0.212506	0.216035	0.206461	0.209957	299,657	12,857,100
11/06/2017	0.219606	0.219706	0.211105	0.212779	364,644	12,290,900
11/05/2017	0.218053	0.223267	0.216848	0.219219	313,768	12,204,000
11/04/2017	0.222893	0.230035	0.215817	0.218038	385,049	12,474,800
11/03/2017	0.205055	0.224302	0.203931	0.222890	411,015	11,476,500
11/02/2017	0.215894	0.218029	0.199092	0.205089	345,744	12,083,200
11/01/2017	0.234375	0.235110	0.214349	0.215410	417,039	13,117,500
10/31/2017	0.215274	0.234381	0.212966	0.234105	434,323	12,048,400
10/30/2017	0.210765	0.221448	0.208982	0.215543	495,057	11,796,100
10/29/2017	0.198771	0.217678	0.198284	0.211276	507,268	11,124,800
10/28/2017	0.205110	0.206410	0.198101	0.198901	330,541	11,479,600
10/27/2017	0.211399	0.213800	0.203832	0.204881	305,195	11,831,500
10/26/2017	0.217265	0.218061	0.209589	0.211393	375,728	12,159,900
10/25/2017	0.233699	0.234719	0.213056	0.217429	321,902	13,079,700
10/24/2017	0.211994	0.247673	0.209171	0.233641	646,541	11,864,900
10/23/2017	0.231139	0.231496	0.194638	0.212278	635,594	12,936,400
10/22/2017	0.219892	0.234598	0.218591	0.230522	481,438	12,306,900
10/21/2017	0.271588	0.271588	0.191480	0.217795	1,736,160	15,200,200
10/20/2017	0.290130	0.290697	0.268830	0.271578	593,877	16,238,000
10/19/2017	0.301282	0.309802	0.285344	0.290124	607,685	16,862,200
10/18/2017	0.293527	0.301575	0.284659	0.300287	384,951	16,428,100
10/17/2017	0.317127	0.317377	0.290505	0.293604	379,747	17,748,900
10/16/2017	0.291950	0.324722	0.291937	0.317915	727,582	16,339,900
10/15/2017	0.304783	0.306217	0.282626	0.291711	325,668	17,058,100
10/14/2017	0.298228	0.307110	0.293912	0.304035	277,001	16,691,200
10/13/2017	0.286884	0.309511	0.276182	0.298338	665,651	16,056,300
10/12/2017	0.317186	0.321670	0.279650	0.286553	846,928	17,752,300
10/11/2017	0.282202	0.335980	0.271512	0.317027	898,225	15,868,500
10/10/2017	0.271226	0.285627	0.262093	0.281853	517,031	15,251,300
10/09/2017	0.293535	0.293535	0.269287	0.271417	370,235	16,505,700
10/08/2017	0.294558	0.302476	0.291700	0.293752	344,841	16,563,300
10/07/2017	0.304337	0.305226	0.292830	0.294669	249,809	17,113,100
10/06/2017	0.301122	0.306823	0.296621	0.303910	367,802	16,932,400
10/05/2017	0.295538	0.307088	0.282790	0.302573	429,098	16,618,300
10/04/2017	0.298504	0.307004	0.286789	0.295547	463,647	16,785,200
10/03/2017	0.308194	0.310255	0.292728	0.298354	474,015	17,330,000
10/02/2017	0.329222	0.331544	0.308478	0.308478	390,060	18,512,400
10/01/2017	0.344799	0.344974	0.325542	0.329282	437,271	19,388,400
09/30/2017	0.334041	0.363593	0.334041	0.344224	748,169	18,783,400
09/29/2017	0.371200	0.375038	0.327684	0.334021	610,101	20,872,900
09/28/2017	0.353619	0.374169	0.347224	0.371262	733,836	19,884,300
09/27/2017	0.338468	0.359239	0.328997	0.353646	668,733	19,063,100
09/26/2017	0.343978	0.346850	0.333476	0.338526	334,974	19,373,400
09/25/2017	0.332685	0.347682	0.322293	0.344015	540,124	18,740,200
09/24/2017	0.347752	0.351122	0.329155	0.332854	479,624	19,589,000
09/23/2017	0.333982	0.358501	0.323098	0.348552	923,372	18,885,100
09/22/2017	0.321491	0.346063	0.295177	0.333697	878,945	18,178,800
09/21/2017	0.368851	0.375217	0.311742	0.323876	1,345,140	20,856,800
09/20/2017	0.391759	0.396092	0.355608	0.368674	1,427,570	22,243,900
09/19/2017	0.346769	0.408803	0.328678	0.390341	3,278,040	19,992,400
09/18/2017	0.290910	0.347607	0.286095	0.345411	1,077,920	17,193,000
09/17/2017	0.281356	0.292640	0.266454	0.291198	366,853	16,668,600
09/16/2017	0.271340	0.284951	0.268481	0.281989	415,992	16,090,200
09/15/2017	0.227079	0.286295	0.215250	0.271220	618,181	13,465,600
09/14/2017	0.280972	0.290185	0.226416	0.226599	708,505	16,661,400
09/13/2017	0.295404	0.295480	0.268641	0.281013	988,520	17,517,200
09/12/2017	0.289695	0.348360	0.284483	0.295100	1,173,690	17,273,200
09/11/2017	0.302057	0.307637	0.288310	0.290258	306,346	18,010,300
09/10/2017	0.298067	0.302743	0.283601	0.301165	516,468	17,772,400
09/09/2017	0.291464	0.303755	0.284973	0.297686	382,621	17,378,700
09/08/2017	0.339788	0.344680	0.278055	0.291248	767,553	20,260,100
09/07/2017	0.348790	0.349518	0.321764	0.339932	653,380	20,796,800
09/06/2017	0.336494	0.359212	0.320349	0.346460	1,007,280	20,064,500
09/05/2017	0.303475	0.356892	0.261190	0.333526	1,338,710	18,124,100
09/04/2017	0.365486	0.365486	0.264645	0.303961	1,956,990	21,827,500
09/03/2017	0.372556	0.383078	0.353821	0.365742	642,779	22,249,800
09/02/2017	0.428461	0.434628	0.354117	0.369039	1,300,540	25,588,500
09/01/2017	0.470109	0.475887	0.428671	0.428671	1,361,880	28,075,800
08/31/2017	0.465803	0.477240	0.460813	0.469547	715,213	27,818,700
08/30/2017	0.457812	0.496220	0.455530	0.462428	1,329,010	27,341,400
08/29/2017	0.438171	0.488799	0.427550	0.456380	1,580,990	26,168,400
08/28/2017	0.466027	0.470661	0.431326	0.438478	1,114,800	27,832,100
08/27/2017	0.488945	0.495319	0.455113	0.465904	974,386	29,200,700
08/26/2017	0.485196	0.494342	0.457401	0.489331	886,407	28,976,800
08/25/2017	0.517575	0.547682	0.461513	0.484120	2,097,160	30,910,600
08/24/2017	0.466658	0.572790	0.449333	0.513482	4,180,660	27,869,700
08/23/2017	0.374485	0.516623	0.372577	0.465309	3,947,930	22,364,900
08/22/2017	0.410462	0.410729	0.358563	0.374690	868,321	24,513,600
08/21/2017	0.384992	0.440013	0.380574	0.410059	2,224,380	22,992,500
08/20/2017	0.373356	0.398104	0.357023	0.387648	892,665	22,297,500
08/19/2017	0.338239	0.374035	0.329206	0.374035	1,385,120	19,862,000
08/18/2017	0.417218	0.424612	0.315261	0.337756	1,771,050	24,499,900
08/17/2017	0.299564	0.421758	0.294745	0.415178	3,147,620	17,591,000
08/16/2017	0.297129	0.323269	0.288701	0.299886	1,571,850	17,448,000
08/15/2017	0.304108	0.309943	0.279286	0.296741	1,124,210	17,857,800
08/14/2017	0.313557	0.348372	0.287354	0.303719	1,297,470	18,412,700
08/13/2017	0.333595	0.337812	0.292555	0.311584	1,353,700	19,589,300
08/12/2017	0.298068	0.365881	0.298068	0.329331	2,152,120	17,503,100
08/11/2017	0.407344	0.422905	0.292616	0.295678	3,674,950	23,920,000
08/10/2017	0.250150	0.388582	0.246720	0.388582	2,921,970	14,689,300
08/09/2017	0.280614	0.283796	0.233090	0.250470	999,151	16,478,200
08/08/2017	0.259807	0.289899	0.256412	0.279865	473,644	15,256,400
08/07/2017	0.273986	0.284666	0.253820	0.261467	618,726	16,089,000
08/06/2017	0.234318	0.276337	0.221328	0.274218	852,476	13,759,600
08/05/2017	0.215391	0.233707	0.213203	0.233632	463,943	12,648,200
08/04/2017	0.223088	0.234292	0.211725	0.215444	595,157	13,100,100
08/03/2017	0.195994	0.226640	0.192551	0.225951	610,026	11,509,200
08/02/2017	0.208037	0.208727	0.187803	0.192198	428,795	12,216,300
08/01/2017	0.176002	0.226977	0.162060	0.208179	850,826	10,335,200
07/31/2017	0.178448	0.183462	0.159787	0.176045	429,098	10,478,800
07/30/2017	0.190521	0.192860	0.172784	0.178160	452,656	11,187,700
07/29/2017	0.187885	0.190677	0.177129	0.190648	296,085	11,033,000
07/28/2017	0.201110	0.202601	0.183408	0.187648	552,320	11,809,600
07/27/2017	0.198201	0.213577	0.194062	0.199513	1,268,590	11,638,700
07/26/2017	0.186489	0.198062	0.182685	0.196715	422,055	10,951,000
07/25/2017	0.230189	0.233056	0.182022	0.187367	720,364	13,517,800
07/24/2017	0.218872	0.237278	0.218371	0.230165	1,108,730	12,928,700
07/23/2017	0.210602	0.227984	0.200075	0.220234	1,169,640	12,467,800
07/22/2017	0.198016	0.216054	0.197388	0.210654	589,628	11,747,500
07/21/2017	0.218508	0.237185	0.201931	0.201931	1,069,370	13,073,300
07/20/2017	0.191784	0.218930	0.180061	0.216644	954,411	11,474,500
07/19/2017	0.177223	0.245454	0.174783	0.190487	1,857,780	10,718,700
07/18/2017	0.188259	0.189945	0.172679	0.176567	965,565	11,386,300
07/17/2017	0.148067	0.189968	0.147451	0.188069	1,352,130	8,955,360
07/16/2017	0.167905	0.178307	0.139918	0.146893	956,850	10,155,200
07/15/2017	0.164349	0.197645	0.150834	0.168928	1,271,350	9,940,120
07/14/2017	0.239041	0.242734	0.161741	0.165057	1,754,740	14,457,600
07/13/2017	0.315148	0.315148	0.239213	0.239213	2,188,970	19,522,200
07/12/2017	0.261616	0.332015	0.259997	0.316761	4,528,390	-
