Date	Open	High	Low	Close	Volume	Market Cap
07/15/2018	0.152198	0.156041	0.113957	0.154824	1,583	2,614,780
07/14/2018	0.150332	0.153408	0.149636	0.152341	69	2,582,730
07/13/2018	0.124986	0.150499	0.113858	0.150046	2,392	2,147,280
07/12/2018	0.174121	0.174121	0.122774	0.124621	806	2,991,420
07/11/2018	0.141517	0.174121	0.141500	0.174121	80	2,431,280
07/10/2018	0.130287	0.151521	0.120523	0.141512	1,031	2,238,350
07/09/2018	0.157557	0.159380	0.117164	0.130274	3,500	2,706,850
07/08/2018	0.170435	0.172000	0.157306	0.157484	4,606	2,928,100
07/07/2018	0.155830	0.169954	0.155375	0.169954	3,912	2,677,180
07/06/2018	0.150983	0.156805	0.146269	0.156384	5,570	2,593,910
07/05/2018	0.153069	0.166137	0.149129	0.151656	6,877	2,629,750
07/04/2018	0.158276	0.163577	0.147551	0.152657	1,496	2,719,200
07/03/2018	0.167160	0.176086	0.166394	0.166394	50	2,871,830
07/02/2018	0.134717	0.168354	0.133862	0.166776	510	2,314,460
07/01/2018	0.134879	0.135636	0.132822	0.134616	166	2,317,240
06/30/2018	0.151585	0.161123	0.132947	0.134745	34	2,604,250
06/29/2018	0.110320	0.187511	0.103516	0.151684	84,873	1,895,310
06/28/2018	0.113376	0.115049	0.107011	0.110466	3,286	1,947,820
06/27/2018	0.143244	0.146162	0.102172	0.113236	48,691	2,460,950
06/26/2018	0.164079	0.164185	0.134932	0.143301	20,276	2,818,910
06/25/2018	0.152526	0.164946	0.150189	0.164079	3,939	2,620,420
06/24/2018	0.180367	0.180803	0.142249	0.152020	9,586	3,098,730
06/23/2018	0.187733	0.190781	0.174704	0.180525	5,032	3,225,290
06/22/2018	0.208139	0.208648	0.181084	0.188038	21,096	3,575,870
06/21/2018	0.212479	0.239824	0.207226	0.208143	25,096	3,650,420
06/20/2018	0.189618	0.228405	0.175731	0.212357	34,188	3,257,670
06/19/2018	0.182484	0.191737	0.179383	0.189412	2,005	3,135,100
06/18/2018	0.180575	0.182327	0.171542	0.182327	196	3,102,300
06/17/2018	0.176091	0.182648	0.176091	0.180770	2,083	3,025,270
06/16/2018	0.173536	0.178255	0.172397	0.176200	1,606	2,981,380
06/15/2018	0.174681	0.182795	0.161893	0.173333	10,807	3,001,040
06/14/2018	0.158302	0.176773	0.157277	0.174491	4,253	2,719,640
06/13/2018	0.169553	0.174870	0.151852	0.157794	10,893	2,912,950
06/12/2018	0.189544	0.198101	0.167116	0.168881	3,298	3,256,400
06/11/2018	0.190437	0.195732	0.170818	0.189061	4,414	3,271,740
06/10/2018	0.212400	0.212755	0.185151	0.190390	8,852	3,649,060
06/09/2018	0.205689	0.216408	0.188525	0.213586	14,990	3,533,770
06/08/2018	0.208864	0.239913	0.195040	0.205726	17,368	3,588,310
06/07/2018	0.226912	0.231722	0.208063	0.209038	6,292	3,784,930
06/06/2018	0.213741	0.229757	0.199124	0.226965	7,989	3,565,230
06/05/2018	0.221319	0.222821	0.206466	0.213696	3,746	3,691,630
06/04/2018	0.227597	0.230183	0.212618	0.221350	7,389	3,796,360
06/03/2018	0.194365	0.232567	0.194057	0.227818	2,948	3,242,040
06/02/2018	0.201410	0.201913	0.179272	0.194689	8,009	3,359,550
06/01/2018	0.176390	0.201730	0.174230	0.201604	1,316	2,942,220
05/31/2018	0.192578	0.202224	0.172360	0.176058	2,452	3,212,240
05/30/2018	0.203149	0.209814	0.180899	0.192579	118	3,388,550
05/29/2018	0.169992	0.205613	0.169886	0.203273	117	2,835,500
05/28/2018	0.195830	0.196511	0.168713	0.170454	3,295	3,266,460
05/27/2018	0.201511	0.202578	0.192650	0.195674	222	3,361,240
05/26/2018	0.208078	0.256249	0.200638	0.201372	4,377	3,470,770
05/25/2018	0.180809	0.290086	0.179831	0.206497	141,476	3,015,920
05/24/2018	0.177049	0.184914	0.168333	0.180710	240	2,953,210
05/23/2018	0.197188	0.198403	0.171255	0.176907	578	3,289,130
05/22/2018	0.213018	0.226191	0.196526	0.197532	2,313	3,553,170
05/21/2018	0.238981	0.240075	0.183663	0.225872	3,348	3,986,230
05/20/2018	0.246934	0.247307	0.212257	0.238801	4,058	4,118,890
05/19/2018	0.228522	0.247445	0.221569	0.223118	619	3,811,770
05/18/2018	0.204360	0.228724	0.204360	0.228491	5,882	3,408,750
05/17/2018	0.284128	0.287625	0.201862	0.203016	40,234	4,739,300
05/16/2018	0.237812	0.309371	0.227903	0.283666	49,965	3,859,730
05/15/2018	0.234468	0.249087	0.227984	0.238199	13,540	3,805,440
05/14/2018	0.255993	0.271301	0.233476	0.234529	19,504	4,154,800
05/13/2018	0.256984	0.258911	0.243572	0.256263	6,126	4,170,890
05/12/2018	0.225483	0.262453	0.224955	0.256832	12,297	3,659,620
05/11/2018	0.242863	0.243291	0.195335	0.225844	17,067	3,941,700
05/10/2018	0.244618	0.311271	0.224066	0.242714	66,471	3,970,180
05/09/2018	0.241991	0.249789	0.229941	0.243771	5,921	3,927,560
05/08/2018	0.248580	0.263924	0.215708	0.242942	23,540	4,034,490
05/07/2018	0.256747	0.258047	0.229757	0.248542	5,955	4,167,030
05/06/2018	0.276375	0.278137	0.251145	0.256218	5,731	4,485,610
05/05/2018	0.259185	0.276521	0.258527	0.276521	811	4,206,600
05/04/2018	0.249022	0.261405	0.239441	0.259419	3,754	4,041,660
05/03/2018	0.212600	0.251731	0.212600	0.249217	5,254	3,450,530
05/02/2018	0.225073	0.236801	0.209582	0.212543	7,871	3,652,970
05/01/2018	0.227925	0.234792	0.217091	0.224741	2,998	3,699,260
04/30/2018	0.241658	0.245384	0.227362	0.228038	1,183	3,922,150
04/29/2018	0.229408	0.246416	0.189591	0.241225	42,403	3,723,320
04/28/2018	0.251269	0.267797	0.223992	0.226322	18,671	4,078,140
04/27/2018	0.234381	0.254549	0.211731	0.252630	29,251	3,804,040
04/26/2018	0.238700	0.244519	0.222645	0.234675	7,378	3,874,130
04/25/2018	0.269962	0.269962	0.228085	0.237569	1,491	4,381,520
04/24/2018	0.219822	0.270855	0.219675	0.270010	13,556	3,567,740
04/23/2018	0.211344	0.290096	0.210511	0.219093	21,564	3,430,150
04/22/2018	0.219110	0.225490	0.186679	0.211201	40,896	3,556,180
04/21/2018	0.222308	0.223223	0.205573	0.218817	6,717	3,608,080
04/20/2018	0.187976	0.227902	0.182530	0.222561	42,992	3,050,870
04/19/2018	0.201182	0.220954	0.176103	0.187804	19,155	3,265,220
04/18/2018	0.195832	0.212193	0.195658	0.201104	4,239	3,178,380
04/17/2018	0.199053	0.206214	0.194804	0.195787	4,188	3,230,660
04/16/2018	0.214382	0.215446	0.187613	0.199122	13,890	3,479,460
04/15/2018	0.197012	0.214180	0.193355	0.214180	16,530	3,197,540
04/14/2018	0.193675	0.202302	0.181201	0.197521	12,969	3,143,360
04/13/2018	0.205180	0.215000	0.190394	0.194733	23,576	3,330,110
04/12/2018	0.186490	0.205304	0.169270	0.204665	15,793	3,026,760
04/11/2018	0.186210	0.188236	0.175958	0.186318	2,678	3,022,220
04/10/2018	0.175950	0.185859	0.166647	0.185785	5,746	2,855,690
04/09/2018	0.180871	0.181710	0.159643	0.175280	8,979	2,935,560
04/08/2018	0.168423	0.181149	0.158193	0.180309	20,606	2,733,530
04/07/2018	0.150190	0.168604	0.150174	0.168461	4,743	2,437,610
04/06/2018	0.154644	0.161968	0.147193	0.150196	2,973	2,509,890
04/05/2018	0.164125	0.170451	0.150501	0.154854	8,520	2,663,770
04/04/2018	0.168906	0.168906	0.142775	0.164323	14,027	2,741,360
04/03/2018	0.163514	0.173542	0.162577	0.168654	3,601	2,653,850
04/02/2018	0.162410	0.169351	0.141473	0.163539	12,505	2,635,940
04/01/2018	0.162613	0.166463	0.145544	0.162864	5,811	2,639,230
03/31/2018	0.170220	0.180831	0.159898	0.162558	1,538	2,762,700
03/30/2018	0.167616	0.178538	0.154507	0.170553	9,169	2,720,440
03/29/2018	0.190597	0.191355	0.166336	0.167918	7,228	3,093,410
03/28/2018	0.185698	0.196188	0.180964	0.190319	2,461	3,013,900
03/27/2018	0.197368	0.203207	0.179704	0.185604	3,613	3,203,310
03/26/2018	0.207076	0.212734	0.191231	0.197578	4,706	3,360,880
03/25/2018	0.189831	0.217036	0.185261	0.207450	29,681	3,080,980
03/24/2018	0.221699	0.224794	0.182288	0.190484	22,948	3,598,200
03/23/2018	0.247494	0.247494	0.194010	0.220439	12,229	4,016,870
03/22/2018	0.212640	0.246202	0.203207	0.244446	15,148	3,451,180
03/21/2018	0.218658	0.266684	0.182017	0.212401	74,571	3,548,840
03/20/2018	0.225400	0.225889	0.203255	0.217626	7,696	3,658,270
03/19/2018	0.213010	0.230740	0.206660	0.224453	12,496	3,457,190
03/18/2018	0.223326	0.223452	0.166920	0.211664	36,544	3,624,610
03/17/2018	0.241399	0.241493	0.200862	0.223345	14,702	3,917,940
03/16/2018	0.241714	0.247801	0.211073	0.241557	30,191	3,923,050
03/15/2018	0.249429	0.262704	0.226022	0.241814	20,060	4,048,270
03/14/2018	0.266699	0.296376	0.237080	0.249337	24,691	4,328,560
03/13/2018	0.251921	0.291235	0.250629	0.266761	27,380	-
03/12/2018	0.242485	0.250392	0.242485	0.250392	125,885	-
