Date	Open	High	Low	Close	Volume	Market Cap
07/15/2018	0.002175	0.002247	0.002140	0.002193	750,192	-
07/14/2018	0.002204	0.002246	0.002160	0.002188	820,432	-
07/13/2018	0.002264	0.002335	0.002180	0.002198	628,976	-
07/12/2018	0.002339	0.002339	0.002206	0.002260	528,010	-
07/11/2018	0.002374	0.002394	0.002285	0.002339	895,048	-
07/10/2018	0.002458	0.002581	0.002313	0.002371	255,170	-
07/09/2018	0.002877	0.002886	0.002392	0.002460	639,286	-
07/08/2018	0.003105	0.003277	0.002807	0.002875	650,546	-
07/07/2018	0.003487	0.003489	0.003000	0.003038	655,678	-
07/06/2018	0.003341	0.003489	0.003005	0.003489	1,008,240	-
07/05/2018	0.003073	0.003395	0.003061	0.003341	883,026	-
07/04/2018	0.003006	0.003293	0.002903	0.003072	957,252	-
07/03/2018	0.002900	0.003429	0.002879	0.003027	1,324,670	-
07/02/2018	0.002554	0.002946	0.002437	0.002902	617,213	-
07/01/2018	0.002578	0.002616	0.002397	0.002554	428,464	-
06/30/2018	0.002173	0.002645	0.002173	0.002585	714,423	-
06/29/2018	0.002168	0.002258	0.001987	0.002171	828,170	-
06/28/2018	0.002326	0.002330	0.002164	0.002169	383,669	-
06/27/2018	0.002301	0.002333	0.002294	0.002327	675,402	-
06/26/2018	0.002301	0.002399	0.002231	0.002301	746,897	-
06/25/2018	0.002302	0.002342	0.002238	0.002301	1,065,330	-
06/24/2018	0.002194	0.002389	0.002113	0.002302	1,047,590	-
06/23/2018	0.002195	0.002300	0.002181	0.002195	268,478	-
06/22/2018	0.002549	0.002598	0.002233	0.002294	948,175	-
06/21/2018	0.002650	0.002798	0.002451	0.002503	1,128,790	-
06/20/2018	0.002868	0.002871	0.002614	0.002651	1,492,490	-
06/19/2018	0.002574	0.003395	0.002526	0.002812	2,503,250	-
06/18/2018	0.002585	0.002600	0.002474	0.002597	754,173	-
06/17/2018	0.002497	0.002601	0.002497	0.002585	570,981	-
06/16/2018	0.002567	0.002604	0.002479	0.002497	691,768	-
06/15/2018	0.002787	0.002866	0.002503	0.002567	1,318,280	-
06/14/2018	0.002389	0.002880	0.002311	0.002789	1,080,610	-
06/13/2018	0.002616	0.002674	0.002296	0.002389	654,323	-
06/12/2018	0.003091	0.003091	0.002548	0.002557	674,600	-
06/11/2018	0.003309	0.003309	0.002834	0.003025	401,370	-
06/10/2018	0.003806	0.003806	0.003128	0.003378	492,501	-
06/09/2018	0.004008	0.004080	0.003732	0.003806	300,164	-
06/08/2018	0.003986	0.004082	0.003864	0.004008	316,755	-
06/07/2018	0.004119	0.004198	0.003939	0.003984	637,462	-
06/06/2018	0.004497	0.004497	0.004108	0.004119	356,858	-
06/05/2018	0.004572	0.004665	0.004085	0.004497	713,244	-
06/04/2018	0.004554	0.004598	0.004172	0.004573	700,763	-
06/03/2018	0.004645	0.004645	0.004246	0.004519	792,390	-
06/02/2018	0.004778	0.004782	0.004494	0.004643	387,630	-
06/01/2018	0.005197	0.005465	0.004393	0.004767	884,125	-
05/31/2018	0.004995	0.005488	0.004993	0.005194	744,839	-
05/30/2018	0.005487	0.005656	0.004631	0.005003	2,667,820	-
05/29/2018	0.004185	0.004912	0.004090	0.004912	1,053,310	-
05/28/2018	0.004486	0.004595	0.004053	0.004187	462,891	-
05/27/2018	0.004492	0.004716	0.004335	0.004485	527,034	-
05/26/2018	0.004318	0.004664	0.003952	0.004490	523,586	-
05/25/2018	0.004327	0.004770	0.004230	0.004320	641,970	-
05/24/2018	0.004098	0.004496	0.003539	0.004324	1,658,090	-
05/23/2018	0.004971	0.005032	0.004033	0.004102	740,069	-
05/22/2018	0.005482	0.005544	0.004921	0.005024	737,663	-
05/21/2018	0.005758	0.005783	0.005425	0.005483	700,662	-
05/20/2018	0.005264	0.005952	0.005101	0.005754	1,095,220	-
05/19/2018	0.005204	0.005467	0.005079	0.005264	471,533	-
05/18/2018	0.005169	0.005322	0.004962	0.005259	572,602	-
05/17/2018	0.005577	0.005662	0.005017	0.005146	1,191,750	-
05/16/2018	0.005710	0.005710	0.005229	0.005575	903,176	-
05/15/2018	0.005987	0.006136	0.005514	0.005708	2,418,600	-
05/14/2018	0.005885	0.006166	0.005504	0.005992	1,398,440	-
05/13/2018	0.004987	0.006022	0.004751	0.005886	1,969,870	-
05/12/2018	0.005199	0.005421	0.004434	0.004988	1,214,390	-
05/11/2018	0.005486	0.005775	0.004810	0.005273	2,302,210	-
05/10/2018	0.005170	0.006662	0.005077	0.005538	4,760,980	-
05/09/2018	0.004506	0.005201	0.004281	0.005167	1,954,830	-
05/08/2018	0.004047	0.004994	0.004045	0.004598	2,650,910	-
05/07/2018	0.004155	0.004159	0.003828	0.004042	922,497	-
05/06/2018	0.004354	0.004446	0.003940	0.004131	1,085,530	-
05/05/2018	0.003732	0.004960	0.003534	0.004243	2,512,030	-
05/04/2018	0.003699	0.003859	0.003562	0.003733	598,111	-
05/03/2018	0.003595	0.003805	0.003358	0.003701	1,561,510	-
05/02/2018	0.003580	0.003767	0.003400	0.003596	1,167,170	-
05/01/2018	0.003828	0.003828	0.003303	0.003582	1,840,600	-
04/30/2018	0.004012	0.004078	0.003783	0.003826	1,417,920	-
04/29/2018	0.004286	0.004366	0.003809	0.004007	1,840,780	-
04/28/2018	0.004096	0.004469	0.004076	0.004273	1,318,310	-
04/27/2018	0.003827	0.004473	0.003778	0.004109	2,631,460	-
04/26/2018	0.003378	0.004067	0.003243	0.003824	2,315,600	-
04/25/2018	0.004386	0.004386	0.003219	0.003363	2,258,460	-
04/24/2018	0.003902	0.004388	0.003815	0.004388	6,516,410	-
04/23/2018	0.003863	0.004474	0.003621	0.003882	4,507,400	-
04/22/2018	0.003202	0.005199	0.003056	0.003867	11,127,000	-
04/21/2018	0.002666	0.003233	0.002543	0.003167	2,982,180	-
04/20/2018	0.002360	0.002628	0.002309	0.002621	1,118,720	-
04/19/2018	0.002165	0.002393	0.002126	0.002360	1,210,000	-
04/18/2018	0.002074	0.002243	0.002038	0.002164	796,335	-
04/17/2018	0.002234	0.002288	0.002074	0.002112	783,897	-
04/16/2018	0.002506	0.002552	0.002213	0.002233	787,691	-
04/15/2018	0.002219	0.002634	0.002196	0.002457	2,763,740	-
04/14/2018	0.002199	0.002293	0.002133	0.002216	320,718	-
04/13/2018	0.002188	0.002383	0.002019	0.002199	1,723,000	-
04/12/2018	0.001979	0.002207	0.001884	0.002185	1,099,630	-
04/11/2018	0.001820	0.002004	0.001812	0.001981	1,260,860	-
04/10/2018	0.001866	0.001872	0.001784	0.001818	707,116	-
04/09/2018	0.001890	0.001988	0.001781	0.001863	399,653	-
04/08/2018	0.001934	0.002014	0.001791	0.001888	660,625	-
04/07/2018	0.001858	0.002064	0.001788	0.001933	868,582	-
04/06/2018	0.001901	0.001930	0.001784	0.001857	370,738	-
04/05/2018	0.001985	0.002024	0.001882	0.001906	426,597	-
04/04/2018	0.002014	0.002111	0.001902	0.001984	1,567,750	-
04/03/2018	0.001935	0.002170	0.001912	0.002014	1,352,890	-
04/02/2018	0.001992	0.002120	0.001900	0.001933	857,071	-
04/01/2018	0.001977	0.002062	0.001728	0.001932	1,400,240	-
03/31/2018	0.001939	0.002161	0.001852	0.001977	1,692,670	-
03/30/2018	0.001975	0.002086	0.001815	0.001939	1,756,340	-
03/29/2018	0.002648	0.002648	0.001975	0.001975	1,232,430	-
03/28/2018	0.002281	0.002687	0.002218	0.002646	1,481,780	-
03/27/2018	0.002130	0.002416	0.002130	0.002285	816,876	-
03/26/2018	0.002310	0.002493	0.002062	0.002166	1,199,820	-
03/25/2018	0.002113	0.002451	0.002040	0.002336	1,597,700	-
03/24/2018	0.001959	0.002652	0.001897	0.002128	1,765,090	-
03/23/2018	0.001718	0.001935	0.001570	0.001911	843,186	-
03/22/2018	0.001660	0.001734	0.001485	0.001644	2,233,760	-
03/21/2018	0.001511	0.001766	0.001511	0.001610	423,508	-
03/20/2018	0.001637	0.001763	0.001507	0.001509	673,553	-
03/19/2018	0.001617	0.001709	0.001441	0.001674	429,812	-
03/18/2018	0.001718	0.001728	0.001400	0.001588	963,815	-
03/17/2018	0.001968	0.001986	0.001685	0.001721	820,428	-
03/16/2018	0.001948	0.002081	0.001870	0.001967	280,530	-
03/15/2018	0.001823	0.002113	0.001773	0.001949	654,108	-
03/14/2018	0.002148	0.002271	0.001810	0.001946	285,656	-
03/13/2018	0.002203	0.002354	0.002082	0.002148	309,267	-
03/12/2018	0.002264	0.002486	0.002088	0.002207	318,930	-
03/11/2018	0.002015	0.002373	0.001935	0.002324	363,054	-
03/10/2018	0.001986	0.002231	0.001941	0.002019	665,412	-
03/09/2018	0.002078	0.002179	0.001763	0.001985	735,336	-
03/08/2018	0.002389	0.002492	0.001994	0.002034	918,704	-
03/07/2018	0.002510	0.002662	0.002140	0.002441	1,538,500	-
03/06/2018	0.002946	0.002946	0.002386	0.002479	1,286,270	-
03/05/2018	0.003056	0.003336	0.002836	0.002950	1,494,050	-
03/04/2018	0.002619	0.003056	0.002461	0.003056	1,769,670	-
03/03/2018	0.002920	0.003006	0.002405	0.002622	1,249,620	-
03/02/2018	0.003126	0.003422	0.002794	0.002882	1,205,110	-
03/01/2018	0.003104	0.003281	0.002960	0.003131	1,938,630	-
02/28/2018	0.003558	0.003621	0.003056	0.003058	2,354,130	-
02/27/2018	0.003752	0.003844	0.003449	0.003559	995,217	-
02/26/2018	0.003559	0.003912	0.003415	0.003749	851,046	-
02/25/2018	0.003543	0.003779	0.003383	0.003653	1,220,040	-
02/24/2018	0.004033	0.004230	0.003508	0.003548	1,950,900	-
02/23/2018	0.004094	0.004478	0.003941	0.004034	1,677,620	-
02/22/2018	0.004206	0.004636	0.003984	0.004095	1,784,520	-
02/21/2018	0.005126	0.005188	0.003999	0.004311	2,401,040	-
02/20/2018	0.005635	0.005711	0.005113	0.005129	980,078	-
02/19/2018	0.005573	0.005770	0.005442	0.005632	736,433	-
02/18/2018	0.006088	0.006196	0.005454	0.005581	1,042,950	-
02/17/2018	0.005702	0.006091	0.005622	0.006084	981,940	-
02/16/2018	0.005623	0.005855	0.005388	0.005705	757,157	-
02/15/2018	0.005584	0.005816	0.005494	0.005635	1,266,260	-
02/14/2018	0.005146	0.005598	0.005146	0.005594	1,461,130	-
02/13/2018	0.005234	0.005323	0.005001	0.005149	1,471,850	-
02/12/2018	0.005105	0.005401	0.005056	0.005234	1,457,330	-
02/11/2018	0.005396	0.005420	0.004899	0.005087	1,288,650	-
02/10/2018	0.005481	0.005747	0.005294	0.005402	1,489,050	-
02/09/2018	0.005222	0.005582	0.004953	0.005530	1,829,230	-
02/08/2018	0.005182	0.005683	0.005165	0.005213	1,104,070	-
02/07/2018	0.005246	0.005831	0.004928	0.005184	1,850,540	-
02/06/2018	0.004958	0.005474	0.004328	0.005298	4,062,520	-
02/05/2018	0.006039	0.006319	0.004802	0.004987	3,560,320	-
02/04/2018	0.006000	0.007998	0.005025	0.006012	12,883,500	-
02/03/2018	0.005501	0.006338	0.005150	0.006000	5,000,280	-
02/02/2018	0.005437	0.005899	0.004735	0.005580	5,619,800	-
02/01/2018	0.007379	0.007472	0.005038	0.005497	12,953,000	-
01/31/2018	0.007200	0.007536	0.006663	0.007389	14,078,600	-
01/30/2018	0.008547	0.008554	0.007036	0.007230	9,565,180	-
01/29/2018	0.009362	0.009593	0.008183	0.008530	15,385,500	-
01/28/2018	0.010626	0.010626	0.009305	0.009368	9,167,400	-
01/27/2018	0.009422	0.010909	0.008845	0.010537	17,251,300	-
01/26/2018	0.009586	0.010090	0.008366	0.009425	13,314,000	-
01/25/2018	0.008640	0.010330	0.008573	0.009524	17,425,400	-
01/24/2018	0.006841	0.008892	0.006646	0.008577	19,397,600	-
01/23/2018	0.006893	0.007347	0.006180	0.006840	10,629,800	-
01/22/2018	0.007372	0.007942	0.006370	0.006867	11,162,900	-
01/21/2018	0.010055	0.010055	0.007033	0.007419	12,782,300	-
01/20/2018	0.008473	0.010301	0.008092	0.010030	30,780,100	-
01/19/2018	0.008342	0.008808	0.007356	0.008371	38,588,200	-
01/18/2018	0.008375	0.010448	0.006898	0.008237	65,992,200	-
01/17/2018	0.006886	0.008384	0.005777	0.008279	18,994,600	-
01/16/2018	0.010157	0.010224	0.005882	0.006956	130,833,000	-
01/15/2018	0.012340	0.012533	0.009519	0.010065	42,073,400	-
01/14/2018	0.015655	0.015886	0.010603	0.012442	50,292,100	-
01/13/2018	0.014093	0.016169	0.013378	0.015517	57,744,600	-
01/12/2018	0.018782	0.019199	0.013405	0.013810	30,661,600	-
01/11/2018	0.020153	0.022405	0.018669	0.018775	23,195,900	-
