Date	Open	High	Low	Close	Volume	Market Cap
07/15/2018	0.009020	0.009467	0.008552	0.008667	24,863	2,552,130
07/14/2018	0.009255	0.009407	0.008556	0.009061	45,208	2,612,160
07/13/2018	0.009781	0.010332	0.009009	0.009369	45,155	2,756,840
07/12/2018	0.011628	0.011628	0.009689	0.009847	40,331	3,277,290
07/11/2018	0.011737	0.012014	0.010406	0.011568	43,962	3,308,010
07/10/2018	0.011852	0.012408	0.008700	0.011736	43,660	3,340,450
07/09/2018	0.012874	0.012968	0.011383	0.011860	38,012	3,628,590
07/08/2018	0.013179	0.013196	0.012721	0.012877	43,578	3,714,610
07/07/2018	0.012801	0.013215	0.012645	0.013194	47,548	3,607,960
07/06/2018	0.012087	0.012875	0.011741	0.012759	69,014	3,401,970
07/05/2018	0.013022	0.014363	0.010883	0.012094	79,322	3,665,010
07/04/2018	0.013499	0.013807	0.012716	0.012994	76,144	3,796,510
07/03/2018	0.013786	0.014954	0.013476	0.013564	96,448	3,877,090
07/02/2018	0.013489	0.014630	0.013469	0.013777	91,466	3,790,310
07/01/2018	0.013890	0.013976	0.013489	0.013489	74,790	3,902,810
06/30/2018	0.013367	0.014064	0.013365	0.013825	119,272	3,756,030
06/29/2018	0.013577	0.013838	0.012676	0.013411	117,222	3,814,870
06/28/2018	0.013802	0.013956	0.013423	0.013570	93,532	3,878,020
06/27/2018	0.014344	0.014424	0.013184	0.013797	106,154	4,030,420
06/26/2018	0.014748	0.016135	0.014273	0.014349	139,084	4,121,860
06/25/2018	0.015681	0.016776	0.013738	0.015059	135,717	4,382,680
06/24/2018	0.016223	0.016241	0.014965	0.015711	141,359	4,534,040
06/23/2018	0.016415	0.016883	0.015500	0.016225	153,177	4,587,630
06/22/2018	0.019305	0.020307	0.015950	0.016413	138,498	5,395,520
06/21/2018	0.018453	0.022030	0.017809	0.019454	189,650	5,155,350
06/20/2018	0.019742	0.020422	0.018358	0.018448	181,860	5,515,460
06/19/2018	0.020396	0.021663	0.018610	0.019664	173,317	5,698,300
06/18/2018	0.018203	0.021180	0.017674	0.020341	169,832	5,085,710
06/17/2018	0.017831	0.019825	0.017825	0.018136	163,757	4,976,320
06/16/2018	0.016325	0.021649	0.016157	0.017788	188,545	4,556,150
06/15/2018	0.018199	0.018222	0.016086	0.016259	146,670	5,075,300
06/14/2018	0.017701	0.018306	0.016497	0.018224	145,922	4,935,490
06/13/2018	0.018546	0.018693	0.015605	0.017705	171,704	5,168,980
06/12/2018	0.019709	0.020487	0.018350	0.018497	163,718	5,504,490
06/11/2018	0.020529	0.020529	0.019232	0.019718	100,527	5,733,500
06/10/2018	0.022467	0.022491	0.020146	0.020432	230,613	6,274,780
06/09/2018	0.023640	0.023976	0.022445	0.022445	127,554	6,598,130
06/08/2018	0.024842	0.026174	0.023619	0.023726	151,283	6,933,820
06/07/2018	0.025523	0.025984	0.024392	0.024824	163,002	7,123,510
06/06/2018	0.026500	0.026582	0.024566	0.025576	204,340	7,396,270
06/05/2018	0.028232	0.028232	0.024056	0.026408	236,546	7,871,330
06/04/2018	0.024344	0.032356	0.022795	0.029276	263,546	6,782,940
06/03/2018	0.023851	0.025116	0.022479	0.024280	178,147	6,645,570
06/02/2018	0.022609	0.026354	0.022592	0.023425	164,846	6,295,170
06/01/2018	0.021211	0.023768	0.020218	0.022755	111,786	5,901,870
05/31/2018	0.021916	0.024720	0.020596	0.021335	59,019	6,095,010
05/30/2018	0.022269	0.024383	0.020559	0.021918	17,367	6,190,940
05/29/2018	0.020053	0.022404	0.019332	0.022105	32,460	5,574,090
05/28/2018	0.018798	0.021375	0.018142	0.020115	12,807	5,225,230
05/27/2018	0.020568	0.020582	0.018212	0.018865	4,451	5,714,100
05/26/2018	0.020755	0.021327	0.019289	0.020550	6,862	5,766,060
05/25/2018	0.020999	0.021356	0.019571	0.020848	8,262	5,833,690
05/24/2018	0.020350	0.021488	0.019366	0.020979	11,730	5,653,350
05/23/2018	0.023821	0.025751	0.019332	0.020387	7,621	6,617,380
05/22/2018	0.022279	0.031167	0.021573	0.023817	25,253	6,186,540
05/21/2018	0.025124	0.025157	0.020562	0.022294	19,218	6,976,380
05/20/2018	0.023938	0.025417	0.023779	0.025111	1,574	6,647,090
05/19/2018	0.025184	0.025544	0.022588	0.023919	12,322	6,989,280
05/18/2018	0.024012	0.025526	0.023013	0.025177	7,925	6,659,210
05/17/2018	0.025473	0.026060	0.023825	0.024003	16,400	7,064,570
05/16/2018	0.026486	0.027763	0.024765	0.025443	5,057	7,345,460
05/15/2018	0.027167	0.027994	0.026165	0.026503	4,949	7,534,210
05/14/2018	0.026461	0.028074	0.025077	0.027186	23,643	7,338,490
05/13/2018	0.028354	0.035131	0.026105	0.026519	49,114	7,863,440
05/12/2018	0.028081	0.028598	0.025549	0.028357	12,874	7,787,720
05/11/2018	0.034864	0.034906	0.027338	0.028132	70,274	9,668,810
05/10/2018	0.036714	0.037488	0.032649	0.034841	53,134	10,180,900
05/09/2018	0.033361	0.036707	0.029982	0.036707	21,700	9,248,470
05/08/2018	0.031848	0.033725	0.028425	0.033340	13,480	8,826,680
05/07/2018	0.035908	0.036014	0.031156	0.031840	27,359	9,943,330
05/06/2018	0.036992	0.040638	0.033303	0.035898	44,615	10,222,400
05/05/2018	0.043115	0.046217	0.019836	0.036976	106,725	11,914,400
05/04/2018	0.042226	0.045782	0.039986	0.043137	18,279	11,668,900
05/03/2018	0.040191	0.046487	0.037520	0.042244	20,829	11,173,100
05/02/2018	0.037287	0.041636	0.036989	0.040333	26,809	10,373,600
05/01/2018	0.041764	0.042090	0.034211	0.037305	28,729	11,621,200
04/30/2018	0.042336	0.043917	0.040491	0.041722	27,917	11,805,600
04/29/2018	0.050357	0.051111	0.041259	0.042288	58,052	14,032,000
04/28/2018	0.045423	0.063593	0.045192	0.048676	306,609	12,667,900
04/27/2018	0.044444	0.049564	0.042441	0.044957	31,154	9,805,540
04/26/2018	0.041606	0.045393	0.039477	0.044826	63,267	9,179,400
04/25/2018	0.044916	0.044916	0.037647	0.041200	51,619	9,909,620
04/24/2018	0.033856	0.045044	0.033856	0.044971	157,102	7,469,460
04/23/2018	0.032284	0.034463	0.031213	0.033798	57,765	-
04/22/2018	0.028674	0.032895	0.026768	0.032280	46,095	-
04/21/2018	0.026759	0.028655	0.023779	0.028655	49,678	-
04/20/2018	0.020525	0.036955	0.020518	0.026743	79,470	-
04/19/2018	0.019229	0.021066	0.018983	0.020512	9,575	-
04/18/2018	0.018897	0.019404	0.018881	0.019218	1,859	-
04/17/2018	0.019336	0.020091	0.018838	0.018890	7,728	-
04/16/2018	0.019915	0.020106	0.018881	0.019334	7,374	-
04/15/2018	0.017196	0.020724	0.017196	0.019918	1,084	-
04/14/2018	0.019055	0.019806	0.016195	0.017189	4,153	-
04/13/2018	0.019160	0.019700	0.016895	0.019106	2,900	-
04/12/2018	0.016476	0.019841	0.015739	0.019139	7,777	-
04/11/2018	0.015895	0.016747	0.014770	0.016462	16,657	-
04/10/2018	0.015593	0.015893	0.014762	0.015871	8,648	-
04/09/2018	0.016131	0.016664	0.015280	0.015560	26,921	-
04/08/2018	0.016151	0.016952	0.015827	0.016089	12,226	-
04/07/2018	0.015556	0.016706	0.015556	0.016142	6,235	-
04/06/2018	0.016777	0.016922	0.014959	0.015629	12,543	-
04/05/2018	0.016236	0.017680	0.015208	0.017039	6,256	-
04/04/2018	0.018475	0.018475	0.016108	0.016269	7,257	-
04/03/2018	0.017088	0.018505	0.016967	0.018461	4,940	-
04/02/2018	0.015514	0.018088	0.015259	0.017079	14,513	-
04/01/2018	0.016171	0.016333	0.014548	0.015542	3,286	-
03/31/2018	0.015352	0.017044	0.015352	0.016166	6,691	-
03/30/2018	0.014592	0.015568	0.013808	0.015362	5,558	-
03/29/2018	0.017775	0.017964	0.014555	0.014619	3,291	-
03/28/2018	0.016813	0.018458	0.016668	0.017770	11,129	-
03/27/2018	0.020329	0.020329	0.016917	0.016917	20,001	-
03/26/2018	0.017081	0.021157	0.016968	0.020358	66,291	-
03/25/2018	0.017260	0.017417	0.017000	0.017110	118,105	-
