Date	Open	High	Low	Close	Volume	Market Cap
07/07/2018	0.006599	0.006609	0.006530	0.006557	7	-
07/06/2018	0.006535	0.006622	0.006459	0.006611	7	-
07/05/2018	0.006634	0.006638	0.006470	0.006536	65	-
07/03/2018	0.006576	0.006646	0.006549	0.006578	151	-
07/02/2018	0.006337	0.006648	0.006281	0.006607	152	-
07/01/2018	0.006387	0.006423	0.006333	0.006358	0	-
06/30/2018	0.006393	0.006434	0.006321	0.006386	1	-
06/29/2018	0.005868	0.005923	0.005802	0.005901	490	-
06/28/2018	0.006117	0.006121	0.005832	0.005865	488	-
06/26/2018	0.006248	0.006273	0.006154	0.006191	1	-
06/25/2018	0.006151	0.006316	0.006097	0.006248	1	-
06/24/2018	0.006109	0.006257	0.005777	0.006163	0	-
06/21/2018	0.006751	0.006782	0.006737	0.006765	0	-
06/20/2018	0.006755	0.006790	0.006586	0.006750	0	-
06/19/2018	0.006730	0.006799	0.006695	0.006751	534	-
06/18/2018	0.006477	0.006782	0.006424	0.006734	0	-
06/17/2018	0.006528	0.006577	0.006478	0.006499	9	-
06/16/2018	0.006422	0.006573	0.006363	0.006511	39	-
06/15/2018	0.006649	0.006652	0.006410	0.006446	0	-
06/14/2018	0.006319	0.006686	0.006306	0.006660	1	-
06/13/2018	0.006583	0.006623	0.006203	0.006322	8	-
06/12/2018	0.006888	0.006888	0.006506	0.006566	1,306	-
06/11/2018	0.006775	0.006818	0.006679	0.006762	24	-
06/10/2018	0.007505	0.007505	0.006667	0.006766	173	-
06/09/2018	0.007627	0.007683	0.007496	0.007496	583	-
06/08/2018	0.007683	0.007698	0.007560	0.007630	1,809	-
06/07/2018	0.007657	0.007748	0.007651	0.007677	78	-
06/06/2018	0.007624	0.007689	0.007501	0.007650	3,432	-
06/05/2018	0.007502	0.007640	0.007381	0.007626	312	-
06/04/2018	0.007709	0.007730	0.007471	0.007499	302	-
06/03/2018	0.007635	0.007726	0.007601	0.007705	814	-
06/02/2018	0.015033	0.015326	0.007474	0.007633	8,202	-
06/01/2018	0.007492	0.015178	0.007365	0.015040	19,112	-
05/31/2018	0.007383	0.015119	0.007347	0.007486	16,968	-
05/30/2018	0.007465	0.007550	0.007307	0.007380	333	-
05/29/2018	0.007118	0.007532	0.007079	0.007460	298	-
05/28/2018	0.007345	0.007411	0.007099	0.007121	0	-
05/27/2018	0.007335	0.007378	0.007234	0.007344	8	-
05/26/2018	0.007468	0.007623	0.007292	0.007332	1	-
05/25/2018	0.007488	0.007514	0.007383	0.007478	46	-
05/24/2018	0.007520	0.007721	0.007276	0.007528	0	-
05/23/2018	0.008003	0.008027	0.007471	0.007539	7	-
05/22/2018	0.008408	0.008414	0.007967	0.008012	2	-
05/21/2018	0.008527	0.008579	0.008337	0.008409	0	-
05/20/2018	0.008245	0.008583	0.008192	0.008517	684	-
05/19/2018	0.008239	0.008367	0.008174	0.008239	0	-
05/18/2018	0.008078	0.008270	0.007958	0.008240	1	-
05/17/2018	0.008348	0.008443	0.008025	0.008071	10	-
05/16/2018	0.008486	0.008493	0.008135	0.008343	2	-
05/15/2018	0.008674	0.008819	0.008442	0.008491	2	-
05/14/2018	0.008690	0.008857	0.008327	0.008689	1	-
05/13/2018	0.008468	0.008756	0.008369	0.008692	181	-
05/12/2018	0.008395	0.008634	0.008236	0.008471	5	-
05/11/2018	0.009038	0.009038	0.008364	0.008420	33	-
05/10/2018	0.009280	0.009389	0.009018	0.009027	77	-
05/09/2018	0.009199	0.009348	0.008993	0.009283	11	-
05/08/2018	0.009367	0.009453	0.009072	0.009213	23	-
05/07/2018	0.009315	0.009448	0.009209	0.009347	25	-
05/06/2018	0.009829	0.009921	0.009444	0.009531	29	-
05/05/2018	0.009693	0.009959	0.009677	0.009822	562	-
05/04/2018	0.009748	0.009770	0.009563	0.009697	85	-
05/03/2018	0.009219	0.009798	0.009186	0.009751	23	-
05/02/2018	0.009083	0.009255	0.008987	0.009219	592	-
05/01/2018	0.009241	0.009241	0.008869	0.009097	33	-
04/30/2018	0.009402	0.009439	0.009149	0.009233	56	-
04/29/2018	0.009345	0.009525	0.009199	0.009405	3	-
04/28/2018	0.008916	0.009436	0.008893	0.009349	3	-
04/27/2018	0.009297	0.009371	0.008946	0.008946	20	-
04/26/2018	0.008863	0.009305	0.008647	0.009284	4	-
04/25/2018	0.009698	0.009745	0.008778	0.008790	89	-
04/24/2018	0.008925	0.009764	0.008921	0.009764	1	-
04/23/2018	0.008781	0.008944	0.008774	0.008917	109	-
04/22/2018	0.008928	0.008982	0.008753	0.008799	10	-
04/21/2018	0.008842	0.008972	0.008716	0.008928	15	-
04/20/2018	0.008269	0.008921	0.008235	0.008839	64	-
04/19/2018	0.008164	0.008269	0.008128	0.008263	52	-
04/18/2018	0.007896	0.008210	0.007881	0.008158	35	-
04/17/2018	0.005161	0.008143	0.005127	0.007889	7	-
04/16/2018	0.009512	0.009709	0.005076	0.005161	541	-
04/15/2018	0.007296	0.009890	0.006485	0.009505	52	-
04/14/2018	0.006034	0.007790	0.006000	0.007291	64	-
04/13/2018	0.005053	0.006113	0.004936	0.006034	235	-
04/12/2018	0.004361	0.010437	0.004361	0.005045	789	-
04/11/2018	0.004340	0.006364	0.004276	0.004382	31	-
04/10/2018	0.004017	0.008054	0.003991	0.004331	77	-
04/09/2018	0.004941	0.007914	0.003966	0.003999	11	-
04/08/2018	0.004065	0.008043	0.003962	0.004932	31	-
04/07/2018	0.005714	0.006753	0.004142	0.004154	491	-
04/06/2018	0.003865	0.005840	0.003762	0.005617	145	-
04/05/2018	0.006217	0.006249	0.003801	0.003880	202	-
04/04/2018	0.008233	0.008260	0.006159	0.006215	270	-
04/03/2018	0.011950	0.011950	0.006786	0.008235	1,611	-
04/02/2018	0.007567	0.013456	0.003900	0.011941	1,426	-
04/01/2018	0.006970	0.007727	0.003799	0.007542	410	-
03/31/2018	0.006751	0.007195	0.004040	0.006970	361	-
03/30/2018	0.007575	0.007986	0.004098	0.006750	42	-
03/29/2018	0.004478	0.007796	0.004161	0.007596	442	-
03/28/2018	0.007737	0.007932	0.004452	0.004470	140	-
03/27/2018	0.008032	0.008152	0.005886	0.007739	3,949	-
03/26/2018	0.005700	0.008651	0.005652	0.008044	871	-
03/25/2018	0.008183	0.010383	0.005528	0.005710	112	-
03/24/2018	0.007802	0.009449	0.007738	0.008297	1,074	-
03/23/2018	0.005630	0.010357	0.005348	0.007695	161	-
03/22/2018	0.005605	0.010748	0.005361	0.005631	56	-
03/21/2018	0.006095	0.011542	0.005460	0.005591	3,530	-
03/20/2018	0.008544	0.008544	0.005564	0.006079	43	-
03/19/2018	0.008194	0.008655	0.008137	0.008450	1,643	-
03/18/2018	0.014229	0.015338	0.007330	0.008229	5,287	-
03/17/2018	0.007241	0.014447	0.006408	0.014260	8,233	-
03/16/2018	0.009480	0.014942	0.007224	0.007230	447	-
03/15/2018	0.007014	0.014138	0.006583	0.009488	944	-
03/14/2018	0.008919	0.009521	0.006393	0.007014	390	-
03/13/2018	0.011063	0.011633	0.007541	0.008917	282	-
03/12/2018	0.017730	0.017861	0.007419	0.011085	212	-
03/11/2018	0.016922	0.018461	0.008431	0.017785	878	-
03/10/2018	0.012763	0.017744	0.008213	0.016980	451	-
03/09/2018	0.007430	0.016052	0.006730	0.012759	1,116	-
03/08/2018	0.010798	0.018598	0.007331	0.007453	1,054	-
03/07/2018	0.012151	0.019713	0.008753	0.010814	210	-
03/06/2018	0.012155	0.021059	0.010345	0.012155	625	-
03/05/2018	0.010488	0.022161	0.010353	0.012185	3,101	-
03/04/2018	0.012602	0.021347	0.010321	0.010494	496	-
03/03/2018	0.014475	0.021628	0.010998	0.012618	285	-
03/02/2018	0.011189	0.014625	0.010228	0.014492	399	-
03/01/2018	0.013229	0.019211	0.009300	0.011216	1,433	-
02/28/2018	0.015240	0.018712	0.009288	0.012776	556	-
02/27/2018	0.016859	0.020593	0.008743	0.019410	433	-
02/26/2018	0.008966	0.017665	0.008655	0.016813	2,621	-
02/25/2018	0.009299	0.017802	0.008911	0.008958	1,367	-
02/24/2018	0.009600	0.018124	0.008871	0.009315	234	-
02/23/2018	0.010300	0.019255	0.009370	0.009611	418	-
02/22/2018	0.010489	0.020166	0.009763	0.010310	754	-
02/21/2018	0.013807	0.018273	0.010288	0.010500	6,038	-
02/20/2018	0.018766	0.019381	0.012257	0.013824	935	-
02/19/2018	0.010202	0.021658	0.010132	0.018750	768	-
02/18/2018	0.021518	0.021866	0.010311	0.010316	3,237	-
02/17/2018	0.012182	0.021197	0.010426	0.013919	3,045	-
02/16/2018	0.012835	0.018277	0.011741	0.012182	989	-
02/15/2018	0.010245	0.019649	0.010202	0.012885	2,795	-
02/14/2018	0.014599	0.017904	0.009454	0.010239	685	-
02/13/2018	0.010198	0.017531	0.008526	0.014608	603	-
02/12/2018	0.008523	0.017626	0.008523	0.010181	1,344	-
02/11/2018	0.011919	0.014609	0.007742	0.008471	1,537	-
02/10/2018	0.013062	0.017617	0.008731	0.011930	1,213	-
02/09/2018	0.011845	0.017371	0.008440	0.013064	4,071	-
02/08/2018	0.014620	0.015122	0.007893	0.011826	1,233	-
02/07/2018	0.014113	0.016363	0.007596	0.014674	1,924	-
02/06/2018	0.010138	0.014853	0.005854	0.009675	958	-
02/05/2018	0.012064	0.015611	0.006920	0.010121	1,648	-
02/04/2018	0.018494	0.018494	0.009743	0.012182	405	-
02/03/2018	0.011377	0.018929	0.009899	0.018493	2,216	-
02/02/2018	0.016108	0.017462	0.007793	0.011336	4,331	-
02/01/2018	0.021241	0.021865	0.009036	0.016141	2,009	-
01/31/2018	0.015574	0.021195	0.010942	0.021195	2,008	-
01/30/2018	0.022403	0.022431	0.011925	0.015534	2,229	-
01/29/2018	0.024041	0.024281	0.011312	0.022395	6,544	-
01/28/2018	0.013800	0.024738	0.011839	0.024070	1,684	-
01/27/2018	0.017248	0.025659	0.013483	0.013722	3,588	-
01/26/2018	0.022276	0.023958	0.010818	0.023950	4,046	-
01/25/2018	0.016683	0.024416	0.011449	0.022335	37,181	-
01/24/2018	0.013636	0.025564	0.011796	0.022197	17,255	-
01/23/2018	0.016651	0.028359	0.013300	0.013638	9,909	-
01/22/2018	0.022851	0.026371	0.010622	0.018107	14,244	-
01/21/2018	0.024901	0.027965	0.013138	0.022583	13,127	-
01/20/2018	0.022886	0.029056	0.013614	0.024844	15,867	-
01/19/2018	0.023360	0.034370	0.011948	0.022651	23,263	-
01/18/2018	0.023833	0.035798	0.021371	0.023564	8,274	-
01/17/2018	0.023838	0.033680	0.019373	0.023691	20,452	-
01/16/2018	0.027509	0.039466	0.020841	0.023953	11,060	-
01/15/2018	0.028133	0.041680	0.027468	0.027468	26,546	-
01/14/2018	0.032904	0.042563	0.027531	0.028284	30,859	-
01/13/2018	0.028460	0.043910	0.016936	0.032878	54,985	-
01/12/2018	0.028828	0.041841	0.015163	0.028489	76,781	-
01/11/2018	0.044448	0.044705	0.026174	0.028600	37,684	-
01/10/2018	0.031542	0.044569	0.029091	0.032734	90,481	-
01/09/2018	0.031559	0.046176	0.020906	0.031508	49,668	-
01/08/2018	0.032716	0.046187	0.018379	0.031646	37,409	-
01/07/2018	0.036393	0.046361	0.022269	0.032634	49,179	-
01/06/2018	0.032151	0.048420	0.019532	0.036414	152,311	-
01/05/2018	0.030048	0.032836	0.015704	0.020588	32,551	-
01/04/2018	0.027906	0.030008	0.015476	0.028670	43,692	-
01/03/2018	0.027392	0.029188	0.015773	0.027801	15,847	-
01/02/2018	0.014413	0.029351	0.014413	0.027386	20,877	-
01/01/2018	0.017031	0.026964	0.013220	0.014407	20,275	-
12/31/2017	0.017362	0.026443	0.013660	0.017144	40,468	-
12/30/2017	0.017876	0.027731	0.015089	0.019985	13,132	-
12/29/2017	0.017064	0.029737	0.014888	0.017901	6,422	-
12/28/2017	0.018034	0.030061	0.014213	0.016928	19,189	-
12/27/2017	0.015289	0.030194	0.014993	0.018005	43,233	-
12/26/2017	0.016824	0.025401	0.010468	0.015267	11,577	-
12/25/2017	0.018889	0.029047	0.016823	0.016824	6,140	-
12/24/2017	0.027447	0.027447	0.013191	0.018768	6,134	-
12/23/2017	0.013700	0.029705	0.013648	0.026189	2,717	-
12/22/2017	0.013487	0.028351	0.011274	0.013576	6,062	-
12/21/2017	0.023427	0.028415	0.013198	0.013440	25,398	-
12/20/2017	0.021986	0.029821	0.015606	0.023370	8,726	-
12/19/2017	0.020289	0.030806	0.017904	0.022009	16,011	-
12/18/2017	0.014250	0.035766	0.009137	0.020297	48,576	-
12/17/2017	0.013291	0.014563	0.007775	0.009695	7,814	-
12/16/2017	0.010247	0.013280	0.007735	0.013251	5,628	-
12/15/2017	0.007908	0.012442	0.006862	0.010232	1,707	-
12/14/2017	0.013610	0.013610	0.007933	0.008512	1,375	-
12/13/2017	0.014433	0.014691	0.006933	0.013620	13,304	-
12/12/2017	0.015278	0.015356	0.008723	0.014422	3,283	-
12/11/2017	0.010065	0.014264	0.010012	0.013583	3,177	-
12/10/2017	0.011127	0.013760	0.009507	0.010152	1,768	-
12/09/2017	0.010370	0.015278	0.007725	0.011083	863	-
12/08/2017	0.013333	0.013750	0.006796	0.010374	1,923	-
12/07/2017	0.013675	0.014805	0.008287	0.011200	6,805	-
12/06/2017	0.017588	0.023375	0.011688	0.013701	13,544	-
12/05/2017	0.011070	0.020590	0.010665	0.017626	6,332	-
12/04/2017	0.011495	0.017771	0.007894	0.011043	11,964	-
12/03/2017	0.010736	0.021630	0.010651	0.011250	3,220	-
12/02/2017	0.012283	0.019450	0.008002	0.010726	9,538	-
12/01/2017	0.019671	0.019776	0.010617	0.012294	7,650	-
11/30/2017	0.017146	0.021524	0.012327	0.018970	10,368	-
11/29/2017	0.019167	0.022405	0.012163	0.015379	6,673	-
11/28/2017	0.030486	0.030486	0.013351	0.019182	27,340	-
11/27/2017	0.029637	0.039940	0.020785	0.030429	40,759	-
11/26/2017	0.016998	0.042353	0.016998	0.034649	93,829	-
11/25/2017	0.013942	0.020926	0.011086	0.017004	22,826	-
11/24/2017	0.016005	0.016892	0.011243	0.011747	13,561	-
11/23/2017	0.018815	0.030049	0.009662	0.015938	108,427	-
11/22/2017	0.028152	0.031926	0.017108	0.018820	274,610	-
11/21/2017	0.097319	0.111953	0.025180	0.031720	1,580,350	-
11/20/2017	0.089343	0.111297	0.067696	0.097307	237,051	-
11/19/2017	0.109999	0.129984	0.071419	0.089394	85,260	-
11/18/2017	0.090563	0.138593	0.075514	0.117861	53,632	-
11/17/2017	0.117670	0.261403	0.070172	0.070172	188,914	-
11/16/2017	0.095049	0.118162	0.093395	0.117863	32,828	-
