Date	Open	High	Low	Close	Volume	Market Cap
07/15/2018	0.166053	0.168706	0.162322	0.168104	1,228,390	38,069,000
07/14/2018	0.165333	0.168430	0.161278	0.166853	983,388	37,903,900
07/13/2018	0.164865	0.166616	0.161015	0.165636	1,162,400	37,796,600
07/12/2018	0.178332	0.178616	0.159269	0.162544	1,472,170	40,884,000
07/11/2018	0.175700	0.183408	0.163612	0.178391	2,459,300	40,280,600
07/10/2018	0.174231	0.192925	0.159550	0.176834	3,259,650	39,943,900
07/09/2018	0.175660	0.184636	0.172471	0.174258	1,220,630	40,271,500
07/08/2018	0.182221	0.185378	0.175078	0.175450	1,286,070	41,775,600
07/07/2018	0.184176	0.184176	0.173596	0.182459	1,624,930	42,223,800
07/06/2018	0.168683	0.202993	0.156103	0.184067	5,146,780	38,671,900
07/05/2018	0.174462	0.181150	0.162739	0.169410	1,449,850	39,996,800
07/04/2018	0.166984	0.186364	0.163656	0.174192	2,337,030	38,282,400
07/03/2018	0.168046	0.187780	0.164956	0.165734	2,345,290	38,525,900
07/02/2018	0.154030	0.171868	0.151946	0.168344	1,350,290	35,312,600
07/01/2018	0.152782	0.154125	0.147315	0.153353	1,167,460	35,026,500
06/30/2018	0.143880	0.156413	0.143880	0.152845	1,100,310	32,985,600
06/29/2018	0.141523	0.144738	0.132049	0.143683	1,325,750	32,445,300
06/28/2018	0.152420	0.152808	0.139869	0.141787	1,318,090	34,943,500
06/27/2018	0.149327	0.153604	0.145662	0.152238	1,532,380	34,234,300
06/26/2018	0.155014	0.158228	0.149283	0.150031	1,761,720	35,538,200
06/25/2018	0.148485	0.157054	0.143051	0.155022	1,818,030	34,041,400
06/24/2018	0.156409	0.163399	0.136082	0.148903	2,393,120	35,857,900
06/23/2018	0.158523	0.164203	0.154036	0.156442	1,881,070	36,342,600
06/22/2018	0.185558	0.186093	0.155345	0.159305	2,338,910	42,540,600
06/21/2018	0.188455	0.188957	0.181930	0.184465	2,203,100	43,204,900
06/20/2018	0.196954	0.197097	0.182526	0.188532	2,391,010	45,153,300
06/19/2018	0.192622	0.196676	0.187024	0.196502	2,670,340	44,160,200
06/18/2018	0.185373	0.193800	0.182191	0.191992	2,353,500	42,498,100
06/17/2018	0.190293	0.191882	0.183773	0.186093	2,314,420	43,626,100
06/16/2018	0.192995	0.193495	0.185146	0.189449	2,374,870	44,245,600
06/15/2018	0.210876	0.212605	0.191299	0.192907	2,697,000	48,345,000
06/14/2018	0.182461	0.228388	0.178607	0.211220	5,923,860	41,830,700
06/13/2018	0.205071	0.205071	0.172016	0.182164	3,673,500	47,014,200
06/12/2018	0.232479	0.240074	0.204876	0.204876	3,188,990	53,297,600
06/11/2018	0.232542	0.239459	0.222487	0.232797	3,690,890	53,312,100
06/10/2018	0.290271	0.290271	0.227299	0.231971	3,776,330	66,547,000
06/09/2018	0.301157	0.302283	0.290400	0.290400	2,919,200	69,042,700
06/08/2018	0.314809	0.315446	0.296716	0.301338	4,439,890	72,172,400
06/07/2018	0.300499	0.391907	0.300499	0.315367	18,740,100	68,891,700
06/06/2018	0.306995	0.307789	0.293147	0.300307	4,901,450	70,381,100
06/05/2018	0.313360	0.325175	0.292866	0.305896	7,271,070	71,840,300
06/04/2018	0.322592	0.332516	0.302516	0.311761	8,197,940	73,956,800
06/03/2018	0.300769	0.331756	0.300498	0.323555	5,018,580	68,953,600
06/02/2018	0.291658	0.304182	0.289934	0.301652	2,262,430	66,865,000
06/01/2018	0.292864	0.294294	0.283300	0.291994	1,986,930	67,141,400
05/31/2018	0.281198	0.300252	0.277942	0.292631	2,540,260	64,467,000
05/30/2018	0.290960	0.302569	0.274791	0.284038	2,676,530	66,704,900
05/29/2018	0.280511	0.305959	0.265003	0.290596	3,920,900	64,309,500
05/28/2018	0.301000	0.304940	0.276415	0.280025	3,609,110	69,006,700
05/27/2018	0.312623	0.313386	0.297935	0.299359	2,233,080	71,671,400
05/26/2018	0.327500	0.337996	0.310849	0.312084	3,322,910	75,082,000
05/25/2018	0.326853	0.344810	0.306234	0.327924	10,823,400	74,933,600
05/24/2018	0.296129	0.328678	0.267382	0.325531	4,701,830	67,890,000
05/23/2018	0.340821	0.340821	0.287876	0.297499	3,710,660	78,136,000
05/22/2018	0.377304	0.377563	0.339331	0.340432	2,372,740	86,500,000
05/21/2018	0.390701	0.392620	0.366855	0.377799	2,859,110	89,571,300
05/20/2018	0.371336	0.398931	0.358848	0.390165	2,806,870	85,131,800
05/19/2018	0.379178	0.380466	0.363517	0.370947	2,657,680	86,929,600
05/18/2018	0.373415	0.386262	0.365386	0.380110	3,858,860	85,608,300
05/17/2018	0.408917	0.428871	0.372447	0.374537	9,251,500	93,747,500
05/16/2018	0.432803	0.444650	0.398305	0.409918	7,144,620	99,223,700
05/15/2018	0.431456	0.481942	0.422882	0.436606	28,208,800	98,914,700
05/14/2018	0.424009	0.456100	0.383598	0.432270	21,377,500	97,207,600
05/13/2018	0.387096	0.426679	0.360572	0.424727	12,824,100	88,745,000
05/12/2018	0.395710	0.424436	0.355441	0.386301	12,460,100	90,719,700
05/11/2018	0.470296	0.478669	0.382634	0.397126	19,300,100	107,819,000
05/10/2018	0.523263	0.532142	0.464092	0.464092	27,985,000	119,962,000
05/09/2018	0.525106	0.554128	0.497899	0.526788	48,356,700	120,385,000
05/08/2018	0.487333	0.576665	0.486602	0.522932	89,912,800	111,725,000
05/07/2018	0.539660	0.573613	0.466297	0.488664	51,090,000	123,721,000
05/06/2018	0.594218	0.598198	0.524610	0.533964	47,242,200	136,229,000
05/05/2018	0.590224	0.638034	0.587450	0.594700	63,960,300	135,314,000
05/04/2018	0.589209	0.615782	0.566876	0.592956	49,541,500	135,081,000
05/03/2018	0.621112	0.624562	0.580362	0.592620	60,649,900	142,395,000
05/02/2018	0.585817	0.657264	0.581061	0.619331	64,862,900	134,303,000
05/01/2018	0.540684	0.596939	0.534775	0.586359	57,923,400	123,956,000
04/30/2018	0.520639	0.645259	0.498053	0.544962	89,881,300	119,361,000
04/29/2018	0.457714	0.520124	0.442421	0.516135	52,718,200	104,935,000
04/28/2018	0.397142	0.460279	0.396559	0.457197	37,372,200	91,048,000
04/27/2018	0.386509	0.406570	0.378968	0.398904	19,674,400	88,610,200
04/26/2018	0.353590	0.393637	0.329740	0.385451	18,657,500	81,063,400
04/25/2018	0.437896	0.439913	0.349083	0.349612	18,325,000	100,391,000
04/24/2018	0.393214	0.456983	0.385422	0.441128	22,597,200	90,147,500
04/23/2018	0.362609	0.398664	0.361339	0.394126	26,754,200	83,130,900
04/22/2018	0.348640	0.374388	0.340477	0.362624	25,622,100	79,928,600
04/21/2018	0.392780	0.403851	0.340392	0.341832	19,907,700	90,048,000
04/20/2018	0.378977	0.400812	0.369511	0.394085	19,985,400	86,883,400
04/19/2018	0.358203	0.383312	0.354768	0.378934	21,538,700	82,121,000
04/18/2018	0.336186	0.359601	0.333668	0.358124	21,476,700	77,073,300
04/17/2018	0.344953	0.345224	0.329304	0.333688	18,239,800	79,083,200
04/16/2018	0.365474	0.369963	0.329992	0.343106	16,165,600	83,787,800
04/15/2018	0.341446	0.364074	0.339620	0.364074	17,910,300	78,279,200
04/14/2018	0.319441	0.347009	0.318877	0.341887	15,787,400	73,234,400
04/13/2018	0.329219	0.336766	0.313467	0.319324	14,885,000	75,476,200
04/12/2018	0.310020	0.331337	0.286666	0.329234	15,667,700	71,074,700
04/11/2018	0.310348	0.311940	0.296458	0.311940	15,904,200	71,149,800
04/10/2018	0.287659	0.319286	0.266860	0.319286	11,135,600	65,948,100
04/09/2018	0.293708	0.315701	0.277059	0.288273	9,405,750	67,335,000
04/08/2018	0.277774	0.302417	0.271670	0.292443	10,450,600	63,682,000
04/07/2018	0.267481	0.290702	0.259170	0.279512	7,596,160	61,322,200
04/06/2018	0.277633	0.280949	0.250523	0.265987	8,540,000	63,649,600
04/05/2018	0.263618	0.280035	0.243827	0.278167	18,599,400	60,436,600
04/04/2018	0.265853	0.277846	0.240143	0.266359	14,332,100	60,949,000
04/03/2018	0.228725	0.266854	0.225740	0.266854	10,161,000	52,437,100
04/02/2018	0.221232	0.229660	0.219987	0.228563	9,074,910	50,719,200
04/01/2018	0.233822	0.239957	0.214779	0.220456	7,664,860	53,605,600
03/31/2018	0.241275	0.252649	0.230821	0.233355	8,263,820	55,314,200
03/30/2018	0.240433	0.257693	0.220718	0.241479	9,421,270	55,121,100
03/29/2018	0.295149	0.319550	0.232996	0.240351	10,719,100	67,665,300
03/28/2018	0.288824	0.308725	0.280130	0.294869	10,171,300	66,215,200
03/27/2018	0.322046	0.323351	0.283913	0.290957	9,023,430	73,831,700
03/26/2018	0.359983	0.367305	0.303041	0.322205	11,665,700	82,529,000
03/25/2018	0.379524	0.399536	0.355510	0.359810	11,106,100	87,008,800
03/24/2018	0.397001	0.416938	0.382006	0.383567	9,886,790	91,015,700
03/23/2018	0.413259	0.414312	0.383739	0.392837	7,930,880	94,743,000
03/22/2018	0.448475	0.469209	0.391296	0.414043	8,325,580	102,817,000
03/21/2018	0.438964	0.461452	0.432339	0.448525	19,314,300	100,636,000
03/20/2018	0.434574	0.439569	0.405471	0.439569	7,331,640	99,629,700
03/19/2018	0.442955	0.456605	0.403374	0.431316	10,962,700	101,551,000
03/18/2018	0.457909	0.457909	0.351900	0.442111	8,901,850	104,979,000
03/17/2018	0.516418	0.517194	0.437053	0.459429	11,937,300	118,393,000
03/16/2018	0.568689	0.572956	0.515280	0.515503	18,138,600	130,377,000
03/15/2018	0.532877	0.580867	0.473850	0.568912	13,675,100	122,166,000
03/14/2018	0.605782	0.618086	0.520750	0.531430	8,307,750	138,880,000
03/13/2018	0.631064	0.666000	0.573378	0.609988	13,701,000	144,677,000
03/12/2018	0.612381	0.671308	0.591729	0.635707	11,982,800	140,393,000
03/11/2018	0.602949	0.629713	0.571163	0.612636	10,119,600	138,231,000
03/10/2018	0.640933	0.688178	0.597860	0.606693	8,993,680	146,939,000
03/09/2018	0.713988	0.732326	0.567584	0.642468	9,875,170	163,688,000
03/08/2018	0.602559	0.800100	0.591020	0.723584	36,186,300	138,142,000
03/07/2018	0.641708	0.659895	0.569134	0.603100	11,931,500	147,117,000
03/06/2018	0.706380	0.738049	0.636690	0.639495	15,519,000	69,888,900
03/05/2018	0.639604	0.773351	0.608169	0.715761	15,444,100	63,282,100
03/04/2018	0.617005	0.640800	0.586602	0.640800	11,771,400	61,046,100
03/03/2018	0.651873	0.651873	0.609196	0.619915	17,679,700	64,496,000
03/02/2018	0.605229	0.606992	0.568674	0.606992	14,095,000	59,881,000
03/01/2018	0.569566	0.616441	0.565164	0.604996	22,246,100	56,352,500
02/28/2018	0.646110	0.667790	0.568182	0.569005	18,100,300	63,925,700
02/27/2018	0.710345	0.712902	0.650208	0.650637	16,251,200	70,281,100
02/26/2018	0.683967	0.715385	0.657388	0.708917	9,710,760	67,671,400
02/25/2018	0.714174	0.717327	0.659899	0.683925	18,923,400	70,660,000
02/24/2018	0.766219	0.783979	0.697085	0.716391	14,268,700	75,809,300
02/23/2018	0.820904	0.820904	0.717672	0.769807	20,741,700	81,219,800
02/22/2018	0.892554	0.936327	0.817494	0.821853	21,509,900	88,308,800
02/21/2018	0.883500	1.00	0.823966	0.894366	22,439,500	87,413,000
02/20/2018	0.825099	1.23	0.712474	0.887165	41,319,400	81,634,900
02/19/2018	0.883689	0.937233	0.819897	0.830231	22,316,900	87,431,700
02/18/2018	1.08	1.08	0.858014	0.887146	21,695,800	107,310,000
02/17/2018	1.10	1.17	1.05	1.08	21,778,200	108,745,000
02/16/2018	1.16	1.17	1.05	1.10	22,220,300	115,062,000
02/15/2018	1.26	1.32	1.13	1.16	37,769,600	124,856,000
02/14/2018	1.14	1.56	1.14	1.25	71,211,500	112,979,000
02/13/2018	1.08	1.38	0.960489	1.15	23,702,200	106,478,000
02/12/2018	0.988161	1.11	0.988161	1.08	17,051,600	97,768,100
02/11/2018	1.14	1.14	0.957805	0.982869	16,156,000	112,678,000
02/10/2018	1.17	1.25	1.06	1.12	16,430,200	115,450,000
02/09/2018	1.03	1.17	0.988959	1.17	17,909,700	102,002,000
02/08/2018	1.00	1.17	1.00	1.03	14,646,800	99,250,000
02/07/2018	1.07	1.18	1.01	1.01	13,947,800	105,949,000
02/06/2018	1.41	1.46	0.806579	1.07	20,484,900	139,437,000
02/05/2018	1.20	1.40	0.834234	1.40	20,467,000	118,972,000
02/04/2018	1.35	1.42	1.13	1.21	15,574,300	133,487,000
02/03/2018	1.35	1.50	1.26	1.34	17,691,400	133,927,000
02/02/2018	1.56	1.64	1.04	1.35	21,675,800	154,687,000
02/01/2018	1.97	2.03	1.52	1.56	30,453,700	194,451,000
01/31/2018	2.37	2.51	1.95	1.96	34,701,700	234,522,000
01/30/2018	2.12	2.77	2.09	2.37	18,738,900	209,505,000
01/29/2018	2.58	2.58	1.83	2.11	13,080,200	255,071,000
01/28/2018	2.58	2.76	2.16	2.58	10,871,500	254,850,000
01/27/2018	3.02	3.20	2.55	2.55	13,800,600	299,177,000
01/26/2018	2.98	3.33	2.50	3.02	8,235,690	294,974,000
01/25/2018	3.35	3.48	2.74	2.99	13,398,100	331,219,000
01/24/2018	3.48	3.56	3.27	3.32	24,336,000	344,491,000
01/23/2018	3.36	3.63	3.09	3.48	16,627,300	331,987,000
01/22/2018	2.46	3.80	2.46	3.36	16,599,300	242,960,000
01/21/2018	1.89	2.67	1.84	2.46	14,525,400	187,339,000
01/20/2018	1.63	1.91	1.63	1.89	12,286,500	161,642,000
01/19/2018	1.57	1.71	1.54	1.62	8,227,090	155,767,000
01/18/2018	1.60	1.72	1.55	1.58	11,912,700	158,530,000
01/17/2018	1.55	1.74	1.27	1.59	7,401,500	153,730,000
01/16/2018	1.94	2.03	1.37	1.56	9,758,750	191,965,000
01/15/2018	1.73	2.07	1.71	1.94	10,366,900	170,701,000
01/14/2018	1.84	1.95	1.54	1.74	10,549,400	181,864,000
01/13/2018	2.01	2.27	1.79	1.83	10,567,000	199,229,000
01/12/2018	1.92	2.11	1.85	2.01	8,366,370	189,658,000
01/11/2018	2.21	2.26	1.90	1.90	5,189,330	218,727,000
01/10/2018	2.35	2.61	2.04	2.22	6,472,780	232,379,000
01/09/2018	2.12	2.86	2.08	2.33	10,702,000	209,508,000
01/08/2018	1.60	2.13	1.53	2.12	6,012,950	158,608,000
01/07/2018	1.60	1.69	1.59	1.60	2,199,950	158,159,000
01/06/2018	1.37	1.69	1.35	1.60	2,146,630	135,098,000
01/05/2018	1.22	1.86	1.18	1.36	3,755,230	120,569,000
01/04/2018	1.20	1.36	1.18	1.22	1,963,360	119,080,000
01/03/2018	1.07	1.37	1.06	1.20	2,516,980	105,770,000
01/02/2018	0.927359	1.13	0.862967	1.07	3,032,790	-
01/01/2018	1.01	1.08	0.867918	0.930881	860,856	-
12/31/2017	0.839057	1.14	0.832193	1.00	1,822,440	-
12/30/2017	0.677002	1.60	0.604634	0.845823	2,463,710	-
12/29/2017	0.732754	0.808463	0.635754	0.676760	970,610	-
12/28/2017	0.742602	0.822418	0.644330	0.722908	807,338	-
