Date	Open	High	Low	Close	Volume	Market Cap
07/15/2018	0.033099	0.056906	0.027991	0.052964	1,031	-
07/14/2018	0.043690	0.044360	0.031677	0.033131	92	-
07/13/2018	0.053809	0.056521	0.043374	0.043729	23	-
07/12/2018	0.043818	0.053476	0.041908	0.053476	5	-
07/11/2018	0.049039	0.054817	0.043223	0.043725	154	-
07/10/2018	0.070023	0.070023	0.048994	0.048994	157	-
07/09/2018	0.070478	0.072313	0.054738	0.069783	62	-
07/08/2018	0.058762	0.071761	0.058707	0.070098	15	-
07/07/2018	0.051055	0.066480	0.050239	0.058780	63	-
07/06/2018	0.051682	0.066496	0.050016	0.051292	4	-
07/05/2018	0.051017	0.053171	0.049585	0.051723	66	-
07/04/2018	0.047549	0.052962	0.045696	0.050785	1	-
07/03/2018	0.053949	0.064115	0.047087	0.047523	70	-
07/02/2018	0.047333	0.054289	0.046571	0.053882	2	-
07/01/2018	0.046870	0.047854	0.040668	0.046846	6	-
06/30/2018	0.035868	0.047607	0.035628	0.047278	813	-
06/29/2018	0.033547	0.036348	0.033144	0.035902	0	-
06/28/2018	0.035637	0.043229	0.033143	0.033535	13	-
06/27/2018	0.041705	0.042755	0.034404	0.035763	22	-
06/26/2018	0.046870	0.047024	0.033654	0.041861	2	-
06/25/2018	0.045614	0.046870	0.030940	0.046870	1	-
06/24/2018	0.031843	0.046413	0.028285	0.045529	233	-
06/23/2018	0.032355	0.032702	0.030859	0.032004	1	-
06/22/2018	0.037308	0.046572	0.031863	0.032369	1	-
06/21/2018	0.037634	0.052439	0.036983	0.037037	4	-
06/20/2018	0.051888	0.052047	0.036379	0.037669	2	-
06/19/2018	0.044965	0.052755	0.044077	0.051939	3	-
06/18/2018	0.037022	0.045919	0.036434	0.044999	0	-
06/17/2018	0.037296	0.037797	0.036906	0.037033	3	-
06/16/2018	0.039378	0.040914	0.037034	0.037342	37	-
06/15/2018	0.052262	0.052295	0.039198	0.039359	4	-
06/14/2018	0.039226	0.052428	0.038699	0.052007	1	-
06/13/2018	0.038935	0.039869	0.037371	0.039048	0	-
06/12/2018	0.044353	0.044408	0.038021	0.038508	7	-
06/11/2018	0.034508	0.057450	0.033139	0.044626	5	-
06/10/2018	0.051914	0.066245	0.033685	0.034529	82	-
06/09/2018	0.063842	0.064754	0.052404	0.052404	7	-
06/08/2018	0.065755	0.066437	0.063592	0.063998	10	-
06/07/2018	0.068921	0.070936	0.065278	0.065445	13	-
06/06/2018	0.071464	0.072284	0.067223	0.069013	90	-
06/05/2018	0.068648	0.089095	0.065270	0.071135	37	-
06/04/2018	0.073536	0.086538	0.067950	0.068534	8	-
06/03/2018	0.071848	0.091757	0.071848	0.073445	94	-
06/02/2018	0.080738	0.084429	0.068829	0.071847	162	-
06/01/2018	0.077447	0.080883	0.062447	0.080816	352	-
05/31/2018	0.076652	0.078981	0.062218	0.077346	56	-
05/30/2018	0.060609	0.076572	0.059916	0.076572	696	-
05/29/2018	0.064915	0.070680	0.060449	0.060656	180	-
05/28/2018	0.050423	0.080458	0.050423	0.064865	527	-
05/27/2018	0.059626	0.081911	0.044958	0.050379	411	-
05/26/2018	0.061831	0.080532	0.031958	0.059280	3,303	-
05/25/2018	0.064815	0.066304	0.060950	0.061557	117	-
05/24/2018	0.054246	0.065327	0.052896	0.064903	4,032	-
05/23/2018	0.056164	0.058435	0.045850	0.054061	1,006	-
05/22/2018	0.061580	0.061580	0.045377	0.056154	275	-
05/21/2018	0.066410	0.066519	0.059114	0.061496	154	-
05/20/2018	0.064709	0.067594	0.063607	0.066237	53	-
05/19/2018	0.067756	0.071425	0.048437	0.064639	3,755	-
05/18/2018	0.066021	0.068141	0.056167	0.067819	35	-
05/17/2018	0.057388	0.065811	0.055325	0.065811	28	-
05/16/2018	0.055304	0.069048	0.052366	0.057350	76	-
05/15/2018	0.055826	0.075105	0.054289	0.055492	104	-
05/14/2018	0.071902	0.071902	0.052713	0.055724	704	-
05/13/2018	0.068656	0.072668	0.066705	0.072082	713	-
05/12/2018	0.067358	0.070651	0.060943	0.067774	235	-
05/11/2018	0.074646	0.076830	0.065459	0.067880	93	-
05/10/2018	0.072207	0.086788	0.070513	0.074235	80	-
05/09/2018	0.073079	0.073103	0.064887	0.072040	86	-
05/08/2018	0.087475	0.091220	0.071046	0.073195	15	-
05/07/2018	0.092295	0.092673	0.073786	0.087388	93	-
05/06/2018	0.101467	0.101842	0.072934	0.092319	76	-
05/05/2018	0.104785	0.109678	0.101146	0.101728	1	-
05/04/2018	0.107111	0.108947	0.103062	0.104903	11	-
05/03/2018	0.103808	0.111971	0.064291	0.106955	464	-
05/02/2018	0.128045	0.129410	0.083611	0.103662	67	-
05/01/2018	0.084485	0.133850	0.076744	0.128054	1	-
04/30/2018	0.088154	0.103068	0.082688	0.083933	1,039	-
04/29/2018	0.123638	0.126765	0.083516	0.087897	1,667	-
04/28/2018	0.128021	0.131820	0.094050	0.123629	82	-
04/27/2018	0.101694	0.164826	0.087557	0.128564	7	-
04/26/2018	0.090884	0.255220	0.075443	0.101752	7,211	-
04/25/2018	0.062880	0.099277	0.043952	0.091063	9,139	-
04/24/2018	0.067359	0.072392	0.059696	0.062603	7,638	-
04/23/2018	0.065604	0.068587	0.065293	0.067198	27	-
04/22/2018	0.086137	0.086473	0.064084	0.065299	2	-
04/21/2018	0.090223	0.091840	0.061069	0.085540	1,306	-
04/20/2018	0.080471	0.090284	0.079085	0.089972	73	-
04/19/2018	0.079660	0.080476	0.074427	0.080476	51	-
04/18/2018	0.077716	0.090503	0.077716	0.079716	178	-
04/17/2018	0.083834	0.086926	0.074025	0.077738	65	-
04/16/2018	0.077587	0.083852	0.049245	0.083715	37	-
04/15/2018	0.068922	0.090059	0.068922	0.077328	102	-
04/14/2018	0.075337	0.075337	0.067013	0.069247	8	-
04/13/2018	0.075155	0.086919	0.041329	0.075798	2,054	-
04/12/2018	0.072850	0.075433	0.055088	0.075016	353	-
04/11/2018	0.054174	0.073437	0.053846	0.072724	73	-
04/10/2018	0.064538	0.066911	0.053850	0.054119	1	-
04/09/2018	0.067206	0.068927	0.052970	0.064318	393	-
04/08/2018	0.066487	0.068259	0.065912	0.067178	292	-
04/07/2018	0.064653	0.067932	0.064640	0.066394	288	-
04/06/2018	0.062819	0.065313	0.050464	0.064687	336	-
04/05/2018	0.050206	0.063071	0.049198	0.062714	41	-
04/04/2018	0.059308	0.059308	0.049282	0.050290	182	-
04/03/2018	0.054226	0.059974	0.054226	0.059223	400	-
04/02/2018	0.046810	0.071684	0.046810	0.054215	913	-
04/01/2018	0.041617	0.058557	0.041158	0.046862	433	-
03/31/2018	0.039826	0.059017	0.039815	0.041550	51	-
03/30/2018	0.056941	0.058081	0.039137	0.039945	27	-
03/29/2018	0.070118	0.070701	0.043174	0.056828	144	-
03/28/2018	0.070203	0.073770	0.069214	0.070171	992	-
03/27/2018	0.074377	0.074999	0.068515	0.070183	129	-
03/26/2018	0.054212	0.076947	0.053751	0.074532	1,969	-
03/25/2018	0.063655	0.064979	0.053952	0.054330	13	-
03/24/2018	0.067045	0.068275	0.062539	0.063764	5,211	-
03/23/2018	0.064616	0.066816	0.061584	0.066808	43	-
03/22/2018	0.070298	0.075295	0.061553	0.064720	0	-
03/21/2018	0.050050	0.075061	0.050013	0.070058	58	-
03/20/2018	0.046197	0.052106	0.045608	0.050213	53	-
03/19/2018	0.058969	0.066528	0.043399	0.046227	49	-
03/18/2018	0.043909	0.059998	0.041815	0.058902	24	-
03/17/2018	0.066238	0.067297	0.042370	0.043719	45	-
03/16/2018	0.030418	0.069172	0.029333	0.066733	1	-
03/15/2018	0.032642	0.068291	0.027616	0.030472	2,431	-
03/14/2018	0.037007	0.037660	0.031955	0.032661	0	-
03/13/2018	0.036910	0.038101	0.035870	0.036805	216	-
03/12/2018	0.045835	0.047472	0.035437	0.036838	29	-
03/11/2018	0.042760	0.047058	0.041211	0.045719	4	-
03/10/2018	0.045327	0.047757	0.037454	0.043097	3	-
03/09/2018	0.044647	0.045342	0.034194	0.045297	111	-
03/08/2018	0.043182	0.048826	0.040233	0.044432	8	-
03/07/2018	0.040154	0.052124	0.039253	0.043352	195	-
03/06/2018	0.053489	0.053963	0.040160	0.040233	601	-
03/05/2018	0.055720	0.056491	0.047200	0.053491	205	-
03/04/2018	0.052879	0.055464	0.051195	0.055464	214	-
03/03/2018	0.045991	0.056899	0.045768	0.052795	11	-
03/02/2018	0.058619	0.058982	0.045440	0.045908	256	-
03/01/2018	0.055343	0.061466	0.055148	0.058743	11	-
02/28/2018	0.055067	0.058111	0.053712	0.055128	1	-
02/27/2018	0.039845	0.056059	0.039098	0.055122	62	-
02/26/2018	0.043110	0.055694	0.039434	0.039843	124	-
02/25/2018	0.042884	0.053796	0.041853	0.043027	182	-
02/24/2018	0.045548	0.046758	0.042320	0.042986	11	-
02/23/2018	0.045150	0.047131	0.043329	0.045563	127	-
02/22/2018	0.043700	0.050035	0.041979	0.044963	43	-
02/21/2018	0.052140	0.052252	0.043394	0.043776	66	-
02/20/2018	0.066948	0.067567	0.051619	0.052194	80	-
02/19/2018	0.068141	0.070281	0.065305	0.067026	1	-
02/18/2018	0.069077	0.072152	0.061035	0.068413	756	-
02/17/2018	0.072861	0.076244	0.055714	0.069144	575	-
02/16/2018	0.069211	0.073918	0.056207	0.072838	309	-
11/22/2017	0.004004	0.004144	0.003853	0.003926	211	53,579
11/21/2017	0.003765	0.005989	0.003422	0.003999	215	50,380
11/20/2017	0.005559	0.008592	0.002943	0.002943	101	74,386
11/19/2017	0.007523	0.012197	0.005353	0.005550	427	100,652
11/18/2017	0.008315	0.009355	0.007504	0.007532	5	111,254
11/17/2017	0.009930	0.011386	0.008302	0.008302	12	132,861
11/16/2017	0.010644	0.010918	0.010299	0.010848	2	142,415
11/15/2017	0.009602	0.010757	0.007957	0.010599	40	128,470
11/14/2017	0.009489	0.010011	0.009121	0.009656	24	126,959
11/13/2017	0.009193	0.009586	0.008310	0.009586	35	123,005
11/08/2017	0.007869	0.008524	0.007533	0.008378	82	105,282
11/07/2017	0.007237	0.008024	0.007168	0.007869	77	96,830
11/06/2017	0.007186	0.007370	0.006893	0.007245	37	96,144
11/05/2017	0.006532	0.007374	0.006381	0.007182	13	87,396
11/04/2017	0.007089	0.007556	0.006370	0.006514	455	94,850
11/03/2017	0.007296	0.007424	0.006662	0.007109	31	97,624
11/02/2017	0.005429	0.007593	0.003369	0.007277	463	72,644
11/01/2017	0.006387	0.006588	0.003685	0.005397	749	85,453
10/31/2017	0.005602	0.006911	0.005488	0.006430	25	74,960
10/30/2017	0.005465	0.007243	0.005460	0.005626	19	73,122
10/29/2017	0.005221	0.005581	0.005200	0.005496	7	69,860
10/26/2017	0.006840	0.006888	0.006638	0.006750	34	91,514
10/25/2017	0.006948	0.007035	0.006549	0.006847	19	92,959
10/24/2017	0.007557	0.008121	0.005271	0.006958	19	101,116
10/23/2017	0.006343	0.007877	0.005665	0.007552	85	84,869
10/22/2017	0.010225	0.010395	0.006288	0.006329	133	136,805
10/21/2017	0.008164	0.010534	0.007966	0.010368	52	109,233
10/20/2017	0.009949	0.010070	0.007894	0.008238	9	133,117
10/19/2017	0.010580	0.010648	0.009895	0.009953	10	141,560
10/18/2017	0.010619	0.010999	0.009780	0.010670	3	142,086
10/17/2017	0.010820	0.011625	0.008168	0.010604	10	144,766
10/16/2017	0.007442	0.010820	0.007442	0.010820	36	99,571
10/15/2017	0.008469	0.008639	0.007442	0.007442	124	113,315
10/14/2017	0.011980	0.012598	0.008243	0.008469	88	160,287
10/13/2017	0.010879	0.012158	0.007595	0.011980	105	145,563
10/12/2017	0.010818	0.010909	0.010818	0.010879	0	144,744
10/11/2017	0.008529	0.009183	0.008481	0.008608	21	114,117
10/10/2017	0.007637	0.009176	0.007420	0.008529	21	102,189
10/09/2017	0.010192	0.014117	0.007565	0.007637	210	136,373
10/08/2017	0.010505	0.015199	0.009656	0.010192	185	140,557
10/07/2017	0.015515	0.015612	0.010353	0.010505	57	207,587
10/06/2017	0.012741	0.015726	0.009512	0.015515	16	170,471
10/05/2017	0.011786	0.015058	0.010975	0.012741	76	157,701
10/04/2017	0.012907	0.014008	0.009883	0.011786	590	172,693
10/03/2017	0.013580	0.013746	0.010500	0.012907	322	181,700
10/02/2017	0.016978	0.017684	0.013580	0.013580	619	227,167
10/01/2017	0.019936	0.019936	0.014090	0.016978	21	266,748
09/30/2017	0.018593	0.020006	0.013798	0.019936	131	248,775
09/29/2017	0.009587	0.018783	0.009587	0.018593	83	128,270
09/28/2017	0.010094	0.019374	0.009473	0.009587	67	135,055
09/27/2017	0.009120	0.009600	0.008861	0.009484	10	122,026
09/26/2017	0.012309	0.019307	0.009036	0.009120	49	164,689
09/25/2017	0.025700	0.025700	0.011578	0.012309	53	343,871
09/24/2017	0.025700	0.025700	0.025700	0.025700	15,238	343,871
09/23/2017	0.025700	0.025700	0.025700	0.025700	15,238	343,871
09/22/2017	0.025700	0.025700	0.025700	0.025700	15,238	343,871
09/21/2017	0.026482	0.026482	0.025700	0.025700	15,238	354,325
09/17/2017	0.023364	0.023429	0.021299	0.021299	4,959	-
09/16/2017	0.028624	0.031076	0.021778	0.023323	5,431	-
09/15/2017	0.003184	0.031998	0.002037	0.028395	16,836	-
09/14/2017	0.004565	0.004785	0.003199	0.003199	2,285	-
09/13/2017	0.004786	0.004786	0.004284	0.004565	3,070	-
09/12/2017	0.004769	0.005540	0.004758	0.005225	2,418	-
09/11/2017	0.003718	0.004915	0.003718	0.004785	2,214	-
09/10/2017	0.004689	0.005099	0.003445	0.003724	719	-
09/09/2017	0.004368	0.004830	0.004161	0.004689	234	-
09/08/2017	0.006010	0.006021	0.004284	0.004368	26	-
09/07/2017	0.006725	0.006828	0.005863	0.006019	35	-
09/06/2017	0.004871	0.006681	0.004871	0.006659	6	-
09/05/2017	0.004290	0.005076	0.003571	0.004871	488	-
09/04/2017	0.005880	0.006088	0.004197	0.004290	23	-
09/03/2017	0.005543	0.005880	0.005543	0.005880	662	-
09/02/2017	0.006829	0.007356	0.005802	0.005858	1	-
09/01/2017	0.005925	0.006829	0.005866	0.006829	28	-
08/31/2017	0.006017	0.006178	0.005838	0.005925	3,815	-
08/30/2017	0.005753	0.006128	0.005450	0.006017	2,629	-
08/29/2017	0.005815	0.005866	0.001980	0.005753	765	-
08/28/2017	0.005653	0.006007	0.005377	0.005815	176	-
08/27/2017	0.005617	0.005653	0.005298	0.005653	1,942	-
08/26/2017	0.005465	0.005670	0.003600	0.005617	177	-
08/25/2017	0.004713	0.005474	0.004713	0.005465	1,219	-
08/24/2017	0.005699	0.005699	0.004713	0.004713	417	-
08/23/2017	0.005368	0.006140	0.005321	0.005699	381	-
08/22/2017	0.005165	0.005526	0.004830	0.005368	617	-
08/21/2017	0.005492	0.005492	0.005120	0.005165	437	-
08/20/2017	0.005057	0.005623	0.004516	0.005492	1,432	-
08/19/2017	0.005047	0.005057	0.004921	0.005057	1,761	-
