Date	Open	High	Low	Close	Volume	Market Cap
07/15/2018	0.000436	0.000436	0.000380	0.000396	2,475	-
07/14/2018	0.000382	0.000439	0.000381	0.000436	27,267	-
07/13/2018	0.000435	0.000443	0.000367	0.000382	726	-
07/12/2018	0.000451	0.000451	0.000426	0.000434	26,650	-
07/11/2018	0.000438	0.000452	0.000427	0.000451	28,815	-
07/10/2018	0.000486	0.000491	0.000432	0.000442	30,741	-
07/09/2018	0.000506	0.000508	0.000490	0.000491	30,324	-
07/08/2018	0.000506	0.000512	0.000498	0.000506	28,830	-
07/07/2018	0.000484	0.000506	0.000479	0.000506	28,761	-
07/06/2018	0.000487	0.000493	0.000471	0.000489	25,742	-
07/05/2018	0.000486	0.000496	0.000477	0.000487	27,410	-
07/04/2018	0.000480	0.000500	0.000467	0.000484	27,933	-
07/03/2018	0.000491	0.000501	0.000472	0.000480	31,890	-
07/02/2018	0.000470	0.000500	0.000460	0.000495	29,555	-
07/01/2018	0.000477	0.000478	0.000463	0.000469	28,820	-
06/30/2018	0.000457	0.000482	0.000456	0.000476	27,345	-
06/29/2018	0.000443	0.000463	0.000423	0.000456	27,077	-
06/28/2018	0.000464	0.000465	0.000440	0.000443	25,533	-
06/27/2018	0.000448	0.000466	0.000438	0.000463	28,084	-
06/26/2018	0.000482	0.000484	0.000452	0.000453	27,065	-
06/25/2018	0.000469	0.000494	0.000459	0.000482	30,055	-
06/24/2018	0.000494	0.000495	0.000439	0.000471	28,268	-
06/23/2018	0.000493	0.000506	0.000480	0.000489	28,764	-
06/22/2018	0.000554	0.000554	0.000479	0.000492	30,253	-
06/21/2018	0.000557	0.000566	0.000542	0.000554	38,642	-
06/20/2018	0.000559	0.000561	0.000535	0.000552	35,208	-
06/19/2018	0.000554	0.000579	0.000546	0.000558	35,508	-
06/18/2018	0.000533	0.000558	0.000520	0.000554	34,928	-
06/17/2018	0.000523	0.000539	0.000519	0.000533	33,579	-
06/16/2018	0.000517	0.000537	0.000508	0.000523	34,370	-
06/15/2018	0.000550	0.000553	0.000514	0.000519	29,859	-
06/14/2018	0.000505	0.000556	0.000485	0.000550	31,434	-
06/13/2018	0.000522	0.000524	0.000481	0.000504	29,605	-
06/12/2018	0.000558	0.000562	0.000513	0.000520	29,892	-
06/11/2018	0.000552	0.000561	0.000534	0.000558	32,782	-
06/10/2018	0.000624	0.000624	0.000530	0.000551	32,754	-
06/09/2018	0.000624	0.000638	0.000622	0.000623	36,610	-
06/08/2018	0.000634	0.000638	0.000618	0.000618	36,971	-
06/07/2018	0.000630	0.000643	0.000623	0.000633	36,716	-
06/06/2018	0.000632	0.000635	0.000613	0.000630	37,672	-
06/05/2018	0.000616	0.000643	0.000603	0.000627	37,036	-
06/04/2018	0.000649	0.000656	0.000604	0.000616	36,794	-
06/03/2018	0.000615	0.000657	0.000612	0.000650	37,958	-
06/02/2018	0.000602	0.000623	0.000594	0.000616	36,151	-
06/01/2018	0.000601	0.000618	0.000586	0.000602	35,236	-
05/31/2018	0.000586	0.000609	0.000579	0.000599	36,012	-
05/30/2018	0.000588	0.000607	0.000566	0.000587	34,800	-
05/29/2018	0.000539	0.000595	0.000533	0.000587	34,597	-
05/28/2018	0.000599	0.000603	0.000530	0.000540	31,659	-
05/27/2018	0.000617	0.000621	0.000586	0.000599	35,389	-
05/26/2018	0.000626	0.000643	0.000615	0.000615	37,173	-
05/25/2018	0.000560	0.000659	0.000550	0.000626	40,020	-
05/24/2018	0.000527	0.000562	0.000503	0.000559	38,702	-
05/23/2018	0.000560	0.000570	0.000515	0.000530	38,004	-
05/22/2018	0.000620	0.000623	0.000557	0.000561	30,735	-
05/21/2018	0.000679	0.000680	0.000593	0.000622	42,486	-
05/20/2018	0.000654	0.000693	0.000635	0.000678	44,430	-
05/19/2018	0.000666	0.000673	0.000618	0.000654	42,757	-
05/18/2018	0.000657	0.000667	0.000613	0.000666	47,339	-
05/17/2018	0.000763	0.000771	0.000538	0.000651	32,455	-
05/16/2018	0.000841	0.000843	0.000743	0.000762	35,777	-
05/15/2018	0.000902	0.000926	0.000735	0.000840	49,282	-
05/14/2018	0.000897	0.000934	0.000863	0.000903	45,630	-
05/13/2018	0.000929	0.000982	0.000913	0.000934	11,442	-
05/12/2018	0.000913	0.000943	0.000872	0.000931	38,117	-
05/11/2018	0.001037	0.001038	0.000901	0.000915	44,216	-
05/10/2018	0.001081	0.001099	0.001035	0.001036	44,945	-
05/09/2018	0.001100	0.001102	0.001018	0.001080	47,112	-
05/08/2018	0.001086	0.001127	0.001053	0.001101	47,908	-
05/07/2018	0.001163	0.001168	0.001028	0.001079	45,516	-
05/06/2018	0.001183	0.001200	0.001103	0.001162	50,349	-
05/05/2018	0.001166	0.001202	0.001149	0.001175	51,186	-
05/04/2018	0.001173	0.001226	0.001061	0.001165	50,262	-
05/03/2018	0.001271	0.001274	0.001061	0.001177	50,651	-
05/02/2018	0.001242	0.001293	0.001230	0.001272	44,360	-
05/01/2018	0.001180	0.001262	0.001108	0.001245	45,674	-
04/30/2018	0.001206	0.001213	0.001162	0.001176	43,697	-
04/29/2018	0.001277	0.001319	0.000978	0.001206	54,522	-
04/28/2018	0.001130	0.001290	0.001130	0.001277	88,558	-
04/27/2018	0.001214	0.001279	0.001131	0.001140	50,282	-
04/26/2018	0.001124	0.001216	0.001097	0.001212	25,103	-
04/25/2018	0.001312	0.001316	0.001082	0.001113	36,423	-
04/24/2018	0.001420	0.001455	0.001258	0.001327	98,305	-
04/23/2018	0.001516	0.001598	0.001324	0.001420	42,138	-
04/22/2018	0.001593	0.001655	0.001308	0.001521	108,108	-
04/21/2018	0.001620	0.001637	0.001524	0.001593	120,421	-
04/20/2018	0.001294	0.001631	0.001294	0.001621	115,504	-
04/19/2018	0.001034	0.001301	0.001034	0.001285	60,711	-
04/18/2018	0.000675	0.001071	0.000672	0.001049	120,325	-
04/17/2018	0.000672	0.000679	0.000672	0.000674	75,281	-
