Date	Open	High	Low	Close	Volume	Market Cap
07/15/2018	0.009461	0.009652	0.008832	0.009025	43,178	3,831,610
07/14/2018	0.009097	0.009509	0.009063	0.009469	55,114	3,684,130
07/13/2018	0.009224	0.009373	0.008860	0.009107	76,958	3,735,480
07/12/2018	0.009676	0.009733	0.008812	0.009208	169,101	3,918,730
07/11/2018	0.009286	0.009849	0.009259	0.009749	236,731	3,760,790
07/10/2018	0.009882	0.010165	0.008723	0.009286	220,480	4,001,860
07/09/2018	0.009989	0.010375	0.009716	0.009889	53,952	4,045,190
07/08/2018	0.009731	0.010138	0.009322	0.009988	222,106	3,940,920
07/07/2018	0.008938	0.009832	0.008692	0.009802	211,783	3,619,560
07/06/2018	0.009243	0.009345	0.008334	0.008841	151,896	3,743,080
07/05/2018	0.008977	0.009703	0.008948	0.009232	242,478	3,635,330
07/04/2018	0.009616	0.009636	0.008659	0.008952	208,228	3,894,420
07/03/2018	0.010159	0.010713	0.008804	0.009618	276,709	4,114,160
07/02/2018	0.010067	0.010485	0.009331	0.010168	424,363	4,076,820
07/01/2018	0.009864	0.010545	0.009779	0.010065	205,643	3,994,700
06/30/2018	0.009179	0.010495	0.008841	0.009931	178,972	3,717,340
06/29/2018	0.007857	0.009168	0.007640	0.008903	169,167	3,182,130
06/28/2018	0.008333	0.008694	0.007785	0.007853	124,972	3,374,520
06/27/2018	0.007906	0.008507	0.007476	0.008329	139,844	3,201,980
06/26/2018	0.007768	0.008233	0.007517	0.007787	156,898	3,145,990
06/25/2018	0.008317	0.008384	0.007394	0.007735	140,154	3,368,200
06/24/2018	0.008806	0.008926	0.007425	0.008468	71,708	3,566,390
06/23/2018	0.008577	0.009562	0.008483	0.008809	53,239	3,473,660
06/22/2018	0.010974	0.011368	0.008176	0.008571	111,109	4,444,160
06/21/2018	0.010751	0.011742	0.010319	0.011373	127,383	4,353,950
06/20/2018	0.010833	0.011178	0.010243	0.010805	72,587	4,387,130
06/19/2018	0.010536	0.011230	0.010383	0.011205	45,449	4,267,030
06/18/2018	0.011017	0.011323	0.010336	0.010707	64,728	4,461,810
06/17/2018	0.011103	0.011432	0.010649	0.011203	73,330	4,496,460
06/16/2018	0.011211	0.011509	0.010836	0.011011	65,080	4,540,250
06/15/2018	0.011803	0.012187	0.011149	0.011244	69,896	4,779,770
06/14/2018	0.010706	0.014170	0.010492	0.014170	65,694	4,335,690
06/13/2018	0.011817	0.012157	0.010286	0.010686	53,571	4,785,770
06/12/2018	0.014186	0.014186	0.011647	0.011778	56,496	5,744,920
06/11/2018	0.013373	0.014343	0.012422	0.014055	68,513	5,415,750
06/10/2018	0.016216	0.016216	0.013042	0.013316	28,163	6,566,980
06/09/2018	0.017163	0.017231	0.015734	0.016188	25,613	6,950,510
06/08/2018	0.016762	0.017086	0.016030	0.017086	17,982	6,788,430
06/07/2018	0.016933	0.017809	0.016492	0.016626	11,914	6,857,650
06/06/2018	0.017064	0.018154	0.015849	0.016939	22,561	6,910,510
06/05/2018	0.017105	0.018509	0.015028	0.017073	33,834	6,927,180
06/04/2018	0.020199	0.020331	0.016545	0.016976	38,373	8,180,420
06/03/2018	0.017740	0.020456	0.017649	0.020456	38,342	7,184,550
06/02/2018	0.017029	0.017765	0.015991	0.017583	23,491	6,896,520
06/01/2018	0.016849	0.017053	0.015401	0.017032	31,565	6,823,500
05/31/2018	0.015941	0.017563	0.015689	0.016852	36,367	6,455,760
05/30/2018	0.015954	0.016668	0.015742	0.015947	15,144	6,461,080
05/29/2018	0.015800	0.016749	0.015195	0.016244	22,777	6,398,580
05/28/2018	0.017187	0.017304	0.015513	0.015814	33,230	6,960,290
05/27/2018	0.017469	0.017534	0.016577	0.017183	29,652	7,074,700
05/26/2018	0.017290	0.017955	0.017097	0.017457	16,465	7,002,240
05/25/2018	0.019028	0.019377	0.017090	0.017414	58,137	7,706,000
05/24/2018	0.019127	0.019680	0.017184	0.018995	28,463	7,746,080
05/23/2018	0.021508	0.021978	0.018089	0.019148	88,942	8,710,210
05/22/2018	0.023522	0.023622	0.021304	0.021526	62,275	9,526,010
05/21/2018	0.024576	0.024854	0.023029	0.023589	116,426	9,952,770
05/20/2018	0.024188	0.024981	0.023925	0.024545	73,645	9,795,700
05/19/2018	0.024384	0.024685	0.023565	0.024190	106,183	9,874,960
05/18/2018	0.023845	0.024680	0.023240	0.024406	41,513	9,656,760
05/17/2018	0.024924	0.025443	0.023609	0.023832	57,551	10,093,900
05/16/2018	0.026031	0.026031	0.023659	0.024909	40,602	10,542,100
05/15/2018	0.025727	0.026861	0.024302	0.026040	81,753	10,419,000
05/14/2018	0.025619	0.026388	0.024070	0.025773	90,783	10,375,200
05/13/2018	0.025061	0.026745	0.024162	0.026362	112,019	10,149,400
05/12/2018	0.025414	0.026720	0.024757	0.025091	79,460	10,292,000
05/11/2018	0.028424	0.028909	0.025377	0.025495	82,536	11,511,100
05/10/2018	0.030140	0.030761	0.028377	0.028392	88,327	12,206,200
05/09/2018	0.029467	0.030375	0.028737	0.030142	55,072	11,933,400
05/08/2018	0.031041	0.031606	0.028759	0.029603	48,079	12,571,100
05/07/2018	0.032844	0.033148	0.028838	0.030947	101,248	13,301,200
05/06/2018	0.035269	0.035633	0.031071	0.032823	182,816	14,283,100
05/05/2018	0.031378	0.036339	0.030320	0.035509	216,131	12,707,300
05/04/2018	0.032273	0.033383	0.030906	0.031365	140,398	13,069,900
05/03/2018	0.031169	0.032941	0.030169	0.032294	137,114	12,622,900
05/02/2018	0.031175	0.032859	0.029628	0.031158	152,690	12,625,300
05/01/2018	0.034655	0.034705	0.030993	0.031214	131,076	14,034,600
04/30/2018	0.034652	0.036612	0.033575	0.034104	132,860	14,033,400
04/29/2018	0.038065	0.039340	0.034348	0.034612	147,322	15,415,400
04/28/2018	0.035444	0.039964	0.034912	0.038075	151,171	14,354,100
04/27/2018	0.040648	0.040848	0.035603	0.035603	115,767	16,461,600
04/26/2018	0.036989	0.040934	0.033601	0.040585	133,742	14,979,600
04/25/2018	0.048516	0.048564	0.034817	0.037421	282,346	19,647,900
04/24/2018	0.036551	0.049730	0.036079	0.048592	405,337	14,802,400
04/23/2018	0.032789	0.037665	0.032092	0.036581	183,173	13,279,000
04/22/2018	0.030998	0.034260	0.030387	0.031880	137,940	12,553,600
04/21/2018	0.032282	0.032282	0.029541	0.031309	103,273	13,073,500
04/20/2018	0.029869	0.034123	0.029734	0.032265	182,392	12,096,300
04/19/2018	0.025863	0.029881	0.025658	0.029881	98,866	10,474,200
04/18/2018	0.025105	0.027560	0.024575	0.025824	119,166	10,167,000
04/17/2018	0.025870	0.026054	0.024606	0.025095	67,000	10,476,800
04/16/2018	0.026068	0.027054	0.024725	0.025719	45,801	10,557,200
04/15/2018	0.026366	0.027176	0.025531	0.025853	57,841	10,677,700
04/14/2018	0.025147	0.027843	0.025066	0.026360	65,721	10,184,100
04/13/2018	0.026601	0.027231	0.024995	0.025073	77,685	10,772,800
04/12/2018	0.022882	0.026705	0.022083	0.026574	39,935	9,266,880
04/11/2018	0.023213	0.023383	0.021549	0.022956	28,921	9,400,710
04/10/2018	0.020796	0.023220	0.020579	0.023172	34,782	8,422,220
04/09/2018	0.021275	0.022015	0.019920	0.020780	52,543	8,616,070
04/08/2018	0.020482	0.021717	0.020482	0.021250	19,322	8,295,030
04/07/2018	0.020485	0.021427	0.020272	0.020440	38,283	8,296,040
04/06/2018	0.021219	0.021696	0.019837	0.020473	36,152	8,593,460
04/05/2018	0.020964	0.021531	0.020334	0.021315	35,283	8,490,060
04/04/2018	0.024356	0.024539	0.020505	0.020932	45,246	9,863,830
04/03/2018	0.020872	0.024564	0.020825	0.024239	69,515	8,453,060
04/02/2018	0.020636	0.021909	0.019765	0.020853	74,174	8,357,260
04/01/2018	0.021953	0.022282	0.019412	0.019889	79,546	8,890,680
03/31/2018	0.022651	0.023781	0.021302	0.021784	79,771	9,173,500
03/30/2018	0.023607	0.024632	0.020729	0.022660	46,870	9,560,610
03/29/2018	0.028035	0.028094	0.022731	0.023831	87,435	11,354,000
03/28/2018	0.025603	0.028780	0.024283	0.027994	106,678	10,369,000
03/27/2018	0.027054	0.028230	0.023484	0.026482	145,174	10,956,600
03/26/2018	0.029436	0.030237	0.024214	0.027088	68,481	11,921,400
03/25/2018	0.029267	0.031324	0.027018	0.029470	92,646	11,852,600
03/24/2018	0.033821	0.033842	0.029656	0.029656	57,661	13,697,100
03/23/2018	0.031891	0.033601	0.029319	0.033601	54,031	12,915,800
03/22/2018	0.034942	0.036298	0.031019	0.031894	46,914	14,151,400
03/21/2018	0.035148	0.038114	0.034736	0.034924	107,295	14,235,000
03/20/2018	0.034196	0.036056	0.031566	0.034981	151,598	13,849,200
03/19/2018	0.031350	0.034190	0.029584	0.033932	488,521	12,696,700
03/18/2018	0.032297	0.032297	0.024652	0.031285	312,159	13,080,000
03/17/2018	0.035817	0.037849	0.031302	0.032342	375,608	14,505,700
03/16/2018	0.029356	0.038603	0.028459	0.036110	630,990	11,889,100
03/15/2018	0.032392	0.033028	0.028119	0.029867	581,940	13,118,700
03/14/2018	0.038342	0.039441	0.031668	0.032351	1,084,960	15,528,300
03/13/2018	0.034362	0.044486	0.033818	0.038524	815,382	13,916,300
03/12/2018	0.032921	0.037093	0.031133	0.034420	1,841,510	13,332,900
03/11/2018	0.028068	0.035627	0.027042	0.032992	588,589	11,367,600
03/10/2018	0.028314	0.031456	0.027418	0.028030	953,117	11,467,100
03/09/2018	0.027957	0.028650	0.023142	0.028316	329,734	11,322,400
03/08/2018	0.036295	0.036943	0.027388	0.027714	320,375	14,699,500
03/07/2018	0.037898	0.038638	0.030208	0.036221	442,641	15,348,500
03/06/2018	0.044423	0.044423	0.037965	0.038311	406,941	17,991,200
03/05/2018	0.043321	0.046154	0.041101	0.044447	633,147	17,544,800
03/04/2018	0.043961	0.046777	0.037688	0.043486	602,253	17,804,000
03/03/2018	0.046753	0.048270	0.040040	0.043249	451,185	18,934,900
03/02/2018	0.050749	0.051265	0.046472	0.048049	620,635	20,553,300
03/01/2018	0.045710	0.051740	0.044824	0.050668	627,960	18,512,300
02/28/2018	0.051749	0.052826	0.042157	0.045775	547,543	20,958,500
02/27/2018	0.051604	0.055462	0.050629	0.051882	492,911	20,899,500
02/26/2018	0.049607	0.052629	0.044608	0.051115	607,279	20,091,000
02/25/2018	0.050536	0.050946	0.047441	0.049503	381,008	20,467,200
02/24/2018	0.053926	0.055113	0.046931	0.050677	850,437	21,840,100
02/23/2018	0.051327	0.056477	0.049042	0.053731	1,015,560	20,787,400
02/22/2018	0.053072	0.055663	0.050073	0.051255	842,731	21,494,200
02/21/2018	0.056217	0.059795	0.051127	0.053558	671,786	22,768,000
02/20/2018	0.064446	0.067935	0.055512	0.056614	725,536	26,100,600
02/19/2018	0.064228	0.072492	0.062138	0.064374	786,707	26,012,400
02/18/2018	0.085132	0.087591	0.058673	0.064532	2,206,380	34,478,700
02/17/2018	0.072050	0.127176	0.071404	0.084894	1,400,130	29,180,500
02/16/2018	0.063465	0.072104	0.058930	0.072061	1,567,970	25,703,300
02/15/2018	0.058026	0.064735	0.055797	0.063004	806,734	23,500,500
02/14/2018	0.050708	0.058582	0.049384	0.057928	926,097	20,536,700
02/13/2018	0.050073	0.056528	0.047660	0.050411	589,259	20,279,600
02/12/2018	0.044954	0.050611	0.044571	0.049961	666,053	18,206,200
02/11/2018	0.046824	0.047688	0.042064	0.045494	725,921	18,964,000
02/10/2018	0.047081	0.053602	0.044330	0.046870	1,017,790	19,068,000
02/09/2018	0.045605	0.050126	0.039954	0.047492	685,732	18,470,200
02/08/2018	0.041944	0.048278	0.041767	0.045171	817,340	16,987,400
02/07/2018	0.045789	0.050177	0.038665	0.042571	638,554	18,544,600
02/06/2018	0.036240	0.047357	0.027554	0.045853	711,651	14,677,400
02/05/2018	0.051441	0.053406	0.032765	0.036490	725,190	20,833,700
02/04/2018	0.062521	0.067933	0.049494	0.051962	1,202,840	25,321,000
02/03/2018	0.054697	0.063683	0.053122	0.062656	993,770	22,152,400
02/02/2018	0.063031	0.064240	0.043864	0.055417	1,114,500	25,527,600
02/01/2018	0.065378	0.079202	0.052400	0.062105	1,505,970	26,478,000
01/31/2018	0.070421	0.070714	0.061831	0.065380	1,036,150	28,520,500
01/30/2018	0.083819	0.087325	0.066488	0.070359	751,691	33,946,700
01/29/2018	0.104109	0.105209	0.080190	0.085211	1,269,170	42,164,500
01/28/2018	0.104631	0.112930	0.101136	0.104563	1,338,220	42,375,900
01/27/2018	0.096224	0.105704	0.094235	0.103581	2,431,610	38,970,800
01/26/2018	0.083600	0.096970	0.080246	0.096089	3,241,660	33,858,100
01/25/2018	0.093609	0.098365	0.080485	0.083821	2,465,640	37,911,700
01/24/2018	0.096576	0.099154	0.085137	0.091841	1,675,900	39,113,600
01/23/2018	0.115486	0.117115	0.095417	0.096359	901,328	46,772,200
01/22/2018	0.117063	0.121749	0.092994	0.116089	614,211	47,410,800
01/21/2018	0.137648	0.141723	0.110349	0.115754	757,116	55,747,900
01/20/2018	0.127052	0.149251	0.114799	0.135886	1,104,050	51,456,400
01/19/2018	0.140519	0.145276	0.115845	0.125019	1,012,860	56,910,800
01/18/2018	0.137691	0.172487	0.122507	0.144776	1,428,570	55,765,300
01/17/2018	0.136941	0.147247	0.083835	0.136780	1,329,460	55,461,500
01/16/2018	0.144335	0.153590	0.082331	0.138259	1,887,750	58,456,100
01/15/2018	0.210605	0.221263	0.136092	0.144663	2,133,840	85,295,600
01/14/2018	0.230044	0.247878	0.161580	0.212977	2,916,110	93,168,600
01/13/2018	0.249849	0.259775	0.179034	0.229481	4,158,010	101,190,000
01/12/2018	0.253212	0.300531	0.240890	0.248393	3,409,750	102,552,000
01/11/2018	0.358417	0.388617	0.229790	0.251515	4,859,850	145,160,000
01/10/2018	0.423890	0.423993	0.278436	0.354706	8,252,850	171,677,000
01/09/2018	0.257518	0.431844	0.256782	0.431844	11,157,000	104,295,000
01/08/2018	0.248675	0.271763	0.178119	0.263631	7,207,170	100,714,000
01/07/2018	0.172052	0.266853	0.169276	0.251752	9,563,020	69,681,500
01/06/2018	0.144029	0.197675	0.136972	0.172715	4,928,020	58,332,200
01/05/2018	0.166503	0.181661	0.132504	0.148738	3,939,210	67,434,000
01/04/2018	0.133252	0.208846	0.124801	0.165598	6,669,660	53,967,500
01/03/2018	0.040449	0.139955	0.040111	0.133626	5,928,370	16,382,000
01/02/2018	0.040209	0.047012	0.037061	0.040325	312,402	16,284,900
01/01/2018	0.030985	0.040173	0.028218	0.039616	144,581	12,548,900
12/31/2017	0.029136	0.031665	0.024020	0.030968	192,272	11,800,200
12/30/2017	0.033096	0.037103	0.028123	0.029314	184,940	13,403,800
12/29/2017	0.040222	0.041809	0.033076	0.033132	272,450	16,289,800
12/28/2017	0.038731	0.044621	0.027099	0.039940	394,046	-
12/27/2017	0.054847	0.057723	0.037471	0.038555	805,438	-
12/26/2017	0.020599	0.054523	0.019415	0.054523	1,439,490	-
12/25/2017	0.017424	0.020949	0.012490	0.020923	261,456	-
12/24/2017	0.012961	0.020035	0.012447	0.017269	332,118	-
12/23/2017	0.007589	0.013961	0.007005	0.012828	285,134	-
12/22/2017	0.007719	0.008350	0.005613	0.007520	50,283	-
12/21/2017	0.006495	0.007694	0.005726	0.007685	34,294	-
12/20/2017	0.005698	0.007085	0.005403	0.006529	60,982	-
12/19/2017	0.006352	0.006954	0.005093	0.005704	49,561	-
12/18/2017	0.003969	0.007274	0.003838	0.006367	78,675	-
12/17/2017	0.003363	0.004585	0.003201	0.003972	52,579	-
12/16/2017	0.003538	0.003935	0.002839	0.003352	25,943	-
12/15/2017	0.003818	0.004616	0.003036	0.003530	22,644	-
12/14/2017	0.004374	0.005548	0.003007	0.003821	22,201	-
12/13/2017	0.004214	0.004905	0.002761	0.004376	34,992	-
12/12/2017	0.005173	0.005227	0.003331	0.004211	30,840	-
12/11/2017	0.004634	0.005440	0.004481	0.005205	37,683	-
12/10/2017	0.004360	0.005299	0.004172	0.004655	52,135	-
12/09/2017	0.002702	0.004791	0.002381	0.004407	42,349	-
12/08/2017	0.002494	0.002707	0.002484	0.002702	12,041	-
