Date	Open	High	Low	Close	Volume	Market Cap
07/15/2018	0.018671	0.020785	0.014461	0.020404	47,889	20,102,200
07/14/2018	0.012536	0.018760	0.012474	0.018676	53,329	13,496,900
07/13/2018	0.011050	0.012940	0.010311	0.012571	33,731	11,896,400
07/12/2018	0.010351	0.011123	0.009569	0.011039	32,995	11,144,900
07/11/2018	0.010110	0.010557	0.009449	0.010354	8,934	10,885,400
07/10/2018	0.011393	0.011541	0.007295	0.010110	179,690	12,266,200
07/09/2018	0.011671	0.013690	0.010703	0.011401	46,692	12,565,000
07/08/2018	0.012436	0.012592	0.010781	0.011673	17,157	13,388,900
07/07/2018	0.012407	0.012492	0.010992	0.012450	8,347	13,357,600
07/06/2018	0.012417	0.014259	0.010572	0.012428	50,072	13,369,000
07/05/2018	0.012516	0.012978	0.011268	0.012419	4,064	13,474,800
07/04/2018	0.012936	0.013447	0.012062	0.012489	41,301	13,926,900
07/03/2018	0.013020	0.014547	0.012731	0.012941	46,249	14,018,200
07/02/2018	0.011741	0.015682	0.011394	0.013081	47,494	12,641,100
07/01/2018	0.012647	0.012718	0.011250	0.011740	20,959	13,616,200
06/30/2018	0.012906	0.013449	0.011353	0.012644	48,002	13,895,200
06/29/2018	0.012969	0.014078	0.011055	0.012889	75,702	13,963,300
06/28/2018	0.012636	0.015024	0.012632	0.012961	43,283	13,604,300
06/27/2018	0.013255	0.017106	0.011526	0.012631	111,499	14,271,100
06/26/2018	0.014121	0.019306	0.011668	0.013260	100,549	15,215,500
06/25/2018	0.012793	0.019579	0.011906	0.014683	79,574	13,785,200
06/24/2018	0.013690	0.013712	0.011223	0.012818	43,505	14,751,500
06/23/2018	0.014525	0.014760	0.012639	0.013692	54,749	15,650,800
06/22/2018	0.017189	0.017219	0.013501	0.014523	13,988	18,522,100
06/21/2018	0.016811	0.018412	0.015144	0.017208	35,512	18,114,500
06/20/2018	0.017698	0.017715	0.015245	0.016808	25,480	19,070,200
06/19/2018	0.017902	0.017949	0.016461	0.017687	9,517	19,290,400
06/18/2018	0.016452	0.018035	0.015802	0.017912	26,117	17,727,600
06/17/2018	0.017560	0.018415	0.015797	0.016508	65,798	18,921,600
06/16/2018	0.017725	0.018256	0.016138	0.017514	6,721	19,099,100
06/15/2018	0.018935	0.019547	0.016299	0.017790	35,573	20,402,800
06/14/2018	0.018769	0.018899	0.015467	0.018899	63,189	20,223,800
06/13/2018	0.018959	0.019346	0.015825	0.018777	74,785	20,429,000
06/12/2018	0.018803	0.022461	0.017665	0.018910	45,665	20,260,800
06/11/2018	0.024459	0.024545	0.016843	0.018813	154,058	26,326,000
06/10/2018	0.026794	0.026794	0.023933	0.024424	2,127	28,839,400
06/09/2018	0.027152	0.027353	0.026206	0.026760	5,957	29,225,100
06/08/2018	0.027657	0.027714	0.024642	0.027164	11,934	29,768,200
06/07/2018	0.026645	0.027850	0.024632	0.027636	28,776	28,679,400
06/06/2018	0.027751	0.027804	0.025107	0.026621	40,133	29,869,300
06/05/2018	0.023482	0.027776	0.022403	0.027758	41,081	25,274,600
06/04/2018	0.028600	0.028677	0.023684	0.024896	145,320	30,783,100
06/03/2018	0.028020	0.029946	0.026193	0.028587	51,006	30,158,700
06/02/2018	0.028488	0.029563	0.026233	0.028012	47,422	30,662,500
06/01/2018	0.029592	0.029911	0.026795	0.028500	34,350	31,797,500
05/31/2018	0.030269	0.030269	0.027554	0.029570	13,919	32,525,000
05/30/2018	0.029933	0.030709	0.026859	0.030275	42,924	32,164,000
05/29/2018	0.029043	0.030644	0.025812	0.029913	37,420	31,208,200
05/28/2018	0.029749	0.030460	0.027559	0.029053	7,461	31,966,100
05/27/2018	0.030367	0.030501	0.027735	0.029742	40,817	32,630,600
05/26/2018	0.030245	0.031454	0.028172	0.030354	28,016	32,499,500
05/25/2018	0.031007	0.031246	0.028313	0.030285	29,375	33,318,400
05/24/2018	0.030604	0.031791	0.027403	0.030949	23,436	32,977,400
05/23/2018	0.033134	0.033231	0.027719	0.030682	78,295	35,703,200
05/22/2018	0.034051	0.034810	0.031955	0.033169	56,409	36,691,100
05/21/2018	0.035645	0.035776	0.033653	0.035150	39,428	38,408,200
05/20/2018	0.034631	0.035876	0.033070	0.035600	3,033	37,315,800
05/19/2018	0.033780	0.034984	0.031147	0.034605	77,674	36,398,700
05/18/2018	0.033201	0.033907	0.031388	0.033785	17,884	35,774,900
05/17/2018	0.033393	0.035546	0.031068	0.033172	30,832	35,982,500
05/16/2018	0.035048	0.035419	0.031991	0.033373	24,354	37,765,200
05/15/2018	0.036867	0.037198	0.032773	0.035153	51,505	39,724,800
05/14/2018	0.036065	0.037674	0.032831	0.036930	95,639	38,860,900
05/13/2018	0.037258	0.037821	0.035553	0.036071	602	40,146,700
05/12/2018	0.035511	0.037617	0.033602	0.037271	71,567	38,263,800
05/11/2018	0.037146	0.038861	0.033260	0.034100	59,840	40,026,000
05/10/2018	0.040422	0.040629	0.035855	0.037102	70,572	43,556,100
05/09/2018	0.040384	0.040779	0.037424	0.040433	73,586	43,514,500
05/08/2018	0.039247	0.042219	0.037496	0.040445	167,122	42,436,800
05/07/2018	0.040377	0.040398	0.037520	0.039164	22,294	43,658,900
05/06/2018	0.041477	0.041784	0.038468	0.040349	88,389	44,847,800
05/05/2018	0.040224	0.041899	0.040161	0.041449	19,595	43,493,400
05/04/2018	0.039770	0.040769	0.038685	0.040243	143,114	43,002,500
05/03/2018	0.038260	0.039939	0.037191	0.039786	178,576	41,369,000
05/02/2018	0.037060	0.038684	0.036666	0.038258	68,732	40,071,700
05/01/2018	0.037703	0.037703	0.036373	0.037116	5,120	40,766,600
04/30/2018	0.038640	0.038794	0.036964	0.037670	28,897	41,780,500
04/29/2018	0.038316	0.039054	0.037439	0.038653	48,121	41,430,300
04/28/2018	0.036554	0.038651	0.036437	0.038331	17,661	39,524,700
04/27/2018	0.038025	0.038422	0.036680	0.036680	6,861	41,115,600
04/26/2018	0.036109	0.038057	0.035249	0.037973	25,535	39,043,000
04/25/2018	0.039854	0.039990	0.035763	0.035807	23,574	43,092,700
04/24/2018	0.048115	0.050601	0.036051	0.040060	22,836	52,025,700
04/23/2018	0.036322	0.048100	0.034547	0.048095	14,724	39,274,000
04/22/2018	0.036285	0.099941	0.034863	0.036401	15,566	39,234,200
04/21/2018	0.036508	0.037233	0.034491	0.036285	10,697	39,474,600
04/20/2018	0.034052	0.036834	0.032343	0.036495	21,762	36,819,800
04/19/2018	0.033310	0.034053	0.031883	0.034030	10,854	36,017,600
04/18/2018	0.032532	0.033576	0.031682	0.033286	7,463	35,175,800
04/17/2018	0.033405	0.033718	0.031475	0.032502	5,601	36,120,200
04/16/2018	0.034633	0.034828	0.031828	0.033389	9,788	37,447,500
04/15/2018	0.033205	0.034674	0.031091	0.034647	6,494	35,903,700
04/14/2018	0.032884	0.034159	0.031365	0.033170	49,006	35,556,300
04/13/2018	0.032754	0.034159	0.031479	0.032884	14,030	35,416,300
04/12/2018	0.028687	0.032868	0.027927	0.032713	8,511	31,018,400
04/11/2018	0.025960	0.028756	0.025117	0.028756	117,469	28,069,800
04/10/2018	0.026502	0.026585	0.025647	0.025935	7,425	28,656,100
04/09/2018	0.027529	0.028089	0.025283	0.026481	7,563	29,766,800
04/08/2018	0.026592	0.027879	0.026592	0.027485	4,651	28,753,000
04/07/2018	0.025360	0.027675	0.025322	0.026636	18,631	27,420,600
04/06/2018	0.026643	0.026916	0.025108	0.025329	14,417	28,808,100
04/05/2018	0.026827	0.027207	0.025546	0.026775	7,044	28,985,500
04/04/2018	0.029295	0.029295	0.026367	0.026816	3,928	31,663,400
04/03/2018	0.027905	0.029595	0.027756	0.029315	27,115	30,164,500
04/02/2018	0.026823	0.027910	0.026649	0.027885	24,181	28,994,600
04/01/2018	0.026264	0.027301	0.024509	0.026692	13,144	28,390,000
03/31/2018	0.025640	0.027276	0.025634	0.026264	6,909	27,716,000
03/30/2018	0.026196	0.027162	0.024522	0.025636	10,799	28,316,600
03/29/2018	0.028841	0.029017	0.025458	0.026262	17,291	31,175,800
03/28/2018	0.027992	0.030517	0.026241	0.028804	41,916	30,258,600
03/27/2018	0.032141	0.032246	0.027960	0.027998	67,699	34,743,300
03/26/2018	0.033267	0.033584	0.029573	0.032186	57,605	35,960,900
03/25/2018	0.032665	0.034189	0.031731	0.033295	22,562	35,310,000
03/24/2018	0.034844	0.034873	0.032749	0.033113	13,475	37,664,700
03/23/2018	0.033275	0.034346	0.032007	0.034346	14,531	35,968,900
03/22/2018	0.032825	0.034467	0.032098	0.033277	23,177	35,483,000
03/21/2018	0.033832	0.034653	0.028964	0.032884	41,670	36,571,100
03/20/2018	0.029036	0.033985	0.028586	0.033769	47,424	31,387,100
03/19/2018	0.025365	0.029352	0.023679	0.028718	81,867	27,418,100
03/18/2018	0.022294	0.025554	0.020806	0.025472	133,935	24,099,500
03/17/2018	0.023409	0.023708	0.021765	0.022337	12,836	25,304,300
03/16/2018	0.023463	0.024193	0.022153	0.023371	4,338	25,362,500
03/15/2018	0.022818	0.023874	0.021626	0.023476	12,104	24,666,000
03/14/2018	0.025797	0.026388	0.022699	0.022828	10,365	27,885,700
03/13/2018	0.025458	0.026440	0.024744	0.025794	41,293	27,519,300
03/12/2018	0.024889	0.027066	0.024442	0.025600	64,295	26,904,300
03/11/2018	0.022764	0.025350	0.021964	0.024960	9,974	24,607,200
03/10/2018	0.023057	0.025110	0.022636	0.022843	21,526	24,923,600
03/09/2018	0.023391	0.023664	0.021140	0.023047	13,458	25,284,900
03/08/2018	0.025246	0.025621	0.022324	0.023535	11,275	27,289,800
03/07/2018	0.026800	0.027730	0.023703	0.025282	8,205	28,970,100
03/06/2018	0.029429	0.029429	0.024365	0.026834	32,666	31,811,600
03/05/2018	0.029555	0.030639	0.029005	0.029480	8,644	31,947,800
03/04/2018	0.031027	0.031041	0.027956	0.029570	4,926	33,539,200
03/03/2018	0.027748	0.031478	0.026963	0.031077	16,447	27,420,500
03/02/2018	0.030529	0.031218	0.026560	0.027779	6,974	30,168,200
03/01/2018	0.028850	0.030748	0.026610	0.030608	68,532	28,508,800
02/28/2018	0.028505	0.030486	0.027633	0.028809	28,670	28,168,300
02/27/2018	0.029178	0.030235	0.028382	0.028537	50,738	28,833,600
02/26/2018	0.026767	0.029312	0.026614	0.029094	15,731	26,450,900
02/25/2018	0.027344	0.027832	0.025908	0.026741	3,324	27,020,800
02/24/2018	0.028119	0.028923	0.026159	0.027386	39,444	27,786,200
02/23/2018	0.026970	0.028322	0.026127	0.028149	51,406	26,650,800
02/22/2018	0.029580	0.030854	0.025920	0.027329	31,846	29,230,800
02/21/2018	0.031459	0.032163	0.028573	0.029612	3,914	31,086,700
02/20/2018	0.031842	0.034296	0.031249	0.031498	16,525	31,465,800
02/19/2018	0.029708	0.031975	0.029175	0.031817	9,516	29,357,300
02/18/2018	0.031281	0.031960	0.029012	0.029846	8,355	30,910,800
02/17/2018	0.028835	0.031524	0.028469	0.031186	46,609	28,494,300
02/16/2018	0.028835	0.029296	0.027741	0.028841	27,478	28,493,800
02/15/2018	0.026813	0.029127	0.026509	0.028943	42,114	26,496,400
02/14/2018	0.023913	0.026866	0.023913	0.026799	16,982	23,630,500
02/13/2018	0.024824	0.025026	0.023498	0.023984	60,756	24,522,000
02/12/2018	0.022192	0.025153	0.022192	0.024779	271,502	21,922,100
02/11/2018	0.023341	0.023341	0.021340	0.022057	27,824	23,056,700
02/10/2018	0.023634	0.024714	0.022086	0.023361	59,573	23,346,400
02/09/2018	0.021813	0.023690	0.020750	0.023617	23,005	21,111,800
02/08/2018	0.020324	0.023076	0.020088	0.021748	9,766	19,669,300
02/07/2018	0.021040	0.022672	0.018385	0.020404	54,127	20,365,600
02/06/2018	0.019165	0.021572	0.016392	0.021250	56,230	14,718,600
02/05/2018	0.021742	0.022420	0.018176	0.019138	30,202	16,698,200
02/04/2018	0.024739	0.025662	0.020558	0.021955	24,341	18,999,700
02/03/2018	0.024104	0.026067	0.022296	0.024727	22,844	18,511,600
02/02/2018	0.025230	0.025230	0.021154	0.024017	31,897	19,376,800
02/01/2018	0.028365	0.028782	0.023494	0.025283	64,724	21,784,400
01/31/2018	0.027642	0.028740	0.026519	0.028299	41,130	21,229,300
01/30/2018	0.030887	0.031071	0.027449	0.027598	12,940	23,721,600
01/29/2018	0.032941	0.033299	0.024279	0.030876	19,473	25,299,200
01/28/2018	0.031773	0.033084	0.030189	0.032978	8,667	24,401,600
01/27/2018	0.030151	0.032227	0.029254	0.031606	19,654	23,165,700
01/26/2018	0.031083	0.032466	0.024557	0.030171	22,738	23,882,100
01/25/2018	0.031443	0.032626	0.026211	0.031168	22,586	24,158,600
01/24/2018	0.029812	0.031895	0.028945	0.030945	25,458	22,905,100
01/23/2018	0.030537	0.030865	0.024468	0.029827	54,984	23,462,400
01/22/2018	0.032719	0.033578	0.027978	0.030618	41,262	25,106,200
01/21/2018	0.036180	0.036180	0.031159	0.032287	5,891	27,761,400
01/20/2018	0.033212	0.037759	0.032436	0.036096	49,401	25,484,200
01/19/2018	0.031970	0.034130	0.030181	0.032855	46,009	24,534,600
01/18/2018	0.031502	0.033692	0.029866	0.032307	20,366	24,175,400
01/17/2018	0.032047	0.032921	0.025163	0.030518	50,638	24,593,200
01/16/2018	0.039815	0.040207	0.028549	0.032209	57,481	30,554,400
01/15/2018	0.041892	0.042625	0.033339	0.038708	75,399	32,488,200
01/14/2018	0.043812	0.044050	0.039733	0.042198	49,009	33,977,100
01/13/2018	0.042969	0.046296	0.042232	0.043784	77,510	33,323,300
01/12/2018	0.040216	0.043927	0.038755	0.043018	42,694	31,188,000
01/11/2018	0.045961	0.046137	0.039253	0.039942	77,345	35,643,800
01/10/2018	0.043968	0.047319	0.038489	0.046013	120,371	34,097,400
01/09/2018	0.038091	0.044152	0.037574	0.043911	145,483	29,539,700
01/08/2018	0.040591	0.042055	0.037392	0.038195	93,216	31,478,500
01/07/2018	0.042718	0.042872	0.034100	0.040615	80,209	33,128,200
01/06/2018	0.036552	0.066424	0.033783	0.042750	179,834	28,346,300
01/05/2018	0.030025	0.036822	0.029518	0.036522	31,469	23,284,200
01/04/2018	0.032406	0.032918	0.028354	0.030023	27,874	25,131,100
01/03/2018	0.033799	0.034608	0.029254	0.032231	129,676	26,211,000
01/02/2018	0.030765	0.034768	0.028674	0.033917	36,983	23,858,200
01/01/2018	0.031875	0.031899	0.028431	0.030767	16,208	23,561,300
12/31/2017	0.027708	0.032012	0.027435	0.031753	121,033	20,487,100
12/30/2017	0.032273	0.032284	0.024966	0.027638	132,173	23,862,700
12/29/2017	0.031239	0.033832	0.029235	0.032354	161,982	22,442,300
12/28/2017	0.035387	0.035741	0.029182	0.030919	115,756	25,421,500
12/27/2017	0.033979	0.036570	0.032949	0.035461	116,426	24,409,100
12/26/2017	0.028829	0.035194	0.028829	0.033952	99,217	20,697,800
12/25/2017	0.027045	0.030088	0.023800	0.028857	69,769	19,417,100
12/24/2017	0.028772	0.028994	0.022916	0.026769	44,518	20,512,400
12/23/2017	0.021828	0.030866	0.021741	0.028457	163,098	15,562,100
12/22/2017	0.024676	0.024915	0.017131	0.021628	48,629	17,591,900
12/21/2017	0.026291	0.027468	0.022620	0.024591	96,293	18,743,100
12/20/2017	0.027606	0.027606	0.022828	0.026240	40,088	19,680,500
12/19/2017	0.028673	0.029775	0.023865	0.027633	87,957	20,435,600
12/18/2017	0.030046	0.030046	0.026181	0.028649	25,453	21,413,800
12/17/2017	0.029941	0.031507	0.027258	0.029965	44,911	21,338,700
12/16/2017	0.027685	0.030147	0.023314	0.029933	42,012	19,722,300
12/15/2017	0.028546	0.029677	0.022667	0.027645	18,191	20,328,500
12/14/2017	0.027870	0.030302	0.024573	0.028507	12,755	19,847,300
12/13/2017	0.026532	0.031067	0.023700	0.027948	13,916	18,894,400
12/12/2017	0.029066	0.029867	0.018375	0.026510	13,909	20,698,100
12/11/2017	0.021040	0.034653	0.020948	0.029002	29,317	14,969,300
12/10/2017	0.021353	0.022927	0.018842	0.021192	9,975	15,192,400
12/09/2017	0.024663	0.025021	0.018649	0.021267	18,362	17,547,500
12/08/2017	0.027102	0.031427	0.016751	0.024687	15,042	19,282,300
12/07/2017	0.027475	0.029070	0.021746	0.027040	41,758	19,547,700
12/06/2017	0.027725	0.028341	0.025662	0.027530	17,881	19,725,900
12/05/2017	0.025716	0.028447	0.024816	0.027787	43,963	18,296,300
12/04/2017	0.024496	0.027734	0.023834	0.025717	7,585	17,660,900
12/03/2017	0.026881	0.029593	0.023496	0.026964	74,836	19,381,000
12/02/2017	0.026584	0.028416	0.024151	0.026857	63,864	18,943,400
12/01/2017	0.022038	0.026773	0.021277	0.026604	33,631	15,704,000
11/30/2017	0.021526	0.023414	0.019026	0.022135	29,819	15,338,900
11/29/2017	0.022340	0.026879	0.018921	0.021200	18,420	15,918,600
11/28/2017	0.024929	0.024930	0.021649	0.022347	6,051	17,763,700
11/27/2017	0.022467	0.025233	0.020006	0.024865	12,561	16,009,600
11/26/2017	0.022896	0.023788	0.021050	0.022463	18,464	16,314,800
11/25/2017	0.020762	0.023028	0.019974	0.022903	15,322	14,794,400
11/24/2017	0.020606	0.021355	0.019627	0.020789	561	14,683,400
11/23/2017	0.022390	0.022392	0.019901	0.020635	19,528	15,954,300
11/22/2017	0.021011	0.022551	0.020821	0.022390	755	14,971,900
11/21/2017	0.023600	0.023618	0.020667	0.020960	4,809	16,816,600
11/20/2017	0.021397	0.024834	0.020538	0.023597	9,468	15,246,300
11/19/2017	0.023154	0.023524	0.020765	0.021410	19,403	16,497,900
11/18/2017	0.024044	0.024044	0.021694	0.023201	6,610	17,093,300
11/17/2017	0.026590	0.027175	0.022947	0.024134	3,094	18,903,700
11/16/2017	0.027514	0.028218	0.021739	0.026632	33,242	19,560,400
11/15/2017	0.025719	0.028372	0.020803	0.027396	31,244	18,284,400
11/14/2017	0.020833	0.026191	0.016726	0.025701	68,797	14,811,000
11/13/2017	0.014912	0.021303	0.014912	0.021180	56,605	10,601,200
11/12/2017	0.016539	0.016539	0.014396	0.014890	5,135	11,757,800
11/11/2017	0.015845	0.017774	0.015826	0.016551	2,934	11,264,700
11/10/2017	0.017822	0.018336	0.015500	0.015902	9,351	12,670,000
11/09/2017	0.018669	0.018858	0.015934	0.017769	11,106	13,271,700
11/08/2017	0.014446	0.019607	0.014360	0.018688	19,237	10,278,600
11/07/2017	0.013222	0.014939	0.012777	0.014491	20,517	9,407,900
11/06/2017	0.014047	0.014124	0.012754	0.013243	5,217	9,995,140
11/05/2017	0.013942	0.014462	0.013392	0.014016	1,335	9,920,270
11/04/2017	0.013044	0.014193	0.012745	0.013969	1,395	9,241,930
11/03/2017	0.011869	0.014261	0.011737	0.013078	4,331	8,450,300
11/02/2017	0.012582	0.013453	0.011128	0.011885	10,790	8,958,030
11/01/2017	0.012179	0.012592	0.010878	0.012568	1,974	8,670,780
10/31/2017	0.011153	0.012252	0.010241	0.012188	1,889	7,940,010
10/30/2017	0.011021	0.011830	0.010544	0.011191	11,368	8,413,820
10/29/2017	0.010654	0.011317	0.009753	0.011085	9,137	8,133,660
10/28/2017	0.010201	0.011591	0.009865	0.010668	3,947	7,788,080
10/27/2017	0.010655	0.011558	0.009567	0.010174	3,969	8,134,570
10/26/2017	0.010093	0.011565	0.009688	0.010653	6,245	7,705,060
10/25/2017	0.009712	0.010978	0.009472	0.010094	835	7,414,720
10/24/2017	0.010382	0.011030	0.009645	0.009708	1,234	7,926,110
10/23/2017	0.011600	0.011973	0.009634	0.010405	3,975	8,851,520
10/22/2017	0.011125	0.012319	0.009945	0.011619	4,248	8,489,440
10/21/2017	0.010209	0.012233	0.010138	0.011122	7,211	7,790,020
10/20/2017	0.011067	0.011376	0.009704	0.010230	6,449	8,444,830
10/19/2017	0.011175	0.011353	0.009725	0.011064	7,632	8,526,960
10/18/2017	0.012042	0.012042	0.009421	0.011169	12,986	9,188,600
10/17/2017	0.013118	0.013156	0.009465	0.012041	13,332	10,010,300
10/16/2017	0.014685	0.014760	0.010050	0.013116	3,876	11,205,800
10/15/2017	0.012463	0.015255	0.012389	0.014683	737	9,510,320
10/14/2017	0.013178	0.015108	0.012124	0.012441	39	10,055,600
10/13/2017	0.016866	0.017631	0.012905	0.013174	2,320	12,870,100
10/12/2017	0.014961	0.016814	0.009709	0.016814	4,170	11,416,600
10/11/2017	0.016717	0.016764	0.014923	0.014949	1,005	12,756,500
10/10/2017	0.015842	0.017298	0.015685	0.016720	1,357	12,078,100
10/09/2017	0.016524	0.016822	0.015135	0.015843	6,302	12,597,900
10/08/2017	0.016664	0.017338	0.014614	0.016520	3,221	12,704,200
10/07/2017	0.015790	0.016720	0.015516	0.016708	270	12,037,900
10/06/2017	0.016127	0.016378	0.015551	0.015784	1,300	12,295,400
10/05/2017	0.015113	0.016376	0.014859	0.016127	2,026	11,521,900
10/04/2017	0.015853	0.015953	0.013509	0.015099	3,978	12,086,500
10/03/2017	0.013561	0.015878	0.013191	0.015817	4,827	10,338,700
10/02/2017	0.015291	0.016103	0.013530	0.013560	1,467	11,658,200
10/01/2017	0.015424	0.015494	0.012566	0.015298	1,226	11,759,300
09/30/2017	0.015854	0.016065	0.012463	0.015416	2,511	12,086,800
09/29/2017	0.015600	0.016229	0.011679	0.015852	4,765	11,893,600
09/28/2017	0.011949	0.016840	0.011817	0.015612	6,461	9,106,200
09/27/2017	0.011977	0.014031	0.011068	0.011949	1,026	9,127,250
09/26/2017	0.013373	0.013431	0.010244	0.012010	3,567	10,188,500
09/25/2017	0.012743	0.013498	0.012113	0.013375	2,879	9,708,300
09/24/2017	0.009471	0.013158	0.008588	0.012756	11,795	7,215,660
09/23/2017	0.010209	0.010471	0.004419	0.009472	4,198	7,777,270
09/22/2017	0.012311	0.012786	0.004238	0.010238	5,207	9,377,450
09/21/2017	0.013134	0.013222	0.010021	0.012325	7,138	10,157,600
09/20/2017	0.013979	0.014010	0.012153	0.013199	1,711	10,811,300
09/19/2017	0.013728	0.014496	0.012731	0.013998	1,671	10,754,900
09/18/2017	0.013074	0.015418	0.013074	0.013695	6,868	10,411,700
09/17/2017	0.012113	0.013444	0.006186	0.013100	6,914	9,645,910
09/16/2017	0.015060	0.015756	0.011619	0.012121	4,085	11,992,800
09/15/2017	0.011421	0.015680	0.010851	0.015099	3,235	9,095,150
09/14/2017	0.014849	0.016082	0.011333	0.011333	6,375	11,825,200
09/13/2017	0.016111	0.016577	0.014476	0.014850	1,011	12,830,300
09/12/2017	0.016270	0.017964	0.014359	0.016173	8,186	12,956,300
09/11/2017	0.015727	0.017942	0.015558	0.016254	3,865	12,524,300
09/10/2017	0.017888	0.017888	0.015175	0.015754	5,864	13,151,400
09/09/2017	0.018094	0.018426	0.015728	0.017934	6,155	13,102,100
09/08/2017	0.020646	0.021065	0.016106	0.018059	6,089	14,854,700
09/07/2017	0.021111	0.021261	0.016365	0.020643	37,967	14,022,700
09/06/2017	0.017511	0.022482	0.015078	0.020057	23,757	11,630,000
09/05/2017	0.016842	0.019771	0.013148	0.017315	23,094	11,185,800
09/04/2017	0.023462	0.027360	0.014795	0.016755	32,510	15,582,600
09/03/2017	0.029829	0.030449	0.022632	0.023454	23,903	19,752,800
09/02/2017	0.031873	0.031931	0.023827	0.029807	28,051	21,077,100
09/01/2017	0.033452	0.033719	0.028092	0.033061	20,622	22,121,200
08/31/2017	0.031140	0.036146	0.027734	0.033445	41,144	20,592,900
08/30/2017	0.030045	0.032456	0.027629	0.031195	29,582	19,868,600
08/29/2017	0.029639	0.032122	0.028853	0.030085	28,171	19,600,100
08/28/2017	0.019501	0.045106	0.019332	0.029589	9,139	12,701,000
08/27/2017	0.045175	0.045378	0.019502	0.019522	133	29,411,300
08/26/2017	0.028876	0.045991	0.028327	0.045426	50	18,799,800
08/25/2017	0.026684	0.029526	0.026684	0.028820	30,520	17,397,000
08/24/2017	0.027464	0.027766	0.025668	0.026726	26,999	17,905,900
08/23/2017	0.028926	0.029300	0.026580	0.027452	6,427	18,858,900
08/22/2017	0.025714	0.029386	0.023770	0.028985	2,623	16,765,000
08/21/2017	0.023165	0.025768	0.022741	0.025655	1,777	15,102,700
08/20/2017	0.026572	0.027553	0.023253	0.023253	3,592	17,323,800
08/19/2017	0.020953	0.028618	0.020950	0.026696	33,045	13,661,000
08/18/2017	0.021399	0.025910	0.018981	0.020971	61,495	13,951,600
08/17/2017	0.021549	0.024698	0.019426	0.021465	16,227	14,049,400
08/16/2017	0.026252	0.026528	0.020382	0.021569	5,822	17,115,200
08/15/2017	0.019904	0.026223	0.018780	0.026223	2,036	12,977,100
08/14/2017	0.023478	0.024113	0.018281	0.019851	6,928	15,307,100
08/13/2017	0.027437	0.028793	0.018280	0.023463	28,972	17,888,400
08/12/2017	0.023435	0.028084	0.022431	0.027463	6,748	15,279,100
08/11/2017	0.022548	0.023771	0.017900	0.023453	4,001	14,700,500
08/10/2017	0.023234	0.023316	0.022336	0.022549	4,293	15,147,700
08/09/2017	0.024512	0.024613	0.022810	0.023231	3,188	15,981,300
08/08/2017	0.023438	0.025069	0.022444	0.024529	9,208	15,280,700
08/07/2017	0.025351	0.025599	0.022405	0.023414	6,621	16,536,400
08/06/2017	0.026692	0.027001	0.025255	0.025408	1,009	17,373,100
08/05/2017	0.025634	0.028625	0.023581	0.026685	5,581	16,684,700
08/04/2017	0.025072	0.026370	0.019134	0.025646	6,369	16,318,800
08/03/2017	0.027040	0.027236	0.010949	0.025078	15,887	17,599,600
08/02/2017	0.027648	0.028393	0.026574	0.026992	2,742	17,995,500
08/01/2017	0.029596	0.030166	0.027379	0.027653	891	19,263,500
07/31/2017	0.027817	0.029582	0.027089	0.029582	15	18,112,400
07/30/2017	0.028563	0.028619	0.026131	0.027788	10,441	18,598,300
07/29/2017	0.031668	0.031754	0.027283	0.028567	22,629	20,619,700
07/28/2017	0.030522	0.032385	0.028784	0.031787	31,798	19,873,500
07/27/2017	0.027849	0.030722	0.027741	0.030430	26,676	18,132,800
07/26/2017	0.029853	0.030385	0.026779	0.027770	8,283	19,437,700
07/25/2017	0.031206	0.035632	0.027227	0.029839	5,203	20,458,500
07/24/2017	0.032952	0.036307	0.030736	0.031209	6,908	21,601,300
07/23/2017	0.033075	0.034957	0.027519	0.032990	20,080	21,664,100
07/22/2017	0.034941	0.037955	0.030957	0.033075	32,035	22,274,900
07/21/2017	0.042309	0.042309	0.034292	0.034948	22,941	26,971,700
07/20/2017	0.037617	0.045062	0.034643	0.041997	20,686	23,977,000
07/19/2017	0.039907	0.042712	0.037237	0.037730	396	25,301,200
07/18/2017	0.037856	0.044732	0.035275	0.039843	24,521	24,000,800
07/17/2017	0.036535	0.043980	0.035853	0.037758	23,979	23,167,100
07/16/2017	0.039683	0.041401	0.034903	0.036576	14,359	25,163,100
07/15/2017	0.043878	0.045238	0.038858	0.039803	32,132	27,822,900
07/14/2017	0.045852	0.049623	0.042703	0.043952	40,531	29,074,400
07/13/2017	0.050159	0.050222	0.045485	0.045883	19,009	35,083,100
07/12/2017	0.045332	0.050737	0.043957	0.050122	7,048	31,706,400
07/11/2017	0.047970	0.048322	0.045398	0.045398	5,569	33,551,500
07/10/2017	0.049108	0.052294	0.047051	0.048030	27,176	34,347,500
07/09/2017	0.050613	0.053816	0.049037	0.049037	56,574	35,400,600
07/08/2017	0.050032	0.055911	0.047434	0.050569	89,175	34,994,200
07/07/2017	0.053229	0.053391	0.049502	0.049991	33,318	37,230,100
07/06/2017	0.051959	0.053339	0.051543	0.053191	12,662	36,342,000
07/05/2017	0.047215	0.053553	0.046644	0.051934	35,141	-
07/04/2017	0.046698	0.059932	0.046428	0.047240	56,096	-
07/03/2017	0.049790	0.056947	0.044582	0.046804	41,716	-
07/02/2017	0.054447	0.056864	0.046016	0.049974	89,684	-
07/01/2017	0.056244	0.059417	0.048953	0.054453	44,692	-
06/30/2017	0.058416	0.060847	0.037568	0.056265	58,310	-
06/29/2017	0.063456	0.063664	0.058300	0.058300	59,836	-
06/28/2017	0.062449	0.063886	0.058959	0.063515	94,539	-
06/27/2017	0.058215	0.062093	0.053541	0.062093	144,783	-
06/26/2017	0.042493	0.059075	0.041602	0.056873	90,860	-
06/25/2017	0.037012	0.042986	0.031650	0.040891	59,640	-
06/24/2017	0.029529	0.040676	0.025005	0.037097	43,612	-
06/23/2017	0.014820	0.041514	0.014820	0.029532	39,528	-
06/22/2017	0.016694	0.016800	0.014820	0.014820	6,685	-
06/21/2017	0.012740	0.016694	0.011740	0.016694	3,212	-
06/20/2017	0.012649	0.013489	0.011266	0.012740	5,220	-
06/19/2017	0.010691	0.014988	0.010691	0.012649	9,601	-
06/18/2017	0.014017	0.014020	0.010517	0.010691	219	-
06/17/2017	0.011266	0.014017	0.010391	0.014017	1,173	-
06/16/2017	0.014472	0.017080	0.011266	0.011266	1,366	-
06/15/2017	0.012862	0.018058	0.011473	0.014483	2,694	-
06/14/2017	0.012788	0.015323	0.012306	0.012863	727	-
06/13/2017	0.013574	0.017694	0.012553	0.012795	2,731	-
06/12/2017	0.013147	0.015116	0.010088	0.013620	651	-
06/11/2017	0.015295	0.015306	0.012710	0.013165	7	-
06/10/2017	0.015662	0.015909	0.014311	0.015304	869	-
06/09/2017	0.018860	0.018902	0.014903	0.015638	1,120	-
06/08/2017	0.015780	0.020735	0.015136	0.018890	1,463	-
06/07/2017	0.017028	0.019648	0.013629	0.015701	1,169	-
06/06/2017	0.014829	0.019059	0.013555	0.017024	955	-
06/05/2017	0.012634	0.019509	0.012634	0.014786	2,024	-
06/04/2017	0.019630	0.019630	0.012627	0.012632	638	-
06/03/2017	0.018523	0.019770	0.012155	0.019683	458	-
06/02/2017	0.017843	0.020421	0.016410	0.018526	143	-
06/01/2017	0.013645	0.018764	0.012165	0.017836	697	-
05/31/2017	0.012968	0.018030	0.011244	0.013633	90	-
05/30/2017	0.017180	0.017180	0.012767	0.012917	127	-
05/29/2017	0.017958	0.018135	0.014996	0.017160	174	-
05/28/2017	0.013643	0.019272	0.008709	0.017994	366	-
05/27/2017	0.032199	0.032199	0.013227	0.013562	129	-
05/26/2017	0.017878	0.032868	0.015680	0.032106	148	-
05/25/2017	0.020089	0.022703	0.017678	0.017956	220	-
05/24/2017	0.018659	0.020511	0.018659	0.020127	145	-
05/23/2017	0.017970	0.020296	0.013964	0.018637	143	-
05/22/2017	0.019554	0.021358	0.013790	0.017996	156	-
05/21/2017	0.018266	0.026069	0.017969	0.019488	460	-
05/20/2017	0.027809	0.028182	0.015814	0.018232	77	-
05/19/2017	0.018277	0.028061	0.013782	0.027891	346	-
05/18/2017	0.015097	0.018299	0.009784	0.018267	160	-
05/17/2017	0.017337	0.025537	0.010074	0.015105	60	-
05/16/2017	0.017265	0.017358	0.008896	0.017341	229	-
05/15/2017	0.009599	0.019632	0.009599	0.017291	4	-
05/14/2017	0.017437	0.020997	0.009429	0.009594	48	-
05/13/2017	0.020307	0.020483	0.016724	0.017381	6	-
05/12/2017	0.016600	0.021820	0.013437	0.020349	278	-
05/11/2017	0.019891	0.022218	0.016345	0.016584	58	-
05/10/2017	0.020372	0.020764	0.016237	0.019855	328	-
05/09/2017	0.017239	0.022516	0.017164	0.020359	197	-
05/08/2017	0.016193	0.026490	0.016193	0.017233	25	-
05/07/2017	0.016768	0.026112	0.014194	0.016191	314	-
05/06/2017	0.014858	0.018156	0.014785	0.016761	84	-
05/05/2017	0.016102	0.017485	0.014805	0.014845	299	-
05/04/2017	0.015533	0.016765	0.015533	0.016069	94	-
05/03/2017	0.016252	0.017812	0.015487	0.015527	46	-
05/02/2017	0.015034	0.018451	0.015006	0.016241	236	-
05/01/2017	0.015966	0.021447	0.014787	0.015041	291	-
04/30/2017	0.018126	0.018131	0.015773	0.015961	244	-
04/29/2017	0.017629	0.021941	0.017179	0.018125	277	-
04/28/2017	0.018422	0.023760	0.015794	0.017611	260	-
04/27/2017	0.022622	0.022834	0.015837	0.018422	489	-
04/26/2017	0.018587	0.028958	0.016290	0.022608	2,853	-
04/25/2017	0.015005	0.034421	0.015000	0.018580	3,138	-
04/24/2017	0.014516	0.015011	0.014516	0.015002	29	-
04/23/2017	0.014783	0.014786	0.011819	0.014486	72	-
04/22/2017	0.014672	0.014827	0.014502	0.014781	7	-
04/21/2017	0.014154	0.014785	0.013016	0.014665	25	-
04/20/2017	0.012026	0.014877	0.011901	0.014150	12	-
04/19/2017	0.012279	0.014562	0.011543	0.012019	216	-
04/18/2017	0.012141	0.012334	0.012141	0.012274	124	-
04/17/2017	0.013607	0.013610	0.011026	0.012142	37	-
04/16/2017	0.013485	0.013653	0.011271	0.013604	90	-
04/15/2017	0.013404	0.013609	0.011477	0.013484	30	-
04/14/2017	0.013340	0.013562	0.011763	0.013407	35	-
04/13/2017	0.008599	0.013328	0.008599	0.013328	168	-
04/12/2017	0.011737	0.012968	0.008574	0.008595	366	-
04/11/2017	0.011527	0.011893	0.010090	0.011739	314	-
04/10/2017	0.011532	0.011565	0.011476	0.011524	74	-
04/09/2017	0.010730	0.010769	0.010687	0.010769	28	-
04/08/2017	0.011492	0.011613	0.010656	0.010725	28	-
04/07/2017	0.010767	0.011628	0.010642	0.011534	8	-
04/06/2017	0.010358	0.011526	0.010358	0.010797	218	-
04/05/2017	0.010423	0.010443	0.010245	0.010348	16	-
04/04/2017	0.010630	0.012689	0.010382	0.010415	95	-
04/03/2017	0.009552	0.012852	0.009552	0.010615	194	-
04/02/2017	0.042396	0.042415	0.009340	0.009545	41	-
04/01/2017	0.008938	0.042622	0.008929	0.042398	63	-
03/31/2017	0.010164	0.010324	0.007248	0.008939	32	-
03/30/2017	0.010059	0.010162	0.007365	0.010162	202	-
