Date	Open	High	Low	Close	Volume	Market Cap
07/15/2018	0.113844	0.120182	0.113062	0.116558	553,345	40,938,300
07/14/2018	0.115288	0.115803	0.109624	0.113928	594,407	41,457,600
07/13/2018	0.115112	0.119960	0.114969	0.115543	516,504	41,394,300
07/12/2018	0.130206	0.131245	0.112969	0.114955	695,918	46,822,100
07/11/2018	0.121353	0.131674	0.120030	0.130097	845,497	43,638,500
07/10/2018	0.141719	0.142239	0.121304	0.121345	819,788	50,962,200
07/09/2018	0.152757	0.153080	0.141423	0.142008	790,996	54,931,400
07/08/2018	0.154951	0.161597	0.152785	0.152785	820,656	55,720,400
07/07/2018	0.152147	0.178835	0.141743	0.155109	19,227,000	54,712,100
07/06/2018	0.151217	0.168756	0.139813	0.152328	2,677,930	54,377,600
07/05/2018	0.160116	0.162135	0.147859	0.151072	799,883	57,577,700
07/04/2018	0.158921	0.165510	0.152497	0.159697	797,896	57,148,000
07/03/2018	0.170827	0.175772	0.157533	0.158899	898,816	61,429,400
07/02/2018	0.160818	0.171905	0.159657	0.171083	943,061	57,830,200
07/01/2018	0.168633	0.171150	0.155098	0.160789	830,793	60,640,400
06/30/2018	0.151305	0.172207	0.151305	0.168836	1,260,320	54,409,300
06/29/2018	0.148429	0.158057	0.142236	0.150697	1,233,450	53,375,100
06/28/2018	0.171902	0.172473	0.147012	0.148129	1,170,820	61,815,800
06/27/2018	0.170670	0.173930	0.163327	0.171604	945,420	61,373,000
06/26/2018	0.183156	0.183271	0.171416	0.172260	901,211	65,862,700
06/25/2018	0.166735	0.183999	0.165062	0.182994	1,339,040	59,957,900
06/24/2018	0.181963	0.182250	0.152078	0.166768	1,377,910	65,433,900
06/23/2018	0.158637	0.183594	0.158072	0.182080	1,596,330	57,045,800
06/22/2018	0.179264	0.192531	0.152011	0.158744	1,401,480	64,463,500
06/21/2018	0.175155	0.177678	0.167230	0.177678	844,325	62,985,900
06/20/2018	0.191606	0.191962	0.171127	0.175366	1,151,200	68,901,600
06/19/2018	0.182172	0.200358	0.180777	0.191495	2,914,280	65,509,100
06/18/2018	0.159679	0.187305	0.153640	0.183252	2,400,470	57,420,700
06/17/2018	0.136452	0.178273	0.135805	0.159344	2,450,080	49,068,200
06/16/2018	0.139936	0.140943	0.133433	0.136170	706,184	50,321,000
06/15/2018	0.142589	0.145675	0.138869	0.140465	710,178	51,275,100
06/14/2018	0.122860	0.144836	0.122353	0.142740	789,955	44,180,500
06/13/2018	0.128761	0.129137	0.119262	0.122900	699,505	46,302,500
06/12/2018	0.150474	0.150642	0.126992	0.128023	1,226,910	54,110,500
06/11/2018	0.151612	0.153247	0.145743	0.150442	814,768	54,519,800
06/10/2018	0.174568	0.174568	0.143218	0.151836	1,052,790	62,774,600
06/09/2018	0.181782	0.182124	0.174484	0.174484	810,105	65,368,700
06/08/2018	0.189138	0.189534	0.174810	0.178195	906,997	68,013,900
06/07/2018	0.195209	0.198176	0.187992	0.189101	1,051,220	70,197,200
06/06/2018	0.198792	0.200234	0.190268	0.195158	868,160	71,485,700
06/05/2018	0.194132	0.200476	0.184310	0.200236	995,428	69,809,900
06/04/2018	0.205451	0.206829	0.189404	0.193991	922,226	73,880,100
06/03/2018	0.199398	0.212636	0.199398	0.205653	1,082,260	71,703,400
06/02/2018	0.195104	0.203972	0.193353	0.199833	1,010,770	70,159,400
06/01/2018	0.205490	0.208460	0.193795	0.195596	1,084,210	73,894,100
05/31/2018	0.200796	0.210169	0.199040	0.205066	1,110,320	72,206,300
05/30/2018	0.207640	0.211800	0.197007	0.201210	1,524,300	74,667,300
05/29/2018	0.182127	0.209095	0.180473	0.207511	1,221,650	65,493,000
05/28/2018	0.216261	0.217582	0.181025	0.181735	1,505,310	77,767,300
05/27/2018	0.216667	0.216682	0.212532	0.216143	917,104	77,913,300
05/26/2018	0.228011	0.233367	0.216468	0.216663	778,345	81,992,800
05/25/2018	0.232350	0.241320	0.224998	0.227419	1,171,770	83,553,200
05/24/2018	0.217707	0.239550	0.201902	0.232157	1,354,010	78,287,600
05/23/2018	0.243713	0.250981	0.212452	0.217604	2,827,710	87,639,100
05/22/2018	0.282683	0.293600	0.242691	0.247322	3,286,550	101,653,000
05/21/2018	0.281029	0.284285	0.269485	0.282198	2,080,940	101,058,000
05/20/2018	0.271177	0.283091	0.266145	0.280453	1,696,720	97,515,400
05/19/2018	0.270847	0.274673	0.261439	0.271033	1,738,460	97,396,700
05/18/2018	0.268101	0.274032	0.256984	0.270413	2,388,770	96,409,000
05/17/2018	0.280234	0.306874	0.267881	0.267899	4,099,530	100,772,000
05/16/2018	0.342961	0.343939	0.274363	0.280077	7,803,730	123,329,000
05/15/2018	0.384920	0.401974	0.337619	0.342829	7,486,210	138,417,000
05/14/2018	0.378657	0.432023	0.344990	0.386863	11,936,800	136,165,000
05/13/2018	0.340178	0.379829	0.323089	0.377719	4,763,840	122,328,000
05/12/2018	0.339238	0.370383	0.326538	0.338433	6,429,760	121,990,000
05/11/2018	0.317711	0.363510	0.299249	0.338758	9,555,310	114,249,000
05/10/2018	0.313269	0.372544	0.307597	0.319525	11,241,800	112,652,000
05/09/2018	0.279321	0.318823	0.257103	0.312452	6,096,220	100,444,000
05/08/2018	0.262575	0.275006	0.252167	0.273843	2,202,330	94,421,800
05/07/2018	0.273795	0.274320	0.254222	0.261681	2,110,050	98,456,500
05/06/2018	0.279499	0.281052	0.260936	0.273187	1,647,510	100,508,000
05/05/2018	0.279254	0.288621	0.276424	0.279673	1,831,210	100,420,000
05/04/2018	0.287512	0.287832	0.268962	0.280508	2,439,040	103,389,000
05/03/2018	0.287527	0.299389	0.279866	0.289260	3,945,290	103,395,000
05/02/2018	0.261606	0.294521	0.256597	0.286883	4,739,360	94,073,400
05/01/2018	0.256800	0.263605	0.233812	0.263605	3,332,960	92,345,200
04/30/2018	0.250645	0.261947	0.241266	0.257667	2,760,220	90,132,000
04/29/2018	0.246036	0.251812	0.239046	0.250655	2,350,630	88,474,700
04/28/2018	0.232010	0.247229	0.231453	0.245800	1,753,090	83,430,800
04/27/2018	0.235379	0.258764	0.225312	0.233436	5,594,380	84,642,200
04/26/2018	0.192669	0.239108	0.189139	0.235961	3,854,340	69,283,600
04/25/2018	0.231538	0.233727	0.190635	0.191494	2,334,050	83,261,200
04/24/2018	0.209854	0.234353	0.209466	0.232562	2,593,560	75,463,700
04/23/2018	0.202960	0.210411	0.201996	0.210038	1,562,610	72,984,300
04/22/2018	0.206625	0.209968	0.200671	0.203747	1,766,380	74,302,500
04/21/2018	0.218367	0.223951	0.185485	0.206001	2,691,040	78,524,800
04/20/2018	0.199464	0.219999	0.188440	0.217097	3,495,920	71,727,200
04/19/2018	0.176215	0.201638	0.174023	0.199755	2,576,360	63,366,900
04/18/2018	0.158195	0.177113	0.156863	0.177113	1,456,100	56,886,900
04/17/2018	0.160340	0.165381	0.157897	0.158490	1,313,620	57,658,100
04/16/2018	0.166469	0.167031	0.152381	0.160297	1,443,730	59,862,400
04/15/2018	0.162630	0.185735	0.154499	0.166718	7,119,350	58,481,600
04/14/2018	0.137333	0.201322	0.136771	0.162933	8,387,100	49,384,800
04/13/2018	0.131460	0.142960	0.129377	0.136799	1,146,270	47,272,900
04/12/2018	0.115780	0.132041	0.112031	0.131677	1,100,290	41,634,500
04/11/2018	0.110437	0.115886	0.110437	0.115886	957,854	39,713,100
04/10/2018	0.109387	0.111954	0.104614	0.110597	1,201,400	39,335,700
04/09/2018	0.112710	0.117887	0.107571	0.109383	869,696	40,530,700
04/08/2018	0.111236	0.114868	0.111034	0.112537	715,784	40,000,500
04/07/2018	0.115060	0.122322	0.109031	0.111163	3,188,740	41,375,600
04/06/2018	0.097974	0.119163	0.093033	0.112763	7,262,450	35,231,300
04/05/2018	0.098248	0.098935	0.093878	0.098313	734,957	35,330,100
04/04/2018	0.109928	0.115841	0.097416	0.098293	2,098,130	39,529,900
04/03/2018	0.102791	0.111881	0.101053	0.109922	732,375	36,963,600
04/02/2018	0.099177	0.105748	0.098084	0.101514	666,786	35,664,200
04/01/2018	0.104710	0.106418	0.094638	0.098418	675,096	37,653,600
03/31/2018	0.102462	0.107634	0.102462	0.104551	472,994	36,845,400
03/30/2018	0.105509	0.111338	0.095790	0.102409	537,073	37,941,000
03/29/2018	0.123317	0.124183	0.101904	0.106346	670,494	44,345,000
03/28/2018	0.124380	0.128190	0.122458	0.123166	727,330	44,727,000
03/27/2018	0.128065	0.129743	0.120450	0.124249	668,246	46,052,200
03/26/2018	0.138090	0.141616	0.120840	0.128693	1,263,580	49,657,300
03/25/2018	0.134620	0.141573	0.130709	0.139292	837,598	48,409,200
03/24/2018	0.133529	0.151620	0.132876	0.136324	1,805,390	48,016,900
03/23/2018	0.131927	0.132709	0.122270	0.131951	813,526	47,441,000
03/22/2018	0.134884	0.139019	0.128335	0.132021	862,154	48,504,200
03/21/2018	0.138711	0.144035	0.132371	0.134717	622,139	49,880,600
03/20/2018	0.130548	0.143586	0.125316	0.139170	760,483	46,945,000
03/19/2018	0.122209	0.131350	0.119992	0.129117	523,801	43,946,400
03/18/2018	0.120344	0.122481	0.100267	0.122403	763,311	43,275,600
03/17/2018	0.141492	0.144606	0.118870	0.120398	839,212	50,880,600
03/16/2018	0.137154	0.145733	0.129433	0.141273	1,090,630	49,320,700
03/15/2018	0.138047	0.138829	0.127154	0.137312	873,072	49,641,700
03/14/2018	0.164939	0.168500	0.133008	0.138382	866,081	59,312,100
03/13/2018	0.158203	0.171102	0.151191	0.167622	936,421	56,889,700
03/12/2018	0.158648	0.167807	0.151395	0.158936	1,406,310	57,049,700
03/11/2018	0.149782	0.162081	0.140435	0.159289	926,111	53,861,700
03/10/2018	0.163069	0.175409	0.147167	0.151537	1,839,380	58,639,500
03/09/2018	0.145567	0.179300	0.126768	0.163878	2,875,890	52,345,900
03/08/2018	0.156030	0.160792	0.143410	0.145863	842,068	56,108,300
03/07/2018	0.179891	0.182146	0.149182	0.156039	1,139,580	64,688,800
03/06/2018	0.197635	0.197635	0.178534	0.180122	959,152	71,069,500
03/05/2018	0.206520	0.211574	0.196640	0.197959	1,030,540	74,264,500
03/04/2018	0.206247	0.210715	0.192844	0.206819	1,140,160	74,166,400
03/03/2018	0.224793	0.229840	0.205940	0.206807	1,027,210	80,835,600
03/02/2018	0.226529	0.229348	0.217487	0.224690	983,982	81,459,800
03/01/2018	0.211811	0.230078	0.207473	0.227300	1,030,490	76,167,300
02/28/2018	0.225126	0.232077	0.210609	0.211143	984,192	80,955,300
02/27/2018	0.229890	0.239719	0.223073	0.225275	1,545,870	82,668,600
02/26/2018	0.207465	0.234194	0.202138	0.231211	1,392,820	74,604,300
02/25/2018	0.211594	0.219635	0.201860	0.206911	1,452,150	76,089,200
02/24/2018	0.218488	0.226252	0.203294	0.211747	833,231	78,568,400
02/23/2018	0.210411	0.223210	0.204153	0.217895	1,057,640	75,663,800
02/22/2018	0.224013	0.242342	0.205616	0.210966	1,239,180	80,555,000
02/21/2018	0.249973	0.249973	0.220987	0.225033	1,394,980	89,890,300
02/20/2018	0.278592	0.284330	0.248208	0.250374	1,752,880	100,182,000
02/19/2018	0.280615	0.305339	0.274146	0.278562	3,980,870	100,909,000
02/18/2018	0.260565	0.335093	0.257809	0.285343	17,457,400	93,699,000
02/17/2018	0.237209	0.260689	0.233218	0.259926	1,468,950	85,300,200
02/16/2018	0.231547	0.241012	0.225401	0.237178	1,058,290	83,264,300
02/15/2018	0.228383	0.232799	0.218964	0.232013	910,692	82,126,600
02/14/2018	0.213986	0.231065	0.212539	0.228960	1,021,110	76,949,300
02/13/2018	0.226448	0.227830	0.211904	0.214709	865,014	81,430,600
02/12/2018	0.214033	0.233839	0.214033	0.226944	1,208,210	76,966,300
02/11/2018	0.228656	0.228656	0.206774	0.211986	1,243,770	82,224,600
02/10/2018	0.232392	0.253972	0.220376	0.228382	2,191,940	83,568,100
02/09/2018	0.211883	0.232712	0.199856	0.232441	828,119	76,193,200
02/08/2018	0.191879	0.225735	0.191879	0.211556	1,188,440	68,999,600
02/07/2018	0.200164	0.218688	0.179011	0.192353	1,031,600	71,979,000
02/06/2018	0.185051	0.205095	0.133966	0.201540	1,930,420	66,544,400
02/05/2018	0.207621	0.210658	0.159688	0.185157	1,500,770	74,660,400
02/04/2018	0.264925	0.264925	0.197520	0.209180	1,107,160	95,267,100
02/03/2018	0.225251	0.271836	0.213210	0.264142	1,412,990	81,000,200
02/02/2018	0.254508	0.254508	0.184007	0.224612	1,645,820	91,521,200
02/01/2018	0.294156	0.309054	0.218079	0.254883	2,353,290	105,779,000
01/31/2018	0.300984	0.303519	0.283521	0.293639	1,645,450	108,234,000
01/30/2018	0.352885	0.354853	0.296450	0.301391	2,468,760	126,898,000
01/29/2018	0.397785	0.403864	0.348573	0.352889	4,204,590	143,043,000
01/28/2018	0.351390	0.415136	0.347885	0.396201	6,108,870	126,360,000
01/27/2018	0.339150	0.356604	0.325241	0.349952	2,868,270	121,958,000
01/26/2018	0.351687	0.353812	0.311896	0.339902	3,189,660	126,467,000
01/25/2018	0.340001	0.358293	0.338266	0.351976	3,138,930	122,264,000
01/24/2018	0.326393	0.341205	0.306493	0.337531	3,122,160	117,371,000
01/23/2018	0.318154	0.340012	0.289129	0.326591	3,129,690	114,408,000
01/22/2018	0.345073	0.376062	0.299289	0.317988	3,572,720	124,088,000
01/21/2018	0.424255	0.425665	0.333247	0.340455	4,050,190	152,562,000
01/20/2018	0.368165	0.427422	0.367899	0.423413	5,215,210	132,392,000
01/19/2018	0.369876	0.380872	0.331625	0.363098	5,256,760	133,007,000
01/18/2018	0.352852	0.391443	0.329124	0.372247	3,781,610	126,886,000
01/17/2018	0.338826	0.377492	0.229404	0.355539	5,024,920	121,842,000
01/16/2018	0.462187	0.462187	0.285994	0.335906	4,684,990	166,202,000
01/15/2018	0.502524	0.532315	0.461163	0.461163	4,728,240	180,708,000
01/14/2018	0.609748	0.609748	0.497662	0.503022	7,367,210	219,265,000
01/13/2018	0.509555	0.607999	0.507784	0.599512	8,157,550	183,236,000
01/12/2018	0.478488	0.537597	0.463006	0.508618	10,245,500	172,064,000
01/11/2018	0.567847	0.575224	0.462120	0.474688	20,483,100	204,198,000
01/10/2018	0.609721	0.617770	0.500451	0.568196	19,685,100	219,256,000
01/09/2018	0.607877	0.657973	0.557200	0.608507	23,224,700	218,593,000
01/08/2018	0.679269	0.679269	0.491252	0.607032	21,721,600	244,265,000
01/07/2018	0.707859	0.776672	0.621115	0.677774	27,198,300	254,546,000
01/06/2018	0.490575	0.725961	0.490575	0.700986	27,155,000	176,411,000
01/05/2018	0.483436	0.580947	0.454781	0.494462	16,192,500	173,844,000
01/04/2018	0.400894	0.485209	0.391119	0.483354	12,930,800	144,161,000
01/03/2018	0.376007	0.414860	0.354278	0.400035	8,418,110	135,212,000
01/02/2018	0.407139	0.418833	0.339606	0.373314	7,225,220	146,407,000
01/01/2018	0.371385	0.423366	0.347633	0.404211	5,267,520	133,550,000
12/31/2017	0.359868	0.380795	0.337203	0.370481	4,371,630	129,408,000
12/30/2017	0.368998	0.386484	0.303405	0.363280	7,057,080	132,692,000
12/29/2017	0.327330	0.411171	0.301901	0.373066	8,092,190	117,708,000
12/28/2017	0.324870	0.328520	0.280636	0.327502	4,318,730	116,823,000
12/27/2017	0.322708	0.350966	0.302997	0.327116	6,310,240	116,046,000
12/26/2017	0.371091	0.403094	0.310251	0.322030	6,685,360	133,444,000
12/25/2017	0.459476	0.463489	0.358482	0.371169	8,410,840	165,228,000
12/24/2017	0.440013	0.450036	0.367952	0.448838	6,589,810	158,229,000
12/23/2017	0.330230	0.516606	0.330230	0.447887	10,041,000	118,751,000
12/22/2017	0.373009	0.374889	0.244862	0.324702	5,622,670	134,134,000
12/21/2017	0.402829	0.424280	0.331810	0.372458	7,868,200	144,857,000
12/20/2017	0.404642	0.404642	0.343235	0.394730	7,832,550	145,509,000
12/19/2017	0.374244	0.473663	0.348851	0.404484	11,350,700	134,578,000
12/18/2017	0.273470	0.381092	0.263129	0.372645	10,114,900	98,339,900
12/17/2017	0.230853	0.291972	0.228778	0.273105	5,267,000	83,014,800
12/16/2017	0.235867	0.249543	0.218025	0.230435	4,758,910	84,817,600
12/15/2017	0.242558	0.260108	0.203951	0.235252	5,623,100	87,223,700
12/14/2017	0.188554	0.248125	0.179349	0.242043	5,666,360	67,804,000
12/13/2017	0.190073	0.193381	0.167336	0.188153	3,352,530	68,350,400
12/12/2017	0.171276	0.198498	0.165150	0.190078	3,916,880	61,591,000
12/11/2017	0.124428	0.187155	0.124061	0.171013	4,245,610	44,744,200
12/10/2017	0.147202	0.147202	0.124087	0.124785	1,716,200	52,933,900
12/09/2017	0.136041	0.146649	0.128038	0.146449	2,294,510	48,920,300
12/08/2017	0.134397	0.142241	0.124407	0.136110	2,074,820	48,329,300
12/07/2017	0.161241	0.170742	0.132737	0.133747	2,668,420	57,982,400
12/06/2017	0.160408	0.168675	0.141279	0.161169	2,528,140	57,682,600
12/05/2017	0.138118	0.161174	0.138118	0.159913	1,759,220	49,667,100
12/04/2017	0.128246	0.142489	0.122022	0.138091	1,436,010	46,117,300
12/03/2017	0.123027	0.133493	0.115958	0.128097	1,886,070	44,240,600
12/02/2017	0.123481	0.131257	0.118726	0.122961	1,366,450	44,403,900
12/01/2017	0.114389	0.123217	0.106944	0.123217	1,503,030	41,134,100
11/30/2017	0.114647	0.125276	0.103560	0.114245	1,328,510	41,227,200
11/29/2017	0.122633	0.139036	0.108172	0.113335	1,781,330	44,098,900
11/28/2017	0.110068	0.136147	0.107367	0.122638	2,363,800	39,580,300
11/27/2017	0.105667	0.115919	0.102287	0.109663	1,419,970	37,997,900
11/26/2017	0.104929	0.112058	0.102240	0.105705	1,129,800	37,732,300
11/25/2017	0.094345	0.106331	0.094345	0.105108	1,218,370	33,926,600
11/24/2017	0.102975	0.103488	0.089916	0.094579	1,249,810	37,030,000
11/23/2017	0.091637	0.107112	0.089309	0.103355	1,609,710	32,952,600
11/22/2017	0.087162	0.096394	0.086157	0.091705	1,209,570	31,343,500
11/21/2017	0.088319	0.088766	0.084027	0.087916	999,823	31,759,400
11/20/2017	0.088198	0.093839	0.085124	0.088249	1,246,300	31,716,000
11/19/2017	0.082072	0.096838	0.081219	0.088210	1,411,930	29,513,200
11/18/2017	0.083023	0.087489	0.080512	0.082278	1,193,900	29,855,100
11/17/2017	0.093652	0.095978	0.082750	0.083104	966,869	33,677,200
11/16/2017	0.095701	0.096920	0.088280	0.093608	1,057,970	34,413,900
11/15/2017	0.096547	0.103405	0.090484	0.095099	1,161,510	34,718,400
11/14/2017	0.087196	0.098994	0.083245	0.096484	1,029,530	31,355,600
11/13/2017	0.082057	0.093604	0.081935	0.085378	654,594	29,507,500
11/12/2017	0.087690	0.092362	0.077750	0.083486	930,983	31,533,300
11/11/2017	0.098165	0.105211	0.085824	0.087061	855,470	35,300,100
11/10/2017	0.104657	0.111176	0.093939	0.097862	1,056,840	37,634,700
11/09/2017	0.096022	0.109829	0.094204	0.105162	990,460	34,529,400
11/08/2017	0.085385	0.101983	0.081235	0.097840	1,013,090	30,704,600
11/07/2017	0.084482	0.094050	0.081653	0.085582	745,740	30,379,800
11/06/2017	0.077803	0.086121	0.077438	0.084047	787,591	27,977,800
11/05/2017	0.081727	0.083486	0.077653	0.077726	662,731	29,389,100
11/04/2017	0.083659	0.083659	0.079526	0.081710	630,950	30,083,700
11/03/2017	0.080450	0.084941	0.077187	0.083631	851,314	28,929,900
11/02/2017	0.074897	0.080527	0.070455	0.080527	733,331	26,932,900
11/01/2017	0.087998	0.088453	0.070965	0.074885	844,666	31,644,200
10/31/2017	0.092453	0.094915	0.086604	0.087578	657,824	33,246,200
10/30/2017	0.093317	0.093553	0.089364	0.092537	695,444	33,556,900
10/29/2017	0.095982	0.098648	0.088568	0.094741	803,288	34,515,200
10/28/2017	0.097455	0.098130	0.092659	0.096031	684,425	35,044,900
10/27/2017	0.097162	0.098489	0.092836	0.097345	655,849	34,939,500
10/26/2017	0.100150	0.103315	0.097133	0.097203	753,765	36,014,100
10/25/2017	0.114645	0.114645	0.100221	0.100547	830,945	41,226,500
10/24/2017	0.101537	0.123722	0.099197	0.114555	1,200,010	36,512,800
10/23/2017	0.106504	0.107146	0.099417	0.101608	788,959	38,298,700
10/22/2017	0.103556	0.107851	0.101123	0.106588	653,889	37,238,700
10/21/2017	0.101200	0.104918	0.096363	0.104166	792,564	36,391,700
10/20/2017	0.100843	0.106915	0.099680	0.101579	780,905	36,263,200
10/19/2017	0.104800	0.109919	0.095510	0.100809	912,634	37,686,100
10/18/2017	0.097104	0.111980	0.090968	0.104926	1,210,280	34,918,700
10/17/2017	0.105347	0.106346	0.093917	0.097458	682,381	37,882,700
10/16/2017	0.106769	0.108333	0.096848	0.106005	929,157	38,394,200
10/15/2017	0.108337	0.111884	0.096947	0.106733	737,276	38,957,800
10/14/2017	0.121403	0.121776	0.107315	0.108183	641,667	43,656,400
10/13/2017	0.121000	0.129535	0.111577	0.118583	1,009,170	43,511,600
10/12/2017	0.134821	0.136588	0.118053	0.121837	1,127,770	48,481,600
10/11/2017	0.157083	0.157083	0.126764	0.134725	1,548,470	56,486,900
10/10/2017	0.117421	0.160370	0.112515	0.160370	1,692,470	42,224,500
10/09/2017	0.132208	0.133082	0.114794	0.116956	1,821,250	47,541,900
10/08/2017	0.147188	0.147188	0.126447	0.131072	1,868,340	52,928,900
10/07/2017	0.170807	0.175101	0.148837	0.148877	1,898,960	61,422,300
10/06/2017	0.176198	0.187561	0.169999	0.170751	2,094,740	63,360,900
10/05/2017	0.200129	0.214358	0.164992	0.173850	3,683,970	71,966,300
10/04/2017	0.173134	0.248230	0.166063	0.201350	11,242,900	57,369,700
10/03/2017	0.138999	0.179314	0.119275	0.172656	4,378,100	46,058,600
10/02/2017	0.093998	0.150955	0.093998	0.138979	3,426,280	31,147,100
10/01/2017	0.092098	0.094882	0.088448	0.093923	511,097	30,517,500
09/30/2017	0.089835	0.095557	0.089149	0.092005	504,029	29,767,800
09/29/2017	0.089469	0.094093	0.084436	0.089823	580,806	29,646,500
09/28/2017	0.094254	0.107047	0.086384	0.089501	720,663	31,232,000
09/27/2017	0.078469	0.096463	0.078233	0.094208	705,048	26,001,400
09/26/2017	0.077971	0.079404	0.075567	0.078301	396,917	25,836,600
09/25/2017	0.073816	0.078951	0.069659	0.077983	409,564	24,459,700
09/24/2017	0.073587	0.074594	0.069136	0.073832	337,876	24,383,700
09/23/2017	0.070277	0.076082	0.069782	0.073500	252,201	23,287,100
09/22/2017	0.068744	0.071936	0.067319	0.070376	236,759	22,779,000
09/21/2017	0.076737	0.077121	0.067529	0.068728	263,662	25,427,500
09/20/2017	0.077848	0.080162	0.076000	0.076857	301,535	25,795,800
09/19/2017	0.085402	0.085873	0.074030	0.077916	409,323	28,298,800
09/18/2017	0.072680	0.086003	0.070297	0.085106	563,566	24,083,200
09/17/2017	0.071131	0.080346	0.068164	0.072670	310,862	23,570,000
09/16/2017	0.073862	0.074909	0.067098	0.071134	308,941	24,475,100
09/15/2017	0.064410	0.076675	0.052002	0.074032	690,519	21,342,800
09/14/2017	0.089811	0.092083	0.064477	0.064477	431,801	29,759,700
09/13/2017	0.099988	0.099988	0.080027	0.090228	482,652	33,132,000
09/12/2017	0.090925	0.112669	0.090925	0.099801	827,606	30,128,700
09/11/2017	0.092053	0.105168	0.081482	0.092100	785,374	30,502,700
09/10/2017	0.061247	0.109631	0.059338	0.094968	1,730,630	20,294,900
09/09/2017	0.060319	0.061685	0.058920	0.061284	265,832	19,987,500
09/08/2017	0.066509	0.068580	0.057654	0.060240	345,864	22,038,600
09/07/2017	0.069202	0.069398	0.062127	0.066492	462,986	22,930,800
09/06/2017	0.063596	0.069254	0.061374	0.069254	400,740	21,073,000
09/05/2017	0.060985	0.064506	0.053253	0.063383	303,523	20,208,100
09/04/2017	0.071369	0.072738	0.054681	0.060824	320,581	23,648,900
09/03/2017	0.072834	0.074651	0.061912	0.071139	238,224	24,134,200
09/02/2017	0.079695	0.079851	0.067766	0.072715	259,409	26,407,900
09/01/2017	0.085228	0.087408	0.068876	0.079624	464,352	28,241,100
08/31/2017	0.084945	0.086720	0.082518	0.085283	340,118	28,147,500
08/30/2017	0.084356	0.088114	0.081826	0.083850	353,178	27,952,200
08/29/2017	0.079294	0.086223	0.079294	0.084299	515,381	26,274,900
08/28/2017	0.075482	0.095085	0.070792	0.079159	347,416	25,011,800
08/27/2017	0.073770	0.076339	0.071443	0.075362	254,511	24,444,400
08/26/2017	0.072022	0.075272	0.071617	0.073745	182,042	23,865,100
08/25/2017	0.076188	0.076188	0.069170	0.071924	366,178	25,245,700
08/24/2017	0.072230	0.077745	0.066903	0.076825	285,230	23,934,100
08/23/2017	0.071969	0.073735	0.069874	0.072208	221,810	23,847,800
08/22/2017	0.071898	0.072368	0.064140	0.070926	238,959	23,824,200
08/21/2017	0.074829	0.077802	0.068696	0.072653	399,254	24,795,200
08/20/2017	0.075600	0.080677	0.067192	0.074866	395,666	25,050,800
08/19/2017	0.064717	0.078141	0.064618	0.075819	591,940	21,444,500
08/18/2017	0.077096	0.077902	0.064119	0.064968	407,756	25,546,500
08/17/2017	0.077019	0.083521	0.073436	0.077500	525,135	25,521,100
08/16/2017	0.066074	0.080923	0.066074	0.076813	397,194	21,894,400
08/15/2017	0.080206	0.080206	0.065947	0.066048	429,865	26,577,200
08/14/2017	0.069079	0.087607	0.065711	0.081305	498,969	22,889,900
08/13/2017	0.078771	0.082269	0.063931	0.069738	430,177	26,101,700
08/12/2017	0.072632	0.090951	0.071980	0.079863	877,962	24,067,200
08/11/2017	0.049818	0.072783	0.049690	0.072783	592,336	16,507,600
08/10/2017	0.051353	0.052188	0.047799	0.049853	302,963	17,016,400
08/09/2017	0.052323	0.056049	0.048409	0.051319	246,016	17,337,800
08/08/2017	0.046940	0.052644	0.044366	0.052198	226,418	15,554,200
08/07/2017	0.046321	0.048064	0.044256	0.046457	204,981	15,348,900
08/06/2017	0.047191	0.048536	0.043188	0.046312	229,951	15,637,100
08/05/2017	0.045618	0.049476	0.043686	0.046935	204,410	15,115,900
08/04/2017	0.042495	0.049573	0.041461	0.045631	227,356	14,081,200
08/03/2017	0.037148	0.043207	0.037148	0.042740	184,450	12,309,200
08/02/2017	0.042974	0.043261	0.036196	0.037095	214,016	14,239,900
08/01/2017	0.040065	0.043962	0.038614	0.042938	131,761	13,276,100
07/31/2017	0.037038	0.040795	0.034212	0.040119	170,369	12,273,000
07/30/2017	0.040601	0.041256	0.036838	0.036983	171,782	13,453,500
07/29/2017	0.043029	0.043172	0.039646	0.040457	134,770	14,258,100
07/28/2017	0.048678	0.049607	0.040532	0.043104	162,114	16,130,100
07/27/2017	0.047795	0.050795	0.045546	0.048579	200,187	15,837,200
07/26/2017	0.045191	0.047275	0.042533	0.047275	171,148	14,974,600
07/25/2017	0.057275	0.058897	0.042384	0.045292	282,727	18,978,600
07/24/2017	0.045790	0.062101	0.045769	0.057644	337,190	15,172,900
07/23/2017	0.043785	0.049735	0.040957	0.045686	245,528	14,508,600
07/22/2017	0.039185	0.043868	0.039007	0.043808	237,418	12,984,400
07/21/2017	0.042006	0.042132	0.038940	0.039181	191,160	13,919,200
07/20/2017	0.033670	0.042692	0.033670	0.041542	194,091	11,156,900
07/19/2017	0.036753	0.037832	0.033437	0.033750	163,147	12,178,600
07/18/2017	0.034561	0.039198	0.031759	0.036720	228,838	-
07/17/2017	0.031461	0.035913	0.030705	0.034467	138,860	-
07/16/2017	0.035922	0.037255	0.029718	0.031526	131,661	-
07/15/2017	0.041872	0.041872	0.034645	0.036116	117,549	-
07/14/2017	0.046720	0.047051	0.040046	0.041330	170,829	-
07/13/2017	0.049241	0.050810	0.044013	0.046769	208,871	-
07/12/2017	0.040237	0.049181	0.039820	0.049181	170,673	-
07/11/2017	0.042540	0.043638	0.036257	0.040249	275,046	-
07/10/2017	0.055299	0.059251	0.041159	0.042678	430,524	-
07/09/2017	0.050791	0.059318	0.047475	0.055350	367,204	-
07/08/2017	0.044562	0.050673	0.041807	0.050673	304,013	-
07/07/2017	0.052564	0.052564	0.042415	0.044404	280,891	-
07/06/2017	0.052285	0.054419	0.048553	0.052694	456,106	-
07/05/2017	0.058294	0.058817	0.046436	0.052269	498,875	-
07/04/2017	0.060465	0.060946	0.052121	0.058436	528,450	-
07/03/2017	0.064392	0.070477	0.049681	0.060915	482,036	-
07/02/2017	0.061216	0.069609	0.050158	0.064663	492,863	-
07/01/2017	0.074456	0.075187	0.053373	0.061253	420,406	-
06/30/2017	0.080761	0.086001	0.071670	0.074494	401,051	-
06/29/2017	0.087021	0.087021	0.073900	0.080541	363,294	-
06/28/2017	0.091085	0.091816	0.074074	0.087253	410,213	-
06/27/2017	0.090371	0.092257	0.066070	0.089521	384,631	-
06/26/2017	0.098298	0.106311	0.069463	0.087496	571,158	-
06/25/2017	0.119265	0.119414	0.096536	0.098470	641,558	-
06/24/2017	0.130878	0.133800	0.116811	0.119461	519,764	-
06/23/2017	0.116929	0.149009	0.108650	0.131131	1,095,930	-
06/22/2017	0.143511	0.143511	0.108502	0.124315	1,098,180	-
06/21/2017	0.181456	0.272871	0.136915	0.144370	659,497	-
06/20/2017	0.242189	0.374322	0.120942	0.184791	828,631	-
06/19/2017	0.346831	0.708638	0.212708	0.335334	203,065	-
06/18/2017	0.547637	0.981360	0.326723	0.345991	26,361	-
06/17/2017	0.561665	1.02	0.354393	0.548138	55,118	-
06/16/2017	0.416681	0.522206	0.349673	0.521798	86,186	-
