Date	Open	High	Low	Close	Volume	Market Cap
07/15/2018	0.068520	0.071775	0.067447	0.069130	209,860	20,559,000
07/14/2018	0.072951	0.078076	0.066400	0.068232	214,668	21,888,300
07/13/2018	0.080074	0.081938	0.070830	0.074348	551,482	24,025,600
07/12/2018	0.078790	0.081581	0.074335	0.081101	539,826	23,640,500
07/11/2018	0.085006	0.085089	0.071404	0.079368	413,472	25,505,400
07/10/2018	0.083796	0.087335	0.080615	0.084911	274,346	25,142,400
07/09/2018	0.082176	0.088718	0.080357	0.081991	570,925	24,656,300
07/08/2018	0.084968	0.092214	0.080443	0.082140	625,899	25,494,000
07/07/2018	0.066194	0.088943	0.062151	0.088242	438,075	19,861,100
07/06/2018	0.081495	0.089603	0.065724	0.066497	403,217	24,452,000
07/05/2018	0.086230	0.101287	0.080972	0.082692	688,583	25,872,800
07/04/2018	0.097012	0.097012	0.085291	0.086220	406,981	29,107,900
07/03/2018	0.097024	0.101188	0.087663	0.097017	518,535	29,111,300
07/02/2018	0.090260	0.097298	0.071918	0.095994	459,953	27,082,000
07/01/2018	0.082961	0.090409	0.070969	0.090070	158,711	24,892,000
06/30/2018	0.079580	0.088774	0.079234	0.083016	131,264	23,877,500
06/29/2018	0.095781	0.095969	0.072296	0.082617	661,177	28,738,500
06/28/2018	0.094492	0.098435	0.093142	0.095932	501,370	28,351,700
06/27/2018	0.094302	0.095996	0.093180	0.093698	558,343	28,294,600
06/26/2018	0.096469	0.097685	0.090130	0.095560	582,046	28,944,900
06/25/2018	0.096888	0.098894	0.094358	0.097261	610,890	29,070,600
06/24/2018	0.097226	0.099547	0.090368	0.096877	736,808	29,172,000
06/23/2018	0.099380	0.103598	0.095471	0.097238	5,559	29,818,200
06/22/2018	0.109337	0.109438	0.096155	0.099282	765,157	32,806,000
06/21/2018	0.107190	0.110191	0.105101	0.110001	459,306	32,161,800
06/20/2018	0.107211	0.113084	0.104928	0.107109	709,239	32,168,000
06/19/2018	0.106444	0.110692	0.101668	0.107203	784,289	31,937,700
06/18/2018	0.101971	0.109407	0.100072	0.106455	644,610	30,595,700
06/17/2018	0.101341	0.102819	0.100571	0.101680	428,428	30,406,800
06/16/2018	0.103202	0.104533	0.099731	0.101053	624,812	30,965,100
06/15/2018	0.112619	0.114000	0.102484	0.103206	1,232,530	33,790,500
06/14/2018	0.103046	0.119681	0.102749	0.109933	18,743	30,918,100
06/13/2018	0.101148	0.118590	0.094915	0.102856	34,327	30,348,900
06/12/2018	0.111899	0.112797	0.097981	0.100952	14,766	33,574,500
06/11/2018	0.106961	0.112183	0.105096	0.111906	14,357	32,093,000
06/10/2018	0.119555	0.120118	0.106136	0.106845	34,310	35,871,700
06/09/2018	0.118603	0.124498	0.116731	0.119484	3,959	35,586,000
06/08/2018	0.121008	0.123804	0.111260	0.118644	22,549	36,307,800
06/07/2018	0.124095	0.130558	0.117219	0.120899	23,357	37,233,800
06/06/2018	0.127486	0.128522	0.121824	0.124062	21,298	38,251,200
06/05/2018	0.125264	0.128730	0.120906	0.127505	26,589	37,584,500
06/04/2018	0.139992	0.142827	0.121823	0.125246	25,712	42,003,800
06/03/2018	0.133406	0.146692	0.133360	0.139977	13,107	40,027,600
06/02/2018	0.131923	0.140364	0.129838	0.133507	14,898	39,582,700
06/01/2018	0.142626	0.143753	0.127487	0.132005	19,539	42,793,900
05/31/2018	0.122482	0.145318	0.119719	0.142346	36,636	36,750,000
05/30/2018	0.120888	0.126936	0.119707	0.122516	35,809	36,271,700
05/29/2018	0.118362	0.126382	0.116280	0.120853	12,408	35,513,700
05/28/2018	0.128339	0.129571	0.113463	0.118481	38,737	38,507,300
05/27/2018	0.131598	0.134777	0.126402	0.128335	41,306	39,485,200
05/26/2018	0.127399	0.137068	0.126512	0.131541	13,820	38,225,300
05/25/2018	0.129793	0.132510	0.123345	0.127534	41,398	38,943,400
05/24/2018	0.146429	0.160496	0.121447	0.130075	59,861	43,935,200
05/23/2018	0.140739	0.149367	0.121419	0.146429	87,339	42,227,700
05/22/2018	0.160645	0.161095	0.140351	0.140891	19,193	48,200,500
05/21/2018	0.152275	0.171500	0.149970	0.160708	49,173	45,689,200
05/20/2018	0.149349	0.159625	0.144601	0.152185	46,536	44,811,100
05/19/2018	0.151569	0.157603	0.147119	0.149289	20,176	45,477,200
05/18/2018	0.148587	0.153739	0.147484	0.152649	26,375	44,582,700
05/17/2018	0.148855	0.162653	0.147903	0.148520	37,977	44,663,100
05/16/2018	0.162857	0.163012	0.140230	0.149255	52,729	48,864,100
05/15/2018	0.162795	0.175167	0.157748	0.162866	67,974	48,845,600
05/14/2018	0.164018	0.168200	0.147571	0.162931	56,885	49,212,500
05/13/2018	0.159350	0.182874	0.155064	0.163976	136,863	47,812,000
05/12/2018	0.166867	0.168701	0.153700	0.159434	71,453	50,067,500
05/11/2018	0.179347	0.185924	0.167061	0.167061	63,545	53,812,000
05/10/2018	0.187365	0.193155	0.178891	0.179370	36,303	56,217,600
05/09/2018	0.197683	0.201559	0.184804	0.187344	85,775	59,313,300
05/08/2018	0.200483	0.207381	0.193518	0.197754	57,361	60,153,600
05/07/2018	0.216137	0.218950	0.189285	0.201525	90,826	64,850,600
05/06/2018	0.226050	0.230360	0.215327	0.215999	134,533	67,824,800
05/05/2018	0.219073	0.233906	0.212714	0.226000	109,787	65,731,500
05/04/2018	0.216954	0.224928	0.208775	0.219031	252,473	65,095,700
05/03/2018	0.185630	0.218673	0.182530	0.217016	368,815	55,697,100
05/02/2018	0.175971	0.187115	0.173845	0.185631	138,636	52,798,900
05/01/2018	0.178889	0.180740	0.168100	0.176195	118,257	53,674,400
04/30/2018	0.179223	0.188437	0.175206	0.179131	129,478	53,774,500
04/29/2018	0.179581	0.195785	0.179025	0.184066	74,465	53,882,000
04/28/2018	0.179366	0.184293	0.175349	0.179616	39,536	53,817,500
04/27/2018	0.190479	0.195443	0.178510	0.179808	65,294	57,151,800
04/26/2018	0.165638	0.193293	0.162108	0.190313	148,293	49,698,500
04/25/2018	0.198275	0.199717	0.161988	0.166102	215,985	59,491,100
04/24/2018	0.175546	0.198747	0.175184	0.198747	237,197	52,671,400
04/23/2018	0.182522	0.185752	0.174752	0.175480	104,934	54,764,600
04/22/2018	0.184621	0.199576	0.178478	0.182760	120,692	55,394,400
04/21/2018	0.187578	0.193440	0.178698	0.184595	102,195	56,281,600
04/20/2018	0.179703	0.196576	0.177169	0.189100	178,541	53,918,700
04/19/2018	0.161672	0.190135	0.158846	0.179713	386,681	48,508,600
04/18/2018	0.164386	0.170573	0.150022	0.161641	306,388	49,322,800
04/17/2018	0.167334	0.176298	0.160053	0.165355	38,819	50,207,400
04/16/2018	0.176526	0.177451	0.162519	0.167338	105,176	52,965,400
04/15/2018	0.171028	0.181457	0.171028	0.176449	114,018	51,315,900
04/14/2018	0.186794	0.189195	0.165179	0.171010	332,561	56,046,300
04/13/2018	0.158636	0.215846	0.155108	0.186793	582,841	47,597,800
04/12/2018	0.138189	0.159045	0.133547	0.158446	1,444,570	41,462,700
04/11/2018	0.127469	0.138536	0.127469	0.138536	195,415	38,246,200
04/10/2018	0.124857	0.128959	0.118797	0.127362	58,958	37,462,500
04/09/2018	0.122795	0.126811	0.116951	0.124703	41,705	36,843,700
04/08/2018	0.121722	0.125707	0.118534	0.122664	24,136	36,522,000
04/07/2018	0.117260	0.126944	0.117220	0.121700	15,113	35,183,000
04/06/2018	0.120275	0.121787	0.113115	0.117033	23,774	36,087,800
04/05/2018	0.120261	0.125696	0.117145	0.123916	50,489	36,083,600
04/04/2018	0.125892	0.126890	0.115908	0.120334	87,218	37,773,000
04/03/2018	0.118850	0.129677	0.118850	0.125875	60,912	35,660,100
04/02/2018	0.113836	0.121950	0.110771	0.116944	38,463	34,155,700
04/01/2018	0.111184	0.121329	0.104977	0.113598	83,104	33,360,000
03/31/2018	0.110819	0.119020	0.108744	0.111177	83,733	33,250,600
03/30/2018	0.115981	0.116280	0.100559	0.110796	124,411	34,799,300
03/29/2018	0.131379	0.132420	0.112795	0.116183	159,276	39,419,400
03/28/2018	0.128841	0.136626	0.124571	0.131275	118,727	38,657,900
03/27/2018	0.139123	0.139178	0.124797	0.128618	114,294	41,743,000
03/26/2018	0.142680	0.145076	0.125665	0.140034	180,584	42,810,300
03/25/2018	0.144041	0.147342	0.134855	0.142748	107,238	43,218,600
03/24/2018	0.146879	0.150136	0.139337	0.144618	125,717	44,070,100
03/23/2018	0.132693	0.161647	0.122710	0.146222	273,977	39,813,500
03/22/2018	0.133161	0.138643	0.126137	0.132622	168,599	39,954,000
03/21/2018	0.143659	0.159754	0.133952	0.134247	253,030	43,103,900
03/20/2018	0.141319	0.153690	0.136009	0.143489	213,124	42,401,800
03/19/2018	0.136700	0.145918	0.130009	0.141017	235,738	41,015,800
03/18/2018	0.154563	0.154563	0.116490	0.135547	342,662	46,375,500
03/17/2018	0.165745	0.170321	0.154109	0.154658	80,619	49,730,800
03/16/2018	0.171675	0.182263	0.159894	0.166417	94,734	51,509,900
03/15/2018	0.166189	0.196089	0.149341	0.173676	413,962	49,863,900
03/14/2018	0.188562	0.195692	0.159285	0.166191	156,492	56,576,800
03/13/2018	0.185255	0.199537	0.176900	0.188533	186,057	55,584,400
03/12/2018	0.181971	0.198866	0.175875	0.183707	271,435	54,599,300
03/11/2018	0.181300	0.185945	0.166430	0.182115	156,785	54,397,900
03/10/2018	0.174927	0.190928	0.171522	0.181538	203,566	52,485,600
03/09/2018	0.197097	0.200785	0.163886	0.174967	446,053	59,137,600
03/08/2018	0.209579	0.225164	0.187532	0.199228	291,443	62,882,900
03/07/2018	0.217984	0.232150	0.182581	0.209701	613,044	65,404,500
03/06/2018	0.264063	0.264063	0.214570	0.218108	544,616	79,230,200
03/05/2018	0.252266	0.273633	0.249747	0.264356	372,688	75,690,800
03/04/2018	0.253489	0.258432	0.244942	0.253472	194,897	76,057,700
03/03/2018	0.242348	0.259757	0.239379	0.252834	274,732	72,714,900
03/02/2018	0.213496	0.257508	0.213496	0.242824	871,446	64,058,100
03/01/2018	0.188040	0.217788	0.174396	0.213651	568,790	56,420,100
02/28/2018	0.178806	0.207439	0.168842	0.187971	422,328	53,649,600
02/27/2018	0.169279	0.179200	0.164002	0.178865	187,776	50,791,000
02/26/2018	0.158326	0.172178	0.151166	0.168234	360,230	47,504,600
02/25/2018	0.149435	0.165528	0.148240	0.157111	339,531	44,837,000
02/24/2018	0.160055	0.163384	0.141358	0.149485	315,099	48,023,600
02/23/2018	0.151229	0.191222	0.145113	0.160008	587,232	45,375,200
02/22/2018	0.177293	0.200937	0.151336	0.152428	1,024,200	53,195,600
02/21/2018	0.215257	0.221042	0.164082	0.174773	1,235,050	64,586,400
02/20/2018	0.250726	0.263422	0.214106	0.219745	450,373	75,228,600
02/19/2018	0.216607	0.259488	0.216607	0.246565	478,050	64,991,400
02/18/2018	0.245834	0.254369	0.212322	0.215196	556,857	73,761,000
02/17/2018	0.260972	0.275143	0.235148	0.243684	841,752	78,302,800
02/16/2018	0.268659	0.268659	0.245858	0.260672	448,153	80,609,400
02/15/2018	0.247900	0.291999	0.244336	0.271271	578,550	74,380,900
02/14/2018	0.243952	0.259609	0.216098	0.248354	1,070,630	73,196,300
02/13/2018	0.278184	0.278661	0.254687	0.254687	400,377	83,467,300
02/12/2018	0.254852	0.291093	0.254852	0.277915	312,490	76,466,600
02/11/2018	0.283759	0.285524	0.234346	0.253578	494,720	85,140,000
02/10/2018	0.238832	0.306451	0.238267	0.287285	1,085,490	71,659,900
02/09/2018	0.199376	0.244513	0.170821	0.237511	466,503	59,821,400
02/08/2018	0.169687	0.218760	0.169687	0.199179	391,048	50,913,600
02/07/2018	0.183704	0.193077	0.164280	0.171705	253,716	55,119,200
02/06/2018	0.141071	0.191587	0.111186	0.185836	778,210	42,327,300
02/05/2018	0.181772	0.190082	0.121944	0.140731	277,187	54,539,600
02/04/2018	0.227644	0.229949	0.170753	0.182619	492,068	68,303,000
02/03/2018	0.211950	0.245108	0.198098	0.227292	235,493	63,594,100
02/02/2018	0.219561	0.239054	0.153384	0.210643	652,104	65,877,900
02/01/2018	0.280021	0.283615	0.199065	0.218386	599,158	84,018,400
01/31/2018	0.302653	0.302653	0.274238	0.279727	380,338	90,808,900
01/30/2018	0.371389	0.384719	0.281068	0.298594	910,680	111,433,000
01/29/2018	0.382507	0.384786	0.353457	0.371173	620,447	114,769,000
01/28/2018	0.379570	0.413660	0.376944	0.382635	688,449	113,887,000
01/27/2018	0.381265	0.403200	0.364560	0.380668	634,675	114,396,000
01/26/2018	0.413122	0.427634	0.353119	0.382202	601,654	123,955,000
01/25/2018	0.452735	0.469116	0.408127	0.415910	429,297	135,840,000
01/24/2018	0.422713	0.470355	0.414290	0.448208	1,135,030	126,832,000
01/23/2018	0.446896	0.482582	0.408844	0.422714	852,978	134,088,000
01/22/2018	0.449456	0.474128	0.390271	0.445481	1,163,210	134,856,000
01/21/2018	0.494405	0.500919	0.415982	0.445848	837,201	148,343,000
01/20/2018	0.415628	0.527992	0.415628	0.493475	1,297,840	124,706,000
01/19/2018	0.425714	0.458290	0.405621	0.412512	931,234	127,733,000
01/18/2018	0.429612	0.486262	0.405196	0.435016	1,748,790	128,902,000
01/17/2018	0.447328	0.476207	0.331219	0.431145	1,869,680	134,218,000
01/16/2018	0.545860	0.545860	0.364784	0.446092	2,355,830	163,782,000
01/15/2018	0.594079	0.614456	0.532163	0.543736	2,373,000	178,250,000
01/14/2018	0.645752	0.651829	0.567445	0.597815	2,222,180	193,753,000
01/13/2018	0.562284	0.655454	0.558777	0.644751	3,370,260	168,710,000
01/12/2018	0.497490	0.559959	0.481734	0.559959	1,934,170	149,269,000
01/11/2018	0.574944	0.619206	0.489738	0.494235	4,716,730	172,508,000
01/10/2018	0.541330	0.759259	0.516110	0.570901	14,077,100	162,422,000
01/09/2018	0.452132	0.558919	0.452132	0.541242	16,458,300	135,659,000
01/08/2018	0.415706	0.476448	0.357040	0.451383	2,108,000	124,730,000
01/07/2018	0.350655	0.444277	0.344493	0.415156	1,775,440	105,212,000
01/06/2018	0.356389	0.418343	0.333778	0.364019	1,212,520	106,932,000
01/05/2018	0.490066	0.490066	0.308804	0.356265	1,119,310	147,041,000
01/04/2018	0.249339	0.612005	0.241474	0.486601	1,217,460	74,812,500
01/03/2018	0.250686	0.252086	0.216728	0.245360	755,338	75,216,600
01/02/2018	0.185112	0.284027	0.185112	0.233546	972,129	55,541,500
01/01/2018	0.171303	0.195601	0.166244	0.187326	493,987	51,398,400
12/31/2017	0.144010	0.180269	0.141537	0.171308	228,927	43,209,100
12/30/2017	0.168952	0.187395	0.146188	0.148015	485,653	50,693,000
12/29/2017	0.142437	0.249156	0.136439	0.165354	356,350	42,737,400
12/28/2017	0.146551	0.201702	0.129690	0.143501	474,673	43,971,800
12/27/2017	0.149538	0.151603	0.132406	0.146795	465,145	44,868,000
12/26/2017	0.143809	0.150814	0.128357	0.148854	409,609	43,148,800
12/25/2017	0.123403	0.147427	0.123403	0.143756	98,260	37,026,400
12/24/2017	0.140365	0.140365	0.113148	0.122798	145,143	42,115,600
12/23/2017	0.128963	0.158862	0.128963	0.138331	264,204	38,694,400
12/22/2017	0.150377	0.151069	0.092895	0.127908	11,436	45,119,600
12/21/2017	0.151849	0.164000	0.149384	0.149809	4,310	45,561,400
12/20/2017	0.160231	0.161507	0.123760	0.151687	91,600	48,076,200
12/19/2017	0.140815	0.167442	0.135273	0.162322	191,959	42,250,700
12/18/2017	0.131840	0.153158	0.123492	0.141241	59,744	39,557,900
12/17/2017	0.125929	0.141945	0.122794	0.132014	56,379	37,784,100
12/16/2017	0.123194	0.125863	0.115027	0.125534	37,669	36,963,500
12/15/2017	0.111061	0.125550	0.098869	0.122656	27,606	33,323,200
12/14/2017	0.137314	0.153158	0.110676	0.111214	117,663	41,200,100
12/13/2017	0.095390	0.144576	0.085176	0.137385	520,321	28,621,100
12/12/2017	0.082219	0.096357	0.070331	0.095325	26,956	24,669,100
12/11/2017	0.071336	0.082749	0.062275	0.082749	37,060	21,403,900
12/10/2017	0.075026	0.078953	0.066196	0.071256	37,283	22,511,100
12/09/2017	0.056567	0.076422	0.052167	0.074786	54,088	16,972,700
12/08/2017	0.046480	0.068237	0.045335	0.056569	49,707	-
12/07/2017	0.044124	0.048849	0.041266	0.042848	33,254	-
12/06/2017	0.042727	0.047838	0.042009	0.044277	18,710	-
12/05/2017	0.035030	0.043493	0.034311	0.042802	19,697	-
12/04/2017	0.032413	0.035012	0.030116	0.035012	9,780	-
12/03/2017	0.027440	0.040236	0.025028	0.032354	11,969	-
12/02/2017	0.037185	0.042067	0.027431	0.027431	21,573	-
12/01/2017	0.030864	0.040507	0.030062	0.037186	18,881	-
11/30/2017	0.029105	0.031269	0.026927	0.030941	22,145	-
11/29/2017	0.032103	0.035478	0.025359	0.028737	6,765	-
11/28/2017	0.038953	0.038953	0.028787	0.032078	12,529	-
11/27/2017	0.038586	0.044894	0.037588	0.039006	21,244	-
11/26/2017	0.043920	0.046453	0.036556	0.038596	26,446	-
11/25/2017	0.046999	0.049068	0.035724	0.043918	25,982	-
11/24/2017	0.031672	0.047745	0.028318	0.047007	27,275	-
11/23/2017	0.031322	0.033237	0.030634	0.031831	44,095	-
