Date	Open	High	Low	Close	Volume	Market Cap
07/15/2018	0.007841	0.008241	0.007451	0.007795	59,440	-
07/14/2018	0.007680	0.008013	0.007293	0.007838	66,094	-
07/13/2018	0.008575	0.008767	0.007390	0.007677	141,582	-
07/12/2018	0.008048	0.009613	0.007407	0.008571	111,227	-
07/11/2018	0.008681	0.008921	0.007108	0.008065	85,651	-
07/10/2018	0.008331	0.009875	0.008034	0.008681	39,074	-
07/09/2018	0.009480	0.009894	0.008094	0.008325	128,991	-
07/08/2018	0.012154	0.012223	0.008943	0.009479	218,865	-
07/07/2018	0.012064	0.012496	0.011565	0.012138	21,815	-
07/06/2018	0.012414	0.013102	0.010789	0.012077	52,031	-
07/05/2018	0.012268	0.016575	0.009585	0.012417	149,037	-
07/04/2018	0.010854	0.013405	0.010648	0.012240	32,439	-
07/03/2018	0.014875	0.016016	0.007202	0.010825	69,043	-
07/02/2018	0.015934	0.016337	0.013878	0.014921	61,002	-
07/01/2018	0.016989	0.017948	0.015749	0.015928	83,946	-
06/30/2018	0.016458	0.020001	0.016445	0.016980	305,371	-
06/29/2018	0.015583	0.018948	0.014984	0.016589	395,298	-
06/28/2018	0.013999	0.019174	0.009759	0.015574	481,337	-
06/27/2018	0.008334	0.014474	0.007168	0.013680	397,986	-
06/26/2018	0.008658	0.009097	0.008187	0.008347	23,818	-
06/25/2018	0.008180	0.011143	0.007652	0.008658	127,973	-
06/24/2018	0.009958	0.009983	0.007834	0.008202	52,145	-
06/23/2018	0.009169	0.010964	0.009066	0.009960	99,097	-
06/22/2018	0.010805	0.011518	0.008987	0.009166	46,536	-
06/21/2018	0.010772	0.011201	0.010177	0.010816	32,950	-
06/20/2018	0.011124	0.011382	0.010347	0.010774	45,291	-
06/19/2018	0.010970	0.012084	0.010873	0.011160	35,636	-
06/18/2018	0.010186	0.013492	0.009581	0.010954	174,311	-
06/17/2018	0.010019	0.010429	0.009680	0.010222	42,801	-
06/16/2018	0.009558	0.010456	0.009130	0.010001	62,229	-
06/15/2018	0.011631	0.012152	0.009455	0.009455	94,807	-
06/14/2018	0.010251	0.012588	0.009994	0.011644	108,325	-
06/13/2018	0.013019	0.014193	0.009652	0.010413	131,708	-
06/12/2018	0.016099	0.018647	0.012727	0.012819	143,549	-
06/11/2018	0.017673	0.018217	0.014881	0.016104	125,588	-
06/10/2018	0.019554	0.020523	0.017418	0.017647	139,322	-
06/09/2018	0.018159	0.022011	0.017931	0.019527	118,574	-
06/08/2018	0.018947	0.020024	0.016792	0.018482	176,552	-
06/07/2018	0.020376	0.021316	0.018457	0.018930	138,278	-
06/06/2018	0.021974	0.022919	0.018654	0.020364	290,178	-
06/05/2018	0.022498	0.029770	0.019835	0.021998	719,499	-
06/04/2018	0.025865	0.034140	0.022270	0.022494	942,879	-
06/03/2018	0.027684	0.029623	0.025656	0.025685	1,302,630	-
06/02/2018	0.032262	0.035213	0.026779	0.027555	1,187,290	-
06/01/2018	0.035326	0.036223	0.031723	0.032107	1,884,700	-
05/31/2018	0.029258	0.041151	0.029059	0.034991	2,715,520	-
05/30/2018	0.027068	0.038392	0.025199	0.029271	1,067,250	-
05/29/2018	0.022086	0.031343	0.021824	0.027435	1,795,660	-
05/28/2018	0.023088	0.024619	0.021238	0.021823	2,379,600	-
