Date	Open	High	Low	Close	Volume	Market Cap
07/15/2018	0.465856	0.466350	0.395021	0.443950	187	2,422,460
07/14/2018	0.492651	0.496281	0.489741	0.490435	490	2,561,790
07/13/2018	0.493106	0.498499	0.488276	0.494024	494	2,564,160
07/12/2018	0.506982	0.507307	0.419303	0.492621	479	2,636,320
07/11/2018	0.473967	0.510685	0.413571	0.507002	846	2,464,640
07/10/2018	0.456715	0.482189	0.436069	0.473955	604	2,374,930
07/09/2018	0.427721	0.457102	0.425345	0.456695	618	2,224,160
07/08/2018	0.429120	0.433671	0.407987	0.429775	441	2,231,430
07/07/2018	0.442287	0.455512	0.413968	0.430110	113	2,299,900
07/06/2018	0.470634	0.472489	0.440503	0.443037	122	2,447,300
07/05/2018	0.470983	0.506709	0.437587	0.469913	153	2,449,120
07/04/2018	0.512963	0.513738	0.465903	0.469982	131	2,667,420
07/03/2018	0.498853	0.536732	0.495134	0.513004	11	2,594,040
07/02/2018	0.453844	0.505820	0.444815	0.499047	999	2,360,000
07/01/2018	0.428902	0.596272	0.425200	0.453794	922	2,230,300
06/30/2018	0.496390	0.517280	0.423672	0.428790	115	2,581,240
06/29/2018	0.470019	0.504235	0.390867	0.495720	496	2,444,110
06/28/2018	0.497813	0.498576	0.410390	0.469737	820	2,588,640
06/27/2018	0.469248	0.505173	0.458398	0.497212	1,409	2,440,100
06/26/2018	0.490524	0.493648	0.469265	0.469265	1,436	2,550,730
06/25/2018	0.478139	0.491524	0.472552	0.483809	1,938	2,486,330
06/24/2018	0.467952	0.483014	0.367476	0.479340	2,487	2,433,360
06/23/2018	0.538451	0.548366	0.456704	0.467379	0	2,799,950
06/22/2018	0.555086	0.563159	0.511415	0.538378	972	2,886,460
06/21/2018	0.547947	0.560698	0.445684	0.555026	3,123	2,849,330
06/20/2018	0.576742	0.580138	0.446260	0.547994	1,258	2,999,070
06/19/2018	0.540830	0.543831	0.536165	0.538026	961	2,812,330
06/18/2018	0.410260	0.544744	0.410260	0.540945	1,476	2,133,360
06/17/2018	0.522235	0.526157	0.518638	0.521252	1,303	2,715,630
06/16/2018	0.525353	0.543513	0.518864	0.520854	1,302	2,731,840
06/15/2018	0.372515	0.591744	0.368175	0.525689	2,817	1,937,090
06/14/2018	0.443052	0.593217	0.356615	0.373132	998	2,303,880
06/13/2018	0.571681	0.588919	0.423606	0.443249	3,639	2,972,750
06/12/2018	0.359260	0.598739	0.356572	0.569983	2,639	1,868,160
06/11/2018	0.478070	0.597209	0.348289	0.358911	1,043	2,485,970
06/10/2018	0.664865	0.664865	0.339852	0.478862	1,254	3,457,310
06/09/2018	0.378282	0.697360	0.369791	0.667030	1,413	1,967,070
06/08/2018	0.527228	0.528793	0.378586	0.378594	787	2,741,590
06/07/2018	0.449142	0.724051	0.420077	0.526888	1,783	2,335,550
06/06/2018	0.711377	0.712695	0.448398	0.449312	3,074	3,699,170
06/05/2018	0.716430	0.717189	0.609576	0.711573	2,266	3,725,450
06/04/2018	0.363321	0.727930	0.358016	0.716085	1,644	1,889,270
06/03/2018	0.667511	0.686012	0.362561	0.363151	2	3,471,070
06/02/2018	0.353281	0.670226	0.351300	0.668933	808	1,837,070
06/01/2018	0.673427	0.682335	0.353434	0.353434	102	3,501,830
05/31/2018	0.662675	0.683011	0.659245	0.672945	409	3,445,920
05/30/2018	0.659316	0.677836	0.494671	0.662760	1,053	3,428,450
05/29/2018	0.634522	0.665662	0.500884	0.658112	245	3,299,520
05/28/2018	0.574675	0.709333	0.359733	0.634704	1,829	2,988,320
05/27/2018	0.499388	0.626058	0.492551	0.574746	3,504	2,596,820
05/26/2018	0.653852	0.663014	0.493322	0.498916	1,732	3,400,040
05/25/2018	0.580663	0.666044	0.471841	0.654004	4,189	3,019,460
05/24/2018	0.606607	0.658384	0.538925	0.581836	119	3,154,370
05/23/2018	0.663937	0.669620	0.578684	0.608324	314	3,452,480
05/22/2018	0.524657	0.730724	0.515334	0.663606	3,491	2,728,220
05/21/2018	0.556669	0.694941	0.522406	0.524579	1,421	2,894,690
05/20/2018	0.379702	0.611362	0.363372	0.553790	2,363	1,974,460
05/19/2018	0.370602	0.385312	0.368553	0.379418	4	1,927,140
05/18/2018	0.753483	0.768195	0.357118	0.370659	88	3,918,120
05/17/2018	0.699428	0.804586	0.554905	0.752657	1,759	3,637,040
05/16/2018	0.377515	0.698575	0.360936	0.698575	497	1,963,080
05/15/2018	0.320659	0.789710	0.263891	0.377864	2,878	1,667,430
05/14/2018	0.433894	0.617547	0.319084	0.320965	1,747	2,256,260
05/13/2018	0.818535	0.824162	0.354801	0.433619	2,331	4,256,400
05/12/2018	0.816034	0.822739	0.459838	0.818549	111	4,243,390
05/11/2018	0.460963	0.852649	0.451070	0.818474	405	2,397,020
05/10/2018	0.471198	0.755944	0.449818	0.461443	222	2,450,240
05/09/2018	0.687812	0.689043	0.462941	0.469720	22	3,576,630
05/08/2018	0.505836	0.702202	0.504618	0.692397	334	2,630,360
05/07/2018	0.392004	0.512580	0.365248	0.504992	84	2,038,430
05/06/2018	0.447293	0.693995	0.388306	0.392252	174	2,325,930
05/05/2018	0.611887	0.614547	0.299654	0.446931	34	3,181,820
05/04/2018	0.826423	1.01	0.460943	0.611154	1,390	4,297,410
05/03/2018	0.875769	0.884069	0.364856	0.829345	26,562	4,554,010
05/02/2018	0.627603	0.914474	0.231502	0.875754	2,032	3,263,550
05/01/2018	0.559664	0.626837	0.395197	0.626837	4	2,910,260
04/30/2018	0.559176	0.616818	0.511057	0.560173	724	2,907,730
04/29/2018	0.631633	0.705877	0.552825	0.560482	1,496	3,284,500
04/28/2018	0.549536	0.655456	0.547403	0.635812	152	2,857,600
04/27/2018	0.996077	0.999386	0.551821	0.551821	589	5,179,620
04/26/2018	0.732476	0.994701	0.606777	0.994701	1,991	3,808,890
04/25/2018	0.964364	0.964364	0.648013	0.729756	2,368	5,014,710
04/24/2018	0.540718	0.961448	0.540619	0.958962	0	2,811,740
04/23/2018	0.517333	0.541820	0.514154	0.540661	34	2,690,140
04/22/2018	0.499353	0.528019	0.488441	0.516561	84	2,596,640
04/21/2018	0.972609	0.986940	0.473380	0.494801	175	5,057,580
04/20/2018	0.888130	0.981315	0.877091	0.972275	49	4,618,290
04/19/2018	0.656133	0.888204	0.491327	0.885866	232	3,411,900
04/18/2018	0.367730	0.882890	0.367588	0.655838	597	1,912,200
04/17/2018	0.814960	0.893286	0.364302	0.367803	107	4,237,810
04/16/2018	0.501552	0.815705	0.483638	0.815705	979	2,608,080
04/15/2018	0.746515	0.780993	0.497480	0.501763	7	3,881,890
04/14/2018	0.771071	0.811388	0.740856	0.745715	127	4,009,580
04/13/2018	0.792690	0.826835	0.744095	0.777090	2,137	4,122,000
04/12/2018	0.762476	0.795357	0.384755	0.792006	7,595	3,964,890
04/11/2018	0.566262	0.760290	0.481952	0.760290	1,161	2,944,570
04/10/2018	0.442539	0.747343	0.436410	0.565817	4,417	2,301,210
04/09/2018	0.471007	0.591637	0.438535	0.440609	148	2,449,250
04/08/2018	0.734246	0.758262	0.104674	0.470235	261	3,818,090
04/07/2018	0.701903	0.753913	0.701235	0.733884	40	3,649,910
04/06/2018	0.529653	0.703178	0.487452	0.702058	176	2,754,210
04/05/2018	0.521460	0.674675	0.493782	0.529692	742	2,711,600
04/04/2018	0.586868	0.592730	0.513321	0.522483	833	3,051,720
04/03/2018	0.651891	0.693963	0.574828	0.586815	471	3,389,840
04/02/2018	0.558528	0.709830	0.558165	0.651168	195	2,904,360
04/01/2018	0.580824	0.596370	0.541486	0.561093	21	3,020,300
03/31/2018	0.604544	0.629043	0.555498	0.579688	3,495	3,143,640
03/30/2018	0.575545	0.606201	0.532759	0.606166	48	2,992,850
03/29/2018	0.722631	0.841499	0.571791	0.573919	46	3,757,700
03/28/2018	0.795119	1.01	0.713630	0.723433	15	4,134,630
03/27/2018	0.692127	0.829112	0.516649	0.794877	333	3,599,070
03/26/2018	0.748339	0.847686	0.663747	0.692805	8,875	3,891,370
03/25/2018	0.762107	0.836190	0.746407	0.748888	7,799	3,962,970
03/24/2018	0.775832	0.817857	0.765284	0.772743	71	4,034,340
03/23/2018	0.920212	0.942638	0.760126	0.769525	105	4,785,120
03/22/2018	0.834141	0.851243	0.774199	0.809483	4	4,337,540
03/21/2018	0.859012	1.09	0.817673	0.831917	2,625	4,466,870
03/20/2018	0.802078	0.868509	0.777593	0.857720	2,421	4,170,820
03/19/2018	0.903019	0.927877	0.794483	0.794857	2,052	4,695,720
03/18/2018	0.875510	0.988575	0.756448	0.906145	1,085	4,552,660
03/17/2018	1.01	1.03	0.866803	0.876825	10	5,248,590
03/16/2018	0.955717	1.04	0.862865	1.01	60	4,969,740
03/15/2018	0.780162	1.05	0.725907	0.956685	1,855	4,056,850
03/14/2018	1.04	1.09	0.760094	0.780509	1,565	5,424,650
03/13/2018	1.09	1.15	0.892747	1.04	15,197	5,649,500
03/12/2018	0.981503	1.10	0.887015	1.09	1,603	5,103,830
03/11/2018	0.887624	0.996252	0.856543	0.974054	546	4,615,660
03/10/2018	0.977455	1.03	0.759226	0.890928	4,241	5,082,780
03/09/2018	1.14	1.15	0.852838	0.980976	3,567	5,908,570
03/08/2018	1.01	1.28	0.990716	1.14	8,653	5,252,350
03/07/2018	1.05	1.06	0.938416	1.01	1,668	5,459,080
03/06/2018	1.24	1.24	1.04	1.05	1,556	6,445,660
03/05/2018	1.18	1.28	1.17	1.24	1,032	6,134,630
03/04/2018	1.20	1.20	1.15	1.18	3,349	6,232,340
03/03/2018	1.15	1.20	1.14	1.20	142	5,954,980
03/02/2018	1.13	1.15	1.13	1.14	890	5,897,020
03/01/2018	0.916561	1.40	0.911618	1.14	9,577	4,766,130
02/28/2018	0.914758	1.13	0.850782	0.915214	1,379	4,756,760
02/27/2018	1.05	1.20	0.862494	0.916286	15,607	5,460,840
02/26/2018	0.954588	1.08	0.874071	1.05	134	4,963,870
02/25/2018	1.19	1.19	0.896106	0.957137	15,189	6,201,350
02/24/2018	1.09	1.30	1.03	1.19	291	5,651,080
02/23/2018	0.993266	1.50	0.959485	1.09	7,801	5,165,000
02/22/2018	1.27	1.40	0.995591	1.00	837	6,619,380
02/21/2018	1.40	1.49	1.25	1.28	7,801	7,305,050
02/20/2018	1.42	1.70	1.39	1.40	924	7,373,630
02/19/2018	1.31	1.43	1.30	1.42	1,743	6,802,890
02/18/2018	1.31	1.70	1.24	1.31	371	6,801,900
02/17/2018	1.61	1.66	1.26	1.31	38,442	8,383,390
02/16/2018	1.61	1.80	1.45	1.60	64,783	8,379,850
02/15/2018	1.21	1.89	1.20	1.59	85,067	6,275,870
02/14/2018	0.916307	1.41	0.913812	1.21	7,877	4,764,810
02/13/2018	1.35	1.36	0.914359	0.918011	16,490	7,035,700
02/12/2018	1.28	1.40	1.28	1.35	11,506	6,677,590
02/11/2018	1.32	1.32	1.19	1.28	79	6,880,350
02/10/2018	1.54	1.68	1.18	1.32	15,768	8,020,220
02/09/2018	1.36	1.57	1.29	1.54	50	7,066,380
02/08/2018	1.06	1.38	0.990929	1.36	1,460	5,534,180
02/07/2018	1.46	1.46	0.973162	1.07	4,400	7,605,760
02/06/2018	1.23	1.49	0.936180	1.47	97,870	6,377,830
02/05/2018	1.03	1.21	0.838592	1.21	29,804	5,374,080
02/04/2018	1.14	1.36	1.00	1.04	4,911	5,923,940
02/03/2018	1.35	1.54	1.12	1.14	3,063	7,005,100
02/02/2018	0.967289	1.55	0.829933	1.34	84,530	5,029,920
02/01/2018	1.12	1.14	0.842348	0.969851	9,180	5,828,970
01/31/2018	1.05	1.14	1.02	1.12	9,096	5,439,910
01/30/2018	1.14	1.16	0.988637	1.00	18	5,940,320
01/29/2018	1.26	1.28	1.06	1.14	1,033	6,577,840
01/28/2018	1.28	1.34	1.27	1.27	1,266	6,676,000
01/27/2018	1.25	1.55	1.23	1.28	18,080	6,513,860
01/26/2018	1.29	1.32	1.14	1.25	8,550	6,731,260
01/25/2018	1.34	1.39	1.23	1.29	2,717	6,993,810
01/24/2018	1.31	1.34	1.19	1.33	5,877	6,798,440
01/23/2018	1.38	1.53	1.31	1.31	40	7,170,880
01/22/2018	1.59	1.65	1.28	1.38	8,678	8,293,920
01/21/2018	1.75	1.75	1.55	1.59	1,367	9,110,960
01/20/2018	1.65	1.93	1.62	1.75	3,861	8,605,200
01/19/2018	1.61	1.80	1.59	1.64	5,499	8,349,570
01/18/2018	1.87	3.03	1.56	1.60	8,618	9,715,310
01/17/2018	0.984509	2.38	0.984509	1.86	69,146	5,119,460
01/16/2018	1.01	1.11	0.820907	0.989406	6,057	5,239,410
01/15/2018	1.12	1.17	0.998948	1.01	2,015	5,828,490
01/14/2018	1.08	1.13	0.954477	1.13	1,152	5,602,850
01/13/2018	1.24	1.42	0.975595	1.08	33,626	6,427,600
01/12/2018	1.10	1.25	1.06	1.24	8,187	5,697,620
01/11/2018	1.26	1.26	0.903569	1.09	14,454	6,566,650
01/10/2018	1.16	1.24	0.867957	1.24	82,837	6,015,960
01/09/2018	1.05	1.29	0.933460	1.16	27,223	5,464,870
01/08/2018	1.05	1.05	0.953746	1.05	42,684	5,466,590
01/07/2018	1.04	1.11	1.00	1.05	19,342	5,397,540
01/06/2018	0.962595	1.05	0.888676	1.04	30,030	5,005,510
01/05/2018	0.610919	0.983912	0.592123	0.961801	24,435	3,176,790
01/04/2018	0.675987	0.902220	0.607076	0.610635	10,314	3,515,150
01/03/2018	0.943023	1.03	0.708824	0.711154	487	4,903,730
01/02/2018	0.503764	0.945744	0.503764	0.944789	4,574	2,619,580
01/01/2018	0.929506	0.929506	0.503803	0.503803	5,310	4,833,450
12/31/2017	0.689313	0.956044	0.549420	0.929544	5,151	3,584,440
12/30/2017	0.883812	0.902578	0.576821	0.694469	2,802	4,595,840
12/29/2017	1.06	1.10	0.832731	0.886203	4,501	5,512,370
12/28/2017	1.02	1.08	0.879317	1.05	2,482	5,295,960
12/27/2017	0.846210	1.13	0.734106	1.02	1,612	4,426,450
12/26/2017	0.862612	1.13	0.660641	0.845097	7,175	4,512,250
12/25/2017	0.857481	0.890016	0.815048	0.864204	10,993	4,485,410
12/24/2017	0.571888	0.894997	0.529398	0.853977	2,529	2,991,500
12/23/2017	0.962145	1.16	0.564742	0.574214	500	5,032,900
12/22/2017	0.955868	1.07	0.649036	0.949751	1,036	5,000,060
12/21/2017	0.701401	1.01	0.591172	0.953327	32,259	3,668,970
12/20/2017	0.901467	0.908584	0.656780	0.702104	4,240	4,715,500
12/19/2017	0.853990	0.933551	0.563189	0.902742	25,763	4,467,150
12/18/2017	0.714910	0.853889	0.270912	0.853138	51,127	3,623,820
12/17/2017	0.916533	0.929139	0.242266	0.712722	34,993	4,645,830
12/16/2017	0.882075	0.935754	0.682977	0.916423	95,346	4,471,160
12/15/2017	0.876763	0.932526	0.659609	0.881454	23,150	4,444,240
12/14/2017	0.745858	0.886183	0.661483	0.874620	64,564	3,780,690
12/13/2017	0.909163	0.926976	0.735312	0.745163	6,807	4,608,470
12/12/2017	0.798135	0.920208	0.685222	0.909212	721	4,045,680
12/11/2017	0.804688	0.823617	0.634368	0.797669	7,658	4,078,900
12/10/2017	0.569044	0.852094	0.499464	0.806994	2,842	2,884,440
12/09/2017	0.595539	0.621283	0.533189	0.567224	1,751	3,018,730
12/08/2017	0.643634	0.644716	0.490876	0.596467	12,662	3,262,520
12/07/2017	0.563245	0.650905	0.549437	0.642989	2,285	2,855,040
12/06/2017	0.466714	0.563302	0.466543	0.563302	5,827	2,365,740
12/05/2017	0.543913	0.550358	0.465429	0.466939	9,400	2,757,050
12/04/2017	0.416265	0.602961	0.413387	0.542543	3,756	2,110,010
12/03/2017	0.547580	0.605162	0.409839	0.417651	195,287	2,775,640
12/02/2017	0.507750	0.580852	0.417541	0.547012	164,032	2,573,740
12/01/2017	0.532444	0.579995	0.391476	0.503487	32,369	2,698,920
11/30/2017	0.440699	0.539742	0.387377	0.534929	9,131	2,233,860
11/29/2017	0.503626	0.564201	0.383534	0.444006	152,793	2,552,840
11/28/2017	0.586935	0.586935	0.487954	0.502988	2,042	2,975,120
11/27/2017	0.477293	0.624079	0.442575	0.586003	13,786	2,419,360
11/26/2017	0.473402	0.497153	0.458996	0.475891	2,376	2,399,630
11/25/2017	0.471164	0.517673	0.412815	0.472450	2,239	2,388,290
11/24/2017	0.522164	0.530665	0.428624	0.471745	7,124	2,646,800
11/23/2017	0.425310	0.534966	0.425310	0.521889	15,618	2,155,860
11/22/2017	0.362176	0.454192	0.335558	0.425554	13,682	1,835,840
11/21/2017	0.466296	0.466961	0.356373	0.360587	1,606	2,363,620
11/20/2017	0.332874	0.485859	0.330240	0.466366	1,346	1,687,310
11/19/2017	0.518011	0.521149	0.329734	0.333062	8,971	2,625,750
11/18/2017	0.550188	0.558250	0.446088	0.518919	956	2,788,860
11/17/2017	0.416512	0.623186	0.379051	0.551834	12,380	2,111,260
11/16/2017	0.420003	0.465331	0.353132	0.417493	2,203	2,128,960
11/15/2017	0.364634	0.434187	0.291073	0.418673	3,808	1,848,300
11/14/2017	0.435970	0.445562	0.361701	0.364386	6,587	2,209,890
11/13/2017	0.373290	0.478300	0.364850	0.436206	1,249	1,892,170
11/12/2017	0.403131	0.403131	0.349944	0.372553	2,123	2,043,430
11/11/2017	0.469658	0.492170	0.395037	0.403111	6,906	2,380,660
11/10/2017	0.439051	0.474625	0.248198	0.470951	9,477	2,225,510
11/09/2017	0.445192	0.463424	0.428595	0.435552	8,440	2,256,640
11/08/2017	0.414330	0.449931	0.400854	0.445898	10,651	2,100,200
11/07/2017	0.345363	0.420346	0.336668	0.417956	11,701	1,750,610
11/06/2017	0.362130	0.392445	0.345794	0.346112	8,691	1,835,600
11/05/2017	0.481857	0.485662	0.355612	0.359674	11,384	2,442,490
11/04/2017	0.483350	0.498742	0.463592	0.484213	8,768	2,450,060
11/03/2017	0.388899	0.492864	0.382479	0.485488	19,149	1,971,290
11/02/2017	0.409117	0.447541	0.370615	0.385036	13,033	2,073,780
11/01/2017	0.422613	0.432162	0.361254	0.412016	14,306	2,142,190
10/31/2017	0.440270	0.457867	0.416765	0.422745	11,187	2,231,690
10/30/2017	0.471810	0.479121	0.429671	0.441184	14,175	2,391,560
10/29/2017	0.601288	0.614704	0.419625	0.473526	27,188	3,047,880
10/28/2017	0.485006	0.608949	0.480812	0.602755	12,342	2,458,450
10/27/2017	0.614155	0.621464	0.455443	0.483904	22,983	3,113,100
10/26/2017	0.594705	0.644979	0.591046	0.614812	13,063	3,014,510
10/25/2017	0.564992	0.599025	0.517396	0.597450	15,519	2,863,900
10/24/2017	0.573237	0.592414	0.562476	0.563637	10,449	2,905,690
10/23/2017	0.609848	0.609945	0.547568	0.571658	7,662	3,091,270
10/22/2017	0.611247	0.617703	0.590891	0.610744	7,025	3,098,360
10/21/2017	0.643501	0.653031	0.596191	0.611400	10,682	3,261,850
10/20/2017	0.668349	0.682083	0.599817	0.645607	14,243	3,387,800
10/19/2017	0.626126	0.674774	0.574162	0.668758	18,144	3,173,780
10/18/2017	0.609273	0.633967	0.556550	0.626206	21,566	3,084,930
10/17/2017	0.452283	0.614638	0.440732	0.609023	19,546	2,290,040
10/16/2017	0.431577	0.459721	0.410847	0.453260	11,435	2,185,200
10/15/2017	0.460500	0.472206	0.418371	0.430086	10,557	2,331,640
10/14/2017	0.460365	0.519863	0.433292	0.460014	9,283	2,330,960
10/13/2017	0.443819	0.480456	0.442846	0.460304	9,814	2,247,180
10/12/2017	0.465979	0.473793	0.433649	0.446920	8,894	2,359,610
10/11/2017	0.458445	0.483987	0.457251	0.465701	8,159	2,321,460
10/10/2017	0.491089	0.503925	0.436471	0.457590	6,981	2,486,770
10/09/2017	0.555493	0.564979	0.418531	0.491662	17,572	2,812,890
10/08/2017	0.562646	0.577711	0.472500	0.555417	12,953	2,849,120
10/07/2017	0.644927	0.646244	0.486858	0.563906	18,309	3,265,770
10/06/2017	0.595917	0.649579	0.592268	0.644979	8,647	3,017,590
10/05/2017	0.574190	0.596380	0.551402	0.596380	7,160	2,907,570
10/04/2017	0.583726	0.609093	0.551547	0.573910	12,157	2,955,860
10/03/2017	0.622204	0.636590	0.569236	0.582746	13,507	3,150,700
10/02/2017	0.549294	0.625861	0.537430	0.622539	12,360	2,781,500
10/01/2017	0.502242	0.556108	0.486805	0.548089	13,066	2,537,140
09/30/2017	0.480478	0.509147	0.468840	0.501923	11,986	2,427,190
09/29/2017	0.476181	0.498817	0.446914	0.480443	8,393	2,405,490
09/28/2017	0.495586	0.497222	0.468614	0.476395	11,448	2,503,510
09/27/2017	0.457285	0.497129	0.446114	0.496459	15,178	2,310,030
09/26/2017	0.458279	0.474640	0.450997	0.458903	13,082	2,315,050
09/25/2017	0.415390	0.462936	0.413245	0.458291	10,919	2,098,390
09/24/2017	0.426666	0.429754	0.393698	0.415219	12,491	2,155,360
09/23/2017	0.433757	0.463902	0.321382	0.427042	16,362	2,189,010
09/22/2017	0.416854	0.440362	0.332484	0.434269	680	2,103,700
09/21/2017	0.447749	0.454350	0.326263	0.416634	1,346	2,259,620
09/20/2017	0.470692	0.498566	0.341985	0.447890	412	2,375,400
09/19/2017	0.434581	0.490012	0.354563	0.471644	3,090	2,193,280
09/18/2017	0.416042	0.449683	0.416042	0.433024	135	2,099,710
09/17/2017	0.425786	0.436532	0.381720	0.416588	5,900	2,148,890
09/16/2017	0.399886	0.427114	0.370239	0.425024	14,080	2,018,170
09/15/2017	0.340590	0.398859	0.266569	0.396971	18,558	1,718,920
09/14/2017	0.418322	0.426019	0.339864	0.339864	7,638	2,111,220
09/13/2017	0.460748	0.460748	0.387059	0.418350	10,334	2,325,340
09/12/2017	0.458634	0.475844	0.424139	0.459388	14,136	2,314,670
09/11/2017	0.417793	0.476646	0.404387	0.458734	16,763	2,108,550
09/10/2017	0.444042	0.449642	0.402785	0.415603	11,300	2,201,500
09/09/2017	0.445950	0.462042	0.435231	0.443560	8,706	2,250,660
09/08/2017	0.503311	0.522791	0.391910	0.446774	17,566	2,540,150
09/07/2017	0.409194	0.561901	0.379940	0.503958	19,740	2,065,150
09/06/2017	0.423572	0.462727	0.390952	0.409288	9,055	2,100,010
09/05/2017	0.457428	0.457428	0.411028	0.422976	16,176	2,267,870
09/04/2017	0.522214	0.522411	0.434324	0.458674	10,817	2,589,070
09/03/2017	0.507457	0.547025	0.500579	0.522639	14,162	2,515,900
09/02/2017	0.542243	0.547847	0.473739	0.507160	3,247	2,688,370
09/01/2017	0.531246	0.553334	0.494303	0.541661	5,574	2,633,850
08/31/2017	0.479632	1.16	0.478166	0.531283	4,324	2,377,950
08/30/2017	0.557248	0.557248	0.475860	0.480177	11,996	2,762,760
08/29/2017	0.543154	0.562530	0.484630	0.557357	2,722	2,692,890
08/28/2017	0.511944	0.545883	0.487105	0.543181	11,486	2,538,150
08/27/2017	0.519407	0.629046	0.508905	0.511523	10,167	2,575,150
08/26/2017	0.542985	0.558986	0.511376	0.522181	4,892	2,692,050
08/25/2017	0.512699	0.569282	0.489993	0.541999	6,885	2,516,260
08/24/2017	0.480165	0.509529	0.470312	0.509302	2,555	2,356,590
08/23/2017	0.441063	0.495882	0.440477	0.480020	1,399	2,164,680
08/22/2017	0.447136	0.460669	0.406761	0.441441	1,118	2,194,480
08/21/2017	0.483000	0.483162	0.437185	0.445762	989	2,370,500
08/20/2017	0.443973	0.487281	0.421893	0.484505	1,769	2,178,960
08/19/2017	0.428213	0.550004	0.379522	0.445819	7,333	2,101,610
08/18/2017	0.462066	0.509017	0.409341	0.427755	5,927	2,178,240
08/17/2017	0.501092	0.503746	0.460048	0.460048	2,846	2,362,210
08/16/2017	0.466086	0.502533	0.451912	0.501050	7,401	2,197,190
08/15/2017	0.464177	0.482712	0.436200	0.466914	8,300	2,188,190
08/14/2017	0.505902	0.513772	0.457111	0.463976	4,809	2,384,890
08/13/2017	0.538805	0.597878	0.446348	0.506581	12,893	2,525,180
08/12/2017	0.565295	0.585374	0.531777	0.539365	4,273	2,649,330
08/11/2017	0.540703	0.574800	0.532318	0.566145	5,420	2,534,080
08/10/2017	0.507162	0.542549	0.491111	0.540722	3,844	2,376,880
08/09/2017	0.479988	0.521504	0.462745	0.508225	3,172	2,249,520
08/08/2017	0.750776	0.756801	0.446563	0.480259	15,649	3,518,610
08/07/2017	0.555617	0.800358	0.555617	0.749364	6,195	2,603,970
08/06/2017	0.559715	0.601794	0.484304	0.556555	10,358	2,623,180
08/05/2017	0.511434	0.577002	0.506810	0.559583	2,766	2,396,900
08/04/2017	0.681267	0.684413	0.507771	0.512208	3,556	3,192,850
08/03/2017	0.773353	0.782037	0.551280	0.680842	7,706	3,624,420
08/02/2017	0.539493	0.799617	0.498328	0.771919	4,019	2,528,410
08/01/2017	0.546356	0.633588	0.531451	0.540531	1,044	2,560,570
07/31/2017	0.581617	0.608340	0.355981	0.546122	1,744	2,725,820
07/30/2017	0.694520	0.730119	0.579210	0.581104	749	3,254,960
07/29/2017	0.712678	0.712678	0.535705	0.694337	800	3,340,060
07/28/2017	0.639184	0.711695	0.520614	0.710045	4,380	2,995,620
07/27/2017	0.639693	0.689638	0.561683	0.638592	2,376	2,998,010
07/26/2017	0.628084	0.638927	0.519931	0.638922	4,271	2,943,600
07/25/2017	0.796329	0.800388	0.560261	0.605951	2,316	3,472,970
07/24/2017	0.655680	0.877314	0.650075	0.796149	670	2,859,560
07/23/2017	0.655022	0.706136	0.601837	0.655900	2,365	2,856,700
07/22/2017	0.655454	0.983658	0.649169	0.655022	1,904	2,858,580
07/21/2017	0.705360	0.713414	0.549533	0.655335	7,793	3,076,230
07/20/2017	0.587170	0.760242	0.585364	0.708922	3,448	2,560,780
07/19/2017	0.797420	0.805935	0.535639	0.589242	4,009	3,477,730
07/18/2017	0.530806	0.798935	0.471571	0.796453	6,482	-
