Date	Open	High	Low	Close	Volume	Market Cap
07/15/2018	0.008453	0.008719	0.007318	0.008635	432	1,584,990
07/14/2018	0.007822	0.009288	0.007738	0.008461	182	1,466,660
07/13/2018	0.007930	0.008018	0.006405	0.007807	413	1,486,880
07/12/2018	0.009330	0.009360	0.007780	0.007907	464	1,749,450
07/11/2018	0.009098	0.009595	0.007969	0.009330	711	1,705,960
07/10/2018	0.010805	0.010848	0.007476	0.009098	2,330	2,025,990
07/09/2018	0.014360	0.014414	0.009368	0.010814	7,018	2,692,440
07/08/2018	0.013427	0.014517	0.012460	0.014362	6,894	2,517,640
07/07/2018	0.014843	0.014952	0.013306	0.013416	7,915	2,783,020
07/06/2018	0.012460	0.022936	0.011128	0.014849	5,591	2,336,160
07/05/2018	0.012339	0.017049	0.012233	0.012465	7,819	2,313,600
07/04/2018	0.012564	0.016920	0.011303	0.012296	588	2,355,810
07/03/2018	0.011766	0.012795	0.011114	0.012559	7,189	2,206,070
07/02/2018	0.009306	0.011757	0.009306	0.011756	276	1,744,830
07/01/2018	0.010530	0.010566	0.009175	0.009299	113	1,974,430
06/30/2018	0.011962	0.011962	0.008984	0.010520	1,248	2,242,950
06/29/2018	0.010118	0.012126	0.009503	0.011955	422	1,897,120
06/28/2018	0.011409	0.011409	0.010050	0.010114	1,048	2,139,250
06/27/2018	0.011447	0.011754	0.011191	0.011550	15	2,146,370
06/26/2018	0.012166	0.012217	0.011469	0.011486	5,946	2,281,130
06/25/2018	0.012820	0.013379	0.012152	0.012166	6,751	2,403,800
06/23/2018	0.013562	0.013937	0.013487	0.013564	7,195	2,542,840
06/22/2018	0.014825	0.014905	0.013242	0.013553	7,189	2,779,640
06/21/2018	0.014948	0.016017	0.014224	0.014829	5,629	2,802,810
06/20/2018	0.014237	0.018309	0.014094	0.014956	11,934	2,669,470
06/19/2018	0.022778	0.022788	0.012601	0.014228	7,073	4,270,870
06/18/2018	0.024643	0.025048	0.017015	0.022792	8,981	4,620,520
06/17/2018	0.023811	0.027536	0.023799	0.024647	7,796	4,464,550
06/16/2018	0.024591	0.025039	0.021016	0.023814	796	4,610,780
06/15/2018	0.021753	0.028033	0.016684	0.024658	13,151	4,078,760
06/14/2018	0.016213	0.021962	0.015998	0.021758	9,218	3,040,020
06/13/2018	0.020320	0.020353	0.015424	0.016175	978	3,810,040
06/12/2018	0.025514	0.026601	0.017798	0.020240	2,351	4,783,840
06/11/2018	0.018085	0.025542	0.016852	0.025503	13,094	3,390,940
06/10/2018	0.020509	0.020509	0.014930	0.018054	1,714	3,845,420
06/09/2018	0.017095	0.021104	0.017091	0.020469	1,135	3,205,310
06/08/2018	0.014551	0.017149	0.014366	0.017091	9,154	2,728,390
06/07/2018	0.013636	0.017137	0.013636	0.014527	17,569	2,556,680
06/06/2018	0.015790	0.017593	0.013605	0.013640	11,994	2,960,590
06/05/2018	0.016462	0.022175	0.014515	0.015822	15,463	3,086,610
06/04/2018	0.017790	0.017996	0.016094	0.016463	16,134	3,335,540
06/03/2018	0.017505	0.018216	0.016918	0.017816	7,632	3,282,170
06/02/2018	0.016795	0.019061	0.016722	0.017527	10,247	3,149,040
06/01/2018	0.017268	0.017375	0.016395	0.016799	4,806	3,237,770
05/31/2018	0.016138	0.017481	0.014837	0.017231	9,376	3,025,900
05/30/2018	0.013790	0.016155	0.013790	0.014924	161	2,585,700
05/29/2018	0.012676	0.016988	0.012676	0.013782	6,657	2,376,760
05/28/2018	0.016603	0.019947	0.012580	0.012713	7,251	3,113,120
05/27/2018	0.019615	0.019615	0.016435	0.016604	5,501	3,677,760
05/26/2018	0.015325	0.020253	0.015181	0.019577	4,279	2,873,450
05/25/2018	0.018058	0.018073	0.014261	0.015323	7,717	3,385,920
05/24/2018	0.013158	0.025826	0.013158	0.018039	8,085	2,467,140
05/23/2018	0.013514	0.014476	0.011949	0.013218	2,493	2,533,950
05/22/2018	0.018125	0.018187	0.013449	0.013541	5,407	3,398,500
05/21/2018	0.023882	0.024911	0.015504	0.018164	10,004	4,477,930
05/20/2018	0.022340	0.025269	0.018300	0.023851	9,126	4,188,800
05/19/2018	0.022257	0.028339	0.021953	0.022322	538	4,173,170
05/18/2018	0.021454	0.024771	0.021101	0.022257	411	4,022,700
05/17/2018	0.022687	0.025874	0.021267	0.021476	706	4,253,780
05/16/2018	0.022223	0.022660	0.022223	0.022660	7	4,166,780
04/29/2018	0.022666	0.023172	0.022666	0.022829	8,425	4,249,920
04/28/2018	0.021389	0.024093	0.021389	0.022664	7,870	4,010,400
04/27/2018	0.022095	0.022828	0.021528	0.021574	11,148	4,142,760
04/26/2018	0.024713	0.026184	0.021424	0.022056	7,955	4,633,760
04/25/2018	0.029634	0.029634	0.023785	0.024473	215	5,556,330
04/24/2018	0.028669	0.029778	0.028272	0.029644	337	5,375,440
04/22/2018	0.024806	0.026016	0.024362	0.025504	3,335	4,651,090
04/21/2018	0.032950	0.033601	0.023093	0.024806	1,410	6,178,140
04/20/2018	0.022768	0.023442	0.022415	0.022561	1,182	4,268,970
04/19/2018	0.021401	0.022795	0.021263	0.022795	1,154	4,012,620
04/18/2018	0.028499	0.029155	0.028424	0.029105	257	5,343,490
04/17/2018	0.029173	0.029409	0.028423	0.028485	1,160	5,470,010
04/16/2018	0.022483	0.022609	0.021274	0.021579	1,735	4,215,500
04/15/2018	0.021594	0.022453	0.021553	0.022453	1,769	4,048,850
04/12/2018	0.018087	0.018405	0.017551	0.017862	3,329	3,391,380
04/11/2018	0.017377	0.018178	0.017288	0.018178	5,644	3,258,250
04/07/2018	0.015170	0.016157	0.015153	0.015919	498	2,844,330
04/06/2018	0.017382	0.017542	0.015026	0.015174	729	3,259,100
04/05/2018	0.017529	0.017748	0.017086	0.017449	1,684	3,286,780
04/04/2018	0.019015	0.019054	0.017091	0.017677	265	3,565,250
04/03/2018	0.020400	0.022110	0.018836	0.018977	995	3,825,070
04/02/2018	0.020549	0.020592	0.020058	0.020378	4,256	3,852,970
04/01/2018	0.074558	0.075444	0.068651	0.071824	6,221	13,979,600
03/31/2018	0.039718	0.077247	0.039671	0.074534	309,220	7,447,150
03/22/2018	0.038072	0.039256	0.038031	0.038771	1,482	7,138,430
03/21/2018	0.039460	0.040104	0.037093	0.037979	1,451	7,398,750
03/20/2018	0.030559	0.030559	0.028437	0.028747	389	5,729,780
03/19/2018	0.018815	0.030637	0.018208	0.030317	351	3,527,830
03/18/2018	0.016366	0.019549	0.016009	0.018891	953	3,068,690
03/17/2018	0.030743	0.031156	0.027908	0.028328	54	5,764,280
03/16/2018	0.031191	0.038622	0.029941	0.030723	139	5,848,270
03/15/2018	0.030898	0.031650	0.028958	0.031227	163	5,793,310
03/14/2018	0.035264	0.044197	0.029700	0.030876	1,017	6,612,060
03/13/2018	0.035432	0.035682	0.034814	0.035251	744	6,643,520
03/10/2018	0.036493	0.037467	0.036342	0.036781	1,823	6,842,490
03/09/2018	0.035869	0.036605	0.032391	0.036512	1,867	6,725,420
03/08/2018	0.055485	0.056106	0.035495	0.035935	1,835	10,403,400
03/07/2018	0.041395	0.041709	0.036399	0.037624	945	7,761,530
03/06/2018	0.064748	0.064748	0.041033	0.041354	2,250	12,140,200
03/05/2018	0.043248	0.068026	0.043195	0.064761	1,310	8,108,950
03/04/2018	0.042841	0.067457	0.042042	0.043235	724	8,032,720
03/03/2018	0.067536	0.068320	0.042751	0.042848	122	12,662,900
03/02/2018	0.069538	0.069945	0.065671	0.067589	3	13,038,300
03/01/2018	0.042841	0.070315	0.042710	0.069558	1,108	8,032,720
02/28/2018	0.067480	0.068231	0.042825	0.042827	680	12,652,600
02/27/2018	0.066768	0.068741	0.066485	0.067456	1,204	12,519,000
02/26/2018	0.067090	0.067904	0.050405	0.066585	394	12,579,300
02/25/2018	0.052852	0.067603	0.052401	0.067046	1	9,909,780
02/24/2018	0.075317	0.076643	0.051531	0.052976	1,429	14,122,000
02/23/2018	0.074160	0.075465	0.072773	0.075381	515	13,905,000
02/10/2018	0.095639	0.099077	0.090038	0.091554	25	17,932,300
02/09/2018	8.00	8.09	0.085592	0.095673	26	1,500,920,000
02/08/2018	0.062608	2.32	0.062608	1.68	482	11,739,100
02/07/2018	0.086049	0.091756	0.062635	0.062769	245	16,134,200
02/06/2018	0.075803	0.087046	0.061978	0.086297	1,984	14,213,100
02/05/2018	0.108898	0.111819	0.058277	0.075534	7,878	20,418,300
02/04/2018	0.106847	0.152174	0.081669	0.109963	21,753	20,033,800
02/03/2018	0.282244	0.432303	0.078893	0.106879	3,423	-
02/02/2018	0.085911	0.284138	0.080880	0.280884	858	-
02/01/2018	0.326836	0.331095	0.085576	0.086105	4,097	-
01/31/2018	0.095480	0.326213	0.092428	0.326213	3,548	-
01/30/2018	0.090824	0.542365	0.069086	0.095151	7,126	-
01/29/2018	0.129176	0.164525	0.093408	0.094266	7,601	-
01/28/2018	0.163787	0.177011	0.121999	0.129367	10,150	-
01/27/2018	0.136718	0.166021	0.093323	0.162643	22,349	-
01/26/2018	0.222553	0.378925	0.133919	0.136708	6,512	-
01/25/2018	0.148639	0.230003	0.113359	0.223330	13,686	-
01/24/2018	0.489622	0.491614	0.131443	0.147553	20,575	-
01/23/2018	0.169051	0.554173	0.134756	0.489476	396	-
01/22/2018	0.223311	0.225864	0.130767	0.169359	12,769	-
01/21/2018	0.214343	0.300971	0.184650	0.222261	11,633	-
01/20/2018	0.238124	0.394222	0.196080	0.213880	8,387	-
01/19/2018	0.177238	0.236599	0.139059	0.236599	17,817	-
01/18/2018	0.192189	0.214190	0.157625	0.178563	15,927	-
01/17/2018	0.131923	0.194829	0.109998	0.190048	75,564	-
01/16/2018	0.191318	0.191771	0.108574	0.132410	31,009	-
01/15/2018	0.217960	0.223570	0.158660	0.190935	38,777	-
01/14/2018	0.499981	0.515558	0.165716	0.218008	69,212	-
01/13/2018	0.299574	0.499511	0.272906	0.499511	19,927	-
01/12/2018	0.286952	0.343071	0.258373	0.299611	233,939	-
01/11/2018	0.293632	0.342316	0.258662	0.263444	121,659	-
01/10/2018	0.320697	0.344994	0.245996	0.294288	202,883	-
01/09/2018	0.312454	0.339773	0.302811	0.320559	8,875	-
01/08/2018	0.336379	0.404181	0.252254	0.313345	62,446	-
01/07/2018	0.181093	0.337296	0.174286	0.337296	147,654	-
01/06/2018	0.163230	0.208131	0.142922	0.181165	71,660	-
01/05/2018	0.108687	0.173010	0.107761	0.162457	18,362	-
01/04/2018	0.112325	0.114053	0.086256	0.109138	46,559	-
01/03/2018	0.074093	0.113122	0.073690	0.112146	43,409	-
01/02/2018	0.082414	0.101093	0.070928	0.073750	12,397	-
01/01/2018	0.107974	0.107974	0.066430	0.082222	45,424	-
12/31/2017	0.078586	0.116101	0.070902	0.108111	12,713	-
12/30/2017	0.083708	0.083708	0.061283	0.079278	45,183	-
12/29/2017	0.088506	0.089380	0.060498	0.083737	38,474	-
12/28/2017	0.084405	0.095883	0.067784	0.087976	16,509	-
12/27/2017	0.086753	0.088339	0.074873	0.084545	82,823	-
12/26/2017	0.088063	0.092971	0.086244	0.086556	16,485	-
12/25/2017	0.086204	0.094475	0.074283	0.088031	7,509	-
12/24/2017	0.097947	0.097947	0.062126	0.085781	29,662	-
12/23/2017	0.093097	0.139160	0.087932	0.096802	16,054	-
12/22/2017	0.110727	0.111237	0.059472	0.092336	9,678	-
12/21/2017	0.107910	0.115816	0.104285	0.110309	3,481	-
12/20/2017	0.108942	0.109375	0.104114	0.107795	11,977	-
