Date	Open	High	Low	Close	Volume	Market Cap
07/15/2018	0.011377	0.011437	0.010879	0.011076	67,833	546,596
07/14/2018	0.012370	0.012413	0.011387	0.011387	55,203	594,299
07/13/2018	0.012274	0.012582	0.012126	0.012372	60,563	589,711
07/12/2018	0.012995	0.012995	0.012014	0.012250	44,650	624,322
07/11/2018	0.012112	0.015051	0.012112	0.013018	90,395	581,899
07/10/2018	0.013383	0.013424	0.011866	0.012111	69,844	642,978
07/09/2018	0.014783	0.014820	0.013338	0.013389	67,661	710,220
07/08/2018	0.013973	0.015044	0.013313	0.014786	96,878	671,304
07/07/2018	0.014700	0.014865	0.013431	0.013972	57,421	706,237
07/06/2018	0.012962	0.014667	0.012537	0.014667	68,671	622,737
07/05/2018	0.014496	0.014753	0.012736	0.012967	53,441	696,431
07/04/2018	0.014868	0.015239	0.014433	0.014458	65,468	714,323
07/03/2018	0.015352	0.015637	0.014802	0.014874	68,483	737,552
07/02/2018	0.014928	0.015539	0.014446	0.015383	57,828	717,210
07/01/2018	0.014891	0.015206	0.014668	0.014923	63,590	715,404
06/30/2018	0.014015	0.014908	0.014015	0.014868	58,723	673,356
06/29/2018	0.013161	0.014157	0.012198	0.014032	67,363	632,331
06/28/2018	0.014080	0.014121	0.013040	0.013154	49,802	676,466
06/27/2018	0.014053	0.014486	0.013879	0.014069	36,069	675,154
06/26/2018	0.014646	0.015132	0.014044	0.014070	55,195	703,678
06/25/2018	0.014938	0.015213	0.014321	0.014646	63,144	717,694
06/24/2018	0.016112	0.016332	0.014417	0.014847	53,185	774,088
06/23/2018	0.014012	0.016423	0.014012	0.016114	108,746	673,206
06/22/2018	0.015637	0.017376	0.013972	0.014004	71,610	751,281
06/21/2018	0.017905	0.018315	0.015623	0.015623	56,825	860,242
06/20/2018	0.017493	0.019013	0.016749	0.017956	42,305	840,459
06/19/2018	0.017700	0.017875	0.016884	0.017482	47,713	850,363
06/18/2018	0.016541	0.018157	0.015974	0.017640	61,586	794,686
06/17/2018	0.019282	0.021511	0.016488	0.016577	66,624	926,379
06/16/2018	0.016143	0.019634	0.015748	0.019271	56,015	775,592
06/15/2018	0.017456	0.017500	0.016004	0.016189	16,580	838,641
06/14/2018	0.016792	0.017898	0.015934	0.017470	62,991	806,747
06/13/2018	0.017575	0.017728	0.016299	0.016776	46,955	844,387
06/12/2018	0.019083	0.019083	0.017359	0.017520	47,606	916,835
06/11/2018	0.018767	0.019313	0.018488	0.019095	47,646	901,627
06/10/2018	0.020872	0.020872	0.018364	0.018741	58,370	1,002,780
06/09/2018	0.021325	0.021403	0.020615	0.020841	50,270	1,024,530
06/08/2018	0.021800	0.022117	0.020875	0.021329	47,225	1,047,360
06/07/2018	0.021554	0.022124	0.021189	0.021774	24,354	1,035,550
06/06/2018	0.022065	0.027930	0.020953	0.021547	106,861	1,060,110
06/05/2018	0.022361	0.022459	0.021498	0.022101	48,658	1,074,300
06/04/2018	0.023661	0.023891	0.022107	0.022357	66,085	1,136,760
06/03/2018	0.023446	0.024129	0.022894	0.023873	81,532	1,126,450
06/02/2018	0.026427	0.026427	0.022278	0.023453	59,061	1,269,660
06/01/2018	0.018619	0.033440	0.018571	0.026430	118,150	894,521
05/31/2018	0.018812	0.018948	0.018202	0.018592	53,540	903,788
05/30/2018	0.018742	0.019450	0.018102	0.018821	77,522	900,431
05/29/2018	0.017386	0.018923	0.017300	0.018723	58,719	835,314
05/28/2018	0.018313	0.018340	0.017005	0.017412	57,218	879,838
05/27/2018	0.018089	0.018330	0.017751	0.018312	53,117	869,051
05/26/2018	0.017803	0.018612	0.017682	0.018026	70,982	855,348
05/25/2018	0.018768	0.018768	0.017435	0.017823	50,828	901,710
05/24/2018	0.018716	0.020213	0.018130	0.018741	84,981	899,190
05/23/2018	0.020248	0.020359	0.018483	0.018774	53,298	972,781
05/22/2018	0.021420	0.021465	0.020142	0.020288	35,026	1,029,110
05/21/2018	0.022021	0.022136	0.021208	0.021583	62,436	1,058,000
05/20/2018	0.021581	0.022272	0.021485	0.022010	38,155	1,036,830
05/19/2018	0.021347	0.022169	0.021036	0.021562	54,629	1,025,580
05/18/2018	0.020478	0.021559	0.020263	0.021348	41,699	983,844
05/17/2018	0.021018	0.022033	0.020418	0.020519	35,865	1,009,770
05/16/2018	0.022500	0.022551	0.020275	0.020999	75,488	1,081,000
05/15/2018	0.021464	0.023308	0.021170	0.022502	51,496	1,031,240
05/14/2018	0.021272	0.021648	0.020282	0.021447	66,098	1,022,010
05/13/2018	0.020816	0.021683	0.020454	0.021379	59,121	1,000,090
05/12/2018	0.020515	0.021229	0.020009	0.020840	53,144	985,616
05/11/2018	0.022533	0.022732	0.019407	0.021103	66,744	1,082,580
05/10/2018	0.023513	0.023672	0.022481	0.022511	61,364	1,129,680
05/09/2018	0.023378	0.023606	0.022582	0.023511	63,939	1,123,160
05/08/2018	0.024002	0.024433	0.022978	0.023415	71,948	1,153,180
05/07/2018	0.023915	0.024434	0.022610	0.023993	75,434	1,148,990
05/06/2018	0.024694	0.025081	0.023218	0.023900	93,364	1,186,390
05/05/2018	0.023491	0.025027	0.023484	0.024697	65,727	1,128,590
05/04/2018	0.022167	0.023689	0.021765	0.023526	62,858	1,064,970
05/03/2018	0.023166	0.024321	0.021940	0.022197	249,770	1,113,000
05/02/2018	0.022909	0.023425	0.020562	0.023175	269,236	1,100,650
05/01/2018	0.020478	0.023442	0.019907	0.022962	296,042	983,824
04/30/2018	0.022761	0.027736	0.020357	0.020415	250,177	1,093,510
04/29/2018	0.023455	0.023932	0.021875	0.022766	166,967	1,126,880
04/28/2018	0.021139	0.023781	0.021111	0.023459	332,608	1,015,610
04/27/2018	0.024687	0.024687	0.021254	0.021254	162,968	1,186,040
04/26/2018	0.024231	0.024719	0.023314	0.024653	120,352	1,164,180
04/25/2018	0.026951	0.027168	0.023872	0.024022	127,785	1,294,820
04/24/2018	0.024703	0.027564	0.023777	0.027072	221,280	1,186,830
04/23/2018	0.023337	0.024640	0.023321	0.024628	202,754	1,121,190
04/22/2018	0.024697	0.024865	0.023107	0.023401	239,979	1,186,550
04/21/2018	0.024799	0.025131	0.023928	0.024697	190,536	1,191,440
04/20/2018	0.021666	0.024988	0.021507	0.024799	279,321	1,040,900
04/19/2018	0.022448	0.022904	0.021301	0.021718	226,803	1,078,500
04/18/2018	0.021635	0.022491	0.021038	0.022439	227,536	1,039,460
04/17/2018	0.022209	0.022745	0.021709	0.021753	336,297	1,066,990
04/16/2018	0.023855	0.024289	0.021915	0.022246	351,725	1,146,090
04/15/2018	0.020711	0.023935	0.017983	0.023935	403,982	995,037
04/14/2018	0.022497	0.023421	0.020689	0.020708	113,304	1,080,870
04/13/2018	0.022500	0.023983	0.020456	0.022425	200,513	1,080,980
04/12/2018	0.017937	0.022571	0.017758	0.022498	129,398	861,755
04/11/2018	0.017056	0.018005	0.017052	0.018005	116,569	819,460
04/10/2018	0.018197	0.018384	0.016717	0.017029	175,152	874,277
04/09/2018	0.018672	0.019199	0.016944	0.018154	413,578	897,052
04/08/2018	0.018238	0.018964	0.017826	0.018636	253,721	876,200
04/07/2018	0.017395	0.018894	0.017350	0.018229	269,388	835,732
04/06/2018	0.017952	0.018239	0.016831	0.017383	251,877	862,480
04/05/2018	0.020187	0.020242	0.017342	0.017992	144,715	969,854
04/04/2018	0.022156	0.022225	0.015628	0.020192	351,261	1,064,460
04/03/2018	0.020494	0.022288	0.020413	0.022149	675,419	984,598
04/02/2018	0.020987	0.021664	0.019982	0.020477	588,269	1,008,290
04/01/2018	0.021511	0.021818	0.019711	0.020929	579,358	1,033,470
03/31/2018	0.021854	0.023072	0.021313	0.021538	774,397	1,049,970
03/30/2018	0.021312	0.022995	0.020216	0.021870	367,465	1,023,920
03/29/2018	0.023357	0.024272	0.020926	0.021384	386,740	1,122,160
03/28/2018	0.026225	0.027710	0.022991	0.023322	394,484	1,259,980
03/27/2018	0.029145	0.029615	0.021274	0.026389	523,712	1,400,240
03/26/2018	0.030889	0.031620	0.027702	0.029195	623,674	1,484,010
03/25/2018	0.031444	0.031740	0.030703	0.031095	525,532	1,510,690
03/24/2018	0.033581	0.034357	0.031141	0.031799	687,596	1,613,370
03/23/2018	0.033282	0.033481	0.031632	0.033288	512,418	1,599,000
03/22/2018	0.034418	0.035300	0.032388	0.033170	412,213	1,653,580
03/21/2018	0.035522	0.036359	0.032295	0.034405	497,636	1,706,610
03/20/2018	0.034132	0.035897	0.022122	0.035375	304,166	1,639,830
03/19/2018	0.033698	0.037205	0.033047	0.033794	595,708	1,619,000
03/18/2018	0.033724	0.034611	0.029537	0.033849	1,121,060	1,620,250
03/17/2018	0.036773	0.036773	0.033054	0.033759	985,843	1,766,710
03/16/2018	0.039212	0.039540	0.036007	0.036777	998,298	1,883,920
03/15/2018	0.043019	0.043193	0.031822	0.039200	327,523	2,066,820
03/14/2018	0.048424	0.049111	0.041624	0.042970	1,304,610	2,326,490
03/13/2018	0.050169	0.051153	0.047241	0.048382	1,164,450	2,410,320
03/12/2018	0.054637	0.055656	0.049429	0.050544	947,458	2,624,980
03/11/2018	0.051869	0.055919	0.050298	0.054764	1,175,560	2,492,000
03/10/2018	0.054339	0.055946	0.051557	0.052018	1,119,160	2,610,680
03/09/2018	0.053730	0.054500	0.048495	0.054349	1,087,300	2,581,400
03/08/2018	0.060115	0.061511	0.043001	0.053970	1,199,800	2,888,150
03/07/2018	0.065286	0.065908	0.057554	0.060335	1,145,540	3,136,600
03/06/2018	0.070721	0.070721	0.064767	0.065472	1,074,240	3,397,730
03/05/2018	0.068799	0.072299	0.062594	0.070916	1,021,340	3,305,380
03/04/2018	0.071442	0.071472	0.068199	0.068815	2,149,060	3,432,380
03/03/2018	0.066383	0.072799	0.066277	0.071295	1,595,570	3,189,330
03/02/2018	0.063223	0.080543	0.063223	0.066472	938,508	3,037,500
03/01/2018	0.078111	0.085665	0.063009	0.063327	1,148,490	3,752,770
02/28/2018	0.084002	0.085575	0.073101	0.078035	689,805	4,035,790
02/27/2018	0.082851	0.085395	0.074134	0.084039	920,504	3,980,470
02/26/2018	0.082043	0.083690	0.066990	0.082648	1,156,920	3,941,660
02/25/2018	0.071530	0.082780	0.064672	0.081958	452,778	3,436,600
02/24/2018	0.066697	0.072413	0.064812	0.071675	557,522	3,204,400
02/23/2018	0.070874	0.076048	0.064642	0.066754	631,832	3,405,070
02/22/2018	0.061048	0.164392	0.057516	0.071318	198,652	2,932,990
02/21/2018	0.058044	0.061082	0.050555	0.061082	21,736	2,788,680
02/20/2018	0.057296	0.065107	0.055204	0.058073	4,868	2,752,730
02/19/2018	0.053650	0.057846	0.053274	0.057270	3,281	2,577,560
02/18/2018	0.064556	0.064962	0.053725	0.053791	3,224	3,101,540
02/17/2018	0.061432	0.069981	0.056426	0.064444	7,428	2,951,430
02/16/2018	0.059882	0.066912	0.058795	0.061433	4,976	2,876,980
02/15/2018	0.057385	0.064226	0.057149	0.060028	4,646	2,757,000
02/14/2018	0.052631	0.059282	0.051616	0.057375	4,192	2,528,600
02/13/2018	0.053767	0.056866	0.051431	0.052660	4,278	2,583,190
02/12/2018	0.055873	0.060020	0.052524	0.053763	75,347	2,684,370
02/11/2018	0.056694	0.069228	0.049372	0.055852	197,354	2,723,800
02/10/2018	0.057137	0.066143	0.050756	0.056695	69,357	2,745,090
02/09/2018	0.058974	0.069078	0.051934	0.056734	127,795	2,833,360
02/08/2018	0.064007	0.070575	0.058884	0.058894	14,597	3,075,130
02/07/2018	0.049097	0.126131	0.047900	0.067469	518,282	2,358,820
02/06/2018	0.048140	0.051392	0.037832	0.049280	965	2,312,810
02/05/2018	0.061394	0.095408	0.046788	0.048101	4,695	2,949,630
02/04/2018	0.070184	0.083034	0.060360	0.061744	10,411	3,371,940
02/03/2018	0.061941	0.072906	0.054388	0.070166	10,115	2,975,890
02/02/2018	0.064131	0.065383	0.050566	0.061790	7,470	3,081,120
02/01/2018	0.094036	0.095196	0.061183	0.064246	8,395	4,517,870
01/31/2018	0.062693	0.109349	0.062537	0.093865	9,746	3,012,000
01/30/2018	0.103001	0.105023	0.062520	0.062557	18,970	4,948,570
01/29/2018	0.117114	0.121615	0.098064	0.102970	8,847	5,626,620
01/28/2018	0.113548	0.121603	0.096730	0.117171	13,656	5,455,310
01/27/2018	0.104200	0.123433	0.092545	0.112949	10,808	5,006,210
01/26/2018	0.115698	0.117365	0.094317	0.104223	17,502	5,558,570
01/25/2018	0.128700	0.135587	0.115550	0.115938	18,194	6,183,260
01/24/2018	0.113939	0.131203	0.104781	0.128859	35,351	5,474,100
01/23/2018	0.132904	0.136414	0.095902	0.113965	16,592	6,385,250
01/22/2018	0.124457	0.143069	0.118570	0.133145	29,389	5,979,390
01/21/2018	0.158345	0.182874	0.122755	0.123773	58,442	7,607,530
01/20/2018	0.118523	0.172783	0.118232	0.159861	49,483	5,694,340
01/19/2018	0.120659	0.127169	0.106041	0.119419	46,391	5,796,940
01/18/2018	0.114901	0.142644	0.105462	0.119219	48,715	5,520,300
01/17/2018	0.129501	0.130986	0.091434	0.114078	37,611	6,221,720
01/16/2018	0.162568	0.165588	0.097493	0.129904	58,833	7,810,400
01/15/2018	0.166401	0.204153	0.147115	0.162053	71,070	7,994,590
01/14/2018	0.195405	0.203376	0.153878	0.161484	78,517	9,388,060
01/13/2018	0.209888	0.239014	0.164721	0.184187	135,128	10,083,900
01/12/2018	0.156897	0.221576	0.137907	0.210019	75,324	7,506,570
01/11/2018	0.218728	0.236213	0.156073	0.156139	93,809	10,464,800
01/10/2018	0.229128	0.265767	0.178208	0.204898	129,882	10,962,400
01/09/2018	0.208390	0.296026	0.170151	0.225286	648,799	9,970,200
01/08/2018	0.117863	0.278134	0.090725	0.176237	771,195	5,639,020
01/07/2018	0.131836	0.137522	0.096810	0.119185	114,959	6,307,540
01/06/2018	0.089083	0.145439	0.089083	0.131884	95,472	4,262,080
01/05/2018	0.078531	0.100666	0.076314	0.089030	39,445	3,757,250
01/04/2018	0.082825	0.097518	0.074976	0.079373	27,861	3,962,680
01/03/2018	0.087688	0.094033	0.060896	0.082768	31,279	4,195,330
01/02/2018	0.086448	0.105383	0.072953	0.087744	63,848	4,136,030
01/01/2018	0.084119	0.097863	0.075815	0.086513	57,522	4,024,570
12/31/2017	0.087625	0.094227	0.077548	0.084003	42,209	4,192,310
12/30/2017	0.182749	0.182749	0.077450	0.095987	236,155	8,743,460
12/29/2017	0.060875	0.215421	0.044047	0.199410	374,409	2,912,500
12/28/2017	0.034538	0.081002	0.032757	0.057968	80,850	1,652,440
12/27/2017	0.038804	0.056354	0.030901	0.034563	12,371	1,856,520
12/26/2017	0.032263	0.055952	0.028958	0.038272	14,590	1,543,590
12/25/2017	0.038153	0.039575	0.027822	0.032273	3,098	-
12/24/2017	0.021121	0.037989	0.019620	0.037873	6,363	-
12/23/2017	0.026526	0.043689	0.017249	0.020771	7,377	-
12/22/2017	0.044479	0.044479	0.021803	0.026376	2,551	-
12/21/2017	0.044205	0.049361	0.022880	0.044346	11,237	-
12/20/2017	0.037205	0.045065	0.021274	0.044137	4,936	-
12/19/2017	0.033634	0.051332	0.029404	0.037241	9,465	-
12/18/2017	0.037280	0.042523	0.031192	0.033677	3,086	-
12/17/2017	0.028775	0.045061	0.028765	0.037302	3,691	-
12/16/2017	0.024774	0.047054	0.023706	0.028754	2,204	-
12/15/2017	0.036490	0.048929	0.024113	0.024736	4,278	-
12/14/2017	0.034238	0.042249	0.031751	0.036448	3,398	-
12/13/2017	0.036552	0.044675	0.032226	0.034264	6,397	-
12/12/2017	0.039430	0.047876	0.036072	0.036533	14,975	-
12/11/2017	0.030991	0.050556	0.030902	0.039590	5,764	-
12/10/2017	0.041994	0.041994	0.030130	0.031137	2,580	-
12/09/2017	0.033130	0.044730	0.021223	0.041836	908	-
12/08/2017	0.020209	0.043332	0.017971	0.033146	727	-
12/07/2017	0.031053	0.035848	0.018734	0.020172	1,646	-
12/06/2017	0.033832	0.035494	0.025419	0.031101	1,353	-
12/05/2017	0.029647	0.034020	0.024228	0.033903	1,240	-
12/04/2017	0.026644	0.032766	0.024078	0.029618	886	-
12/03/2017	0.027053	0.034537	0.022032	0.027522	6,787	-
12/02/2017	0.029249	0.036640	0.027047	0.027047	1,281	-
12/01/2017	0.027102	0.039014	0.026899	0.029250	11,194	-
11/30/2017	0.021185	0.035982	0.017455	0.027193	2,233	-
11/29/2017	0.023397	0.028582	0.011602	0.020951	4,631	-
11/28/2017	0.035487	0.055295	0.009724	0.023389	10,703	-
11/27/2017	0.042835	0.048458	0.035037	0.035485	1,271	-
11/26/2017	0.048109	0.050347	0.036323	0.042839	2,478	-
11/25/2017	0.052076	0.056862	0.040443	0.048115	2,039	-
11/24/2017	0.039117	0.052807	0.029720	0.052129	3,536	-
11/23/2017	0.050640	0.057052	0.039291	0.039291	11,220	-
11/22/2017	0.061280	0.068294	0.044119	0.050546	6,753	-
11/21/2017	0.063370	0.072296	0.057983	0.061206	5,582	-
11/20/2017	0.063537	0.075912	0.062958	0.063444	2,276	-
11/19/2017	0.089938	0.089996	0.061225	0.063594	6,614	-
11/18/2017	0.078206	0.090521	0.076046	0.090164	7,223	-
11/17/2017	0.075400	0.094489	0.070890	0.078338	18,370	-
11/16/2017	0.103868	0.107363	0.070981	0.075466	28,448	-
11/15/2017	0.088502	0.105931	0.088439	0.103949	67,138	-
