Date	Open	High	Low	Close	Volume	Market Cap
07/15/2018	0.072043	0.080183	0.066294	0.068378	12,436	1,364,730
07/14/2018	0.062027	0.072257	0.061789	0.072098	3,367	1,174,980
07/13/2018	0.063261	0.073110	0.060905	0.061921	4,253	1,198,360
07/12/2018	0.077213	0.077213	0.062761	0.063765	6,023	1,451,280
07/11/2018	0.067393	0.077214	0.067387	0.077214	19,881	1,253,240
07/10/2018	0.071400	0.071783	0.065585	0.067424	1,800	1,327,750
07/09/2018	0.074612	0.074946	0.069857	0.071438	2,048	1,387,480
07/08/2018	0.071231	0.078216	0.071231	0.074625	3,362	1,324,600
07/07/2018	0.073203	0.078920	0.068858	0.071214	8,012	1,361,270
07/06/2018	0.077525	0.081642	0.071705	0.073273	2,363	1,441,650
07/05/2018	0.072259	0.077661	0.066145	0.077550	4,690	1,343,720
07/04/2018	0.070097	0.078448	0.067497	0.072023	13,089	1,289,490
07/03/2018	0.071764	0.082000	0.070254	0.070717	2,922	1,320,150
07/02/2018	0.070933	0.075371	0.062473	0.071999	7,280	1,304,870
07/01/2018	0.077440	0.088335	0.067404	0.070880	8,190	1,424,570
06/30/2018	0.074298	0.088529	0.071626	0.077422	872	1,366,770
06/29/2018	0.073980	0.082067	0.065914	0.074244	6,693	1,360,920
06/28/2018	0.066302	0.078006	0.066302	0.073938	3,092	1,219,680
06/27/2018	0.076611	0.079173	0.063265	0.066202	4,475	1,409,330
06/26/2018	0.064542	0.089182	0.063968	0.076746	1,847	1,187,310
06/25/2018	0.071041	0.080341	0.064474	0.064542	11,072	1,292,660
06/24/2018	0.083032	0.083307	0.067805	0.071314	16,250	1,497,570
06/23/2018	0.079033	0.088373	0.078285	0.083055	8,145	1,425,450
06/22/2018	0.091746	0.093005	0.078752	0.085366	6,651	1,654,740
06/21/2018	0.088534	0.102019	0.085055	0.091777	16,131	1,579,100
06/20/2018	0.087133	0.092690	0.083590	0.088561	2,571	1,554,120
06/19/2018	0.081853	0.095145	0.079229	0.087078	1,579	286,487
06/18/2018	0.083768	0.097670	0.076215	0.081901	11,672	293,187
06/17/2018	0.079639	0.084819	0.078655	0.084002	1,679	278,735
06/16/2018	0.077664	0.087597	0.077508	0.079562	2,424	271,825
06/15/2018	0.094464	0.103278	0.077505	0.077936	3,954	330,625
06/14/2018	0.087108	0.112682	0.083252	0.094509	33,296	304,877
06/13/2018	0.099914	0.100731	0.086129	0.087003	11,357	349,699
06/12/2018	0.112142	0.127516	0.098499	0.099535	25,061	392,498
06/11/2018	0.121528	0.123304	0.105156	0.112108	21,987	425,347
06/10/2018	0.122444	0.140491	0.112061	0.121332	7,490	428,553
06/09/2018	0.126928	0.132151	0.121498	0.122254	4,088	444,248
06/08/2018	0.127483	0.130679	0.119176	0.126963	17,771	446,191
06/07/2018	0.136176	0.143702	0.126648	0.127346	26,754	476,616
06/06/2018	0.141361	0.148029	0.131646	0.136146	17,161	494,765
06/05/2018	0.148694	0.148973	0.137650	0.141408	3,741	520,430
06/04/2018	0.150927	0.159399	0.141743	0.148654	2,107	528,243
06/03/2018	0.146383	0.168256	0.138394	0.151100	47,700	512,340
06/02/2018	0.147533	0.154051	0.144960	0.146414	3,756	516,364
06/01/2018	0.160388	0.170569	0.143749	0.147589	2,309	561,359
05/31/2018	0.140877	0.170467	0.136618	0.160106	9,068	493,069
05/30/2018	0.139666	0.146227	0.135095	0.140933	3,017	488,832
05/29/2018	0.127904	0.147116	0.126125	0.139575	6,536	447,665
05/28/2018	0.146214	0.150977	0.127936	0.128163	25,871	511,749
05/27/2018	0.156990	0.157908	0.141261	0.146194	4,213	549,464
05/26/2018	0.162129	0.176338	0.150445	0.156724	34,342	567,450
05/25/2018	0.181202	0.187099	0.160527	0.162293	7,112	634,208
05/24/2018	0.158069	0.182240	0.155714	0.180901	5,100	553,242
05/23/2018	0.182533	0.185742	0.152872	0.158544	5,786	638,866
05/22/2018	0.187233	0.191833	0.173464	0.182820	14,331	655,314
05/21/2018	0.213076	0.213338	0.182287	0.187326	20,553	745,766
05/20/2018	0.170704	0.220216	0.163083	0.212805	108,636	597,463
05/19/2018	0.150146	0.170794	0.149253	0.170570	11,399	525,510
05/18/2018	0.163143	0.163855	0.144348	0.150165	8,190	571,001
05/17/2018	0.147470	0.165443	0.139918	0.163182	41,242	516,145
05/16/2018	0.149625	0.152471	0.142023	0.147323	10,205	523,687
05/15/2018	0.148190	0.169677	0.148118	0.149117	24,669	518,664
05/14/2018	0.163940	0.169874	0.140114	0.148440	30,079	573,790
05/13/2018	0.167116	0.183177	0.154450	0.163980	25,426	584,906
05/12/2018	0.153277	0.168775	0.143289	0.167239	28,470	536,470
05/11/2018	0.185423	0.185423	0.152702	0.153084	17,810	648,979
05/10/2018	0.161785	0.215227	0.161785	0.185219	46,838	566,248
05/09/2018	0.157202	0.167312	0.154874	0.161890	15,315	550,207
05/08/2018	0.136388	0.163785	0.136388	0.157439	17,372	477,359
05/07/2018	0.139702	0.157679	0.134611	0.135712	47,859	488,956
05/06/2018	0.171229	0.172961	0.133339	0.139603	39,195	599,302
05/05/2018	0.147419	0.171513	0.147128	0.171136	23,391	515,967
05/04/2018	0.149043	0.152952	0.143820	0.147434	20,365	521,649
05/03/2018	0.165879	0.166118	0.141738	0.149217	28,735	580,575
05/02/2018	0.162730	0.168338	0.149776	0.165875	63,443	569,554
05/01/2018	0.175278	0.175278	0.148716	0.163090	73,873	613,473
04/30/2018	0.174412	0.186848	0.155079	0.174945	65,475	610,442
04/29/2018	0.152591	0.177206	0.152254	0.170617	23,707	534,070
04/28/2018	0.147600	0.174824	0.143286	0.155722	15,752	516,598
04/27/2018	0.170858	0.170858	0.131089	0.148246	34,852	598,004
04/26/2018	0.149758	0.197306	0.125611	0.170614	73,690	524,151
04/25/2018	0.199327	0.199327	0.127083	0.148419	69,069	697,646
04/24/2018	0.183459	0.208957	0.183459	0.188826	60,982	642,106
04/23/2018	0.136700	0.210755	0.132685	0.183353	110,696	478,449
04/22/2018	0.109350	0.169864	0.102059	0.137051	88,394	382,724
04/21/2018	0.095146	0.118954	0.089486	0.109350	66,899	333,011
04/20/2018	0.091107	0.099526	0.081341	0.095147	46,587	318,873
04/19/2018	0.095553	0.104988	0.077184	0.091081	49,026	334,434
04/18/2018	0.096027	0.117917	0.087071	0.095491	36,571	336,096
04/17/2018	0.099623	0.105479	0.086403	0.095955	12,336	348,679
04/16/2018	0.118553	0.133574	0.105626	0.120538	9,119	414,937
04/15/2018	0.116745	0.148467	0.106506	0.118511	26,663	408,609
04/14/2018	0.090146	0.124466	0.083917	0.123507	34,421	315,512
04/13/2018	0.079971	0.094000	0.079971	0.090146	16,101	279,898
04/12/2018	0.065963	0.089975	0.062708	0.079848	8,492	230,871
04/11/2018	0.076126	0.080533	0.056792	0.066203	24,825	266,442
04/10/2018	0.071041	0.082966	0.067943	0.076004	19,956	248,644
04/09/2018	0.081703	0.083047	0.067114	0.070940	9,856	285,961
04/08/2018	0.085998	0.087151	0.076665	0.081536	8,242	300,991
04/07/2018	0.092984	0.092984	0.077538	0.085959	10,313	325,444
04/06/2018	0.083708	0.098292	0.074205	0.092928	22,555	292,978
04/05/2018	0.076912	0.090698	0.072260	0.084105	22,676	269,192
04/04/2018	0.085441	0.090094	0.072634	0.076910	7,645	299,042
04/03/2018	0.064115	0.091010	0.060219	0.085349	17,395	224,401
04/02/2018	0.122854	0.126141	0.060695	0.064061	26,101	429,988
04/01/2018	0.125443	0.127497	0.105795	0.122374	10,378	439,052
03/31/2018	0.101559	0.130275	0.101559	0.125806	5,085	355,458
03/30/2018	0.104702	0.107673	0.088690	0.101571	5,706	366,456
03/29/2018	0.094653	0.110319	0.086819	0.104033	3,037	331,286
03/28/2018	0.112938	0.114027	0.094826	0.097657	7,106	395,283
03/27/2018	0.082595	0.116166	0.077298	0.112939	10,854	289,081
03/26/2018	0.094648	0.095390	0.079182	0.082688	5,087	331,269
03/25/2018	0.098833	0.103875	0.094635	0.094795	4,704	345,917
03/24/2018	0.108762	0.110333	0.096142	0.100186	3,346	380,667
03/23/2018	0.106241	0.111504	0.094469	0.107362	5,307	371,843
03/22/2018	0.100016	0.116332	0.093407	0.106254	7,335	350,056
03/21/2018	0.092509	0.103742	0.089118	0.100075	9,909	323,783
03/20/2018	0.098176	0.100741	0.088164	0.092171	12,518	343,614
03/19/2018	0.089169	0.099523	0.074989	0.097155	34,199	312,093
03/18/2018	0.080902	0.090371	0.062987	0.089539	46,331	283,158
03/17/2018	0.089223	0.105930	0.075811	0.081272	38,461	312,281
03/16/2018	0.112464	0.152611	0.088544	0.089117	63,853	393,624
03/15/2018	0.130202	0.130976	0.105664	0.112564	12,733	455,706
03/14/2018	0.156873	0.162182	0.123714	0.130228	5,673	549,057
03/13/2018	0.175697	0.183963	0.134676	0.156833	11,115	614,939
03/12/2018	0.227018	0.229325	0.134012	0.176450	16,265	794,563
03/11/2018	0.254333	0.254417	0.132587	0.197912	24,382	890,164
03/10/2018	0.265277	0.298927	0.235360	0.255162	10,134	928,469
03/09/2018	0.253598	0.266200	0.196418	0.265177	8,600	887,592
03/08/2018	0.258630	0.275653	0.224307	0.255018	6,829	905,204
03/07/2018	0.276160	0.303745	0.243066	0.259008	5,140	966,560
03/06/2018	0.294877	0.327473	0.274504	0.276425	7,312	1,032,070
03/05/2018	0.353759	0.353759	0.295506	0.295601	10,231	1,238,160
03/04/2018	0.306516	0.353942	0.268518	0.353942	15,566	1,072,810
03/03/2018	0.341229	0.359181	0.260007	0.306968	14,084	1,194,300
03/02/2018	0.350057	0.367122	0.303728	0.341730	18,580	1,225,200
03/01/2018	0.298567	0.374881	0.266258	0.355619	67,554	1,044,990
02/28/2018	0.212682	0.316369	0.207021	0.298199	52,477	744,388
02/27/2018	0.179688	0.213568	0.173894	0.203527	18,898	628,909
02/26/2018	0.188914	0.191705	0.151403	0.179176	14,481	661,200
02/25/2018	0.115870	0.235132	0.111152	0.188695	39,669	405,543
02/24/2018	0.127894	0.129637	0.108139	0.115767	3,496	447,629
02/23/2018	0.100656	0.135639	0.099342	0.135052	15,162	352,294
02/22/2018	0.140573	0.179706	0.095262	0.100757	23,871	492,004
02/21/2018	0.116615	0.143476	0.097149	0.140749	25,675	408,153
02/20/2018	0.111728	0.131946	0.101134	0.116760	20,493	391,050
02/19/2018	0.108885	0.143399	0.092157	0.111667	15,624	381,097
02/18/2018	0.142770	0.148553	0.109055	0.109341	7,789	499,694
02/17/2018	0.140588	0.147439	0.128898	0.142595	10,849	492,057
02/16/2018	0.134194	0.141050	0.128829	0.140607	3,581	469,678
02/15/2018	0.143778	0.159879	0.132259	0.134439	11,435	503,224
02/14/2018	0.139369	0.150652	0.115139	0.143701	13,595	487,791
02/13/2018	0.139055	0.148616	0.091547	0.139595	22,591	486,693
02/12/2018	0.142293	0.158154	0.131155	0.138817	8,203	498,025
02/11/2018	0.168953	0.168953	0.136035	0.141516	9,671	591,337
02/10/2018	0.173858	0.196486	0.143468	0.169165	8,462	608,502
02/09/2018	0.149776	0.186835	0.143738	0.173751	3,648	524,214
02/08/2018	0.164070	0.178355	0.131557	0.149463	12,948	574,244
02/07/2018	0.154964	0.200806	0.141249	0.163906	11,564	542,374
02/06/2018	0.131140	0.160825	0.104805	0.156186	7,978	458,990
02/05/2018	0.188426	0.191817	0.127042	0.130851	9,250	659,493
02/04/2018	0.194914	0.215406	0.178280	0.190271	14,103	682,201
02/03/2018	0.211822	0.212250	0.168771	0.194893	8,794	741,376
02/02/2018	0.207120	0.211784	0.132159	0.210931	9,889	724,921
02/01/2018	0.219122	0.305375	0.180800	0.193080	27,018	766,925
01/31/2018	0.249676	0.334689	0.214133	0.218632	61,658	873,865
01/30/2018	0.309242	0.316221	0.248611	0.249225	29,731	1,082,350
01/29/2018	0.341424	0.342259	0.277418	0.309092	17,638	1,194,980
01/28/2018	0.277714	0.335932	0.251895	0.333606	15,198	972,000
01/27/2018	0.294316	0.308885	0.235338	0.276259	30,484	1,030,100
01/26/2018	0.328476	0.328966	0.243943	0.294432	14,733	1,149,660
01/25/2018	0.332263	0.349190	0.135544	0.329361	134,049	1,162,920
01/24/2018	0.351539	0.406792	0.298003	0.327065	64,583	1,230,390
01/23/2018	0.371433	0.377672	0.302426	0.351664	27,551	1,300,020
01/22/2018	0.440988	0.457709	0.325317	0.372340	14,309	1,543,460
01/21/2018	0.445366	0.465900	0.364666	0.435302	34,441	1,558,780
01/20/2018	0.446900	0.517609	0.407093	0.444404	17,390	1,564,150
01/19/2018	0.519904	0.573089	0.409395	0.442839	144,453	1,819,660
01/18/2018	0.502177	0.601945	0.419261	0.524955	165,371	1,757,620
01/17/2018	0.417442	0.548196	0.333355	0.499118	101,839	1,461,050
01/16/2018	0.505586	0.505658	0.297788	0.419507	108,351	1,769,550
01/15/2018	0.558889	0.594501	0.422877	0.504880	57,905	1,956,110
01/14/2018	0.665163	0.665424	0.514103	0.561814	81,388	2,328,070
01/13/2018	0.663067	0.703447	0.569870	0.664685	123,510	2,320,730
01/12/2018	0.665410	0.709336	0.385156	0.663614	103,132	2,328,930
01/11/2018	0.828402	0.900972	0.600597	0.661901	119,031	2,899,410
01/10/2018	0.812041	0.917523	0.672452	0.829851	185,058	2,842,140
01/09/2018	1.08	1.10	0.667967	0.810600	301,348	3,784,690
01/08/2018	0.771695	1.37	0.771695	1.08	275,838	2,700,930
01/07/2018	0.560385	1.11	0.470780	0.933852	204,717	1,961,350
01/06/2018	0.399754	1.15	0.391142	0.560756	110,498	1,399,140
01/05/2018	0.261896	0.428133	0.259609	0.399238	37,958	916,635
01/04/2018	0.130505	0.380425	0.113151	0.262075	69,895	456,767
01/03/2018	0.095558	0.129827	0.082864	0.129364	23,060	334,454
01/02/2018	0.064661	0.109734	0.058803	0.086655	50,183	226,314
01/01/2018	0.047946	0.066925	0.046464	0.064637	28,723	167,811
12/31/2017	0.063148	0.068224	0.045468	0.047825	10,153	221,019
12/30/2017	0.069163	0.078366	0.054688	0.063810	29,537	242,071
12/29/2017	0.057647	0.082082	0.051790	0.069322	7,614	201,766
12/28/2017	0.062833	0.084784	0.053954	0.057106	6,495	219,915
12/27/2017	0.063050	0.086323	0.059342	0.062955	16,946	220,676
12/26/2017	0.068963	0.112827	0.050963	0.062973	18,959	241,371
12/25/2017	0.048900	0.115487	0.039102	0.069017	36,336	171,150
12/24/2017	0.043135	0.048998	0.033884	0.048416	1,453	150,973
12/23/2017	0.058367	0.062315	0.026190	0.042644	1,411	204,284
12/22/2017	0.076020	0.076768	0.030639	0.057821	1,134	266,069
12/21/2017	0.088468	0.091304	0.053935	0.075757	2,071	309,638
12/20/2017	0.047759	0.089995	0.042902	0.088355	2,486	167,156
12/19/2017	0.054455	0.079020	0.043283	0.047809	455	190,591
12/18/2017	0.066733	0.106768	0.054132	0.054503	6,282	233,565
12/17/2017	0.047324	0.066953	0.030629	0.066727	2,116	165,635
12/16/2017	0.040242	0.047624	0.029216	0.047241	3,936	140,848
12/15/2017	0.030416	0.040627	0.028701	0.040183	1,349	106,454
12/14/2017	0.031212	0.054740	0.030362	0.030437	2,538	109,242
12/13/2017	0.036361	0.038123	0.025213	0.031284	1,517	127,264
12/12/2017	0.029621	0.037364	0.019713	0.036335	657	103,672
12/11/2017	0.028342	0.032684	0.027338	0.029643	2,062	99,198
12/10/2017	0.024575	0.032565	0.021956	0.028365	589	86,013
12/09/2017	0.035875	0.036395	0.022171	0.024477	1,216	125,562
12/08/2017	0.026059	0.038900	0.023017	0.035910	7,645	91,207
12/07/2017	0.029473	0.036057	0.022789	0.025998	806	103,155
12/06/2017	0.036646	0.038660	0.025459	0.029525	1,905	128,263
12/05/2017	0.038467	0.039035	0.024650	0.036726	3,577	134,635
12/04/2017	0.035766	0.039779	0.023326	0.038394	5,926	125,181
12/03/2017	0.034967	0.040406	0.029333	0.035545	8,214	122,385
12/02/2017	0.034584	0.044448	0.031961	0.034935	59,524	121,044
12/01/2017	0.031846	0.046862	0.024412	0.034612	122,344	111,460
11/30/2017	0.041785	0.044771	0.022670	0.031934	27,909	146,248
11/29/2017	0.043760	0.055252	0.035016	0.041156	172,842	153,161
11/28/2017	0.049244	0.085556	0.042725	0.056646	200,959	172,352
11/27/2017	0.068484	0.087380	0.045711	0.056167	251,587	239,695
11/26/2017	0.075589	0.084349	0.057247	0.068493	3,627	264,560
11/25/2017	0.085738	0.095629	0.071847	0.075600	10,005	300,085
11/24/2017	0.087357	0.105686	0.070979	0.085851	22,887	305,748
11/23/2017	0.064809	0.118663	0.060397	0.087666	82,611	226,833
11/22/2017	0.058174	0.070205	0.046566	0.064661	24,333	203,610
11/21/2017	0.106925	0.117455	0.048326	0.058100	29,579	374,239
11/20/2017	0.075867	0.138045	0.065716	0.107094	79,536	-
11/19/2017	0.090608	0.096489	0.048295	0.075948	93,337	-
