Date	Open	High	Low	Close	Volume	Market Cap
07/15/2018	0.068333	0.072835	0.066467	0.070756	850,114	8,184,650
07/14/2018	0.067277	0.071230	0.066845	0.068253	935,654	8,058,110
07/13/2018	0.069165	0.071839	0.066513	0.067064	1,003,770	8,284,330
07/12/2018	0.078961	0.078967	0.067650	0.068578	1,201,120	9,457,640
07/11/2018	0.081654	0.083288	0.075322	0.078540	998,834	9,780,150
07/10/2018	0.087740	0.087740	0.079852	0.081598	1,272,450	10,509,200
07/09/2018	0.093088	0.093333	0.087285	0.087462	1,119,620	11,149,700
07/08/2018	0.094787	0.095129	0.091945	0.093105	1,158,630	11,353,200
07/07/2018	0.089516	0.094968	0.088990	0.094968	1,574,690	10,721,900
07/06/2018	0.088111	0.095443	0.086427	0.089572	1,337,870	10,553,600
07/05/2018	0.086453	0.090642	0.084692	0.088282	1,342,820	10,355,000
07/04/2018	0.090272	0.092487	0.085997	0.086445	1,425,170	10,812,400
07/03/2018	0.091568	0.098058	0.088511	0.090098	1,493,380	10,967,600
07/02/2018	0.083460	0.093535	0.082068	0.091805	1,494,760	9,996,460
07/01/2018	0.085770	0.086116	0.080127	0.083373	1,389,260	10,273,100
06/30/2018	0.079259	0.086640	0.079135	0.085957	1,476,230	9,493,370
06/29/2018	0.075487	0.080148	0.070070	0.079303	1,207,410	9,041,580
06/28/2018	0.083289	0.083780	0.075212	0.075680	1,259,260	9,975,980
06/27/2018	0.085802	0.085802	0.079307	0.083142	1,571,690	10,276,900
06/26/2018	0.086182	0.088561	0.083522	0.086201	1,544,460	10,322,500
06/25/2018	0.082317	0.088141	0.081090	0.086130	1,421,600	9,859,550
06/24/2018	0.085761	0.088654	0.076689	0.082646	1,390,250	10,272,100
06/23/2018	0.081000	0.085828	0.079653	0.085771	1,489,470	9,701,780
06/22/2018	0.094522	0.104499	0.080717	0.081273	1,812,280	11,316,100
06/21/2018	0.095126	0.096280	0.091960	0.094688	1,729,080	11,388,400
06/20/2018	0.097657	0.099974	0.093045	0.095111	1,582,640	11,691,400
06/19/2018	0.100078	0.102151	0.095629	0.097630	1,525,930	11,981,200
06/18/2018	0.096461	0.100893	0.093856	0.100233	1,873,000	11,548,200
06/17/2018	0.097297	0.098272	0.096083	0.096720	1,619,430	11,648,300
06/16/2018	0.096479	0.098604	0.094000	0.097304	1,647,760	11,550,300
06/15/2018	0.103113	0.105694	0.095903	0.096682	1,601,140	12,344,600
06/14/2018	0.092641	0.104706	0.092641	0.103581	1,911,810	11,090,900
06/13/2018	0.101778	0.101778	0.089604	0.092533	1,737,280	12,184,800
06/12/2018	0.112946	0.116841	0.100425	0.101385	1,802,170	13,521,700
06/11/2018	0.099486	0.112481	0.097545	0.112303	2,610,610	11,910,400
06/10/2018	0.125174	0.125174	0.097955	0.099150	1,645,540	14,985,700
06/09/2018	0.136442	0.136578	0.125032	0.125032	2,510,280	16,334,700
06/08/2018	0.144729	0.145112	0.135138	0.136488	3,041,040	17,326,800
06/07/2018	0.149062	0.150416	0.143650	0.144281	2,084,430	17,845,600
06/06/2018	0.151669	0.154445	0.145518	0.148978	2,068,450	18,157,600
06/05/2018	0.151004	0.155673	0.143039	0.151756	2,370,720	18,078,100
06/04/2018	0.169273	0.169826	0.149448	0.150593	2,455,310	20,265,200
06/03/2018	0.176237	0.176743	0.166839	0.169165	2,604,860	21,099,000
06/02/2018	0.166582	0.178381	0.162820	0.176517	3,486,350	19,943,100
06/01/2018	0.160138	0.172740	0.159008	0.168220	3,188,000	19,171,500
05/31/2018	0.154582	0.165690	0.151949	0.159884	3,246,750	18,506,500
05/30/2018	0.161679	0.162948	0.151212	0.154856	3,039,820	19,356,000
05/29/2018	0.148741	0.163669	0.145448	0.161929	2,737,260	17,807,100
05/28/2018	0.165739	0.169951	0.146880	0.148987	2,526,180	19,842,200
05/27/2018	0.168931	0.169582	0.162352	0.165181	2,521,820	20,224,300
05/26/2018	0.173414	0.176586	0.167568	0.168795	2,335,400	20,760,900
05/25/2018	0.184213	0.187584	0.170161	0.173265	2,633,430	22,053,800
05/24/2018	0.182515	0.191717	0.168950	0.183921	3,777,950	21,850,500
05/23/2018	0.216967	0.218216	0.177554	0.182380	2,957,750	25,975,100
05/22/2018	0.226646	0.226800	0.216244	0.217189	4,252,070	27,133,800
05/21/2018	0.240087	0.242230	0.222942	0.227259	3,899,550	28,743,000
05/20/2018	0.215805	0.246312	0.215805	0.240158	4,008,150	25,836,000
05/19/2018	0.218182	0.227708	0.213143	0.215789	2,577,200	26,120,500
05/18/2018	0.199714	0.225714	0.192166	0.217175	3,276,720	23,909,600
05/17/2018	0.215362	0.217952	0.197549	0.197763	2,491,740	25,771,400
05/16/2018	0.214373	0.220941	0.200622	0.215239	3,081,460	25,653,000
05/15/2018	0.222915	0.228650	0.211062	0.214198	4,546,380	26,675,300
05/14/2018	0.218206	0.235189	0.202980	0.223459	3,282,420	26,111,700
05/13/2018	0.222748	0.233346	0.214719	0.218648	3,505,600	26,655,300
05/12/2018	0.233187	0.235436	0.207370	0.223532	3,380,810	27,904,400
05/11/2018	0.276003	0.300465	0.231844	0.233900	4,324,720	33,028,000
05/10/2018	0.279285	0.307066	0.270690	0.275774	3,926,080	33,420,800
05/09/2018	0.264182	0.292788	0.246842	0.275379	5,332,500	31,613,500
05/08/2018	0.248326	0.278429	0.241038	0.262840	3,815,210	29,716,000
05/07/2018	0.227527	0.293354	0.210143	0.247397	6,016,580	27,227,100
05/06/2018	0.223912	0.237862	0.214035	0.227339	3,497,900	26,794,500
05/05/2018	0.233141	0.243691	0.217866	0.223402	3,503,550	27,898,900
05/04/2018	0.245745	0.245745	0.230666	0.236335	2,002,900	29,407,200
05/03/2018	0.223180	0.247562	0.223180	0.245607	3,845,050	26,706,900
05/02/2018	0.216667	0.227963	0.215010	0.223095	3,709,300	25,927,600
05/01/2018	0.213273	0.217051	0.201578	0.217051	3,064,580	25,521,400
04/30/2018	0.217077	0.225461	0.205455	0.213204	2,548,630	25,976,600
04/29/2018	0.214489	0.222798	0.209146	0.217012	3,013,330	25,666,900
04/28/2018	0.201225	0.223192	0.201225	0.214094	2,959,490	24,079,700
04/27/2018	0.217160	0.218170	0.201828	0.202228	3,956,360	25,986,600
04/26/2018	0.204815	0.232171	0.193077	0.216925	5,366,190	24,509,300
04/25/2018	0.242060	0.242060	0.187543	0.203052	4,893,110	28,966,200
04/24/2018	0.226348	0.242457	0.218683	0.242457	5,109,230	27,086,000
04/23/2018	0.229515	0.237795	0.214327	0.226050	5,251,790	27,465,000
04/22/2018	0.210606	0.272743	0.209712	0.229985	6,232,520	25,202,200
04/21/2018	0.216668	0.217466	0.199267	0.210909	4,803,310	25,927,600
04/20/2018	0.200550	0.228552	0.196312	0.216390	5,711,870	23,998,800
04/19/2018	0.177728	0.199546	0.176271	0.199546	3,924,910	21,267,900
04/18/2018	0.171893	0.180434	0.170986	0.177737	5,435,330	20,569,600
04/17/2018	0.178209	0.187047	0.169645	0.171870	4,877,360	21,325,400
04/16/2018	0.190468	0.191240	0.172965	0.178327	6,605,280	22,792,400
04/15/2018	0.178645	0.192131	0.178645	0.190559	6,990,200	21,377,600
04/14/2018	0.189985	0.201996	0.177584	0.178566	5,937,880	22,734,700
04/13/2018	0.191012	0.203854	0.173425	0.190344	8,615,090	22,857,500
04/12/2018	0.180120	0.202142	0.176319	0.190817	7,864,020	21,554,200
04/11/2018	0.168721	0.180826	0.164260	0.180826	6,831,760	20,190,100
04/10/2018	0.175546	0.175778	0.162231	0.168524	7,057,430	21,006,700
04/09/2018	0.188464	0.192889	0.161090	0.175455	7,737,330	22,552,600
04/08/2018	0.145609	0.194960	0.143041	0.187673	8,411,040	17,424,300
04/07/2018	0.138096	0.151076	0.137334	0.145364	4,589,360	16,525,300
04/06/2018	0.146979	0.154210	0.133862	0.137395	5,782,020	17,588,400
04/05/2018	0.141539	0.156739	0.135135	0.147673	5,367,790	16,937,300
04/04/2018	0.150926	0.171302	0.139194	0.142097	5,466,500	18,060,600
04/03/2018	0.152750	0.164083	0.150870	0.150899	6,461,080	18,278,900
04/02/2018	0.150781	0.156866	0.149466	0.152659	6,789,040	18,043,300
04/01/2018	0.170099	0.178603	0.148810	0.150039	5,576,750	20,355,000
03/31/2018	0.153313	0.194853	0.153313	0.169158	8,437,590	18,346,300
03/30/2018	0.157911	0.166161	0.145704	0.153132	8,662,540	18,179,600
03/29/2018	0.204237	0.211384	0.156518	0.158335	5,048,730	23,512,800
03/28/2018	0.178662	0.240810	0.178662	0.204829	9,650,920	20,568,500
03/27/2018	0.190758	0.191219	0.175406	0.178450	5,523,910	21,961,100
03/26/2018	0.191508	0.198862	0.176904	0.191007	7,816,320	22,047,400
03/25/2018	0.199656	0.200680	0.186586	0.191770	7,242,020	22,985,400
03/24/2018	0.201534	0.213189	0.200498	0.202141	7,108,480	23,201,600
03/23/2018	0.189815	0.198671	0.180946	0.198671	7,388,370	21,852,500
03/22/2018	0.196396	0.201712	0.176792	0.188396	4,678,000	22,610,100
03/21/2018	0.181853	0.200329	0.180466	0.196728	7,786,260	20,935,900
03/20/2018	0.173726	0.185823	0.160908	0.181194	5,915,230	20,000,200
03/19/2018	0.167716	0.174698	0.158451	0.171045	5,762,750	19,308,300
03/18/2018	0.168970	0.177425	0.139780	0.168399	9,546,000	19,452,700
03/17/2018	0.182628	0.187926	0.166732	0.169499	5,762,390	21,025,100
03/16/2018	0.185046	0.192618	0.176961	0.182326	4,766,020	21,303,400
03/15/2018	0.186079	0.193388	0.168473	0.186229	7,685,850	21,422,300
03/14/2018	0.198026	0.205341	0.178110	0.186286	5,685,970	22,797,800
03/13/2018	0.193287	0.202123	0.185479	0.197984	4,593,390	22,252,200
03/12/2018	0.208612	0.213185	0.191998	0.193977	5,784,860	24,016,500
03/11/2018	0.194598	0.215465	0.189582	0.209372	3,976,920	22,403,100
03/10/2018	0.196890	0.222298	0.194304	0.195159	1,767,960	22,665,000
03/09/2018	0.212628	0.216648	0.182203	0.196917	2,867,770	24,476,700
03/08/2018	0.215008	0.224739	0.201445	0.213974	5,453,970	24,750,700
03/07/2018	0.250419	0.255397	0.207851	0.215841	4,514,020	28,827,000
03/06/2018	0.283736	0.283736	0.246346	0.251332	4,799,090	32,662,300
03/05/2018	0.310278	0.310882	0.265557	0.284000	8,228,050	35,717,700
03/04/2018	0.413449	0.413449	0.304838	0.310474	8,087,880	47,594,300
03/03/2018	0.281963	0.460968	0.281963	0.418550	12,574,700	32,389,000
03/02/2018	0.206242	0.410766	0.206242	0.280913	8,572,770	23,691,000
03/01/2018	0.208702	0.213189	0.205953	0.206682	3,343,320	23,973,600
02/28/2018	0.215078	0.231554	0.208322	0.208486	4,414,560	24,706,000
02/27/2018	0.207447	0.224544	0.204780	0.215303	5,593,440	23,829,400
02/26/2018	0.213347	0.213347	0.196663	0.207384	3,039,440	24,507,100
02/25/2018	0.204082	0.222852	0.188725	0.214337	5,742,870	23,442,900
02/24/2018	0.220788	0.225942	0.198730	0.203901	3,756,010	25,361,900
02/23/2018	0.220177	0.234396	0.215224	0.221640	4,112,040	25,291,600
02/22/2018	0.235335	0.243993	0.213213	0.219913	4,503,580	27,032,900
02/21/2018	0.272108	0.275300	0.231349	0.235703	3,412,400	31,257,000
02/20/2018	0.286989	0.304559	0.270305	0.272210	4,835,540	32,825,500
02/19/2018	0.264347	0.352038	0.263753	0.287076	6,395,910	30,235,800
02/18/2018	0.303543	0.309023	0.260508	0.266386	3,892,780	34,718,900
02/17/2018	0.275234	0.314157	0.273942	0.301624	5,479,910	31,480,900
02/16/2018	0.277882	0.296218	0.269976	0.274990	7,851,450	31,783,900
02/15/2018	0.272703	0.292361	0.269823	0.279262	5,485,830	31,191,500
02/14/2018	0.244848	0.277587	0.241677	0.272557	5,101,220	28,005,500
02/13/2018	0.254410	0.256125	0.238642	0.245414	6,138,130	29,099,100
02/12/2018	0.243130	0.260575	0.241745	0.253961	4,434,190	27,808,900
02/11/2018	0.256208	0.259160	0.228197	0.242264	3,899,610	29,304,800
02/10/2018	0.262463	0.270603	0.239174	0.258854	4,013,210	30,020,300
02/09/2018	0.258999	0.266373	0.234388	0.260624	6,860,290	29,624,000
02/08/2018	0.243738	0.308396	0.243738	0.258502	7,862,180	27,878,500
02/07/2018	0.219426	0.360094	0.204905	0.247771	15,354,700	24,263,100
02/06/2018	0.209629	0.243390	0.151749	0.221229	10,351,800	23,179,800
02/05/2018	0.311217	0.319624	0.192856	0.209407	13,205,600	34,412,800
02/04/2018	0.370329	0.411458	0.283855	0.314845	15,098,600	40,949,100
02/03/2018	0.337977	0.439138	0.316090	0.370219	17,219,400	37,304,200
02/02/2018	0.301047	0.376109	0.259874	0.336445	18,801,000	33,228,100
02/01/2018	0.389169	0.394663	0.289296	0.301711	11,983,400	42,954,600
01/31/2018	0.341402	0.453350	0.316065	0.388398	19,692,400	37,682,200
01/30/2018	0.337102	0.366537	0.304096	0.340930	19,744,000	37,207,600
01/29/2018	0.346187	0.356492	0.318895	0.336984	9,293,130	38,210,400
01/28/2018	0.342561	0.363409	0.336450	0.346553	17,125,100	37,810,100
01/27/2018	0.346459	0.351940	0.329865	0.340024	19,068,100	38,240,500
01/26/2018	0.339338	0.365662	0.316357	0.346672	6,885,860	37,454,400
01/25/2018	0.350303	0.365998	0.290863	0.340240	16,280,700	38,664,600
01/24/2018	0.348690	0.360423	0.290663	0.348131	12,898,100	38,486,600
01/23/2018	0.341535	0.360937	0.299150	0.343279	6,576,100	37,696,900
01/22/2018	0.352225	0.399760	0.300179	0.342395	3,771,570	38,876,800
01/21/2018	0.433902	0.468078	0.323198	0.347953	15,481,800	47,891,900
01/20/2018	0.467729	0.507347	0.432999	0.433672	7,686,280	51,625,600
01/19/2018	0.456444	0.505951	0.428999	0.460766	11,929,500	50,380,000
01/18/2018	0.473017	0.519972	0.406121	0.463856	20,830,800	52,209,200
01/17/2018	0.361871	0.483394	0.311282	0.459490	2,907,600	39,941,600
01/16/2018	0.501339	0.501339	0.334448	0.362826	3,592,790	54,752,200
01/15/2018	0.528885	0.557685	0.477074	0.507061	2,354,020	57,760,600
01/14/2018	0.531526	0.553064	0.469674	0.530098	2,218,920	58,049,000
01/13/2018	0.544574	0.556382	0.485277	0.532149	2,517,580	59,474,000
01/12/2018	0.476054	0.560952	0.461887	0.542077	1,389,500	51,990,800
01/11/2018	0.540934	0.580802	0.460906	0.472949	2,576,840	59,076,400
01/10/2018	0.507660	0.630518	0.472223	0.549177	2,259,330	55,442,600
01/09/2018	0.649950	0.690134	0.483107	0.512133	2,730,220	70,982,400
01/08/2018	0.396750	0.705698	0.362875	0.647585	3,821,270	43,329,800
01/07/2018	0.264976	0.402138	0.263476	0.402138	2,518,810	28,938,500
01/06/2018	0.265475	0.274032	0.237507	0.261623	1,389,360	28,993,000
01/05/2018	0.218086	0.282374	0.214265	0.264079	2,100,170	23,817,600
01/04/2018	0.238052	0.238232	0.203843	0.217219	1,824,860	25,998,100
01/03/2018	0.239097	0.259331	0.218979	0.234969	1,133,930	26,112,200
01/02/2018	0.232167	0.246673	0.215774	0.239122	1,776,070	25,355,400
01/01/2018	0.247076	0.256807	0.230282	0.234389	951,646	26,983,700
12/31/2017	0.239212	0.253581	0.219911	0.247314	1,890,550	26,124,800
12/30/2017	0.258191	0.258191	0.217605	0.241274	912,611	27,810,200
12/29/2017	0.234323	0.263392	0.230414	0.257166	1,073,390	25,239,400
12/28/2017	0.229918	0.246020	0.212380	0.232792	966,272	24,765,000
12/27/2017	0.225348	0.246911	0.220878	0.235532	1,182,900	24,272,700
12/26/2017	0.233955	0.243675	0.218803	0.225642	1,044,420	25,199,800
12/25/2017	0.249187	0.255697	0.229618	0.233821	939,816	26,840,400
12/24/2017	0.211612	0.249445	0.189258	0.249445	1,004,680	22,793,200
12/23/2017	0.185359	0.232287	0.182716	0.200468	1,673,620	19,965,300
12/22/2017	0.244774	0.249728	0.150427	0.181490	559,004	26,365,100
12/21/2017	0.281829	0.281829	0.233682	0.243698	1,876,160	30,356,400
12/20/2017	0.229227	0.305211	0.205933	0.281594	2,238,300	24,690,500
12/19/2017	0.195045	0.253643	0.186863	0.229467	1,902,650	21,008,700
12/18/2017	0.199645	0.208777	0.175011	0.195914	774,002	21,504,100
12/17/2017	0.181735	0.205963	0.175974	0.202572	482,992	19,575,100
12/16/2017	0.170020	0.210892	0.162715	0.179676	712,446	18,313,200
12/15/2017	0.163010	0.178058	0.150727	0.170341	637,395	17,558,200
12/14/2017	0.171997	0.180023	0.146806	0.161471	326,934	18,526,200
12/13/2017	0.184415	0.191052	0.157011	0.172142	586,152	19,863,700
12/12/2017	0.178015	0.191142	0.164116	0.181421	958,001	19,174,300
12/11/2017	0.160742	0.183867	0.159959	0.181512	308,079	17,313,800
12/10/2017	0.177168	0.177168	0.149855	0.160708	569,492	19,083,100
12/09/2017	0.184266	0.202861	0.166302	0.175815	397,994	19,847,600
12/08/2017	0.154903	0.184041	0.144253	0.184041	377,625	16,685,000
12/07/2017	0.154736	0.163681	0.132167	0.160130	795,355	16,666,900
12/06/2017	0.178112	0.181583	0.138601	0.153465	726,899	19,184,800
12/05/2017	0.186321	0.203418	0.167779	0.178404	1,116,030	20,069,000
12/04/2017	0.182890	0.205744	0.172891	0.185987	693,872	19,699,500
12/03/2017	0.157437	0.193417	0.141969	0.181949	612,132	16,957,900
12/02/2017	0.129413	0.164225	0.111912	0.162306	596,156	13,939,400
12/01/2017	0.116346	0.134177	0.107352	0.126480	423,431	12,531,900
11/30/2017	0.083489	0.127320	0.080807	0.117216	820,144	8,992,760
11/29/2017	0.095351	0.097244	0.075643	0.082281	246,838	10,270,400
11/28/2017	0.101045	0.110010	0.079191	0.096270	378,152	10,883,700
11/27/2017	0.117069	0.120671	0.098120	0.101112	505,552	12,609,700
11/26/2017	0.116488	0.123005	0.093692	0.115152	689,609	12,547,200
11/25/2017	0.109206	0.139001	0.095354	0.119581	1,917,760	11,762,800
11/24/2017	0.075229	0.125134	0.073353	0.110254	2,201,990	8,103,030
11/23/2017	0.055362	0.079157	0.054178	0.075595	969,469	5,963,180
11/22/2017	0.050779	0.056759	0.049239	0.055240	265,246	5,469,530
11/21/2017	0.050143	0.054075	0.046517	0.050713	247,792	5,401,030
11/20/2017	0.046838	0.056051	0.045608	0.050576	935,576	5,045,020
11/19/2017	0.046801	0.049044	0.040681	0.046888	404,820	5,041,020
11/18/2017	0.042181	0.049374	0.039924	0.046851	585,229	4,543,350
11/17/2017	0.037036	0.046746	0.035548	0.042566	544,992	3,989,180
11/16/2017	0.038058	0.041460	0.035691	0.036750	343,229	4,099,260
11/15/2017	0.033191	0.040089	0.032033	0.038164	95,547	3,575,080
11/14/2017	0.029980	0.033650	0.029980	0.033173	349,978	3,229,220
11/13/2017	0.029444	0.032940	0.028748	0.031222	241,595	3,171,510
11/12/2017	0.034263	0.035981	0.027056	0.029398	309,204	3,690,500
11/11/2017	0.030343	0.035794	0.029266	0.034259	498,532	3,268,300
11/10/2017	0.030714	0.032104	0.027226	0.030134	545,130	3,308,220
11/09/2017	0.031098	0.034543	0.030699	0.030699	339,442	3,349,600
11/08/2017	0.031015	0.035604	0.029947	0.031264	619,849	3,340,710
11/07/2017	0.028240	0.033476	0.025144	0.031038	250,500	3,041,750
11/06/2017	0.027879	0.029502	0.027027	0.028198	194,298	3,002,880
11/05/2017	0.028297	0.030776	0.027231	0.027852	497,671	3,047,970
11/04/2017	0.029066	0.030976	0.025192	0.028287	6,750	3,130,820
11/03/2017	0.026339	0.030271	0.025682	0.029064	189,196	2,836,980
11/02/2017	0.026812	0.030412	0.025100	0.026213	165,341	2,887,950
11/01/2017	0.030021	0.032498	0.026388	0.026739	198,471	3,233,600
10/31/2017	0.035849	0.035971	0.030076	0.030076	220,447	3,861,360
10/30/2017	0.034352	0.035830	0.031664	0.035830	218,906	3,700,090
10/29/2017	0.037483	0.038791	0.031817	0.034423	451,584	4,037,390
10/28/2017	0.038856	0.039770	0.035075	0.037210	329,659	4,185,200
10/27/2017	0.035802	0.040530	0.030670	0.038802	32,415	3,856,300
10/26/2017	0.034369	0.039021	0.030131	0.035819	321,503	3,701,930
10/25/2017	0.026628	0.038032	0.024506	0.034435	235,172	2,868,180
10/24/2017	0.020753	0.028298	0.019607	0.026640	164,885	2,235,390
10/23/2017	0.022076	0.022349	0.018917	0.020768	234,322	2,377,890
10/22/2017	0.021890	0.024334	0.021238	0.022089	120,629	2,357,770
10/21/2017	0.022498	0.022709	0.020743	0.021890	132,890	2,423,320
10/20/2017	0.025800	0.025839	0.021078	0.022528	147,364	2,779,000
10/19/2017	0.026254	0.027759	0.024781	0.025821	204,798	2,827,880
10/18/2017	0.026585	0.026942	0.023639	0.026314	104,613	2,863,510
10/17/2017	0.028130	0.029299	0.026177	0.026558	361,033	3,029,980
10/16/2017	0.025316	0.030427	0.024009	0.028079	89,146	2,726,810
10/15/2017	0.030243	0.030508	0.023010	0.025251	204,163	3,257,490
10/14/2017	0.033683	0.035326	0.028827	0.030071	249,874	3,628,060
10/13/2017	0.030718	0.034051	0.029939	0.033650	273,832	3,308,720
10/12/2017	0.032656	0.035282	0.029726	0.030780	160,722	3,419,490
10/11/2017	0.027219	0.032671	0.025876	0.032655	115,770	2,850,130
10/10/2017	0.027481	0.028628	0.026196	0.027220	114,091	2,877,630
10/09/2017	0.031090	0.031095	0.026867	0.027416	160,028	3,255,510
10/08/2017	0.031148	0.032983	0.027149	0.031087	160,402	3,261,520
10/07/2017	0.031210	0.033073	0.029876	0.031193	90,062	3,268,000
10/06/2017	0.030447	0.031261	0.029343	0.031261	104,097	3,188,170
10/05/2017	0.030500	0.031238	0.027526	0.030440	111,559	3,193,700
10/04/2017	0.031221	0.032564	0.030338	0.030500	128,432	3,269,220
10/03/2017	0.033170	0.035215	0.030760	0.031151	52,268	3,473,320
10/02/2017	0.033493	0.038691	0.032893	0.033418	147,993	3,507,090
10/01/2017	0.034610	0.035947	0.030874	0.033494	53,081	3,624,130
09/30/2017	0.032404	0.036246	0.032399	0.034598	45,825	3,393,090
09/29/2017	0.033424	0.035332	0.029895	0.032835	47,708	3,499,860
09/28/2017	0.036951	0.038330	0.031076	0.033474	88,589	3,869,210
09/27/2017	0.036331	0.037328	0.030142	0.037273	1,474,050	3,804,310
09/26/2017	0.038056	0.038621	0.035338	0.036640	128,377	3,984,930
09/25/2017	0.034206	0.039063	0.033242	0.038069	88,171	3,581,820
09/24/2017	0.035971	0.037395	0.033327	0.033327	184,108	3,766,560
09/23/2017	0.036334	0.037998	0.033581	0.036011	40,439	3,804,590
09/22/2017	0.038203	0.039830	0.034185	0.036115	409,591	4,000,280
09/21/2017	0.042566	0.043777	0.036433	0.038218	214,802	4,457,150
09/20/2017	0.035864	0.046185	0.034382	0.042721	168,360	3,755,420
09/19/2017	0.038085	0.038180	0.034702	0.035895	9,325	3,987,990
09/18/2017	0.033581	0.039309	0.033343	0.037969	55,530	3,460,310
09/17/2017	0.033167	0.033611	0.029651	0.033593	86,253	3,417,620
09/16/2017	0.032112	0.037625	0.031668	0.033216	104,657	3,308,960
09/15/2017	0.031105	0.035186	0.027642	0.032155	35,904	3,205,190
09/14/2017	0.038431	0.039442	0.030729	0.030785	34,229	3,960,060
09/13/2017	0.041612	0.041932	0.034685	0.037784	53,669	4,287,810
09/12/2017	0.045429	0.047219	0.038301	0.041495	77,390	4,681,150
09/11/2017	0.043865	0.045438	0.039416	0.045429	61,159	4,520,060
09/10/2017	0.044293	0.057004	0.040881	0.043739	21,444	4,564,110
09/09/2017	0.046657	0.047955	0.042691	0.044298	18,300	4,807,750
09/08/2017	0.053319	0.058300	0.045520	0.046579	62,509	5,494,200
09/07/2017	0.050620	0.058313	0.046927	0.053287	64,940	5,216,070
09/06/2017	0.051565	0.054231	0.048444	0.050903	75,998	5,313,420
09/05/2017	0.045007	0.052964	0.037195	0.049288	71,818	4,637,470
09/04/2017	0.045665	0.046400	0.034090	0.045142	74,267	4,705,290
09/03/2017	0.049007	0.053997	0.043098	0.045647	52,280	5,049,620
09/02/2017	0.071756	0.071756	0.045175	0.049114	112,970	7,393,690
09/01/2017	0.052738	0.074167	0.039813	0.071549	463,277	5,434,080
08/31/2017	0.058797	0.060261	0.050242	0.052737	425,623	6,058,420
08/30/2017	0.064885	0.069582	0.049240	0.059153	573,897	6,369,510
08/29/2017	0.056237	0.070072	0.052044	0.065305	400,774	5,520,540
08/28/2017	0.059296	0.064126	0.043507	0.055670	393,460	5,820,890
08/27/2017	0.061366	0.066145	0.055690	0.059240	507,878	6,024,020
08/26/2017	0.075050	0.076201	0.059645	0.059645	466,967	7,367,310
08/25/2017	0.074400	0.081291	0.070359	0.074958	577,037	7,303,520
08/24/2017	0.078756	0.083644	0.069849	0.074421	466,699	7,731,140
08/23/2017	0.071926	0.089938	0.062188	0.079837	653,586	7,060,700
08/22/2017	0.077527	0.083833	0.069199	0.071944	587,353	7,610,500
08/21/2017	0.082486	0.104446	0.075536	0.075536	762,239	8,097,310
08/20/2017	0.080358	0.084908	0.060859	0.081698	593,451	7,888,430
08/19/2017	0.085583	0.102955	0.074253	0.079060	772,523	8,401,330
08/18/2017	0.168756	0.170545	0.070483	0.089726	1,500,770	16,566,100
08/17/2017	0.084340	0.239475	0.065203	0.169784	1,653,060	8,279,340
08/16/2017	0.053535	0.084048	0.052325	0.083599	663,256	5,255,340
08/15/2017	0.036963	0.069703	0.033990	0.053940	618,832	3,628,490
08/14/2017	0.029359	0.039466	0.028671	0.038029	366,455	2,882,100
08/13/2017	0.030895	0.034815	0.027170	0.030161	364,817	3,032,830
08/12/2017	0.029739	0.031181	0.026233	0.031181	165,100	2,919,340
08/11/2017	0.029800	0.030034	0.024724	0.029851	214,985	2,925,350
08/10/2017	0.026876	0.034088	0.023509	0.029564	396,719	2,638,350
08/09/2017	0.022210	0.027944	0.018771	0.027503	395,719	2,180,220
08/08/2017	0.032656	0.035473	0.017093	0.021564	219,234	3,205,700
08/07/2017	0.029164	0.038681	0.025041	0.032653	1,768	2,862,910
08/06/2017	0.022793	0.029890	0.020224	0.029218	838	2,237,520
08/05/2017	0.024721	0.046824	0.019401	0.022623	2,376	2,426,740
08/04/2017	0.026709	0.027058	0.018208	0.024731	622	-
08/03/2017	0.020238	0.030667	0.018755	0.026702	1,578	-
08/02/2017	0.022818	0.028984	0.020183	0.020272	1,426	-
08/01/2017	0.018707	0.023112	0.018517	0.022871	76	-
07/31/2017	0.021747	0.022313	0.018449	0.018678	41	-
07/30/2017	0.024687	0.025137	0.021638	0.021704	28	-
07/29/2017	0.021452	0.027498	0.017831	0.024745	76	-
07/28/2017	0.020104	0.027910	0.016568	0.021419	4,648	-
07/27/2017	0.020489	0.020546	0.016276	0.020079	312	-
07/26/2017	0.019800	0.022169	0.018765	0.020420	355	-
07/25/2017	0.019818	0.021797	0.017617	0.019980	33	-
07/24/2017	0.025809	0.025915	0.019710	0.019822	62	-
07/23/2017	0.017574	0.026133	0.017484	0.025749	325	-
07/22/2017	0.019960	0.021493	0.016690	0.017602	302	-
07/21/2017	0.022647	0.023860	0.018120	0.019943	77	-
07/20/2017	0.019724	0.023515	0.016996	0.022393	75	-
07/19/2017	0.023380	0.028255	0.019225	0.019643	646	-
07/18/2017	0.014414	0.023953	0.013601	0.023113	525	-
07/17/2017	0.012716	0.015171	0.012691	0.014345	317	-
07/16/2017	0.011342	0.014060	0.009870	0.012802	6	-
07/15/2017	0.014987	0.016432	0.011392	0.011392	309	-
07/14/2017	0.020890	0.021291	0.014297	0.015014	791	-
07/13/2017	0.025731	0.026626	0.014812	0.020935	169	-
07/12/2017	0.014419	0.026009	0.012106	0.025478	335	-
07/11/2017	0.016696	0.019166	0.012854	0.014453	361	-
07/10/2017	0.020247	0.027275	0.014681	0.016784	862	-
07/08/2017	0.038501	0.039561	0.036948	0.039219	16,120	-
07/07/2017	0.037725	0.069930	0.020662	0.038423	15,793	-
07/06/2017	0.036138	0.044973	0.026812	0.042554	35,660	-
