Date	Open	High	Low	Close	Volume	Market Cap
07/15/2018	0.538248	0.591753	0.536460	0.568328	167,970	4,453,980
07/14/2018	0.542432	0.548110	0.521604	0.538391	13,347	4,488,600
07/13/2018	0.532513	0.584732	0.531959	0.543944	33,511	4,406,520
07/12/2018	0.565451	0.584952	0.512708	0.531989	80,485	4,679,080
07/11/2018	0.572122	0.607441	0.564240	0.565574	18,056	4,734,290
07/10/2018	0.608052	0.621656	0.571877	0.572099	47,491	5,031,600
07/09/2018	0.616958	0.627503	0.590967	0.616273	9,015	5,105,300
07/08/2018	0.630553	0.634673	0.603043	0.617091	33,124	5,217,800
07/07/2018	0.641190	0.645161	0.604914	0.631250	14,227	5,305,820
07/06/2018	0.623142	0.718108	0.604472	0.646832	297,187	5,156,470
07/05/2018	0.632864	0.673467	0.615052	0.623318	60,643	5,236,920
07/04/2018	0.659190	0.692518	0.629160	0.631519	66,449	5,454,770
07/03/2018	0.678423	0.706760	0.656819	0.659407	33,161	5,613,920
07/02/2018	0.629543	0.814387	0.617610	0.681502	144,762	5,209,440
07/01/2018	0.632496	0.694561	0.580638	0.629437	17,758	5,233,880
06/30/2018	0.603752	0.637329	0.597134	0.632355	16,352	4,996,020
06/29/2018	0.580082	0.607779	0.554519	0.602936	5,813	4,800,150
06/28/2018	0.605388	0.627190	0.576441	0.579712	18,911	5,009,560
06/27/2018	0.637271	0.637271	0.600479	0.605174	13,757	5,273,390
06/26/2018	0.616624	0.729762	0.585269	0.627457	168,125	5,102,540
06/25/2018	0.618134	0.621149	0.580975	0.616624	19,187	5,115,030
06/24/2018	0.634777	0.635750	0.583318	0.619337	19,476	5,252,750
06/23/2018	0.647676	0.667086	0.617666	0.639554	13,512	5,359,490
06/22/2018	0.674458	0.708354	0.617128	0.647590	24,763	5,581,110
06/21/2018	0.735853	0.739819	0.664485	0.675025	81,956	6,089,150
06/20/2018	0.675319	0.736058	0.631422	0.735703	58,153	5,588,240
06/19/2018	0.717648	0.724671	0.652300	0.674902	38,427	5,938,510
06/18/2018	0.725673	0.751170	0.666840	0.716229	136,146	6,004,910
06/17/2018	0.697608	0.756328	0.687326	0.728014	38,176	5,770,690
06/16/2018	0.710421	0.717176	0.690872	0.695764	22,785	5,876,680
06/15/2018	0.727989	0.743788	0.701876	0.713017	7,741	6,022,010
06/14/2018	0.730658	0.748805	0.668445	0.729744	41,308	6,044,080
06/13/2018	0.773330	0.790137	0.681966	0.730981	20,926	6,397,070
06/12/2018	0.857201	0.857282	0.762759	0.771334	29,416	7,090,860
06/11/2018	0.849634	0.865777	0.830312	0.860863	17,782	7,028,270
06/10/2018	0.975645	0.975645	0.836077	0.848422	27,822	8,070,640
06/09/2018	0.989205	1.04	0.974418	0.974418	13,634	8,182,810
06/08/2018	1.00	1.02	0.979360	0.989629	12,241	8,277,570
06/07/2018	1.01	1.03	0.988511	0.999900	22,193	8,317,990
06/06/2018	0.938339	1.01	0.935425	1.00	43,207	7,762,040
06/05/2018	1.02	1.03	0.928054	0.939594	64,912	8,471,740
06/04/2018	1.06	1.06	1.01	1.02	55,069	8,750,410
06/03/2018	1.06	1.08	1.05	1.06	20,613	8,729,830
06/02/2018	1.03	1.06	1.01	1.06	20,727	8,513,100
06/01/2018	1.01	1.04	1.00	1.03	23,805	8,389,010
05/31/2018	1.01	1.05	1.01	1.01	58,601	8,391,430
05/30/2018	1.07	1.07	1.00	1.01	90,669	8,856,690
05/29/2018	1.01	1.22	0.984572	1.07	1,032,140	8,364,060
05/28/2018	1.05	1.15	1.01	1.01	323,154	8,667,760
05/27/2018	1.08	1.08	1.03	1.04	21,275	8,931,200
05/26/2018	1.12	1.13	1.07	1.08	38,200	9,244,020
05/25/2018	1.23	1.23	1.05	1.12	291,155	10,046,600
05/24/2018	1.17	1.26	1.10	1.23	46,524	9,549,000
05/23/2018	1.22	1.25	1.15	1.17	43,634	9,949,390
05/22/2018	1.30	1.41	1.20	1.22	106,097	10,577,300
05/21/2018	1.37	1.37	1.28	1.30	48,634	11,132,000
05/20/2018	1.31	1.40	1.29	1.36	25,394	10,705,900
05/19/2018	1.33	1.36	1.30	1.31	5,138	10,861,300
05/18/2018	1.36	1.36	1.27	1.33	69,196	11,049,700
05/17/2018	1.34	1.43	1.31	1.35	189,883	10,908,500
05/16/2018	1.35	1.35	1.26	1.33	134,654	11,000,300
05/15/2018	1.40	1.48	1.36	1.36	111,498	11,433,700
05/14/2018	1.34	1.41	1.25	1.40	117,593	10,905,900
05/13/2018	1.30	1.35	1.22	1.34	42,849	10,619,100
05/12/2018	1.26	1.36	1.18	1.30	62,221	10,300,900
05/11/2018	1.42	1.42	1.15	1.27	123,414	11,538,000
05/10/2018	1.52	1.52	1.41	1.41	59,525	12,364,100
05/09/2018	1.49	1.55	1.43	1.52	87,915	12,154,800
05/08/2018	1.60	1.62	1.45	1.49	191,548	13,069,000
05/07/2018	1.59	1.64	1.53	1.59	51,372	13,004,100
05/06/2018	1.78	1.78	1.57	1.63	87,232	14,540,400
05/05/2018	1.73	1.79	1.69	1.78	77,432	14,104,600
05/04/2018	1.67	1.79	1.64	1.73	228,993	13,655,400
05/03/2018	1.67	1.72	1.65	1.68	136,211	13,619,500
05/02/2018	1.63	1.69	1.59	1.67	176,496	13,324,500
05/01/2018	1.66	1.66	1.53	1.64	163,022	13,559,400
04/30/2018	1.64	1.75	1.62	1.66	256,397	13,355,600
04/29/2018	1.68	1.72	1.61	1.64	133,236	13,664,400
04/28/2018	1.63	1.72	1.63	1.68	130,597	13,286,800
04/27/2018	1.73	1.88	1.64	1.64	413,271	14,079,900
04/26/2018	1.63	1.78	1.55	1.72	99,950	13,300,300
04/25/2018	1.94	1.94	1.58	1.62	143,748	15,836,500
04/24/2018	1.89	1.97	1.89	1.96	296,376	15,387,800
04/23/2018	1.80	1.92	1.79	1.89	436,560	14,679,800
04/22/2018	1.71	1.88	1.66	1.80	430,596	13,982,300
04/21/2018	1.77	1.83	1.61	1.72	608,132	14,462,000
04/20/2018	1.78	1.88	1.65	1.76	971,123	14,479,700
04/19/2018	1.61	1.81	1.57	1.78	879,495	13,146,800
04/18/2018	1.49	1.63	1.49	1.61	206,975	12,187,400
04/17/2018	1.49	1.61	1.48	1.49	834,017	12,182,800
04/16/2018	1.59	1.60	1.47	1.49	200,609	12,929,200
04/15/2018	1.48	1.62	1.47	1.59	164,732	12,080,100
04/14/2018	1.33	1.54	1.30	1.46	1,618,530	10,804,000
04/13/2018	1.36	1.45	1.30	1.35	334,206	11,085,100
04/12/2018	1.28	1.36	1.17	1.36	558,210	10,396,100
04/11/2018	1.31	1.33	1.12	1.29	2,906,180	10,646,800
04/10/2018	1.08	1.15	1.04	1.15	2,165,830	8,814,180
04/09/2018	1.06	1.54	1.03	1.06	4,012,690	8,653,820
04/08/2018	1.03	1.18	1.03	1.06	449,499	8,431,060
04/07/2018	0.992062	1.09	0.990596	1.04	45,536	8,086,560
04/06/2018	1.04	1.05	0.958524	0.980011	26,408	8,478,040
04/05/2018	1.06	1.08	1.00	1.05	56,269	8,679,320
04/04/2018	1.13	1.18	1.03	1.06	114,457	9,192,070
04/03/2018	1.08	1.19	1.05	1.13	467,154	8,833,790
04/02/2018	1.03	1.13	1.03	1.08	66,283	8,402,250
04/01/2018	1.08	1.13	0.995227	1.03	126,838	8,782,630
03/31/2018	1.03	1.15	1.02	1.08	142,980	8,379,640
03/30/2018	1.03	1.04	0.919562	1.03	37,630	8,368,610
03/29/2018	1.27	1.27	1.01	1.03	90,316	10,313,400
03/28/2018	1.19	1.32	1.18	1.25	89,646	9,733,290
03/27/2018	1.30	1.34	1.19	1.19	101,304	10,590,700
03/26/2018	1.37	1.38	1.24	1.30	172,962	11,174,300
03/25/2018	1.35	1.41	1.33	1.37	299,806	11,019,000
03/24/2018	1.35	1.59	1.32	1.37	1,198,710	11,041,600
03/23/2018	1.39	1.39	1.10	1.32	469,218	11,349,900
03/22/2018	1.44	1.48	1.37	1.39	86,346	11,715,000
03/21/2018	1.54	1.55	1.37	1.42	395,652	12,512,300
03/20/2018	1.55	1.59	1.39	1.52	749,030	12,661,300
03/19/2018	1.24	2.17	1.12	1.56	5,908,980	10,134,300
03/18/2018	1.24	1.26	1.10	1.21	40,203	10,122,300
03/17/2018	1.42	1.42	1.24	1.24	59,035	11,605,400
03/16/2018	1.42	1.55	1.34	1.42	66,616	11,544,600
03/15/2018	1.44	1.45	1.31	1.42	86,591	11,738,600
03/14/2018	1.69	1.72	1.43	1.44	113,298	13,772,400
03/13/2018	1.69	1.76	1.62	1.65	110,279	13,777,700
03/12/2018	1.83	1.92	1.65	1.70	84,655	14,952,800
03/11/2018	1.73	1.86	1.66	1.84	111,429	14,125,100
03/10/2018	1.87	1.92	1.71	1.74	183,240	15,226,600
03/09/2018	1.97	2.00	1.61	1.84	411,448	16,015,400
03/08/2018	2.04	2.15	1.90	1.98	350,360	16,651,500
03/07/2018	2.16	2.58	1.89	2.09	1,742,990	17,620,900
03/06/2018	2.27	2.43	2.04	2.16	1,752,170	18,458,900
03/05/2018	2.51	2.51	2.20	2.28	683,931	20,450,400
03/04/2018	2.38	2.48	2.27	2.41	697,629	19,358,500
03/03/2018	2.58	2.67	2.24	2.36	1,822,690	21,042,300
03/02/2018	2.20	2.87	2.17	2.63	7,346,040	17,950,200
03/01/2018	1.94	2.28	1.89	2.19	2,434,570	15,766,400
02/28/2018	2.06	2.11	1.91	1.93	118,569	16,797,300
02/27/2018	1.92	2.17	1.86	2.07	317,252	15,675,600
02/26/2018	1.95	2.00	1.79	1.89	242,542	15,897,700
02/25/2018	1.70	1.95	1.58	1.90	678,689	13,829,500
02/24/2018	1.85	1.90	1.69	1.70	186,489	15,032,800
02/23/2018	1.92	2.05	1.75	1.83	394,400	15,434,500
02/22/2018	2.10	2.24	1.89	1.92	108,202	16,932,900
02/21/2018	2.34	2.47	2.00	2.11	383,830	18,879,800
02/20/2018	2.56	2.65	2.28	2.28	384,232	20,652,800
02/19/2018	2.51	2.69	2.48	2.56	348,251	20,250,100
02/18/2018	2.89	2.97	2.51	2.53	302,822	23,262,100
02/17/2018	2.65	2.94	2.52	2.88	607,079	21,353,900
02/16/2018	2.73	2.77	2.52	2.65	193,585	21,935,100
02/15/2018	2.76	2.82	2.62	2.74	518,961	22,185,500
02/14/2018	2.54	2.81	2.54	2.75	436,194	20,425,100
02/13/2018	2.77	2.80	2.25	2.55	344,707	22,317,800
02/12/2018	2.67	2.87	2.59	2.77	1,428,640	21,516,700
02/11/2018	2.62	2.93	2.28	2.66	1,672,470	21,082,100
02/10/2018	2.88	3.12	2.49	2.60	2,235,960	23,185,600
02/09/2018	2.41	3.40	2.16	2.87	2,852,020	19,370,800
02/08/2018	2.33	2.57	2.27	2.42	436,310	18,717,200
02/07/2018	2.45	2.63	2.25	2.33	807,738	19,682,000
02/06/2018	2.39	2.49	1.72	2.46	1,919,700	19,211,000
02/05/2018	2.26	3.44	2.14	2.33	8,317,170	18,180,400
02/04/2018	2.59	2.59	2.17	2.28	140,633	20,832,200
02/03/2018	2.54	2.71	2.19	2.59	352,945	20,452,900
02/02/2018	2.80	2.80	2.02	2.57	363,504	22,522,100
02/01/2018	3.23	3.48	2.59	2.80	558,543	25,991,000
01/31/2018	3.25	3.35	2.95	3.23	407,330	26,183,800
01/30/2018	4.30	4.30	3.11	3.29	652,590	34,587,900
01/29/2018	4.37	4.69	4.01	4.28	3,702,860	35,136,200
01/28/2018	4.42	5.02	4.24	4.31	2,551,580	35,604,300
01/27/2018	4.18	5.16	4.07	4.37	2,291,630	33,659,800
01/26/2018	4.64	4.85	3.84	4.15	1,483,950	37,357,900
01/25/2018	5.46	5.46	4.33	4.61	4,338,040	43,800,600
01/24/2018	3.34	6.19	3.15	5.62	15,441,600	26,781,900
01/23/2018	3.02	3.79	2.83	3.34	1,193,100	24,193,600
01/22/2018	3.05	3.29	2.64	3.03	553,049	24,495,400
01/21/2018	3.56	3.59	3.00	3.02	1,285,370	28,565,100
01/20/2018	3.36	3.75	3.36	3.58	484,173	26,930,200
01/19/2018	3.13	3.82	3.13	3.32	1,418,740	25,109,200
01/18/2018	2.93	3.71	2.89	3.18	1,095,000	23,459,700
01/17/2018	2.97	3.26	2.24	3.01	274,271	23,806,300
01/16/2018	4.20	5.20	2.56	2.98	629,918	33,655,900
01/15/2018	4.97	4.99	4.19	4.20	676,900	39,888,700
01/14/2018	5.15	5.42	4.46	5.01	642,099	41,278,000
01/13/2018	4.50	5.73	4.35	5.30	2,268,570	36,052,300
01/12/2018	3.51	4.99	3.37	4.45	1,696,300	28,154,000
01/11/2018	4.50	4.52	3.15	3.72	680,136	36,078,200
01/10/2018	4.87	5.34	3.91	4.53	1,120,820	39,013,700
01/09/2018	4.88	5.07	4.56	4.86	709,639	39,154,100
01/08/2018	5.30	5.30	4.05	4.90	1,194,650	42,519,400
01/07/2018	4.26	5.72	4.14	5.42	3,110,120	34,179,000
01/06/2018	3.82	4.38	3.60	4.27	621,471	30,621,900
01/05/2018	4.63	4.63	3.82	3.90	1,655,160	37,082,200
01/04/2018	5.04	5.16	4.43	4.70	1,474,470	40,410,200
01/03/2018	5.63	6.30	4.44	4.91	3,462,800	45,118,600
01/02/2018	4.73	5.12	4.49	4.75	1,042,920	37,860,500
01/01/2018	4.96	4.97	4.43	4.75	512,677	39,599,400
12/31/2017	4.33	5.08	4.24	4.97	739,057	34,572,900
12/30/2017	5.66	5.66	4.09	4.59	1,348,690	45,128,300
12/29/2017	5.56	5.77	5.15	5.49	1,140,030	44,339,100
12/28/2017	5.96	6.38	4.88	5.51	4,767,440	47,498,500
12/27/2017	4.10	6.62	4.02	5.84	9,322,960	32,683,700
12/26/2017	4.54	4.84	3.81	4.11	1,648,610	36,155,500
12/25/2017	4.10	5.31	3.71	4.65	5,464,930	32,686,400
12/24/2017	2.92	6.65	2.70	4.31	15,171,900	23,272,100
12/23/2017	2.40	3.25	2.38	2.89	674,954	19,093,900
12/22/2017	3.05	3.17	1.82	2.37	378,411	24,327,700
12/21/2017	2.95	3.36	2.88	3.03	896,210	23,515,300
12/20/2017	2.74	2.95	2.39	2.94	869,914	21,853,800
12/19/2017	2.73	2.88	2.47	2.68	1,002,000	21,748,900
12/18/2017	2.51	2.73	2.43	2.73	942,852	20,011,800
12/17/2017	2.24	3.07	2.21	2.52	2,774,870	17,826,100
12/16/2017	2.31	2.35	2.12	2.24	370,510	18,366,100
12/15/2017	2.42	2.50	2.00	2.30	529,356	19,283,600
12/14/2017	2.55	2.76	2.20	2.42	1,890,360	20,314,700
12/13/2017	3.02	3.95	2.44	2.52	6,134,580	24,079,500
12/12/2017	1.61	3.80	1.60	2.90	12,950,100	12,685,500
12/11/2017	1.51	1.81	1.47	1.60	163,164	11,905,200
12/10/2017	1.72	1.95	1.47	1.60	505,710	13,574,300
12/09/2017	1.81	2.05	1.61	1.71	100,840	14,237,500
12/08/2017	1.83	1.95	1.57	1.81	273,325	14,402,800
12/07/2017	2.04	2.35	1.77	1.85	417,645	16,088,400
12/06/2017	2.22	2.27	1.95	2.03	452,332	17,500,000
12/05/2017	1.94	2.32	1.85	2.22	834,948	15,290,500
12/04/2017	1.79	1.94	1.73	1.94	201,884	14,079,300
12/03/2017	1.86	1.93	1.70	1.78	175,739	14,661,200
12/02/2017	1.63	2.04	1.57	1.86	397,030	12,889,800
12/01/2017	1.56	1.69	1.46	1.64	108,693	12,297,800
11/30/2017	1.47	1.94	1.35	1.57	539,418	11,621,100
11/29/2017	1.64	1.74	1.38	1.45	167,069	12,965,800
11/28/2017	1.63	1.85	1.63	1.66	495,050	12,882,800
11/27/2017	1.60	1.76	1.58	1.63	235,547	12,577,300
11/26/2017	1.57	1.68	1.53	1.63	119,853	12,342,000
11/25/2017	1.50	1.60	1.47	1.57	108,516	11,560,500
11/24/2017	1.54	1.54	1.41	1.50	166,431	11,914,000
11/23/2017	1.60	1.61	1.54	1.56	93,889	12,374,500
11/22/2017	1.63	1.71	1.56	1.58	229,139	12,606,000
11/21/2017	1.80	1.83	1.53	1.63	530,839	13,910,300
11/20/2017	2.02	2.40	1.70	1.86	2,224,440	15,604,900
11/19/2017	1.65	2.64	1.62	2.04	6,119,920	12,704,500
11/18/2017	3.46	7.61	1.53	1.65	3,112,630	26,719,900
11/17/2017	1.22	7.08	0.989642	3.48	448,125	9,391,500
11/16/2017	1.18	1.30	1.15	1.22	21,563	9,106,450
11/15/2017	1.12	1.20	1.10	1.17	47,214	8,662,820
11/14/2017	1.17	1.20	1.10	1.15	29,065	9,038,980
11/13/2017	0.952922	1.21	0.939475	1.17	83,747	7,352,280
11/12/2017	1.07	1.07	0.904677	0.974867	45,643	8,226,600
11/11/2017	1.12	1.19	1.03	1.07	26,374	8,645,810
11/10/2017	1.31	1.31	1.04	1.12	58,342	10,086,400
11/09/2017	1.36	1.38	1.25	1.30	172,858	10,433,200
11/08/2017	1.24	1.48	1.23	1.36	201,103	9,480,990
11/07/2017	1.20	1.26	1.18	1.24	21,316	9,185,760
11/06/2017	1.25	1.30	1.10	1.20	65,061	9,587,950
11/05/2017	1.19	1.31	1.11	1.25	45,872	9,101,480
11/04/2017	1.17	1.70	1.10	1.19	189,090	8,944,790
11/03/2017	1.13	1.25	1.09	1.17	14,943	8,675,560
11/02/2017	1.20	1.23	1.03	1.13	178,809	9,188,120
11/01/2017	1.22	1.27	1.16	1.20	45,521	9,372,240
10/31/2017	1.19	1.39	1.17	1.22	56,530	9,138,520
10/30/2017	1.25	1.30	1.16	1.20	19,473	9,551,060
10/29/2017	1.32	1.39	1.19	1.24	68,162	10,078,800
10/28/2017	1.14	1.40	1.08	1.32	122,119	8,733,010
10/27/2017	1.12	1.17	1.05	1.14	27,089	8,553,510
10/26/2017	1.08	1.17	0.925761	1.12	58,561	8,254,630
10/25/2017	1.03	1.12	1.01	1.08	56,575	7,876,300
10/24/2017	1.02	1.30	0.928289	1.03	149,588	7,792,180
10/23/2017	1.22	1.23	0.903904	1.02	60,241	9,301,800
10/22/2017	1.34	1.34	1.05	1.22	18,977	10,233,100
10/21/2017	1.24	1.45	1.02	1.34	40,129	9,454,660
10/20/2017	1.32	1.34	1.09	1.24	41,684	10,074,700
10/19/2017	1.36	1.43	1.05	1.32	105,418	10,436,300
10/18/2017	1.38	1.44	1.27	1.36	26,739	10,524,200
10/17/2017	1.42	1.45	1.36	1.38	13,902	10,855,300
10/16/2017	1.49	1.54	1.35	1.42	32,052	11,394,900
10/15/2017	1.57	1.60	1.43	1.49	46,193	12,000,800
10/14/2017	1.52	1.62	1.51	1.59	12,544	11,659,900
10/13/2017	1.68	1.77	1.40	1.52	39,075	12,814,800
10/12/2017	1.72	1.80	1.59	1.67	31,215	13,130,200
10/11/2017	1.66	1.78	1.61	1.76	23,432	12,727,400
10/10/2017	1.44	2.04	1.44	1.66	79,378	11,033,900
10/09/2017	1.36	1.48	1.35	1.44	31,393	10,376,100
10/08/2017	1.66	1.70	1.34	1.36	41,545	12,665,000
10/07/2017	1.70	1.75	1.61	1.66	39,972	12,997,300
10/06/2017	1.77	1.81	1.63	1.67	44,581	13,536,100
10/05/2017	1.81	1.85	1.73	1.75	53,721	13,850,800
10/04/2017	1.89	1.98	1.76	1.81	85,231	14,438,500
10/03/2017	2.01	2.13	1.80	1.88	147,959	15,395,400
10/02/2017	1.91	2.08	1.84	2.01	190,475	14,580,400
10/01/2017	1.88	1.91	1.79	1.91	36,077	14,387,300
09/30/2017	1.82	1.89	1.78	1.88	38,107	13,911,200
09/29/2017	1.75	1.98	1.68	1.82	20,588	13,386,400
09/28/2017	1.78	1.83	1.73	1.79	20,409	13,609,400
09/27/2017	1.63	1.81	1.60	1.78	28,631	12,463,000
09/26/2017	1.63	1.68	1.60	1.63	21,156	12,473,700
09/25/2017	1.58	1.68	1.50	1.63	19,027	12,115,400
09/24/2017	1.63	1.66	1.52	1.59	19,964	12,455,200
09/23/2017	1.51	1.63	1.47	1.63	17,180	11,526,300
09/22/2017	1.51	1.56	1.45	1.51	18,325	11,540,400
09/21/2017	1.63	1.73	1.49	1.51	31,395	12,453,700
09/20/2017	1.61	1.74	1.58	1.63	49,709	12,322,000
09/19/2017	1.77	1.78	1.59	1.61	18,704	13,535,800
09/18/2017	1.54	1.77	1.54	1.77	40,580	11,777,400
09/17/2017	1.53	1.62	1.43	1.55	27,473	11,671,400
09/16/2017	1.56	1.65	1.48	1.53	26,064	11,900,500
09/15/2017	1.38	1.62	1.26	1.56	55,319	10,527,300
09/14/2017	1.72	1.75	1.36	1.37	70,788	13,129,300
09/13/2017	1.85	1.98	1.61	1.72	258,062	14,108,600
09/12/2017	1.72	1.98	1.70	1.90	124,697	13,095,300
09/11/2017	1.74	1.76	1.68	1.71	29,048	13,302,900
09/10/2017	1.82	1.87	1.66	1.73	62,274	13,904,900
09/09/2017	1.74	2.38	1.65	1.86	350,365	13,289,600
09/08/2017	1.88	2.18	1.62	1.74	142,176	14,332,900
09/07/2017	1.84	1.95	1.72	1.88	46,667	14,046,400
09/06/2017	1.72	2.07	1.70	1.85	112,796	13,124,900
09/05/2017	1.61	1.75	1.51	1.72	41,698	12,295,800
09/04/2017	1.79	1.84	1.55	1.60	38,976	13,633,900
09/03/2017	1.90	1.96	1.72	1.79	28,145	14,494,800
09/02/2017	2.00	2.24	1.82	1.90	56,707	15,249,400
09/01/2017	1.94	2.14	1.85	1.98	69,294	14,792,800
08/31/2017	1.90	2.08	1.87	1.99	102,290	14,438,100
08/30/2017	1.89	1.96	1.86	1.90	34,455	14,403,500
08/29/2017	1.87	2.01	1.80	1.90	93,156	14,201,700
08/28/2017	1.93	1.95	1.79	1.86	53,717	14,660,400
08/27/2017	1.96	2.10	1.89	1.93	32,483	14,880,600
08/26/2017	1.87	2.01	1.80	1.96	40,987	14,218,800
08/25/2017	1.84	1.97	1.77	1.87	51,197	14,028,600
08/24/2017	1.90	1.96	1.80	1.92	29,296	14,490,100
08/23/2017	1.63	2.21	1.63	1.90	93,197	12,419,900
08/22/2017	1.68	1.70	1.49	1.64	25,092	12,785,500
08/21/2017	1.78	1.93	1.60	1.68	63,997	13,465,000
08/20/2017	1.99	1.99	1.73	1.78	27,322	15,074,800
08/19/2017	1.68	1.95	1.59	1.79	36,262	12,762,200
08/18/2017	1.91	1.93	1.63	1.69	51,469	14,471,000
08/17/2017	2.00	2.06	1.64	1.82	135,698	15,147,400
08/16/2017	1.77	2.19	1.65	2.00	105,619	13,418,800
08/15/2017	1.65	2.52	1.45	1.77	219,426	12,515,300
08/14/2017	1.75	1.96	1.56	1.65	88,307	13,232,700
08/13/2017	2.09	2.28	1.58	1.75	191,876	15,851,300
08/12/2017	1.59	2.62	1.58	2.15	622,684	12,050,000
08/11/2017	1.24	1.76	1.24	1.59	221,421	9,417,870
08/10/2017	1.21	1.27	1.18	1.24	50,502	9,139,310
08/09/2017	1.25	1.27	1.17	1.21	17,107	9,457,530
08/08/2017	1.28	1.34	1.22	1.25	40,057	9,730,660
08/07/2017	1.32	1.35	1.21	1.28	63,611	9,993,540
08/06/2017	1.33	1.43	1.28	1.32	22,070	10,095,400
08/05/2017	1.19	1.49	1.19	1.33	83,185	9,025,310
08/04/2017	1.11	1.20	1.11	1.19	30,656	8,422,280
08/03/2017	1.14	1.18	1.08	1.11	40,984	8,595,880
08/02/2017	1.04	1.17	1.02	1.13	61,123	7,848,800
08/01/2017	1.02	1.09	0.921386	1.04	50,033	7,705,930
07/31/2017	1.01	1.03	0.945543	1.02	33,939	7,677,960
07/30/2017	0.964499	1.01	0.936050	1.01	28,865	7,303,730
07/29/2017	1.05	1.07	0.931665	0.964446	45,241	7,955,390
07/28/2017	1.04	1.08	0.951948	1.07	42,133	7,912,090
07/27/2017	1.01	1.17	0.993735	1.04	88,114	7,645,490
07/26/2017	0.933882	1.34	0.850999	1.01	274,262	7,066,690
07/25/2017	1.17	1.18	0.877298	0.933471	91,976	8,844,070
07/24/2017	1.17	1.23	1.06	1.16	84,427	8,812,440
07/23/2017	1.22	1.25	1.11	1.17	100,429	9,233,730
07/22/2017	1.21	1.34	1.17	1.23	135,287	9,132,470
07/21/2017	1.45	1.56	1.22	1.27	194,096	10,943,200
07/20/2017	1.18	1.96	1.08	1.47	1,733,540	8,934,150
07/19/2017	1.93	2.01	0.628065	1.20	1,061,040	14,590,600
07/18/2017	1.86	1.99	1.76	1.93	64,276	14,061,600
07/17/2017	1.65	1.86	1.63	1.86	35,881	12,474,100
07/16/2017	1.65	1.74	1.60	1.66	19,207	12,434,100
07/15/2017	1.88	1.98	1.65	1.65	27,088	14,186,300
07/14/2017	2.00	2.08	1.84	1.88	33,065	14,726,000
07/13/2017	2.22	2.31	1.98	2.00	44,992	16,387,200
07/12/2017	1.93	2.29	1.88	2.22	68,731	14,220,500
07/11/2017	1.92	2.10	1.87	1.93	96,484	14,138,600
07/10/2017	2.47	2.48	1.87	1.92	91,592	18,206,700
07/09/2017	2.61	2.69	2.40	2.47	121,926	19,252,200
07/08/2017	2.88	2.88	2.54	2.59	71,083	21,197,600
07/07/2017	3.55	3.82	2.63	2.88	404,548	26,156,500
07/06/2017	2.80	3.67	2.78	3.55	480,445	20,647,400
07/05/2017	2.72	2.84	2.53	2.80	80,635	20,015,500
07/04/2017	2.39	2.95	2.39	2.72	113,380	17,614,600
07/03/2017	2.35	2.45	2.26	2.40	43,714	17,296,300
07/02/2017	2.29	2.38	2.17	2.36	59,123	16,867,200
07/01/2017	2.21	2.37	2.18	2.29	39,012	16,295,100
06/30/2017	2.38	2.85	2.21	2.21	93,427	17,521,100
06/29/2017	2.41	2.54	2.18	2.38	79,234	17,723,500
06/28/2017	2.11	2.44	1.96	2.42	67,805	15,482,700
06/27/2017	1.98	2.34	1.88	2.11	71,424	14,536,500
06/26/2017	2.32	2.37	1.85	1.93	123,564	16,948,000
06/25/2017	2.49	2.55	2.23	2.27	48,295	18,221,000
06/24/2017	2.62	2.69	2.37	2.50	84,678	19,141,100
06/23/2017	2.30	2.71	2.25	2.62	168,656	15,937,100
06/22/2017	2.38	2.50	2.17	2.50	208,907	16,434,000
06/21/2017	2.86	2.86	2.17	2.38	194,733	19,764,000
06/20/2017	2.80	4.00	0.249801	2.80	253,902	19,306,400
06/19/2017	3.08	3.50	2.62	3.00	534,577	21,292,300
06/18/2017	3.12	3.75	3.00	3.09	590,873	21,537,100
06/17/2017	4.75	4.80	3.00	3.12	696,995	32,652,400
06/16/2017	5.31	5.41	3.81	4.71	1,534,790	36,512,700
06/15/2017	5.58	5.76	4.47	5.24	601,541	38,286,900
06/14/2017	5.59	6.08	4.96	5.58	530,445	38,357,000
06/13/2017	5.18	6.04	5.11	5.59	411,831	35,507,100
06/12/2017	6.10	6.26	4.84	5.19	297,913	41,797,500
06/11/2017	5.93	6.20	5.21	6.11	292,892	40,606,700
06/10/2017	5.60	6.24	5.51	6.09	672,113	38,319,900
06/09/2017	4.76	5.64	4.62	5.57	569,937	31,943,700
06/08/2017	3.75	4.97	3.75	4.77	173,413	25,175,600
06/07/2017	4.53	5.32	3.73	3.83	591,930	30,245,700
06/06/2017	4.28	5.08	4.03	4.54	309,121	28,534,600
06/05/2017	4.00	5.22	3.81	4.34	788,515	26,692,800
06/04/2017	3.12	4.05	3.06	4.00	364,442	20,748,600
06/03/2017	2.53	3.26	2.35	3.13	207,825	16,777,500
06/02/2017	2.40	2.56	2.23	2.53	40,231	15,927,900
06/01/2017	1.95	2.43	1.95	2.40	48,551	12,966,300
05/31/2017	1.93	2.17	1.39	1.95	265,250	12,790,500
05/30/2017	2.39	2.41	1.78	1.92	117,235	15,844,100
05/29/2017	2.51	2.66	2.20	2.32	51,142	16,607,900
05/28/2017	2.22	2.66	2.16	2.52	23,844	14,633,700
05/27/2017	2.70	2.86	1.66	2.20	116,182	17,859,800
05/26/2017	2.13	3.37	2.07	2.70	323,050	13,666,900
05/25/2017	2.72	3.15	2.07	2.15	182,515	17,369,300
05/24/2017	2.44	2.73	2.16	2.73	120,902	15,547,000
05/23/2017	1.85	2.44	1.76	2.43	112,433	11,778,000
05/22/2017	1.84	2.03	1.62	1.85	49,608	11,705,100
05/21/2017	2.07	2.07	1.68	1.83	53,893	13,177,300
05/20/2017	1.87	2.08	1.72	2.07	92,000	11,922,000
05/19/2017	1.78	1.91	1.58	1.87	41,460	11,343,800
05/18/2017	1.43	1.86	1.34	1.63	62,381	9,128,290
05/17/2017	1.27	1.85	1.27	1.43	62,799	8,118,470
05/16/2017	1.52	1.63	1.27	1.27	44,251	9,713,600
05/15/2017	1.81	1.93	1.52	1.53	28,800	11,494,400
05/14/2017	1.80	1.95	1.71	1.73	15,569	11,373,700
05/13/2017	1.86	1.92	1.53	1.91	36,678	11,732,100
05/12/2017	2.01	2.02	1.76	1.87	16,467	12,672,000
05/11/2017	1.87	2.05	1.85	2.01	9,741	11,778,700
05/10/2017	1.83	2.06	1.46	1.87	41,323	11,477,000
05/09/2017	2.05	2.15	1.73	1.83	68,115	12,873,800
05/08/2017	2.05	2.20	1.78	2.05	39,886	12,881,300
05/07/2017	1.86	2.21	1.75	2.05	66,080	11,692,000
05/06/2017	2.10	2.42	1.78	1.86	102,290	13,115,000
05/05/2017	2.70	2.73	2.04	2.10	160,196	16,768,800
05/04/2017	2.53	2.76	2.00	2.69	308,606	15,714,200
05/03/2017	1.74	2.59	1.67	2.53	280,769	10,595,200
05/02/2017	1.28	1.94	1.02	1.74	114,870	7,739,940
05/01/2017	1.21	1.55	1.14	1.28	75,573	7,322,060
04/30/2017	1.43	1.59	1.21	1.22	48,396	8,647,580
04/29/2017	1.60	1.61	1.27	1.43	50,683	9,657,240
04/28/2017	1.28	1.76	1.24	1.60	126,901	7,668,620
04/27/2017	1.44	1.80	1.24	1.28	84,980	8,632,930
04/26/2017	1.18	1.66	1.09	1.44	152,316	6,954,500
04/25/2017	1.00	1.27	0.975706	1.18	69,538	5,891,440
04/24/2017	0.914311	1.10	0.699460	1.00	74,292	5,374,310
04/23/2017	1.26	1.33	0.903682	0.912479	58,939	7,357,750
04/22/2017	0.913319	1.84	0.843341	1.27	235,258	5,097,630
04/21/2017	0.759167	0.912826	0.691314	0.912826	36,734	3,727,550
04/20/2017	0.555849	0.860275	0.524580	0.758965	101,597	2,434,660
04/19/2017	0.494767	0.583157	0.444648	0.556733	31,600	2,165,470
04/18/2017	0.466776	0.557353	0.466776	0.494579	16,719	2,040,030
04/17/2017	0.546188	0.551015	0.449736	0.466831	19,112	2,377,560
04/16/2017	0.425023	0.546816	0.405429	0.546045	41,569	1,820,390
04/15/2017	0.338575	0.428480	0.337420	0.425114	13,185	1,403,770
04/14/2017	0.342700	0.422583	0.336343	0.338653	11,966	1,416,860
04/13/2017	0.378268	0.378523	0.299813	0.342392	6,200	1,563,090
04/12/2017	0.416167	0.416167	0.358901	0.378063	4,586	1,713,830
04/11/2017	0.434622	0.435709	0.362830	0.416229	4,803	1,773,660
04/10/2017	0.465397	2.50	0.307813	0.434501	12,952	1,799,470
04/09/2017	0.447673	0.479557	0.415431	0.465506	614	1,674,680
04/08/2017	0.372176	0.452897	0.365754	0.447437	1,877	1,350,040
04/07/2017	0.445128	0.445128	0.290461	0.373525	4,769	1,614,670
04/06/2017	0.421655	0.474959	0.347103	0.446573	7,533	1,517,870
04/05/2017	0.386742	0.537561	0.364916	0.421397	8,123	1,391,380
04/04/2017	0.448909	0.464921	0.385671	0.386438	1,065	1,614,200
04/03/2017	0.510395	0.513511	0.270104	0.448898	5,574	1,832,280
04/02/2017	0.455238	0.521841	0.394548	0.509883	4,880	1,620,740
04/01/2017	0.498269	0.600705	0.416485	0.455169	12,306	1,765,390
03/31/2017	0.447532	0.602106	0.016129	0.498319	12,945	1,568,180
03/30/2017	0.279608	0.657616	0.246683	0.447614	44,051	975,998
03/29/2017	0.237387	0.312775	0.234561	0.298127	7,269	826,150
03/28/2017	0.308795	0.308795	0.237411	0.237986	7,396	1,061,590
03/27/2017	0.311567	0.315674	0.265557	0.309115	10,864	1,068,180
03/26/2017	0.296948	0.447698	0.271784	0.309822	11,982	1,016,410
03/25/2017	0.262417	0.297598	0.221090	0.296572	9,770	896,879
03/24/2017	0.280766	0.302471	0.225174	0.262464	2,400	959,530
03/23/2017	0.206534	0.309543	0.170961	0.280804	10,361	683,816
03/22/2017	0.233677	0.234566	0.199485	0.206355	958	601,766
03/21/2017	0.206998	0.239232	0.206998	0.233675	1,309	532,835
03/20/2017	0.183872	0.216954	0.183872	0.206817	2,220	473,306
03/19/2017	0.165154	0.201505	0.165154	0.183783	1,698	423,377
03/18/2017	0.187885	0.210652	0.164576	0.164662	3,830	478,510
03/17/2017	0.152186	0.209374	0.150984	0.187946	3,703	381,702
03/16/2017	0.166138	0.195133	0.117530	0.153172	7,693	413,372
03/15/2017	0.177308	0.213898	0.152394	0.165446	4,513	432,944
03/14/2017	0.237778	0.237778	0.135314	0.177288	13,930	580,359
03/13/2017	0.281367	0.318019	0.160540	0.237732	7,006	657,226
03/12/2017	0.214133	0.342404	0.175831	0.281246	12,758	499,806
03/11/2017	0.226495	0.685883	0.156818	0.213989	3,510	526,267
03/10/2017	1.15	18.02	0.138863	0.226480	9,059	2,651,690
03/09/2017	0.249601	5.17	0.163816	1.15	605	389,578
03/08/2017	0.264353	0.264353	0.234201	0.249769	1,888	351,184
03/07/2017	0.274105	0.274817	0.260995	0.264439	19	364,112
03/06/2017	0.366171	19.74	0.197006	0.274478	2,358	462,986
03/05/2017	0.129520	0.368847	0.127626	0.366551	4	136,953
03/04/2017	0.139408	0.143250	0.130332	0.130332	933	144,321
03/03/2017	0.140886	0.141475	0.138993	0.138993	467	145,852
