Date	Open	High	Low	Close	Volume	Market Cap
07/15/2018	0.007652	0.007889	0.007506	0.007638	1,183	1,228,140
07/14/2018	0.007231	0.007633	0.006888	0.007585	6,734	1,000,030
07/13/2018	0.006806	0.007592	0.006806	0.007306	4,649	938,471
07/12/2018	0.007438	0.007485	0.006710	0.006786	2,454	1,025,540
07/11/2018	0.008600	0.008860	0.007148	0.007438	4,541	1,192,910
07/10/2018	0.007677	0.009507	0.007265	0.008600	988	1,064,860
07/09/2018	0.008827	0.009149	0.006780	0.007669	2,920	1,224,320
07/08/2018	0.009176	0.009568	0.007941	0.008823	1,476	1,272,740
07/07/2018	0.009305	0.009306	0.008769	0.009153	819	1,290,630
07/06/2018	0.008113	0.009703	0.008068	0.009308	2,413	1,125,240
07/05/2018	0.009153	0.009270	0.008026	0.008116	49	1,269,580
07/04/2018	0.008709	0.015859	0.008379	0.009129	1,043	1,207,940
07/03/2018	0.009087	0.009657	0.008636	0.008721	840	1,246,310
07/02/2018	0.008829	0.009107	0.008219	0.009067	17,970	1,210,910
07/01/2018	0.009042	0.009076	0.006754	0.008833	1,175	1,240,140
06/30/2018	0.009015	0.009780	0.008935	0.009093	2,638	1,236,430
06/29/2018	0.009032	0.009319	0.008406	0.009017	3,142	1,238,800
06/28/2018	0.008978	0.009754	0.008775	0.009043	2,876	1,231,340
06/27/2018	0.008784	0.009080	0.008596	0.008965	713	1,204,760
06/26/2018	0.009238	0.009583	0.008778	0.008866	2,529	1,267,060
06/25/2018	0.009834	0.009845	0.009094	0.009238	408	1,348,860
06/24/2018	0.010120	0.010144	0.009052	0.009825	1,827	1,388,010
06/23/2018	0.010026	0.010858	0.009702	0.010128	4,061	1,375,200
06/22/2018	0.012566	0.012566	0.010018	0.010034	19,254	1,723,550
06/21/2018	0.013505	0.014327	0.012517	0.012567	2,174	1,852,280
06/20/2018	0.013776	0.013787	0.013163	0.013508	1,496	1,889,500
06/19/2018	0.014685	0.014719	0.013231	0.013763	1,519	2,014,110
06/18/2018	0.014133	0.014668	0.013384	0.014668	3,081	1,938,460
06/17/2018	0.015559	0.016295	0.014120	0.014148	9,398	2,107,500
06/16/2018	0.014158	0.016546	0.014098	0.015551	2,781	1,917,760
06/15/2018	0.013105	0.015077	0.013061	0.014179	8,708	1,775,140
06/14/2018	0.012452	0.013225	0.011783	0.013096	1,765	1,686,650
06/13/2018	0.012716	0.013681	0.011910	0.012416	11,296	1,722,430
06/12/2018	0.013408	0.013846	0.012521	0.012665	4,920	1,816,220
06/11/2018	0.014156	0.014156	0.012380	0.013362	8,895	1,917,510
06/10/2018	0.018290	0.018576	0.010808	0.014143	55,005	2,477,430
06/09/2018	0.018974	0.019520	0.014819	0.018305	25,244	2,564,420
06/08/2018	0.021148	0.021278	0.018207	0.018978	2,242	2,857,980
06/07/2018	0.019652	0.021153	0.019127	0.021136	7,918	2,645,640
06/06/2018	0.021107	0.022107	0.018569	0.019657	6,507	2,841,520
06/05/2018	0.018164	0.028953	0.017757	0.021110	17,930	2,454,830
06/04/2018	0.019421	0.019551	0.018019	0.018175	4,128	2,624,720
06/03/2018	0.019168	0.020388	0.018999	0.019388	4,407	2,590,480
06/02/2018	0.019048	0.020090	0.018062	0.019129	8,743	2,555,740
06/01/2018	0.018261	0.019115	0.017748	0.019064	7,306	2,448,920
05/31/2018	0.016154	0.018905	0.016061	0.018236	6,699	2,166,390
05/30/2018	0.018697	0.019317	0.016620	0.017136	1,371	2,506,110
05/29/2018	0.018151	0.019987	0.015799	0.018690	7,321	2,432,940
05/28/2018	0.019922	0.020232	0.017888	0.018057	1,137	2,670,300
05/27/2018	0.020123	0.020294	0.018409	0.018529	2,201	2,697,230
05/26/2018	0.020941	0.021512	0.018491	0.020044	3,827	2,806,990
05/25/2018	0.023396	0.023718	0.014458	0.021249	31,103	3,132,460
05/24/2018	0.021957	0.023737	0.019608	0.023387	7,805	2,939,800
05/23/2018	0.024269	0.024456	0.019762	0.022026	8,226	3,249,360
05/22/2018	0.025683	0.025730	0.022546	0.024314	3,800	3,438,630
05/21/2018	0.025786	0.029329	0.022869	0.025592	28,357	3,452,450
05/20/2018	0.024966	0.028667	0.024941	0.025753	3,103	3,338,180
05/19/2018	0.025022	0.028504	0.024526	0.024945	720	3,345,670
05/18/2018	0.024377	0.029186	0.023997	0.025027	9,286	3,259,470
05/17/2018	0.027528	0.027799	0.024237	0.024367	5,077	3,680,740
05/16/2018	0.032264	0.032344	0.024982	0.027474	4,625	4,298,010
05/15/2018	0.029364	0.031447	0.025834	0.031094	7,766	3,911,480
05/14/2018	0.027603	0.030649	0.026869	0.029360	17,074	3,676,880
05/13/2018	0.027945	0.030187	0.027328	0.027623	19,228	3,722,410
05/12/2018	0.025232	0.028317	0.025107	0.027947	5,866	3,356,110
05/11/2018	0.034031	0.034339	0.025185	0.025276	24,130	4,526,520
05/10/2018	0.035965	0.037342	0.033131	0.033930	9,714	4,783,830
05/09/2018	0.037506	0.037506	0.034775	0.035932	8,254	4,988,920
05/08/2018	0.037016	0.039769	0.037016	0.037649	8,926	4,923,640
05/07/2018	0.029423	0.048862	0.029373	0.037002	7,302	3,903,050
05/06/2018	0.054806	0.055926	0.028746	0.029407	3,577	7,270,160
05/05/2018	0.040034	0.056954	0.039979	0.054820	5,502	5,271,240
05/04/2018	0.043205	0.043530	0.037742	0.040089	13,345	5,688,760
05/03/2018	0.045430	0.049345	0.043146	0.043376	7,640	5,889,830
05/02/2018	0.040462	0.045449	0.039455	0.045434	5,928	5,245,800
05/01/2018	0.037488	0.040793	0.036129	0.040499	13,302	4,860,200
04/30/2018	0.042224	0.045545	0.037321	0.037438	12,822	-
04/29/2018	0.040113	0.042899	0.036687	0.042866	24,019	-
04/28/2018	0.038162	0.041727	0.037316	0.038937	11,074	-
04/27/2018	0.038043	0.040174	0.036191	0.036653	16,002	-
04/26/2018	0.036584	0.040780	0.034767	0.038118	15,924	-
04/25/2018	0.043350	0.043350	0.036466	0.036474	24,580	-
04/24/2018	0.045482	0.047861	0.042162	0.043360	39,261	-
04/23/2018	0.048576	0.050916	0.043680	0.045380	17,728	-
04/22/2018	0.051465	0.053740	0.047357	0.048539	57,875	-
04/21/2018	0.046376	0.051380	0.044623	0.051218	39,138	-
04/20/2018	0.042561	0.050428	0.042561	0.046583	48,703	-
