Date	Open	High	Low	Close	Volume	Market Cap
07/15/2018	0.111145	0.115229	0.109849	0.113061	14,413	11,195,500
07/14/2018	0.110562	0.112684	0.108688	0.111173	8,056	11,136,800
07/13/2018	0.110319	0.111835	0.108944	0.110870	12,264	11,112,300
07/12/2018	0.114189	0.114189	0.106837	0.110210	20,433	11,502,100
07/11/2018	0.114028	0.117795	0.110408	0.114214	29,211	11,485,900
07/10/2018	0.128679	0.128917	0.113482	0.113866	42,491	12,961,700
07/09/2018	0.132657	0.133549	0.127892	0.128762	26,622	13,362,400
07/08/2018	0.135974	0.138026	0.131338	0.132511	39,025	13,696,500
07/07/2018	0.135020	0.148138	0.130862	0.136042	76,021	13,600,400
07/06/2018	0.130800	0.135250	0.125108	0.135250	44,887	13,175,300
07/05/2018	0.130501	0.141287	0.128409	0.130821	74,393	13,145,200
07/04/2018	0.124716	0.142972	0.123178	0.130327	79,954	12,562,500
07/03/2018	0.126524	0.133126	0.124191	0.126904	80,756	12,744,600
07/02/2018	0.110580	0.129886	0.107026	0.127118	94,343	11,138,600
07/01/2018	0.107305	0.110589	0.103446	0.110568	22,016	10,808,700
06/30/2018	0.106941	0.111741	0.104983	0.107281	30,870	10,772,000
06/29/2018	0.097531	0.108071	0.094081	0.106834	23,668	9,824,120
06/28/2018	0.106447	0.112959	0.097675	0.098478	128,514	10,722,200
06/27/2018	0.100759	0.111351	0.097220	0.106870	57,963	10,149,300
06/26/2018	0.107868	0.108690	0.100705	0.100800	41,679	10,865,400
06/25/2018	0.106072	0.112019	0.103250	0.107868	71,686	10,684,500
06/24/2018	0.111901	0.112729	0.099735	0.106280	43,165	11,271,600
06/23/2018	0.112557	0.114645	0.109709	0.112654	43,074	11,337,700
06/22/2018	0.129957	0.129957	0.110864	0.113056	70,169	13,090,400
06/21/2018	0.127681	0.142671	0.124675	0.130101	152,058	12,861,200
06/20/2018	0.128077	0.129630	0.123789	0.127655	30,628	12,901,000
06/19/2018	0.129402	0.135931	0.127554	0.127998	52,385	13,034,500
06/18/2018	0.123513	0.141994	0.121768	0.129472	229,631	12,441,300
06/17/2018	0.125382	0.128786	0.121849	0.123849	16,584	12,629,500
06/16/2018	0.126413	0.129614	0.123402	0.125050	17,631	12,733,400
06/15/2018	0.134342	0.134904	0.125903	0.127894	22,333	13,532,100
06/14/2018	0.119948	0.136042	0.117726	0.134565	84,200	12,082,200
06/13/2018	0.137524	0.139235	0.119930	0.119930	114,303	13,852,600
06/12/2018	0.153301	0.153820	0.136291	0.137161	68,500	15,441,800
06/11/2018	0.150993	0.153620	0.145768	0.153383	64,476	15,209,300
06/10/2018	0.176694	0.176694	0.148189	0.150566	107,547	17,798,100
06/09/2018	0.176518	0.190544	0.174004	0.176472	393,902	17,780,400
06/08/2018	0.175267	0.177475	0.171015	0.175127	41,159	17,654,400
06/07/2018	0.180231	0.182399	0.174395	0.175002	46,038	18,154,500
06/06/2018	0.181072	0.183974	0.175194	0.180066	85,599	18,239,100
06/05/2018	0.182709	0.183481	0.175158	0.181055	55,463	18,404,000
06/04/2018	0.193738	0.195182	0.181241	0.182622	90,299	19,514,900
06/03/2018	0.188047	0.196180	0.186243	0.193335	142,164	18,941,700
06/02/2018	0.176923	0.192641	0.175698	0.187996	123,953	17,821,200
06/01/2018	0.177635	0.181377	0.173414	0.177000	55,117	17,892,900
05/31/2018	0.169186	0.185930	0.167936	0.177506	123,231	17,041,800
05/30/2018	0.180676	0.180885	0.166088	0.169070	110,974	18,199,200
05/29/2018	0.166207	0.181236	0.162600	0.180555	120,565	16,741,800
05/28/2018	0.182298	0.185159	0.166167	0.167124	86,068	18,362,600
05/27/2018	0.181887	0.188419	0.173594	0.182256	111,971	18,321,200
05/26/2018	0.188336	0.195342	0.180272	0.181807	57,952	18,970,800
05/25/2018	0.192880	0.198121	0.185056	0.188583	111,921	19,428,600
05/24/2018	0.190634	0.197848	0.183331	0.192520	131,628	19,202,300
05/23/2018	0.213785	0.214800	0.188504	0.192013	235,342	21,534,200
05/22/2018	0.238720	0.238802	0.213825	0.214008	142,050	24,045,900
05/21/2018	0.235104	0.242663	0.229586	0.236292	199,603	23,681,700
05/20/2018	0.221120	0.239729	0.218347	0.234835	220,107	22,273,100
05/19/2018	0.224871	0.227479	0.213954	0.220955	339,622	22,650,900
05/18/2018	0.229126	0.232001	0.211032	0.224905	315,263	23,079,600
05/17/2018	0.238727	0.243524	0.228471	0.228903	118,974	24,046,600
05/16/2018	0.241924	0.243471	0.227135	0.238581	177,233	24,368,600
05/15/2018	0.249937	0.263272	0.241150	0.242063	244,372	25,175,800
05/14/2018	0.247653	0.256092	0.232372	0.250366	119,567	24,945,800
05/13/2018	0.236204	0.254656	0.230913	0.247132	220,405	23,792,500
05/12/2018	0.237468	0.244963	0.227693	0.234367	159,066	23,919,800
05/11/2018	0.264227	0.264227	0.224308	0.238161	533,831	26,615,200
05/10/2018	0.275928	0.277282	0.258129	0.262214	317,697	27,793,800
05/09/2018	0.272389	0.280207	0.255002	0.275825	286,613	27,437,300
05/08/2018	0.289566	0.291667	0.267644	0.272806	483,688	29,167,600
05/07/2018	0.304848	0.312953	0.279595	0.289030	641,843	30,706,900
05/06/2018	0.298449	0.306875	0.289022	0.306563	871,451	30,062,300
05/05/2018	0.307880	0.317769	0.285458	0.298247	1,712,240	31,012,300
05/04/2018	0.312949	0.313646	0.303426	0.308025	437,497	31,522,900
05/03/2018	0.309817	0.317567	0.297859	0.312410	690,485	31,207,400
05/02/2018	0.309383	0.310445	0.295379	0.309806	471,242	31,163,700
05/01/2018	0.309281	0.310173	0.287865	0.309705	374,814	31,153,500
04/30/2018	0.303352	0.312436	0.289856	0.308937	448,354	30,556,300
04/29/2018	0.301145	0.307446	0.288094	0.303480	389,806	30,333,900
04/28/2018	0.283403	0.303630	0.282712	0.300654	299,789	28,546,800
04/27/2018	0.298248	0.299962	0.284293	0.284555	443,132	30,042,100
04/26/2018	0.274276	0.298888	0.265581	0.298152	584,457	27,627,500
04/25/2018	0.327553	0.327553	0.266544	0.272079	857,172	32,993,900
04/24/2018	0.316613	0.329930	0.313324	0.329930	1,248,200	31,892,000
04/23/2018	0.316090	0.322617	0.312931	0.316344	945,899	31,839,300
04/22/2018	0.310831	0.323559	0.299447	0.319586	1,091,220	31,309,600
04/21/2018	0.308281	0.334444	0.279212	0.312945	2,814,550	31,052,700
04/20/2018	0.309702	0.313512	0.293953	0.306160	1,229,130	31,195,800
04/19/2018	0.299854	0.310744	0.286872	0.310744	1,639,680	30,203,900
04/18/2018	0.275776	0.307105	0.273807	0.299426	1,137,520	27,778,500
04/17/2018	0.282636	0.286934	0.270710	0.278373	1,062,300	28,469,500
04/16/2018	0.284864	0.302475	0.265841	0.283510	2,138,720	28,694,000
04/15/2018	0.260017	0.291229	0.235714	0.291158	1,718,120	26,191,100
04/14/2018	0.251500	0.262592	0.244733	0.259117	1,219,220	25,333,200
04/13/2018	0.252763	0.263462	0.243640	0.250798	2,047,860	25,460,400
04/12/2018	0.230223	0.253284	0.219513	0.251924	2,697,980	23,190,000
04/11/2018	0.224666	0.233868	0.215796	0.230754	1,841,180	22,630,300
04/10/2018	0.212173	0.249863	0.195567	0.226844	2,417,450	21,371,900
04/09/2018	0.227678	0.230104	0.200738	0.212590	3,116,420	22,933,700
04/08/2018	0.198589	0.280179	0.198129	0.228446	19,681,700	20,003,600
04/07/2018	0.184940	0.207615	0.182293	0.197366	1,118,170	18,628,700
04/06/2018	0.190977	0.206119	0.175804	0.184670	854,535	19,236,900
04/05/2018	0.198972	0.201732	0.178283	0.191235	1,391,900	20,042,100
04/04/2018	0.228322	0.228322	0.195579	0.199855	798,491	22,998,500
04/03/2018	0.218887	0.231155	0.209226	0.228614	2,680,350	22,048,200
04/02/2018	0.209856	0.225556	0.198477	0.218751	2,184,650	21,138,500
04/01/2018	0.227849	0.233040	0.196785	0.207401	1,699,100	22,950,900
03/31/2018	0.257360	0.283578	0.216862	0.228688	2,236,000	25,923,500
03/30/2018	0.257202	0.291891	0.239814	0.254967	3,241,890	25,907,600
03/29/2018	0.349216	0.349216	0.244073	0.256921	2,737,520	35,176,000
03/28/2018	0.343545	0.369764	0.317666	0.350032	5,486,180	34,604,800
03/27/2018	0.458430	0.479331	0.343416	0.347143	11,377,800	46,177,000
03/26/2018	0.368378	0.487641	0.365930	0.432511	33,872,800	37,106,200
03/25/2018	0.319691	0.387070	0.319691	0.366106	5,056,210	32,202,000
03/24/2018	0.304860	0.357140	0.279141	0.324213	2,189,460	30,708,100
03/23/2018	0.332115	0.335577	0.292957	0.300481	1,378,350	33,453,400
03/22/2018	0.297662	0.355827	0.292772	0.337673	3,054,260	29,983,100
03/21/2018	0.302967	0.313070	0.292169	0.298191	605,842	30,517,400
03/20/2018	0.279794	0.316767	0.255066	0.303344	1,158,590	28,183,200
03/19/2018	0.245776	0.281832	0.232915	0.276958	947,461	24,756,700
03/18/2018	0.234762	0.249964	0.197075	0.247664	604,021	23,647,300
03/17/2018	0.267055	0.286274	0.233456	0.236723	869,144	26,900,000
03/16/2018	0.264131	0.275901	0.243260	0.264681	460,265	26,605,600
03/15/2018	0.283328	0.284629	0.245453	0.264617	1,018,930	28,539,200
03/14/2018	0.338105	0.368891	0.274352	0.283447	2,431,870	34,056,800
03/13/2018	0.354427	0.357580	0.321250	0.337984	2,697,910	35,701,000
03/12/2018	0.389939	0.400588	0.347742	0.353263	664,554	39,278,000
03/11/2018	0.353295	0.402721	0.338189	0.384570	1,137,490	35,586,900
03/10/2018	0.394796	0.419760	0.338289	0.355266	1,395,890	39,767,300
03/09/2018	0.384235	0.404440	0.325009	0.397850	3,500,790	38,703,500
03/08/2018	0.442303	0.478072	0.386363	0.386363	2,305,480	44,552,500
03/07/2018	0.482210	0.558347	0.399497	0.446918	15,590,600	48,572,400
03/06/2018	0.386490	0.538116	0.366883	0.501413	19,102,400	31,791,200
03/05/2018	0.425910	0.428952	0.377589	0.393403	444,284	35,033,800
03/04/2018	0.431261	0.435132	0.380227	0.421597	821,641	35,474,000
03/03/2018	0.438268	0.483853	0.422093	0.434445	1,979,250	36,050,300
03/02/2018	0.404421	0.457985	0.382871	0.439048	2,857,520	33,266,200
03/01/2018	0.386288	0.404557	0.344726	0.403768	2,406,470	31,774,600
02/28/2018	0.319981	0.397670	0.316999	0.395283	3,056,620	26,320,400
02/27/2018	0.298246	0.324217	0.288360	0.321042	275,909	24,532,600
02/26/2018	0.299643	0.316470	0.284789	0.297423	484,921	24,647,500
02/25/2018	0.269515	0.303470	0.256235	0.299260	297,120	22,169,300
02/24/2018	0.269081	0.282049	0.253282	0.269807	107,869	22,133,600
02/23/2018	0.257456	0.277223	0.245860	0.269422	183,478	21,177,400
02/22/2018	0.274129	0.284158	0.249065	0.257693	197,598	22,548,800
02/21/2018	0.303979	0.305518	0.269000	0.274425	371,575	25,004,200
02/20/2018	0.344741	0.350441	0.301937	0.305625	514,324	28,357,100
02/19/2018	0.332051	0.353285	0.330995	0.344390	357,315	27,313,300
02/18/2018	0.372207	0.380817	0.332844	0.333581	247,399	30,616,400
02/17/2018	0.352254	0.377211	0.342957	0.373440	328,415	28,975,100
02/16/2018	0.343413	0.353192	0.324504	0.353192	313,552	28,247,900
02/15/2018	0.343945	0.353373	0.332015	0.344888	697,299	28,291,600
02/14/2018	0.322491	0.344293	0.319345	0.344225	696,648	26,526,900
02/13/2018	0.353697	0.358982	0.320134	0.323456	1,031,680	29,093,800
02/12/2018	0.334501	0.360419	0.324181	0.355974	989,574	27,514,800
02/11/2018	0.379762	0.379762	0.322981	0.332577	325,062	31,237,800
02/10/2018	0.377905	0.396495	0.343990	0.378179	569,884	31,085,100
02/09/2018	0.335213	0.379388	0.312335	0.373131	583,904	27,573,400
02/08/2018	0.304986	0.357987	0.304986	0.327827	762,190	25,087,000
02/07/2018	0.287887	0.344732	0.265396	0.306528	468,472	23,680,500
02/06/2018	0.248080	0.303982	0.212327	0.289600	375,678	20,406,100
02/05/2018	0.316841	0.325873	0.223711	0.249591	383,279	26,062,200
02/04/2018	0.407091	0.407091	0.306224	0.321868	330,341	33,485,800
02/03/2018	0.369694	0.414248	0.321888	0.405582	389,690	30,409,700
02/02/2018	0.404377	0.404377	0.291341	0.369878	801,952	33,262,600
02/01/2018	0.458829	0.534117	0.381744	0.405214	2,604,100	37,741,600
01/31/2018	0.469060	0.486703	0.441588	0.457765	692,820	38,583,100
01/30/2018	0.538799	0.556019	0.461716	0.463790	917,052	44,319,600
01/29/2018	0.577242	0.588767	0.534427	0.539542	470,230	47,481,800
01/28/2018	0.593089	0.602157	0.562413	0.579118	1,011,830	48,785,300
01/27/2018	0.530119	0.624507	0.515568	0.592171	2,459,720	43,605,600
01/26/2018	0.545887	0.556570	0.484077	0.530472	490,413	44,902,700
01/25/2018	0.596558	0.605497	0.521915	0.547337	929,100	49,070,700
01/24/2018	0.515566	0.587597	0.500971	0.587597	1,245,270	42,408,600
01/23/2018	0.507368	0.545364	0.465887	0.514815	445,011	41,734,200
01/22/2018	0.547699	0.571444	0.468362	0.508534	1,202,120	45,051,700
01/21/2018	0.668554	0.668554	0.513867	0.538405	1,416,440	54,992,800
01/20/2018	0.608945	0.696610	0.602306	0.667095	842,425	50,089,600
01/19/2018	0.596548	0.655531	0.561676	0.601193	977,340	49,069,800
01/18/2018	0.538862	0.685772	0.530159	0.602014	2,112,000	44,324,800
01/17/2018	0.563379	0.617244	0.405074	0.540651	1,674,970	46,341,500
01/16/2018	0.865144	0.865144	0.480499	0.561899	2,668,800	71,163,500
01/15/2018	0.907829	0.949818	0.855812	0.863256	2,461,430	74,674,700
01/14/2018	0.981518	1.04	0.870665	0.931415	3,546,810	80,736,000
01/13/2018	0.979410	1.06	0.964326	0.978202	3,323,040	80,562,700
01/12/2018	0.852219	0.996272	0.830921	0.983735	4,165,760	70,100,400
01/11/2018	1.03	1.04	0.795213	0.845701	4,024,810	84,651,500
01/10/2018	1.05	1.08	0.879831	1.04	5,872,130	86,455,200
01/09/2018	1.04	1.16	0.983496	1.04	9,343,860	85,783,000
01/08/2018	0.970286	1.05	0.814373	1.04	5,382,620	79,812,100
01/07/2018	0.949130	1.06	0.949130	0.972014	3,793,000	78,072,000
01/06/2018	0.934654	1.05	0.853366	0.950371	6,649,420	76,881,200
01/05/2018	0.982435	1.05	0.878013	0.926000	8,341,230	80,811,500
01/04/2018	0.894684	1.06	0.808302	0.993629	9,069,430	73,593,400
01/03/2018	0.861499	0.922179	0.797741	0.887689	5,110,940	70,863,700
01/02/2018	0.923670	0.980606	0.778136	0.872731	12,644,500	75,977,700
01/01/2018	0.862293	1.13	0.827561	0.916816	19,356,500	70,929,000
12/31/2017	0.546972	1.07	0.543458	0.897160	28,842,300	44,991,900
12/30/2017	0.648256	0.648256	0.532686	0.553776	2,937,030	53,323,100
12/29/2017	0.642886	0.721505	0.627779	0.650707	3,511,920	52,881,500
12/28/2017	0.642564	0.658496	0.524955	0.650233	3,141,770	52,855,000
12/27/2017	0.614258	0.727837	0.511185	0.643759	7,640,100	50,526,600
12/26/2017	0.652688	0.669692	0.533947	0.618803	6,432,090	53,687,700
12/25/2017	0.678099	0.786654	0.620396	0.662142	8,959,470	55,778,000
12/24/2017	0.570018	0.722376	0.505320	0.673652	8,751,110	46,887,600
12/23/2017	0.440679	0.654544	0.427887	0.563562	3,909,600	36,248,600
12/22/2017	0.581676	0.585164	0.320870	0.436264	3,402,620	47,846,500
12/21/2017	0.444678	0.593563	0.444678	0.572794	4,920,530	36,577,600
12/20/2017	0.448988	0.467444	0.391914	0.443214	2,270,460	36,932,100
12/19/2017	0.459797	0.528764	0.408662	0.451361	3,744,920	37,821,200
12/18/2017	0.395714	0.498668	0.374894	0.460633	3,052,980	32,550,000
12/17/2017	0.365969	0.398862	0.349542	0.394344	1,936,930	30,103,300
12/16/2017	0.335764	0.365589	0.322847	0.364828	1,089,640	27,618,700
12/15/2017	0.338560	0.361160	0.291016	0.330816	1,359,790	27,848,700
12/14/2017	0.333821	0.377716	0.316686	0.338189	1,525,220	27,458,900
12/13/2017	0.337785	0.412044	0.322067	0.340493	2,750,390	27,784,900
12/12/2017	0.262269	0.478236	0.256182	0.331844	7,190,660	21,573,300
12/11/2017	0.246257	0.297519	0.245900	0.261697	776,365	20,256,200
12/10/2017	0.280846	0.281981	0.224634	0.246977	549,688	23,101,400
12/09/2017	0.278139	0.332388	0.263894	0.279707	1,064,980	22,878,700
12/08/2017	0.296780	0.297646	0.237871	0.279243	976,334	24,412,000
12/07/2017	0.303031	0.344991	0.281655	0.299337	1,329,930	24,926,300
12/06/2017	0.342760	0.360508	0.297110	0.303942	1,985,620	28,194,200
12/05/2017	0.325716	0.367246	0.307645	0.342512	2,440,940	26,792,200
12/04/2017	0.263604	0.337521	0.260562	0.322904	2,013,020	21,683,100
12/03/2017	0.265540	0.299171	0.248860	0.262734	694,718	21,842,300
12/02/2017	0.270697	0.270697	0.245015	0.264791	913,606	22,266,600
12/01/2017	0.227383	0.276688	0.210501	0.276688	1,295,130	18,703,700
11/30/2017	0.219978	0.246176	0.199634	0.219678	361,080	18,094,600
11/29/2017	0.286970	0.301716	0.210518	0.216696	1,167,220	23,605,100
11/28/2017	0.268202	0.285120	0.241240	0.279769	1,466,500	22,061,300
11/27/2017	0.289106	0.292671	0.248838	0.270254	1,757,630	23,780,800
11/26/2017	0.230442	0.306353	0.210143	0.290826	2,823,200	18,955,300
11/25/2017	0.223593	0.246393	0.220021	0.229483	858,022	18,391,900
11/24/2017	0.193270	0.238128	0.187417	0.225424	1,085,760	15,897,700
11/23/2017	0.183442	0.197963	0.181884	0.192828	201,527	15,089,300
11/22/2017	0.181404	0.197949	0.180821	0.183421	213,560	14,921,600
11/21/2017	0.177348	0.192842	0.165863	0.180421	304,745	14,588,000
11/20/2017	0.162171	0.203645	0.155634	0.172421	901,060	13,339,600
11/19/2017	0.150368	0.171888	0.150010	0.164478	364,406	12,368,700
11/18/2017	0.145324	0.158092	0.141702	0.150647	133,492	11,953,800
11/17/2017	0.153979	0.158047	0.140288	0.145884	144,186	12,665,800
11/16/2017	0.158383	0.174001	0.151519	0.154501	390,447	13,028,000
11/15/2017	0.160327	0.166850	0.151124	0.157364	298,945	13,187,900
11/14/2017	0.151686	0.161857	0.150342	0.160217	223,632	12,477,100
11/13/2017	0.128142	0.151617	0.128142	0.151617	204,799	10,540,500
11/12/2017	0.147045	0.150710	0.123860	0.129509	197,635	12,095,400
11/11/2017	0.155262	0.161433	0.145807	0.147154	190,291	12,771,300
11/10/2017	0.160071	0.173400	0.148315	0.156035	374,900	13,166,800
11/09/2017	0.161124	0.166673	0.154538	0.159280	260,065	13,253,500
11/08/2017	0.149920	0.178340	0.140290	0.159436	430,385	12,331,900
11/07/2017	0.139106	0.155073	0.139106	0.150392	178,363	11,442,400
11/06/2017	0.142039	0.163006	0.138424	0.139592	311,675	11,683,600
11/05/2017	0.133298	0.167041	0.132342	0.141339	445,543	10,964,600
11/04/2017	0.136759	0.138714	0.129942	0.133448	88,973	11,249,300
11/03/2017	0.127261	0.138762	0.123854	0.137541	144,863	10,468,000
11/02/2017	0.137473	0.143852	0.119538	0.126837	322,419	11,308,000
11/01/2017	0.149413	0.150544	0.134751	0.137356	156,868	12,290,200
10/31/2017	0.146491	0.157200	0.145623	0.149522	196,350	12,049,800
10/30/2017	0.142765	0.149679	0.140822	0.146990	75,364	11,743,300
10/29/2017	0.137728	0.149575	0.137337	0.143355	163,535	11,329,000
10/28/2017	0.136354	0.154659	0.133373	0.137918	291,709	11,216,000
10/27/2017	0.129964	0.135066	0.125973	0.134721	154,856	10,690,300
10/26/2017	0.142246	0.146189	0.126754	0.129606	215,740	11,700,600
10/25/2017	0.140074	0.149584	0.134814	0.141536	190,504	11,522,000
10/24/2017	0.126990	0.167832	0.117184	0.140018	492,805	10,445,700
10/23/2017	0.127663	0.141137	0.124239	0.127270	172,849	10,501,100
10/22/2017	0.120395	0.133164	0.116480	0.128375	123,638	9,903,240
10/21/2017	0.130597	0.134498	0.117172	0.120360	89,469	10,742,400
10/20/2017	0.120354	0.135018	0.119668	0.131140	291,911	9,899,880
10/19/2017	0.128400	0.133122	0.117927	0.120320	153,567	10,561,700
10/18/2017	0.132337	0.132885	0.119404	0.128334	126,946	10,885,600
10/17/2017	0.142645	0.145969	0.127050	0.132322	158,453	11,733,400
10/16/2017	0.138152	0.147942	0.135071	0.143356	90,315	11,363,900
10/15/2017	0.146441	0.155896	0.132510	0.138134	205,071	12,045,700
10/14/2017	0.130940	0.156784	0.125131	0.148400	211,656	10,770,700
10/13/2017	0.136839	0.136839	0.109112	0.129874	390,839	11,255,800
10/12/2017	0.128894	0.142753	0.127379	0.136418	283,523	10,602,300
10/11/2017	0.127485	0.135265	0.123680	0.128785	199,781	10,486,500
10/10/2017	0.133607	0.136973	0.124015	0.127512	181,451	10,990,000
10/09/2017	0.136324	0.142284	0.121330	0.133617	318,679	11,213,500
10/08/2017	0.150633	0.153029	0.132806	0.136289	245,336	12,390,500
10/07/2017	0.150498	0.155297	0.147224	0.151293	90,807	12,379,400
10/06/2017	0.153209	0.160366	0.150489	0.150579	70,171	12,602,400
10/05/2017	0.155572	0.160045	0.150356	0.153209	119,788	12,796,800
10/04/2017	0.153989	0.162337	0.153125	0.155375	223,940	12,666,600
10/03/2017	0.155514	0.160869	0.144818	0.153634	300,868	12,792,000
10/02/2017	0.161833	0.166121	0.154068	0.155509	270,732	13,311,800
10/01/2017	0.178726	0.182993	0.161770	0.161770	501,033	14,701,400
09/30/2017	0.157519	0.187238	0.155426	0.178630	663,186	12,957,000
09/29/2017	0.159653	0.162097	0.150762	0.156213	226,647	13,132,500
09/28/2017	0.165924	0.169297	0.155130	0.159779	258,284	13,648,300
09/27/2017	0.158705	0.170715	0.152285	0.165514	434,746	13,054,500
09/26/2017	0.163480	0.163877	0.155114	0.157707	244,748	13,447,300
09/25/2017	0.140126	0.173301	0.139465	0.163121	386,547	11,526,300
09/24/2017	0.147916	0.147916	0.138850	0.140393	216,792	12,167,000
09/23/2017	0.148015	0.151235	0.145764	0.148861	89,505	12,175,200
09/22/2017	0.145465	0.157733	0.135798	0.149179	381,379	11,965,400
09/21/2017	0.170760	0.183383	0.143893	0.145109	1,054,690	14,046,100
09/20/2017	0.185704	0.192517	0.162123	0.172288	1,956,980	15,275,300
09/19/2017	0.152161	0.196338	0.138315	0.190986	2,459,790	12,516,200
09/18/2017	0.135283	0.153709	0.132785	0.153286	696,649	11,127,900
09/17/2017	0.129422	0.146667	0.117500	0.135939	708,855	10,645,800
09/16/2017	0.130915	0.136460	0.113878	0.130309	437,172	10,768,600
09/15/2017	0.121172	0.135304	0.092679	0.130858	1,073,020	9,967,200
09/14/2017	0.148605	0.154767	0.120143	0.120143	286,476	12,223,700
09/13/2017	0.163907	0.164295	0.142141	0.148993	287,780	13,482,400
09/12/2017	0.170793	0.177632	0.161881	0.164736	317,722	14,048,800
09/11/2017	0.179399	0.182801	0.168347	0.170682	397,520	14,756,700
09/10/2017	0.186257	0.186565	0.170819	0.179828	191,826	15,320,800
09/09/2017	0.183603	0.190919	0.174868	0.186714	216,458	15,102,500
09/08/2017	0.205123	0.206715	0.172077	0.183248	294,540	16,872,600
09/07/2017	0.198837	0.210215	0.188337	0.205081	349,145	16,355,600
09/06/2017	0.185615	0.211250	0.185430	0.199218	608,122	15,268,000
09/05/2017	0.187528	0.195538	0.167445	0.185046	461,522	15,425,400
09/04/2017	0.211917	0.221254	0.177311	0.186321	605,225	17,431,500
09/03/2017	0.218490	0.233177	0.203807	0.211850	452,621	17,972,200
09/02/2017	0.222648	0.254701	0.210838	0.218255	1,480,960	18,314,200
09/01/2017	0.218228	0.226478	0.211324	0.223077	839,000	17,950,600
08/31/2017	0.214615	0.228315	0.209098	0.217960	790,841	17,653,400
08/30/2017	0.212978	0.223265	0.211865	0.214990	407,879	17,518,800
08/29/2017	0.226707	0.230791	0.205580	0.213385	921,120	18,648,100
08/28/2017	0.224715	0.233070	0.211517	0.226579	479,540	18,484,200
08/27/2017	0.219278	0.236843	0.212215	0.221914	617,690	18,037,000
08/26/2017	0.208540	0.225994	0.206496	0.220896	241,710	17,153,700
08/25/2017	0.221022	0.223943	0.203172	0.208477	316,156	18,180,500
08/24/2017	0.216162	0.241932	0.216162	0.221514	400,482	17,780,700
08/23/2017	0.207217	0.226571	0.198825	0.216696	352,366	17,044,900
08/22/2017	0.204861	0.211154	0.179875	0.207639	497,642	16,851,100
08/21/2017	0.223709	0.233587	0.203163	0.205225	445,728	18,401,500
08/20/2017	0.204316	0.266933	0.195019	0.224720	881,497	16,806,200
08/19/2017	0.187831	0.217309	0.179152	0.211405	372,446	15,450,300
08/18/2017	0.206288	0.208813	0.183293	0.188226	464,568	16,968,500
08/17/2017	0.230452	0.233819	0.206743	0.207125	424,935	18,956,100
08/16/2017	0.231495	0.243555	0.223011	0.230301	335,618	19,041,900
08/15/2017	0.249736	0.249736	0.214550	0.228792	654,395	20,542,400
08/14/2017	0.258780	0.282712	0.224320	0.249902	825,444	21,286,300
08/13/2017	0.285085	0.309859	0.234284	0.258905	1,447,610	23,450,100
08/12/2017	0.302767	0.318426	0.263128	0.286366	1,208,120	24,904,500
08/11/2017	0.320034	0.322166	0.290349	0.301353	857,810	26,324,800
08/10/2017	0.320391	0.371293	0.310355	0.321993	1,984,640	26,354,200
08/09/2017	0.303381	0.329803	0.288662	0.321786	727,090	24,955,000
08/08/2017	0.297235	0.333905	0.294923	0.302237	1,234,630	24,449,500
08/07/2017	0.245658	0.342728	0.242624	0.302892	1,414,720	20,206,900
08/06/2017	0.267585	0.273321	0.243908	0.244934	329,126	22,010,600
08/05/2017	0.253845	0.278500	0.243825	0.267127	381,266	20,880,400
08/04/2017	0.254562	0.267104	0.242176	0.253959	347,113	20,939,300
08/03/2017	0.253952	0.263159	0.234852	0.254604	279,604	20,889,100
08/02/2017	0.238904	0.285992	0.232178	0.253499	633,821	19,651,300
08/01/2017	0.198245	0.250743	0.196430	0.238908	437,312	16,306,900
07/31/2017	0.196358	0.208754	0.193626	0.197720	251,474	16,151,700
07/30/2017	0.211362	0.211362	0.195068	0.196328	175,323	17,385,800
07/29/2017	0.197924	0.211761	0.184592	0.211761	247,641	16,280,500
07/28/2017	0.239902	0.244195	0.198716	0.209248	543,605	19,733,400
07/27/2017	0.231999	0.244043	0.227611	0.240552	141,535	19,083,400
07/26/2017	0.241037	0.247422	0.220424	0.231274	259,681	19,826,800
07/25/2017	0.290929	0.293355	0.221094	0.240638	803,448	23,930,800
07/24/2017	0.305104	0.327479	0.283427	0.286822	521,484	25,096,700
07/23/2017	0.337406	0.340998	0.286860	0.304915	541,062	27,753,800
07/22/2017	0.255197	0.349222	0.254973	0.337406	1,136,390	20,991,600
07/21/2017	0.243912	0.267592	0.234147	0.255480	288,303	20,063,300
07/20/2017	0.198005	0.259206	0.198005	0.242051	413,041	16,287,200
07/19/2017	0.219811	0.233567	0.191936	0.198597	615,678	18,080,900
07/18/2017	0.192148	0.228945	0.181197	0.218746	697,427	15,805,400
07/17/2017	0.152671	0.191587	0.150566	0.191587	488,688	12,558,200
07/16/2017	0.149650	0.158974	0.131491	0.152312	213,448	12,309,700
07/15/2017	0.167608	0.171558	0.150839	0.150839	340,778	13,786,900
07/14/2017	0.190211	0.192910	0.156435	0.168691	275,509	15,646,100
07/13/2017	0.214853	0.222725	0.177307	0.191880	522,703	17,673,000
07/12/2017	0.177605	0.228519	0.169163	0.214983	554,915	14,609,100
07/11/2017	0.190918	0.204428	0.157838	0.178095	894,381	15,704,200
07/10/2017	0.272766	0.273160	0.186372	0.189840	946,551	22,436,800
07/09/2017	0.320128	0.321336	0.270486	0.272255	453,030	26,332,600
07/08/2017	0.284094	0.321016	0.260154	0.320450	1,115,600	23,368,600
07/07/2017	0.364199	0.365721	0.260238	0.285929	1,586,710	29,957,600
07/06/2017	0.409922	0.414789	0.363026	0.363902	975,723	33,718,700
07/05/2017	0.434731	0.444206	0.402179	0.407762	703,106	35,759,400
07/04/2017	0.423550	0.462616	0.423024	0.434969	1,047,250	34,839,600
07/03/2017	0.443700	0.448193	0.380082	0.416801	1,917,850	36,497,100
07/02/2017	0.449921	0.472224	0.384617	0.438734	2,228,330	37,008,800
07/01/2017	0.533439	0.539005	0.416901	0.447069	2,095,110	43,878,700
06/30/2017	0.636392	0.677932	0.488413	0.533328	5,400,500	52,347,200
06/29/2017	0.619666	0.665805	0.531145	0.631844	3,484,850	50,971,500
06/28/2017	0.534478	0.634631	0.505850	0.610278	1,339,480	43,964,200
06/27/2017	0.546097	0.551429	0.436020	0.537325	1,063,860	44,919,900
06/26/2017	0.545851	0.634555	0.416267	0.546097	2,713,530	44,899,700
06/25/2017	0.597379	0.601517	0.517805	0.547934	937,761	49,138,200
06/24/2017	0.648303	0.677744	0.565417	0.599231	1,201,860	53,327,000
06/23/2017	0.602398	0.675182	0.571319	0.643179	1,281,830	49,551,000
06/22/2017	0.606399	0.678027	0.588016	0.602916	2,215,970	49,880,100
06/21/2017	0.563691	0.658549	0.531430	0.606321	2,724,170	46,367,200
06/20/2017	0.525283	0.607728	0.511666	0.565957	2,025,500	43,207,800
06/19/2017	0.457865	0.550199	0.456580	0.525699	1,292,390	37,662,300
06/18/2017	0.463513	0.480816	0.455816	0.458573	568,683	38,126,900
06/17/2017	0.470697	0.492610	0.454228	0.463532	612,267	38,717,800
06/16/2017	0.437027	0.487053	0.410807	0.470661	652,242	35,948,200
06/15/2017	0.445600	0.465321	0.363808	0.435999	613,582	36,653,400
06/14/2017	0.499680	0.519745	0.430223	0.449073	762,177	41,101,800
06/13/2017	0.473095	0.535251	0.469408	0.497680	901,041	38,915,100
06/12/2017	0.558364	0.602057	0.432115	0.479004	1,077,980	45,929,000
06/11/2017	0.573089	0.579492	0.527541	0.557113	1,159,990	47,140,200
06/10/2017	0.593529	0.655401	0.537685	0.579649	2,632,920	48,821,500
06/09/2017	0.534308	0.602992	0.519974	0.592918	2,508,850	43,950,200
06/08/2017	0.421932	0.542579	0.412548	0.534272	1,551,680	34,706,600
06/07/2017	0.463964	0.533306	0.420441	0.423010	1,914,480	38,164,000
06/06/2017	0.459484	0.492789	0.392224	0.463864	2,249,880	37,795,500
06/05/2017	0.397044	0.497972	0.390846	0.456612	3,594,370	32,659,400
06/04/2017	0.358680	0.431687	0.344279	0.390022	2,552,740	29,503,700
06/03/2017	0.299063	0.375433	0.299063	0.358506	1,579,290	24,599,800
06/02/2017	0.277565	0.303358	0.271492	0.297431	516,680	22,831,500
06/01/2017	0.261476	0.291274	0.256678	0.277442	599,321	21,508,100
05/31/2017	0.227789	0.298658	0.227789	0.261363	2,490,140	18,737,100
05/30/2017	0.218148	0.266163	0.208672	0.227021	1,010,650	17,944,100
05/29/2017	0.210344	0.238364	0.194320	0.218242	684,126	17,302,100
05/28/2017	0.190239	0.239924	0.190118	0.206633	411,681	15,648,400
05/27/2017	0.232639	0.237822	0.159600	0.189363	736,260	19,136,000
05/26/2017	0.255426	0.292425	0.218173	0.231869	402,147	21,010,400
05/25/2017	0.300514	0.303044	0.249725	0.257521	798,910	24,719,200
05/24/2017	0.308642	0.340200	0.280493	0.301388	1,708,880	25,387,800
05/23/2017	0.259235	0.317777	0.251474	0.301350	1,036,310	21,323,700
05/22/2017	0.300675	0.306195	0.244224	0.259683	1,195,690	24,732,400
05/21/2017	0.248775	0.316789	0.241986	0.297706	1,452,800	20,463,300
05/20/2017	0.234476	0.264696	0.233680	0.248187	663,522	19,287,100
05/19/2017	0.221375	0.234731	0.211163	0.234731	567,124	18,209,500
05/18/2017	0.220027	0.234359	0.206851	0.221245	725,918	18,098,600
05/17/2017	0.194556	0.222421	0.184547	0.220751	822,047	16,003,500
05/16/2017	0.179072	0.208403	0.162619	0.195477	788,964	14,729,800
05/15/2017	0.205408	0.214286	0.165895	0.179338	921,460	16,896,100
05/14/2017	0.212392	0.264846	0.193212	0.205979	2,839,610	17,470,600
05/13/2017	0.157562	0.233599	0.149870	0.211533	3,462,560	12,960,500
05/12/2017	0.157617	0.170274	0.151713	0.156475	418,258	12,965,000
05/11/2017	0.146905	0.166766	0.140220	0.156532	352,787	12,083,900
05/10/2017	0.157071	0.158393	0.140901	0.145697	473,761	12,920,100
05/09/2017	0.167351	0.189543	0.142102	0.156967	899,950	13,765,700
05/08/2017	0.147682	0.175256	0.135142	0.167298	1,077,700	12,147,800
05/07/2017	0.134483	0.164415	0.134483	0.147071	1,203,010	11,062,100
05/06/2017	0.123967	0.135508	0.123097	0.134456	391,430	10,197,100
05/05/2017	0.120253	0.132591	0.119118	0.123858	440,001	9,891,570
05/04/2017	0.108885	0.120999	0.107335	0.117795	459,082	8,956,480
05/03/2017	0.104940	0.111634	0.098605	0.108839	274,374	8,631,980
05/02/2017	0.109268	0.113490	0.092175	0.105372	352,703	8,987,980
05/01/2017	0.115416	0.124783	0.098701	0.109259	599,173	9,493,700
04/30/2017	0.118689	0.124118	0.110998	0.115391	368,596	9,762,920
04/29/2017	0.109364	0.120530	0.109364	0.118682	205,368	8,995,880
04/28/2017	0.112381	0.118279	0.106783	0.109251	211,446	9,244,050
04/27/2017	0.100047	0.114687	0.098768	0.113055	355,183	8,229,500
04/26/2017	0.096744	0.101350	0.096513	0.099984	125,740	7,957,810
04/25/2017	0.097432	0.099119	0.096030	0.096706	125,241	8,014,400
04/24/2017	0.099803	0.100172	0.094070	0.097409	160,402	8,209,450
04/23/2017	0.104245	0.104492	0.097632	0.099503	106,146	8,574,810
04/22/2017	0.106512	0.107524	0.100298	0.104228	121,472	8,761,290
04/21/2017	0.102214	0.108278	0.097674	0.106476	151,864	8,407,750
04/20/2017	0.109018	0.111627	0.097861	0.102117	211,343	8,967,420
04/19/2017	0.111720	0.112294	0.103132	0.108998	236,916	9,189,680
04/18/2017	0.118294	0.118896	0.107046	0.111713	497,927	9,730,430
04/17/2017	0.110907	0.141164	0.106972	0.118219	1,189,690	9,122,800
04/16/2017	0.096083	0.131129	0.094433	0.110878	2,332,680	7,903,410
04/15/2017	0.092452	0.097303	0.092351	0.096075	183,129	7,604,740
04/14/2017	0.093702	0.098850	0.091578	0.092297	206,252	7,707,590
04/13/2017	0.092957	0.096213	0.088601	0.093618	183,324	7,646,320
04/12/2017	0.089661	0.093804	0.088153	0.092890	98,631	7,375,140
04/11/2017	0.085737	0.093659	0.084636	0.089675	94,733	7,052,400
04/10/2017	0.085407	0.089968	0.082102	0.085713	84,917	7,025,310
04/09/2017	0.090931	0.097014	0.082314	0.085382	298,234	7,479,680
04/08/2017	0.079447	0.093730	0.076473	0.091188	180,258	6,534,990
04/07/2017	0.092000	0.092000	0.077633	0.079471	226,178	7,567,580
04/06/2017	0.096311	0.100827	0.088639	0.092178	463,703	7,922,210
04/05/2017	0.088753	0.102747	0.085085	0.095020	1,171,130	7,300,470
04/04/2017	0.082146	0.093804	0.081072	0.088245	235,722	6,757,030
04/03/2017	0.077415	0.093955	0.076393	0.082023	300,024	6,367,880
04/02/2017	0.076534	0.080826	0.074457	0.077129	93,940	6,295,390
04/01/2017	0.072410	0.080220	0.072262	0.076526	82,194	5,956,190
03/31/2017	0.071021	0.076014	0.069336	0.072445	148,969	5,841,940
03/30/2017	0.077467	0.080410	0.067437	0.069670	214,915	6,372,130
03/29/2017	0.076181	0.085135	0.073878	0.077300	308,658	6,266,380
03/28/2017	0.064060	0.097341	0.063740	0.076169	1,228,930	5,269,320
03/27/2017	0.063475	0.077825	0.058929	0.066939	385,751	5,221,180
03/26/2017	0.062330	0.068738	0.059542	0.063126	178,724	5,127,040
03/25/2017	0.066513	0.066905	0.057645	0.062147	466,021	5,471,100
03/24/2017	0.083883	0.085148	0.066591	0.066591	644,025	6,899,940
03/23/2017	0.090288	0.099514	0.083360	0.083782	686,447	7,426,790
03/22/2017	0.092256	0.101940	0.082405	0.090210	540,870	7,588,610
03/21/2017	0.091166	0.123085	0.082352	0.091818	2,516,740	7,498,960
03/20/2017	0.058240	0.091071	0.057518	0.091071	787,911	4,790,640
03/19/2017	0.048067	0.060970	0.047626	0.058182	236,179	3,953,840
03/18/2017	0.053033	0.058251	0.046091	0.047924	73,477	4,362,260
03/17/2017	0.057705	0.057798	0.053027	0.053059	71,478	4,746,620
03/16/2017	0.049195	0.060061	0.048677	0.058376	147,238	4,046,620
03/15/2017	0.046445	0.053388	0.044549	0.049734	87,138	3,820,390
03/14/2017	0.048139	0.048813	0.046003	0.046450	21,495	3,959,760
03/13/2017	0.050041	0.052547	0.048117	0.048130	63,786	4,116,200
03/12/2017	0.041527	0.054326	0.041527	0.050025	136,061	3,415,880
03/11/2017	0.039073	0.044245	0.038614	0.041711	36,167	3,214,020
03/10/2017	0.043678	0.043887	0.034816	0.039661	58,919	3,592,810
03/09/2017	0.039369	0.043674	0.038350	0.043647	31,786	3,238,370
03/08/2017	0.037884	0.044478	0.036899	0.038856	77,878	3,116,180
03/07/2017	0.039030	0.039211	0.036366	0.037353	6,000	3,210,450
03/06/2017	0.039193	0.039200	0.037544	0.039018	14,150	3,223,870
03/05/2017	0.038491	0.039301	0.037588	0.039182	10,000	3,166,110
03/04/2017	0.040560	0.040560	0.037315	0.038517	20,333	3,336,320
03/03/2017	0.038471	0.041780	0.038471	0.040483	15,502	3,164,520
03/02/2017	0.038381	0.039402	0.035828	0.038111	75,383	3,157,070
03/01/2017	0.041500	0.042273	0.038037	0.038560	44,410	3,413,660
02/28/2017	0.039974	0.048809	0.038666	0.041498	181,045	3,288,100
02/27/2017	0.036783	0.043690	0.036199	0.039948	59,241	3,025,610
02/26/2017	0.036667	0.039030	0.036139	0.036828	12,555	3,016,110
02/25/2017	0.036957	0.038630	0.036031	0.036653	20,977	3,039,920
02/24/2017	0.041498	0.042582	0.035404	0.037060	83,163	3,413,460
02/23/2017	0.043204	0.044083	0.040342	0.041286	42,038	3,553,770
02/22/2017	0.040426	0.043582	0.039378	0.043210	32,506	3,325,330
02/21/2017	0.043818	0.043818	0.038587	0.040445	37,153	3,604,270
02/20/2017	0.044730	0.044989	0.042415	0.043221	57,235	3,679,350
02/19/2017	0.044094	0.045911	0.043629	0.044695	8,349	3,627,010
02/18/2017	0.045233	0.046387	0.043512	0.044080	49,056	3,720,720
02/17/2017	0.044018	0.046668	0.043326	0.045104	33,938	3,620,780
02/16/2017	0.044957	0.046713	0.043181	0.044075	42,313	3,697,960
02/15/2017	0.049050	0.049158	0.043577	0.044790	65,707	4,034,690
02/14/2017	0.045387	0.049403	0.045387	0.048932	24,757	3,733,380
02/13/2017	0.045669	0.048534	0.045326	0.045337	20,912	3,756,560
02/12/2017	0.045841	0.047196	0.045662	0.045683	12,190	3,770,700
02/11/2017	0.045687	0.046862	0.045292	0.045874	18,364	3,758,060
02/10/2017	0.046711	0.046865	0.044230	0.045677	27,233	3,842,290
02/09/2017	0.049361	0.051676	0.043924	0.046653	41,189	4,060,240
02/08/2017	0.048875	0.050997	0.047853	0.049285	18,712	4,020,300
02/07/2017	0.048190	0.049297	0.047085	0.048831	15,195	3,963,950
02/06/2017	0.048088	0.051131	0.047494	0.048098	50,089	3,955,510
02/05/2017	0.050997	0.052132	0.046234	0.047598	77,532	4,194,850
02/04/2017	0.051839	0.053607	0.049956	0.050865	41,103	4,264,080
02/03/2017	0.050075	0.054307	0.049076	0.051768	65,719	4,118,970
02/02/2017	0.048827	0.050561	0.048101	0.050072	36,431	4,016,310
02/01/2017	0.050101	0.051568	0.048536	0.048831	31,771	4,121,090
01/31/2017	0.050590	0.053050	0.048779	0.050099	89,178	4,161,350
01/30/2017	0.049217	0.051920	0.048749	0.050609	53,055	4,048,440
01/29/2017	0.048996	0.050336	0.047870	0.049119	43,055	4,030,270
01/28/2017	0.048082	0.049696	0.046522	0.048996	25,643	3,955,040
01/27/2017	0.044568	0.052426	0.044568	0.048083	77,010	3,665,970
01/26/2017	0.042702	0.048886	0.042289	0.044566	62,976	3,512,480
01/25/2017	0.046623	0.047490	0.042421	0.042421	44,638	3,835,070
01/24/2017	0.049045	0.049910	0.046321	0.046602	43,846	4,034,230
01/23/2017	0.052386	0.053588	0.049169	0.049633	47,702	4,309,100
01/22/2017	0.052537	0.053406	0.050187	0.052478	49,720	4,321,480
01/21/2017	0.051616	0.052702	0.048706	0.052538	130,295	4,245,740
01/20/2017	0.059185	0.063504	0.048533	0.051061	366,962	4,868,320
01/19/2017	0.060610	0.064060	0.056207	0.059218	140,923	4,985,600
01/18/2017	0.051979	0.061985	0.049266	0.059593	106,335	4,275,610
01/17/2017	0.052514	0.054954	0.049321	0.051945	92,504	4,319,580
01/16/2017	0.052402	0.055617	0.052023	0.052500	36,479	4,310,400
01/15/2017	0.050881	0.055683	0.049715	0.052097	53,262	4,185,280
01/14/2017	0.049348	0.056847	0.047603	0.051355	64,089	4,059,180
01/13/2017	0.052764	0.053859	0.049279	0.049279	72,912	4,340,160
01/12/2017	0.053947	0.056675	0.048474	0.052941	145,686	4,437,450
01/11/2017	0.048990	0.055512	0.046384	0.053799	142,196	4,029,770
01/10/2017	0.043468	0.049189	0.042577	0.048986	84,263	3,575,530
01/09/2017	0.038705	0.047145	0.037074	0.043073	66,745	3,183,750
01/08/2017	0.039070	0.041407	0.036851	0.038651	25,473	3,213,780
01/07/2017	0.037512	0.039793	0.034669	0.039070	28,206	3,085,570
01/06/2017	0.039229	0.041684	0.035411	0.037559	20,554	3,226,860
01/05/2017	0.050452	0.050452	0.037664	0.039532	46,443	4,150,020
01/04/2017	0.043735	0.050563	0.042429	0.050400	78,789	3,597,460
01/03/2017	0.038366	0.047242	0.038361	0.043745	88,150	3,155,870
01/02/2017	0.039626	0.040542	0.036599	0.038368	39,638	3,259,480
01/01/2017	0.040312	0.041350	0.038691	0.040434	16,195	3,315,910
12/31/2016	0.039910	0.041426	0.037787	0.040306	17,678	3,282,880
12/30/2016	0.037647	0.040291	0.036015	0.039904	21,599	3,096,720
12/29/2016	0.036549	0.041233	0.035108	0.037651	44,260	3,006,370
12/28/2016	0.037519	0.037890	0.032952	0.035806	67,144	3,086,170
12/27/2016	0.038942	0.039703	0.034865	0.037551	69,593	3,203,250
12/26/2016	0.039664	0.040555	0.038249	0.038918	11,359	3,262,650
12/25/2016	0.038561	0.041568	0.036858	0.039533	36,025	3,171,900
12/24/2016	0.039531	0.040910	0.036409	0.038548	65,241	3,251,720
12/23/2016	0.041495	0.044134	0.039030	0.039509	56,792	3,413,210
12/22/2016	0.044207	0.045960	0.041155	0.041560	54,053	3,636,350
12/21/2016	0.043213	0.044784	0.041343	0.044207	47,463	3,554,540
12/20/2016	0.040412	0.044315	0.039632	0.042978	47,694	3,324,130
12/19/2016	0.042362	0.042479	0.039588	0.040410	58,780	3,484,580
12/18/2016	0.041129	0.042407	0.040515	0.042241	23,393	3,383,090
12/17/2016	0.041433	0.041861	0.039540	0.041128	43,589	3,408,150
12/16/2016	0.042726	0.042945	0.039686	0.041440	55,061	3,514,460
12/15/2016	0.046287	0.046287	0.039022	0.042737	134,032	3,807,360
12/14/2016	0.046874	0.047193	0.043088	0.046270	84,431	3,855,660
12/13/2016	0.047661	0.049627	0.045018	0.046935	150,169	3,920,400
12/12/2016	0.052325	0.057597	0.045634	0.048043	274,554	4,304,040
12/11/2016	0.044541	0.055520	0.043995	0.052308	185,824	3,663,800
12/10/2016	0.046151	0.046707	0.042613	0.044542	61,389	3,796,200
12/09/2016	0.046478	0.048625	0.045277	0.046498	60,318	3,823,110
12/08/2016	0.044448	0.050462	0.043389	0.046487	144,398	3,656,100
12/07/2016	0.040177	0.048087	0.037166	0.044281	155,510	3,304,800
12/06/2016	0.045510	0.045683	0.038502	0.040184	131,455	3,743,450
12/05/2016	0.047078	0.050815	0.043485	0.044786	135,959	3,872,420
12/04/2016	0.058713	0.062455	0.046866	0.048231	196,251	4,829,500
12/03/2016	0.045997	0.053982	0.041171	0.053982	255,628	3,783,540
12/02/2016	0.056821	0.057140	0.045142	0.046775	413,177	4,673,900
12/01/2016	0.050328	0.063475	0.050328	0.056772	252,436	4,139,830
11/30/2016	0.077526	0.080273	0.052184	0.052184	369,300	6,377,030
11/29/2016	0.087531	0.087760	0.069451	0.077726	224,811	7,200,020
11/28/2016	0.095780	0.096912	0.081642	0.086572	89,724	7,878,510
11/27/2016	0.098530	0.100826	0.095419	0.095773	14,619	8,104,750
11/26/2016	0.101201	0.103912	0.096679	0.098562	70,515	8,324,420
11/25/2016	0.102542	0.102542	0.098062	0.098892	15,438	8,434,730
11/24/2016	0.098258	0.104039	0.096954	0.102267	19,158	8,082,330
11/23/2016	0.103629	0.105292	0.097684	0.098256	28,250	8,524,140
11/22/2016	0.103627	0.105108	0.101806	0.103631	19,528	8,523,980
11/21/2016	0.103282	0.105366	0.102403	0.103674	23,763	6,463,930
11/20/2016	0.104523	0.105573	0.101684	0.103278	23,672	6,541,600
11/19/2016	0.112971	0.113808	0.102952	0.104504	79,941	7,070,320
11/18/2016	0.104659	0.116923	0.102953	0.113000	71,486	6,550,110
11/17/2016	0.103652	0.110550	0.101866	0.104712	35,312	6,487,090
11/16/2016	0.112442	0.117605	0.097748	0.103672	139,457	7,037,210
11/15/2016	0.112842	0.116396	0.108517	0.112789	38,137	7,062,250
11/14/2016	0.101386	0.118805	0.100624	0.114406	90,298	6,345,270
11/13/2016	0.092465	0.115549	0.091700	0.101394	143,557	5,786,960
11/12/2016	0.093613	0.094620	0.090336	0.092977	32,769	5,858,760
11/11/2016	0.096127	0.096127	0.086624	0.093613	75,999	6,016,150
11/10/2016	0.106154	0.106154	0.090482	0.096117	84,539	6,643,680
11/09/2016	0.099419	0.108152	0.092751	0.106136	57,084	6,222,180
11/08/2016	0.101761	0.110136	0.098892	0.100362	80,198	6,368,740
11/07/2016	0.104164	0.105278	0.097248	0.101725	29,645	6,519,130
11/06/2016	0.107981	0.113345	0.095630	0.104197	85,714	6,758,020
11/05/2016	0.113053	0.113255	0.097994	0.107987	77,443	7,075,450
11/04/2016	0.113633	0.119333	0.109602	0.113073	28,041	7,111,750
11/03/2016	0.114944	0.131676	0.109599	0.115019	87,809	7,193,800
11/02/2016	0.102328	0.119562	0.098444	0.115573	87,827	6,404,220
11/01/2016	0.106142	0.110780	0.098485	0.102300	46,765	6,642,920
10/31/2016	0.121902	0.122585	0.099629	0.106115	114,077	7,629,270
10/30/2016	0.090004	0.127046	0.089958	0.121901	200,382	5,632,920
10/29/2016	0.115861	0.119659	0.069900	0.090029	535,246	7,251,190
10/28/2016	0.128485	0.130436	0.112373	0.115894	191,207	8,041,270
10/27/2016	0.155965	0.156140	0.127453	0.128415	171,504	9,761,110
10/26/2016	0.145098	0.173576	0.145035	0.156007	198,757	9,081,000
10/25/2016	0.159610	0.160636	0.144763	0.144763	143,885	9,989,230
10/24/2016	0.163328	0.165307	0.157169	0.159655	64,405	10,221,900
10/23/2016	0.165050	0.168924	0.161642	0.162277	37,095	10,329,700
10/22/2016	0.163985	0.167688	0.161746	0.164929	60,651	10,263,000
10/21/2016	0.166461	0.170259	0.162298	0.164003	76,944	10,418,000
10/20/2016	0.169849	0.172089	0.164239	0.166316	69,904	10,630,000
10/19/2016	0.176974	0.182098	0.165900	0.169746	182,749	11,076,000
10/18/2016	0.170585	0.194902	0.162225	0.176827	211,471	10,676,100
10/17/2016	0.173740	0.178880	0.156469	0.170381	181,758	10,873,600
10/16/2016	0.173837	0.179301	0.172749	0.173678	58,207	10,879,600
10/15/2016	0.179312	0.180790	0.169681	0.173790	78,603	11,222,300
10/14/2016	0.177659	0.186242	0.173818	0.179323	83,583	11,118,800
10/13/2016	0.184908	0.190519	0.168378	0.177260	170,202	11,572,500
10/12/2016	0.185718	0.185723	0.172931	0.184478	116,643	11,623,200
10/11/2016	0.192302	0.196594	0.182973	0.185845	234,366	12,035,300
10/10/2016	0.200620	0.206438	0.191456	0.192238	191,293	12,555,900
10/09/2016	0.204975	0.211861	0.197442	0.200297	309,521	12,828,400
10/08/2016	0.192570	0.205670	0.190069	0.205356	320,622	12,052,000
10/07/2016	0.184697	0.197108	0.183278	0.192526	217,153	11,559,300
10/06/2016	0.179995	0.189794	0.176772	0.184700	128,977	11,265,000
10/05/2016	0.180647	0.182245	0.171230	0.178222	178,459	11,305,800
10/04/2016	0.187689	0.192321	0.175535	0.180635	226,587	11,746,600
10/03/2016	0.196670	0.196670	0.184319	0.187740	242,762	12,308,600
10/02/2016	0.173684	0.199165	0.173674	0.195499	783,622	10,870,100
10/01/2016	0.174014	0.178202	0.168671	0.173739	185,084	10,890,700
09/30/2016	0.166081	0.180822	0.164070	0.175251	199,491	10,394,200
09/29/2016	0.164957	0.168464	0.163450	0.165215	62,612	10,323,900
09/28/2016	0.167558	0.170725	0.164070	0.164976	78,018	10,486,700
09/27/2016	0.164150	0.170074	0.162450	0.167433	59,189	10,273,400
09/26/2016	0.169389	0.172622	0.161652	0.164067	173,848	10,601,300
09/25/2016	0.171291	0.173005	0.166867	0.169397	60,729	10,720,300
09/24/2016	0.169757	0.176569	0.163609	0.172090	147,884	10,624,300
09/23/2016	0.173567	0.175704	0.168698	0.169762	91,096	10,862,700
09/22/2016	0.177175	0.178016	0.169396	0.173551	141,499	11,088,500
09/21/2016	0.182413	0.184123	0.175560	0.177141	150,860	11,416,400
09/20/2016	0.185519	0.190075	0.172526	0.182648	365,031	11,610,800
09/19/2016	0.183868	0.193639	0.181549	0.185299	210,741	11,507,400
09/18/2016	0.187776	0.203513	0.182752	0.185341	1,017,780	11,752,000
09/17/2016	0.167508	0.187539	0.167508	0.187539	291,367	10,483,500
09/16/2016	0.166788	0.172218	0.164775	0.167063	148,482	10,438,500
09/15/2016	0.173095	0.175178	0.164669	0.166816	165,792	10,833,200
09/14/2016	0.175174	0.181595	0.169199	0.173115	214,307	10,963,300
09/13/2016	0.169393	0.175977	0.167660	0.173266	139,128	10,601,500
09/12/2016	0.166241	0.169204	0.161005	0.167401	176,234	10,404,200
09/11/2016	0.172285	0.177237	0.163398	0.166189	172,437	10,782,500
09/10/2016	0.176243	0.183581	0.170567	0.173284	192,538	11,030,200
09/09/2016	0.169508	0.186682	0.165066	0.175936	343,649	10,608,700
09/08/2016	0.180483	0.188455	0.169657	0.171306	421,393	11,295,600
09/07/2016	0.176588	0.195311	0.167075	0.180484	823,016	11,051,800
09/06/2016	0.174216	0.189822	0.162015	0.176622	489,141	10,903,400
09/05/2016	0.150857	0.178228	0.150857	0.173971	252,938	9,441,420
09/04/2016	0.160554	0.163760	0.148011	0.150823	254,924	10,048,300
09/03/2016	0.163724	0.181609	0.152937	0.163631	525,165	10,246,700
09/02/2016	0.156048	0.163730	0.144582	0.163730	277,215	9,766,300
09/01/2016	0.164551	0.171950	0.154833	0.156041	258,555	10,298,500
08/31/2016	0.180408	0.182132	0.156785	0.164510	390,762	11,290,900
08/30/2016	0.183713	0.194755	0.170526	0.178811	698,026	11,497,700
08/29/2016	0.223355	0.248593	0.181951	0.192642	1,390,380	13,978,700
08/28/2016	0.165827	0.229788	0.163257	0.217700	1,238,100	10,378,300
08/27/2016	0.171263	0.172611	0.163676	0.164818	192,893	10,718,500
08/26/2016	0.166695	0.187906	0.166695	0.171270	397,718	10,432,700
08/25/2016	0.160179	0.195792	0.158012	0.166719	1,161,570	10,024,800
08/24/2016	0.141296	0.165276	0.131119	0.161278	566,486	8,843,050
08/23/2016	0.123571	0.146218	0.123309	0.142351	241,640	7,733,720
08/22/2016	0.127564	0.138857	0.119471	0.119471	114,290	-
08/21/2016	0.121583	0.139411	0.118642	0.127588	124,330	22,468,500
08/20/2016	0.129189	0.140009	0.119826	0.121589	151,357	23,874,100
08/19/2016	0.130342	0.143079	0.121081	0.129228	265,096	24,087,200
08/18/2016	0.127539	0.161863	0.116062	0.135137	687,124	23,569,200
08/17/2016	0.092967	0.129280	0.091456	0.124395	247,714	17,180,400
08/16/2016	0.099877	0.100006	0.085076	0.092953	122,753	18,457,400
08/15/2016	0.104129	0.106568	0.097804	0.099889	18,908	19,243,000
08/14/2016	0.107947	0.109309	0.103114	0.104114	7,146	19,948,600
08/13/2016	0.107631	0.110507	0.101479	0.107939	32,039	19,890,200
08/12/2016	0.106696	0.107726	0.102168	0.107566	20,054	19,717,400
08/11/2016	0.106672	0.110330	0.102800	0.106739	18,769	19,713,000
08/10/2016	0.110431	0.113724	0.105960	0.106626	41,200	20,407,600
08/09/2016	0.102281	0.111359	0.100853	0.110482	36,980	18,901,500
08/08/2016	0.100497	0.103608	0.098916	0.102267	11,389	18,571,800
08/07/2016	0.106081	0.106615	0.097444	0.100487	17,953	19,603,800
08/06/2016	0.104232	0.107683	0.097412	0.106079	23,859	19,262,100
08/05/2016	0.104811	0.105621	0.101650	0.104267	28,375	19,369,100
08/04/2016	0.106156	0.109971	0.102266	0.104808	27,321	19,617,600
08/03/2016	0.099073	0.109170	0.098827	0.106170	48,265	18,308,700
08/02/2016	0.118219	0.120743	0.095215	0.100309	79,135	21,846,900
08/01/2016	0.108714	0.124287	0.107614	0.121678	55,444	20,090,300
07/31/2016	0.118608	0.121266	0.108658	0.108776	31,665	21,918,800
07/30/2016	0.119052	0.123334	0.115479	0.118611	7,617	22,000,800
07/29/2016	0.119542	0.124066	0.113162	0.120612	33,740	22,091,400
07/28/2016	0.120402	0.121418	0.116200	0.119551	37,038	22,250,300
07/27/2016	0.121914	0.130458	0.116983	0.120299	59,984	22,529,700
07/26/2016	0.130201	0.130244	0.114683	0.124339	87,314	24,061,100
07/25/2016	0.129632	0.136421	0.124446	0.130172	27,610	23,956,000
07/24/2016	0.139415	0.141226	0.115125	0.129617	81,343	25,763,900
07/23/2016	0.132307	0.139902	0.118254	0.139429	31,819	24,450,300
07/22/2016	0.134907	0.141001	0.119576	0.132073	59,892	24,930,800
07/21/2016	0.113579	0.145511	0.112333	0.134928	49,643	20,989,400
07/20/2016	0.128358	0.130647	0.111252	0.113365	71,023	23,720,600
07/19/2016	0.119883	0.135090	0.113502	0.128367	73,325	22,154,400
07/18/2016	0.126398	0.132099	0.105961	0.119934	62,604	23,358,400
07/17/2016	0.133563	0.146425	0.120573	0.126282	79,593	24,682,400
07/16/2016	0.144877	0.153902	0.132384	0.135618	173,371	26,773,300
07/15/2016	0.119181	0.148056	0.118171	0.145007	206,997	22,024,600
07/14/2016	0.118946	0.124493	0.104622	0.119014	164,946	21,981,200
07/13/2016	0.092835	0.123516	0.089124	0.121571	139,631	17,155,900
07/12/2016	0.092916	0.095076	0.087996	0.092834	31,849	17,171,000
07/11/2016	0.096039	0.100610	0.088013	0.092919	22,943	17,747,900
07/10/2016	0.092658	0.107222	0.091132	0.096094	26,699	17,123,200
07/09/2016	0.086763	0.101002	0.084452	0.093205	33,633	16,033,900
07/08/2016	0.096370	0.101889	0.089364	0.089364	30,045	17,809,300
07/07/2016	0.106488	0.108735	0.093450	0.097323	28,547	19,679,000
07/06/2016	0.107787	0.114448	0.105000	0.106441	46,795	19,919,000
07/05/2016	0.133731	0.133731	0.100058	0.107785	237,317	24,713,500
07/04/2016	0.077251	0.132139	0.072802	0.129671	201,886	14,275,900
07/03/2016	0.072621	0.082220	0.069839	0.077161	6,301	13,420,300
07/02/2016	0.081239	0.084412	0.070525	0.072948	21,049	15,012,900
07/01/2016	0.078481	0.089791	0.075684	0.081199	27,332	14,503,300
06/30/2016	0.081348	0.092512	0.076842	0.078563	51,909	15,033,200
06/29/2016	0.080651	0.083929	0.072744	0.081329	41,006	14,904,200
06/28/2016	0.075288	0.087228	0.067627	0.080765	49,529	13,913,200
06/27/2016	0.067210	0.075061	0.066267	0.074582	26,056	12,420,500
06/26/2016	0.059729	0.072345	0.057681	0.067284	25,872	11,037,900
06/25/2016	0.058384	0.061448	0.055543	0.059748	20,165	10,789,300
06/24/2016	0.064710	0.064876	0.051367	0.058528	41,594	11,958,400
06/23/2016	0.059694	0.075958	0.052382	0.064698	65,551	11,031,500
06/22/2016	0.060993	0.069582	0.052486	0.058903	41,133	11,271,500
06/21/2016	0.067683	0.069502	0.057129	0.060077	26,327	12,507,900
06/20/2016	0.066777	0.070671	0.057849	0.067692	20,053	12,340,300
06/19/2016	0.060395	0.078247	0.059142	0.066742	70,686	11,161,100
06/18/2016	0.061136	0.066777	0.057519	0.060076	23,608	11,298,000
06/17/2016	0.056355	0.068077	0.046903	0.061158	59,750	10,414,400
06/16/2016	0.050314	0.062331	0.048538	0.056343	53,612	9,298,030
06/15/2016	0.045302	0.051938	0.042998	0.050284	17,827	8,371,740
06/14/2016	0.044387	0.049031	0.043096	0.045319	12,585	8,202,620
06/13/2016	0.040052	0.048888	0.037147	0.044381	33,393	7,401,610
06/12/2016	0.048417	0.049132	0.038072	0.040886	39,987	8,947,410
06/11/2016	0.052166	0.052275	0.043713	0.048220	10,839	9,640,330
06/10/2016	0.055716	0.055857	0.046914	0.052175	14,442	10,296,400
06/09/2016	0.051671	0.064950	0.047554	0.055718	54,892	9,548,880
06/08/2016	0.043888	0.051685	0.042016	0.051685	36,910	8,110,560
06/07/2016	0.036923	0.043883	0.035702	0.043883	9,040	6,823,370
06/06/2016	0.036649	0.037877	0.035874	0.036920	4,304	6,772,790
06/05/2016	0.037264	0.037909	0.035399	0.036325	2,416	6,886,420
06/04/2016	0.036482	0.039091	0.034926	0.037350	8,456	6,741,860
06/03/2016	0.037171	0.038769	0.034209	0.036476	20,326	6,869,200
06/02/2016	0.037886	0.038173	0.036797	0.037174	2,397	7,001,430
06/01/2016	0.040631	0.040631	0.035328	0.037953	8,150	7,508,660
05/31/2016	0.038066	0.042632	0.037892	0.040635	10,895	7,034,540
05/30/2016	0.035377	0.041265	0.034832	0.038125	9,186	6,537,650
05/29/2016	0.032263	0.037237	0.031413	0.035007	6,066	5,962,160
05/28/2016	0.029824	0.032168	0.026662	0.030361	13,471	5,511,440
05/27/2016	0.031770	0.037163	0.024007	0.029841	44,675	5,871,020
05/26/2016	0.038931	0.041105	0.031480	0.031480	32,323	7,194,490
05/25/2016	0.040143	0.042620	0.036195	0.038926	50,068	7,418,410
05/24/2016	0.043429	0.044304	0.040148	0.040148	8,316	8,025,590
05/23/2016	0.044836	0.045136	0.042659	0.043441	5,621	8,285,640
05/22/2016	0.047277	0.047277	0.044436	0.044935	5,411	8,736,720
05/21/2016	0.046741	0.049970	0.043786	0.048730	8,659	8,637,720
05/20/2016	0.040324	0.053289	0.040000	0.046717	55,705	7,451,800
05/19/2016	0.041500	0.044289	0.037385	0.039650	36,763	7,669,110
05/18/2016	0.043360	0.047273	0.038708	0.041506	33,161	8,012,850
05/17/2016	0.038614	0.047586	0.038455	0.043362	27,866	7,135,870
05/16/2016	0.043748	0.044987	0.037696	0.037696	30,265	8,084,580
05/15/2016	0.046402	0.047460	0.042980	0.043756	7,345	8,575,110
05/14/2016	0.049493	0.049536	0.045592	0.046401	12,715	9,146,270
05/13/2016	0.048160	0.050825	0.046605	0.049477	25,259	8,899,930
05/12/2016	0.048711	0.049516	0.047622	0.048066	4,858	9,001,720
05/11/2016	0.046696	0.053009	0.046693	0.048711	20,288	8,629,460
05/10/2016	0.046633	0.049689	0.045373	0.046697	10,697	8,617,740
05/09/2016	0.052346	0.055711	0.046727	0.047253	17,533	9,673,540
05/08/2016	0.049227	0.058651	0.046745	0.052390	15,570	9,097,150
05/07/2016	0.046358	0.052306	0.045357	0.049155	11,252	8,566,870
05/06/2016	0.050568	0.052522	0.044498	0.046367	20,627	9,344,930
05/05/2016	0.050036	0.052115	0.047458	0.050564	10,340	9,246,690
05/04/2016	0.048184	0.052754	0.047304	0.050100	13,715	8,904,420
05/03/2016	0.050551	0.056023	0.045100	0.048197	20,577	9,341,770
05/02/2016	0.045644	0.057014	0.045644	0.050868	36,736	8,435,050
05/01/2016	0.046921	0.049674	0.045273	0.045625	19,848	8,671,040
04/30/2016	0.045802	0.047087	0.042900	0.046388	12,982	8,464,230
04/29/2016	0.047308	0.048776	0.043451	0.045802	7,424	8,742,590
04/28/2016	0.049087	0.051023	0.042601	0.047308	15,447	9,071,320
04/27/2016	0.044930	0.053456	0.041833	0.049049	29,816	8,303,100
04/26/2016	0.044325	0.046984	0.035572	0.044915	36,480	8,191,320
04/25/2016	0.054839	0.055448	0.036406	0.045204	42,379	10,134,300
04/24/2016	0.066305	0.066389	0.051019	0.055126	66,330	12,253,200
04/23/2016	0.063586	0.070272	0.061670	0.066264	35,519	11,750,700
04/22/2016	0.064882	0.073526	0.060622	0.063632	44,842	11,990,200
04/21/2016	0.053033	0.082122	0.052935	0.064920	217,486	9,800,540
04/20/2016	0.057308	0.073530	0.048524	0.053030	167,108	10,590,600
04/19/2016	0.059684	0.066146	0.054594	0.056540	106,966	11,029,600
04/18/2016	0.040781	0.066271	0.040295	0.059834	136,192	7,536,260
04/17/2016	0.037093	0.044679	0.036617	0.040748	19,839	6,854,790
04/16/2016	0.035936	0.037309	0.034110	0.037088	5,801	6,640,940
04/15/2016	0.038584	0.039288	0.035644	0.035940	25,069	7,130,360
04/14/2016	0.041982	0.046037	0.037442	0.038580	47,427	7,758,310
04/13/2016	0.049155	0.049214	0.030049	0.041962	101,577	9,083,810
04/12/2016	0.055664	0.057147	0.044998	0.049171	33,900	10,286,700
04/11/2016	0.061940	0.063809	0.052585	0.055617	16,652	11,446,500
04/10/2016	0.063233	0.068124	0.047915	0.061895	60,692	11,685,400
04/09/2016	0.069279	0.071184	0.063021	0.063231	31,177	12,802,700
04/08/2016	0.073564	0.076773	0.064439	0.068547	121,169	13,594,600
04/07/2016	0.079498	0.087609	0.067368	0.074525	80,877	14,691,200
04/06/2016	0.086765	0.091407	0.071157	0.079459	167,171	16,034,100
04/05/2016	0.118555	0.123981	0.084991	0.085770	273,943	21,909,000
04/04/2016	0.102130	0.139142	0.093563	0.115501	404,411	18,873,600
04/03/2016	0.030282	0.232242	0.029856	0.102035	156,663	5,596,170
04/02/2016	0.033474	0.033766	0.023751	0.030258	6,504	6,185,960
04/01/2016	0.037506	0.038407	0.033364	0.033437	1,426	6,931,040
03/31/2016	0.036356	0.038869	0.034980	0.037506	1,415	6,718,530
03/30/2016	0.034272	0.036702	0.033332	0.036317	1,054	6,333,480
03/29/2016	0.032765	0.037479	0.031068	0.034246	4,260	6,054,940
03/28/2016	0.034682	0.034682	0.032594	0.032759	1,068	6,409,290
03/27/2016	0.034124	0.035896	0.033389	0.034704	3,235	6,306,190
03/26/2016	0.031863	0.034121	0.031687	0.034108	353	5,888,230
03/25/2016	0.034033	0.034083	0.030456	0.031848	1,034	6,289,280
03/24/2016	0.036403	0.036464	0.031897	0.034024	7,313	6,727,260
03/23/2016	0.036338	0.036436	0.036271	0.036370	290	6,715,300
03/22/2016	0.035104	0.036608	0.032779	0.036332	5,009	6,487,180
03/21/2016	0.031734	0.035119	0.031317	0.035119	1,404	5,864,440
03/20/2016	0.036866	0.038352	0.031401	0.031760	3,899	6,812,890
03/19/2016	0.034648	0.036879	0.032753	0.036870	575	6,403,020
03/18/2016	0.038783	0.038783	0.032495	0.034672	5,696	7,167,060
03/17/2016	0.036369	0.039133	0.036369	0.038790	2,072	6,720,970
03/16/2016	0.034878	0.036298	0.034871	0.036292	2,377	6,445,380
03/15/2016	0.033142	0.038536	0.033142	0.034873	10,937	6,124,720
03/14/2016	0.028997	0.033146	0.028997	0.033146	7,097	5,358,700
03/13/2016	0.036600	0.037022	0.028967	0.028988	4,980	6,763,610
03/12/2016	0.037540	0.037544	0.036239	0.036597	2,891	6,937,340
03/11/2016	0.037551	0.039205	0.037479	0.037547	1,929	6,939,500
03/10/2016	0.038675	0.041672	0.035844	0.037542	8,715	7,147,120
03/09/2016	0.038699	0.040555	0.033238	0.038686	11,092	7,151,590
03/08/2016	0.040760	0.042118	0.035918	0.038706	9,032	7,532,520
03/07/2016	0.032613	0.057145	0.032526	0.040746	17,157	6,026,900
03/06/2016	0.018198	0.045213	0.017234	0.032613	21,582	3,363,050
03/05/2016	0.018485	0.019818	0.016601	0.018205	1,622	3,416,050
03/04/2016	0.020376	0.020536	0.017760	0.018492	2,329	3,765,540
03/03/2016	0.020746	0.021295	0.015289	0.020367	4,386	3,833,920
03/02/2016	0.021339	0.021764	0.019441	0.020750	6,654	3,943,450
03/01/2016	0.013631	0.023261	0.013631	0.021334	7,836	2,519,080
02/29/2016	0.017870	0.018094	0.011583	0.013639	698	3,302,340
02/28/2016	0.019154	0.019156	0.009464	0.017872	603	3,539,700
02/27/2016	0.019439	0.019501	0.012943	0.019152	623	3,592,290
02/26/2016	0.019427	0.019427	0.018967	0.019408	2	3,590,160
02/25/2016	0.016573	0.019432	0.016013	0.019423	856	3,062,730
02/24/2016	0.019382	0.020447	0.016528	0.016573	1,357	3,581,740
02/23/2016	0.020309	0.020309	0.017007	0.019372	561	3,753,050
02/22/2016	0.018522	0.021950	0.017090	0.020285	510	3,422,880
02/21/2016	0.017077	0.019804	0.017052	0.018514	507	3,155,920
02/20/2016	0.022416	0.022478	0.017054	0.017054	2,116	4,142,570
02/19/2016	0.021982	0.023236	0.017630	0.022373	861	4,062,270
02/18/2016	0.024105	0.024524	0.018688	0.021963	1,114	4,454,510
02/17/2016	0.021254	0.025553	0.018648	0.024090	1,561	3,927,650
02/16/2016	0.019429	0.037078	0.018085	0.021245	1,787	3,590,530
02/15/2016	0.019574	0.021035	0.018073	0.019369	401	3,617,280
02/14/2016	0.022413	0.022688	0.018376	0.019558	2,471	4,141,890
02/13/2016	0.021340	0.022352	0.020802	0.022352	1,517	3,943,720
02/12/2016	0.015187	0.021320	0.015187	0.021320	2,418	2,806,630
02/11/2016	0.017152	0.017204	0.014904	0.015186	269	3,169,690
02/10/2016	0.016738	0.017161	0.015141	0.017131	336	3,093,280
02/09/2016	0.016749	0.016815	0.014967	0.016733	153	3,095,230
02/08/2016	0.016250	0.016758	0.014758	0.016749	321	3,002,910
02/07/2016	0.015067	0.016901	0.014740	0.016244	270	2,784,380
02/06/2016	0.013534	0.016896	0.013033	0.015067	245	2,501,180
02/05/2016	0.015234	0.016158	0.012963	0.013533	311	2,815,300
02/04/2016	0.012876	0.015784	0.010508	0.015262	1,098	2,379,560
02/03/2016	0.013499	0.013813	0.008774	0.012869	791	2,494,520
02/02/2016	0.013460	0.015439	0.013267	0.013491	2,106	2,487,350
02/01/2016	0.014055	0.017372	0.013369	0.013465	505	2,597,380
01/31/2016	0.020586	0.020891	0.014028	0.014033	2,315	3,804,370
01/30/2016	0.018366	0.021755	0.017523	0.020584	4,701	3,394,090
01/29/2016	0.014047	0.027814	0.013256	0.018396	3,663	2,595,850
01/28/2016	0.014577	0.015238	0.012743	0.014054	929	2,693,810
01/27/2016	0.012295	0.014582	0.012123	0.014571	408	2,272,170
01/26/2016	0.010188	0.015315	0.009092	0.012286	2,688	1,882,760
01/25/2016	0.010058	0.011324	0.008234	0.010181	1,109	1,858,700
01/24/2016	0.008204	0.010451	0.008194	0.010074	224	1,516,190
01/23/2016	0.009775	0.010084	0.008192	0.008192	7	1,806,420
01/22/2016	0.008625	0.009796	0.007268	0.009777	95	1,593,950
01/21/2016	0.008611	0.009376	0.005194	0.008636	841	1,591,290
01/20/2016	0.007792	0.008726	0.007728	0.008623	2	1,440,010
01/19/2016	0.008708	0.008711	0.007780	0.007801	3	1,609,250
01/18/2016	0.008131	0.008732	0.008131	0.008711	1	1,502,590
01/17/2016	0.008273	0.008355	0.008123	0.008143	28	1,528,930
01/16/2016	0.008236	0.008568	0.007606	0.008282	9	1,522,020
01/15/2016	0.009896	0.009896	0.007736	0.008219	17	1,828,760
01/14/2016	0.009610	0.009942	0.008557	0.009898	317	1,775,880
01/13/2016	0.010010	0.010031	0.009112	0.009612	852	1,849,900
01/12/2016	0.010290	0.010301	0.008460	0.010034	1,134	1,901,650
01/11/2016	0.008902	0.010312	0.007884	0.010296	1,200	1,645,120
01/10/2016	0.006455	0.008888	0.006349	0.008888	908	1,192,820
01/09/2016	0.006832	0.008944	0.006445	0.006445	69	1,262,640
01/08/2016	0.006950	0.007020	0.004883	0.006830	836	1,284,360
01/07/2016	0.007633	0.007959	0.006664	0.006958	167	1,410,520
01/06/2016	0.008883	0.009477	0.006014	0.007617	1,487	1,641,630
01/05/2016	0.011697	0.011725	0.008638	0.008885	1,444	2,161,640
01/04/2016	0.012042	0.012051	0.005861	0.011698	557	2,225,310
01/03/2016	0.007804	0.012047	0.005840	0.012040	339	1,442,250
01/02/2016	0.006836	0.007832	0.006804	0.007802	265	1,263,370
01/01/2016	0.007744	0.007831	0.006715	0.006836	98	1,431,160
12/31/2015	0.006150	0.007784	0.004568	0.007742	269	1,136,450
12/30/2015	0.004333	0.006175	0.004312	0.006157	202	800,738
12/29/2015	0.004677	0.004680	0.004288	0.004330	1	864,300
12/28/2015	0.004606	0.004676	0.004603	0.004611	23	851,183
12/27/2015	0.004532	0.004613	0.003758	0.004600	26	837,453
12/26/2015	0.004516	0.004560	0.004515	0.004540	18	834,549
12/25/2015	0.004453	0.004487	0.004426	0.004448	2	822,920
12/24/2015	0.002866	0.004472	0.002861	0.004454	14	529,624
12/21/2015	0.004207	0.004207	0.004059	0.004157	13	777,446
12/20/2015	0.003938	0.004386	0.003905	0.004206	13	727,785
12/19/2015	0.003504	0.003939	0.002613	0.003939	222	647,622
12/18/2015	0.004413	0.004438	0.002591	0.003505	34	815,448
12/17/2015	0.003484	0.004473	0.002771	0.004415	20	643,767
12/16/2015	0.005113	0.005113	0.003479	0.003485	4	944,816
12/15/2015	0.005540	0.005728	0.004117	0.005114	2	-
12/14/2015	0.004806	0.007939	0.003604	0.005543	1,012	-
12/11/2015	0.003779	0.003851	0.003779	0.003834	12	-
12/10/2015	0.002558	0.003817	0.002537	0.003782	198	-
12/09/2015	0.002553	0.002606	0.002503	0.002555	8	-
12/08/2015	0.004737	0.004744	0.002394	0.002560	415	-
12/07/2015	0.003356	0.004746	0.002929	0.004735	132	-
12/05/2015	0.002237	0.002354	0.002234	0.002332	58	-
12/04/2015	0.002216	0.002239	0.002216	0.002234	241	-
