Date	Open	High	Low	Close	Volume	Market Cap
07/15/2018	0.003759	0.004476	0.003124	0.004447	134	3,580,480
07/14/2018	0.003742	0.003790	0.003720	0.003760	56	3,564,120
07/13/2018	0.003752	0.003787	0.003709	0.003753	21	3,573,830
07/12/2018	0.003195	0.003195	0.003082	0.003102	2	3,042,930
07/11/2018	0.003791	0.003840	0.003164	0.003196	114	3,611,080
07/10/2018	0.003331	0.004005	0.003180	0.003791	180	3,172,820
07/09/2018	0.004024	0.004056	0.003983	0.004000	190	3,832,870
07/08/2018	0.004731	0.004740	0.004018	0.004025	914	4,505,960
07/07/2018	0.003960	0.004752	0.003941	0.004736	130	3,771,240
07/06/2018	0.003921	0.004616	0.003898	0.003966	10	3,734,720
07/05/2018	0.004611	0.004658	0.003882	0.003922	26	4,391,670
07/04/2018	0.003900	0.005197	0.003862	0.004601	117	3,714,640
07/03/2018	0.004603	0.005296	0.003886	0.003902	1,050	4,384,160
07/02/2018	0.004150	0.004654	0.004095	0.004625	6	3,952,210
07/01/2018	0.004471	0.005178	0.004118	0.004148	167	4,258,440
06/30/2018	0.004204	0.005147	0.004204	0.004470	336	4,004,460
06/29/2018	0.004963	0.004991	0.003864	0.004201	53	4,726,720
06/28/2018	0.004286	0.005928	0.004120	0.004960	171	4,082,320
06/27/2018	0.004256	0.004901	0.004211	0.004285	804	4,053,790
06/26/2018	0.004374	0.005018	0.004254	0.004258	623	4,165,620
06/25/2018	0.004305	0.005040	0.004268	0.004374	229	4,100,620
06/24/2018	0.004321	0.004380	0.004044	0.004314	220	4,115,660
06/23/2018	0.004283	0.004988	0.004264	0.004322	88	4,079,040
06/22/2018	0.005368	0.005973	0.004210	0.004282	3,935	5,112,730
06/21/2018	0.006076	0.008019	0.004702	0.005374	75,254	5,787,260
06/20/2018	0.006081	0.006111	0.005289	0.006075	1,389	5,791,990
06/19/2018	0.006057	0.006107	0.005361	0.006078	995	5,769,050
06/18/2018	0.005843	0.006478	0.005372	0.006060	1,401	5,565,100
06/17/2018	0.006528	0.007226	0.005835	0.005863	7,160	6,217,280
06/16/2018	0.004495	0.007230	0.004488	0.006511	16,367	4,281,560
06/15/2018	0.005315	0.005984	0.004487	0.004512	1,041	5,062,170
06/14/2018	0.004424	0.005866	0.004415	0.005324	3,136	4,213,140
06/13/2018	0.004608	0.004636	0.004342	0.004426	112	4,388,900
06/12/2018	0.004821	0.004821	0.004554	0.004596	1,905	4,591,920
06/11/2018	0.004743	0.005446	0.004676	0.004824	97	4,517,130
06/10/2018	0.005254	0.005866	0.004667	0.004736	530	5,003,840
06/09/2018	0.006118	0.007679	0.005247	0.005247	2,608	5,827,060
06/08/2018	0.006176	0.007597	0.005355	0.006121	2,421	5,882,520
06/07/2018	0.005365	0.009214	0.004622	0.006172	29,413	5,109,760
06/06/2018	0.006850	0.006867	0.004516	0.005360	10,025	6,524,600
06/05/2018	0.006002	0.006871	0.005186	0.006852	1,310	5,716,630
06/04/2018	0.006167	0.007508	0.005978	0.005999	3,451	5,873,750
06/03/2018	0.006871	0.006946	0.006138	0.006164	1,913	6,544,490
06/02/2018	0.006759	0.007508	0.005981	0.006870	4,548	6,437,770
06/01/2018	0.005993	0.010491	0.005919	0.006762	29,239	5,708,200
05/31/2018	0.005907	0.008339	0.005145	0.005989	26,289	5,626,250
05/30/2018	0.005377	0.007315	0.004761	0.005770	57	5,121,020
05/29/2018	0.005559	0.008842	0.005277	0.005373	1,597	5,294,380
05/28/2018	0.005142	0.006670	0.005135	0.005565	400	4,897,180
05/27/2018	0.005135	0.006613	0.005064	0.005141	1,381	4,890,310
05/26/2018	0.005256	0.006023	0.005105	0.005132	808	5,006,230
05/25/2018	0.006050	0.006098	0.005155	0.005263	536	5,762,400
05/24/2018	0.007063	0.007253	0.005233	0.006039	7,339	6,726,960
05/23/2018	0.005603	0.007656	0.005305	0.007081	389	5,336,770
05/22/2018	0.006732	0.006737	0.005578	0.005609	469	6,411,800
05/21/2018	0.007056	0.007931	0.006376	0.006733	1,629	6,720,800
05/20/2018	0.006829	0.007982	0.006785	0.007048	2,739	6,504,360
05/19/2018	0.006006	0.012895	0.005938	0.006824	18,339	5,720,050
05/18/2018	0.006847	0.008738	0.005764	0.006007	3,001	6,521,010
05/17/2018	0.006566	0.010551	0.004994	0.006841	34,530	6,253,550
05/16/2018	0.006731	0.010577	0.005207	0.006562	2,600	6,411,080
05/15/2018	0.010818	0.015620	0.005259	0.006735	912	10,303,600
05/14/2018	0.013010	0.013932	0.009120	0.010834	5,112	12,391,200
05/13/2018	0.005927	0.013579	0.005036	0.013015	6,046	5,645,340
05/12/2018	0.005876	0.007547	0.004161	0.005929	27,446	5,596,910
05/11/2018	0.007335	0.007335	0.005019	0.005894	438	6,985,840
05/10/2018	0.007449	0.007538	0.005656	0.007326	669	7,094,490
05/09/2018	0.007534	0.007847	0.006326	0.007451	443	7,175,350
05/08/2018	0.007531	0.007625	0.005476	0.007543	2,091	7,172,960
05/07/2018	0.008851	0.008851	0.006620	0.007515	5,023	8,430,300
05/06/2018	0.011139	0.011362	0.008747	0.008845	1,952	10,609,100
05/05/2018	0.010662	0.011274	0.008768	0.011136	3,350	10,155,000
05/04/2018	0.009756	0.010747	0.008665	0.010667	3,366	9,292,260
05/03/2018	0.011087	0.011127	0.009212	0.009760	6,837	10,559,500
05/02/2018	0.011947	0.012973	0.008265	0.011086	24,189	11,378,900
05/01/2018	0.013964	0.013964	0.011770	0.011965	1,888	13,300,200
04/30/2018	0.012297	0.022986	0.011134	0.013952	43,147	11,711,600
04/29/2018	0.012791	0.019284	0.011791	0.012301	22,470	12,182,200
04/28/2018	0.011060	0.018355	0.011032	0.012793	7,546	10,534,200
04/27/2018	0.012086	0.012767	0.011099	0.011099	463	11,511,300
04/26/2018	0.011522	0.012096	0.009653	0.012070	464	10,973,800
04/25/2018	0.011655	0.012664	0.010636	0.011427	323	11,100,300
04/24/2018	0.011591	0.012340	0.011012	0.011733	687	11,039,900
04/23/2018	0.012295	0.012409	0.009834	0.011581	1,598	11,710,300
04/22/2018	0.012488	0.017794	0.008055	0.012320	18,803	11,893,600
04/21/2018	0.013364	0.013365	0.011298	0.012488	583	12,728,500
04/20/2018	0.011720	0.013482	0.010361	0.013360	935	11,162,400
04/19/2018	0.009813	0.011712	0.009224	0.011712	898	9,345,750
04/18/2018	0.011470	0.011528	0.007497	0.009805	3,578	10,923,900
04/17/2018	0.012011	0.017885	0.009709	0.011459	9,540	11,440,100
04/16/2018	0.012667	0.014356	0.011135	0.012006	1,236	12,064,000
04/15/2018	0.008801	0.014862	0.008079	0.012672	3,618	8,382,680
04/14/2018	0.009062	0.009761	0.008701	0.008792	502	8,630,720
04/13/2018	0.010294	0.011180	0.008741	0.009062	1,266	9,804,550
04/12/2018	0.009837	0.010330	0.008118	0.010281	1,593	9,369,090
04/11/2018	0.009579	0.010488	0.008398	0.009861	589	9,123,780
04/10/2018	0.009192	0.011135	0.008895	0.009570	1,198	8,754,360
04/09/2018	0.011200	0.011394	0.008794	0.009184	615	10,667,100
04/08/2018	0.009675	0.011198	0.009141	0.011182	1,413	9,214,800
04/07/2018	0.009704	0.010481	0.008904	0.008995	681	9,241,990
04/06/2018	0.009714	0.010137	0.008662	0.009694	1,153	9,252,110
04/05/2018	0.011546	0.012399	0.009095	0.009764	3,980	10,996,800
04/04/2018	0.012611	0.014832	0.010826	0.012220	633	12,010,600
04/03/2018	0.012014	0.015365	0.011084	0.012619	2,118	11,443,000
04/02/2018	0.013816	0.015504	0.011952	0.012006	2,088	13,158,800
04/01/2018	0.016716	0.016931	0.012246	0.013748	6,549	15,921,200
03/31/2018	0.022543	0.024492	0.012531	0.016714	43,890	21,470,400
03/30/2018	0.009642	0.025678	0.009113	0.022539	92,278	9,183,790
03/29/2018	0.011189	0.011208	0.009442	0.009668	155	10,656,900
03/28/2018	0.010202	0.011338	0.010146	0.011176	730	9,717,020
03/27/2018	0.011491	0.012125	0.009610	0.010205	490	10,944,900
03/26/2018	0.015214	0.015298	0.010281	0.011509	2,169	14,490,600
03/25/2018	0.013605	0.017934	0.012468	0.015226	8,713	12,957,700
03/24/2018	0.012661	0.015113	0.010762	0.013795	3,736	12,059,000
03/23/2018	0.014802	0.019527	0.012200	0.012480	7,844	14,098,000
03/22/2018	0.019004	0.022150	0.012878	0.014803	7,574	18,099,900
03/21/2018	0.013896	0.033576	0.013064	0.019038	20,647	13,234,800
03/20/2018	0.016348	0.016348	0.013246	0.013871	702	15,570,100
03/19/2018	0.020562	0.021736	0.014362	0.016172	1,828	19,584,000
03/18/2018	0.026022	0.028742	0.018795	0.020649	13,717	24,784,500
03/17/2018	0.031343	0.038832	0.015435	0.026086	90,601	29,851,900
03/16/2018	0.012391	0.042056	0.011927	0.029684	44,857	11,801,500
03/15/2018	0.010669	0.012480	0.010009	0.012398	166	10,161,700
03/14/2018	0.013765	0.014189	0.009890	0.010674	173	13,110,600
03/13/2018	0.014548	0.015179	0.013506	0.013763	69	13,856,400
03/12/2018	0.017055	0.017281	0.012761	0.014632	1,224	16,243,900
03/11/2018	0.018884	0.021993	0.016868	0.017109	375	17,985,700
03/10/2018	0.013881	0.022677	0.013860	0.018947	1,433	13,221,000
03/09/2018	0.012576	0.015025	0.011430	0.013876	333	11,977,400
03/08/2018	0.014854	0.017734	0.012322	0.012662	1,314	14,147,800
03/07/2018	0.020761	0.021333	0.012892	0.014875	534	19,773,300
03/06/2018	0.018526	0.021268	0.014919	0.020782	1,068	17,644,400
03/05/2018	0.018971	0.019668	0.015615	0.018566	556	18,068,100
03/04/2018	0.018317	0.018984	0.017825	0.018984	632	17,445,600
03/03/2018	0.022011	0.022113	0.015814	0.018349	1,815	20,964,400
03/02/2018	0.018539	0.022038	0.016546	0.022038	1,532	17,657,200
03/01/2018	0.018478	0.020178	0.018097	0.018587	385	17,598,900
02/28/2018	0.018129	0.019114	0.017712	0.018451	49	17,267,100
02/27/2018	0.019140	0.019630	0.017038	0.018151	516	18,229,300
02/26/2018	0.015321	0.019374	0.014688	0.019085	207	14,592,500
02/25/2018	0.015781	0.018342	0.015183	0.015302	388	15,030,500
02/24/2018	0.016982	0.019599	0.015679	0.015805	145	16,174,400
02/23/2018	0.016920	0.017352	0.015531	0.017004	637	16,114,600
02/22/2018	0.017694	0.018406	0.015725	0.016935	14	16,852,500
02/21/2018	0.021000	0.023450	0.017670	0.017738	2,149	20,001,200
02/20/2018	0.022249	0.023909	0.020005	0.021417	654	21,190,300
02/19/2018	0.019737	0.022431	0.019676	0.022229	367	18,797,700
02/18/2018	0.019577	0.021603	0.018225	0.019828	101	18,646,100
02/17/2018	0.024883	0.025291	0.019049	0.019518	1,829	23,699,600
02/16/2018	0.020185	0.024967	0.018054	0.024889	2,320	19,225,000
02/15/2018	0.023010	0.023019	0.019969	0.020272	601	21,915,700
02/14/2018	0.015374	0.023177	0.014403	0.022998	1,999	14,643,200
02/13/2018	0.018567	0.018650	0.014759	0.015413	1,497	17,683,600
02/12/2018	0.017748	0.019828	0.017128	0.018533	1,403	16,903,500
02/11/2018	0.018408	0.021477	0.017180	0.017635	71	17,531,900
02/10/2018	0.019977	0.020810	0.017919	0.018423	1,301	19,026,500
02/09/2018	0.020739	0.021064	0.018289	0.019962	660	19,752,800
02/08/2018	0.020040	0.023616	0.020017	0.020681	154	19,087,100
02/07/2018	0.016540	0.028730	0.016302	0.020114	3,726	15,753,400
02/06/2018	0.020389	0.020878	0.014869	0.016702	1,676	19,419,000
02/05/2018	0.017745	0.021382	0.012337	0.020331	2,581	16,901,100
02/04/2018	0.024858	0.025340	0.017581	0.017919	2,258	23,675,300
02/03/2018	0.021035	0.027203	0.018774	0.024856	2,154	20,034,400
02/02/2018	0.022729	0.022729	0.016688	0.020959	2,326	21,648,000
02/01/2018	0.024061	0.024165	0.018911	0.022777	1,491	22,916,500
01/31/2018	0.028643	0.028808	0.021828	0.024005	1,239	27,280,400
01/30/2018	0.031607	0.031674	0.023769	0.028594	3,734	30,103,700
01/29/2018	0.028857	0.032952	0.027817	0.031597	1,695	27,484,100
01/28/2018	0.031891	0.036944	0.028823	0.028823	3,433	30,374,100
01/27/2018	0.032551	0.038631	0.031299	0.031776	4,241	31,003,000
01/26/2018	0.031815	0.037996	0.025984	0.032571	9,550	30,302,000
01/25/2018	0.032792	0.036273	0.029363	0.031900	5,324	31,232,000
01/24/2018	0.030355	0.036095	0.028467	0.030128	5,204	28,910,800
01/23/2018	0.030283	0.033970	0.028120	0.030372	1,214	28,842,200
01/22/2018	0.031439	0.036685	0.028449	0.030363	2,983	29,943,100
01/21/2018	0.041834	0.041834	0.027349	0.031039	4,267	39,844,000
01/20/2018	0.029901	0.042582	0.028937	0.041737	9,032	28,478,800
01/19/2018	0.035384	0.036613	0.029662	0.029838	3,249	33,700,600
01/18/2018	0.036383	0.039830	0.027089	0.032561	8,789	34,652,200
01/17/2018	0.031393	0.037426	0.026604	0.036233	11,262	29,899,600
01/16/2018	0.034230	0.038316	0.025393	0.033525	5,256	32,601,500
01/15/2018	0.044353	0.047181	0.034129	0.034181	16,000	42,242,800
01/14/2018	0.054962	0.056606	0.038511	0.044656	15,712	52,347,300
01/13/2018	0.050016	0.062873	0.047669	0.054925	27,476	47,636,500
01/12/2018	0.053800	0.061400	0.044729	0.050073	34,674	51,240,700
01/11/2018	0.088327	0.088327	0.048221	0.053374	52,168	84,125,700
01/10/2018	0.069197	0.111835	0.043280	0.090404	74,206	65,905,200
01/09/2018	0.057948	0.117895	0.042935	0.069109	65,115	55,191,200
01/08/2018	0.044748	0.079715	0.041146	0.063349	68,266	42,619,500
01/07/2018	0.030087	0.184869	0.023321	0.050829	142,765	28,656,000
01/06/2018	0.028701	0.030118	0.016437	0.030109	8,248	27,335,600
01/05/2018	0.027568	0.032992	0.021820	0.028662	4,885	26,257,100
01/04/2018	0.026373	0.030696	0.021772	0.027576	5,914	25,118,100
01/03/2018	0.028728	0.028728	0.020820	0.026261	5,665	27,361,800
01/02/2018	0.024390	0.033289	0.019421	0.026163	15,063	23,229,500
01/01/2018	0.015719	0.029396	0.013234	0.024390	18,684	14,971,200
12/31/2017	0.012331	0.016648	0.011413	0.015658	2,644	11,744,100
12/30/2017	0.014766	0.014766	0.007577	0.012457	5,669	14,063,600
12/29/2017	0.016170	0.019601	0.008785	0.014796	11,253	15,400,500
12/28/2017	0.014738	0.016063	0.012586	0.016018	1,153	14,036,800
12/27/2017	0.013432	0.015944	0.011716	0.014768	2,469	12,792,600
12/26/2017	0.013907	0.015441	0.011614	0.013421	583	13,245,900
12/25/2017	0.013705	0.014497	0.009609	0.013922	2,135	13,053,000
12/24/2017	0.012855	0.014850	0.011028	0.014850	745	12,243,700
12/23/2017	0.012416	0.018639	0.011545	0.012912	3,134	11,825,600
12/22/2017	0.017617	0.017773	0.008474	0.012301	2,360	16,779,000
12/21/2017	0.017863	0.020252	0.013126	0.017556	6,547	17,013,100
12/20/2017	0.019791	0.019791	0.013241	0.017817	4,471	18,849,100
12/19/2017	0.012995	0.018844	0.012750	0.018573	3,675	12,376,500
12/18/2017	0.021346	0.023778	0.018085	0.018507	1,330	20,330,200
12/17/2017	0.018761	0.021398	0.003913	0.021326	2,918	17,868,200
12/16/2017	0.013345	0.018835	0.013345	0.018757	3,368	12,710,500
12/15/2017	0.018744	0.018780	0.009452	0.013321	789	17,852,100
12/14/2017	0.010395	0.018736	0.009037	0.018722	1,260	9,900,760
12/13/2017	0.017040	0.025077	0.010306	0.010408	4,014	16,229,700
12/12/2017	0.023675	0.033272	0.014590	0.017028	968	22,548,800
12/11/2017	0.019956	0.023673	0.017038	0.023673	2,152	19,006,300
12/10/2017	0.026114	0.026114	0.016494	0.020097	28,245	24,871,500
12/09/2017	0.021155	0.031283	0.018837	0.026014	3,471	20,149,000
12/08/2017	0.023815	0.024048	0.015904	0.021169	879	22,682,300
12/07/2017	0.015855	0.024993	0.015399	0.023763	2,309	15,100,900
12/06/2017	0.016602	0.019625	0.014787	0.015884	1,648	15,812,400
12/05/2017	0.027015	0.027107	0.016638	0.016638	1,219	25,729,900
12/04/2017	0.016984	0.027670	0.014826	0.026964	1,080	16,176,500
12/03/2017	0.019692	0.022559	0.014506	0.016937	5,030	18,755,400
12/02/2017	0.015458	0.020289	0.012681	0.019681	2,720	14,722,200
12/01/2017	0.016949	0.017029	0.013336	0.015470	713	16,142,800
11/30/2017	0.016263	0.022071	0.014332	0.017008	3,486	15,489,400
11/29/2017	0.022801	0.025371	0.013344	0.016020	3,259	21,716,300
11/28/2017	0.018329	0.022891	0.012809	0.022824	158,323	17,457,000
11/27/2017	0.018679	0.019162	0.012134	0.018292	757	17,790,700
11/26/2017	0.023717	0.024174	0.016745	0.018677	507	22,588,300
11/25/2017	0.018684	0.024074	0.015653	0.023720	305	17,795,600
11/24/2017	0.018289	0.019811	0.017093	0.018721	1,089	17,418,600
11/23/2017	0.027332	0.027402	0.017594	0.018324	672	26,032,100
11/22/2017	0.030942	0.031195	0.024757	0.027290	615	29,470,500
11/21/2017	0.030495	0.035326	0.025204	0.030990	1,636	29,043,800
11/20/2017	0.018857	0.036224	0.018191	0.030489	423,953	17,959,600
11/19/2017	0.017805	0.023998	0.017538	0.018865	198	16,958,500
11/18/2017	0.017576	0.020667	0.013179	0.017839	191	16,740,200
11/17/2017	0.015742	0.017943	0.012672	0.017638	527	14,993,200
11/16/2017	0.028397	0.030439	0.012597	0.015765	1,492	27,045,800
11/15/2017	0.029061	0.033260	0.024776	0.028306	585	27,678,400
11/14/2017	0.034637	0.049994	0.021809	0.029041	1,677	32,988,900
11/13/2017	0.042384	0.042946	0.022256	0.034582	8,305	40,368,000
11/12/2017	0.023521	0.042323	0.011784	0.042323	7,884	22,402,400
11/11/2017	0.018980	0.023703	0.008722	0.023521	2,538	18,077,000
11/10/2017	0.011837	0.022116	0.010040	0.019046	2,564	11,273,800
11/09/2017	0.011654	0.028858	0.009985	0.011804	3,606	11,099,800
11/08/2017	0.011101	0.011959	0.004882	0.011684	2,877	10,573,100
11/07/2017	0.013456	0.019245	0.011070	0.011136	484	12,815,800
11/06/2017	0.014070	0.015613	0.012592	0.013474	1,513	13,400,300
11/05/2017	0.018905	0.019134	0.014039	0.014042	94	18,005,600
11/04/2017	0.015736	0.019272	0.010172	0.018935	497	14,987,800
11/03/2017	0.020187	0.033563	0.009831	0.015772	436	19,226,600
11/02/2017	0.016384	0.022605	0.012606	0.020095	6,727	15,605,100
11/01/2017	0.021295	0.021749	0.014966	0.016366	365	20,282,000
10/31/2017	0.013368	0.029040	0.013240	0.021311	395	12,732,400
10/30/2017	0.019537	0.019537	0.012680	0.013376	8,767	18,607,500
10/29/2017	0.025329	0.027136	0.016169	0.019646	1,409	24,124,500
10/28/2017	0.018552	0.025389	0.015774	0.025342	7,956	17,669,900
10/27/2017	0.021642	0.024220	0.013984	0.018503	1,062	20,612,800
10/26/2017	0.016630	0.022963	0.016531	0.021638	384	15,838,700
10/25/2017	0.021854	0.021900	0.016417	0.016632	1,131	20,814,900
10/24/2017	0.022747	0.023454	0.016017	0.021846	3,121	21,664,700
10/23/2017	0.021510	0.025012	0.017933	0.022797	227,860	20,487,200
10/22/2017	0.020788	0.021882	0.017682	0.021545	799	19,799,400
10/21/2017	0.021519	0.023699	0.020782	0.020782	968	20,495,000
10/20/2017	0.018488	0.022598	0.018321	0.021524	668	17,608,400
10/19/2017	0.025057	0.027842	0.018535	0.018535	2,404	23,864,900
10/18/2017	0.022412	0.025158	0.018001	0.025047	1,735	21,345,900
10/17/2017	0.027730	0.038633	0.019574	0.022411	201,639	26,411,200
10/16/2017	0.027146	0.030874	0.020043	0.027715	6,682	25,854,800
10/15/2017	0.025749	0.029775	0.018119	0.027141	5,478	24,524,000
10/14/2017	0.019598	0.042889	0.019101	0.025699	3,657	18,665,500
10/13/2017	0.020860	0.027247	0.015179	0.019592	2,615	19,867,900
10/12/2017	0.032594	0.038773	0.020178	0.020797	14,061	31,043,400
10/11/2017	0.020226	0.052810	0.017733	0.032100	139,979	19,264,000
10/10/2017	0.029776	0.029937	0.019594	0.020229	344	28,359,900
10/09/2017	0.030153	0.041039	0.014315	0.029773	121,052	28,718,500
10/08/2017	0.030135	0.030942	0.027682	0.030148	4,016	28,701,000
10/07/2017	0.024760	0.034910	0.024634	0.030197	7,989	-
10/06/2017	0.025573	0.034976	0.020769	0.024754	47,734	-
10/05/2017	0.019451	0.032094	0.018516	0.025571	59,258	-
10/04/2017	0.020407	0.027540	0.017278	0.019443	1,298	-
10/03/2017	0.022527	0.032225	0.020211	0.020359	1,787	-
10/02/2017	0.028375	0.054595	0.020417	0.022525	8,010	-
10/01/2017	0.031761	0.035957	0.021040	0.028385	5,012	-
09/30/2017	0.041783	0.046196	0.031435	0.031744	5,725	-
09/29/2017	0.028961	0.054766	0.028961	0.041777	69,996	-
