Date	Open	High	Low	Close	Volume	Market Cap
07/15/2018	0.480770	0.516571	0.478586	0.482126	229,962	46,503,900
07/14/2018	0.509194	0.513412	0.480577	0.482350	31,246	49,253,300
07/13/2018	0.502939	0.517416	0.493171	0.510520	137,310	48,648,300
07/12/2018	0.498585	0.522237	0.462325	0.501979	96,738	48,227,100
07/11/2018	0.484369	0.526633	0.483345	0.498813	40,377	46,852,000
07/10/2018	0.532404	0.534130	0.481759	0.481759	144,823	51,498,400
07/09/2018	0.582747	0.584948	0.526354	0.532795	122,912	56,367,900
07/08/2018	0.545491	0.590359	0.544601	0.581403	110,048	52,764,200
07/07/2018	0.497700	0.546801	0.494671	0.545877	167,080	48,141,500
07/06/2018	0.517006	0.519104	0.495548	0.498114	148,852	50,008,900
07/05/2018	0.521658	0.533080	0.508483	0.517186	39,480	-
07/04/2018	0.556521	0.558112	0.489833	0.519960	114,173	-
07/03/2018	0.568086	0.580322	0.553923	0.556498	156,692	-
07/02/2018	0.595679	0.595679	0.564884	0.569255	128,560	-
