Date	Open	High	Low	Close	Volume	Market Cap
07/15/2018	0.029479	0.031634	0.029245	0.029797	1,528,380	6,204,720
07/14/2018	0.031749	0.033543	0.029078	0.029429	1,196,770	6,682,550
07/13/2018	0.029301	0.035486	0.029029	0.031503	3,416,320	6,167,240
07/12/2018	0.030708	0.030797	0.028456	0.029263	4,364,310	6,463,440
07/11/2018	0.031929	0.032106	0.029102	0.030634	2,288,770	6,720,370
07/10/2018	0.032799	0.032917	0.027993	0.031906	1,890,780	6,903,400
07/09/2018	0.035006	0.035229	0.027432	0.032861	4,203,430	7,367,660
07/08/2018	0.035100	0.036665	0.034450	0.034993	3,062,260	7,352,360
07/07/2018	0.034771	0.036792	0.032677	0.035051	1,354,630	7,283,470
07/06/2018	0.033812	0.036497	0.032604	0.034791	1,533,780	7,082,480
07/05/2018	0.035765	0.037515	0.033343	0.033756	1,922,730	7,491,700
07/04/2018	0.031874	0.038111	0.031781	0.035387	610,719	6,676,660
07/03/2018	0.032359	0.038103	0.030827	0.032143	1,715,080	6,778,160
07/02/2018	0.032843	0.033000	0.030334	0.032333	154,316	6,879,690
07/01/2018	0.029583	0.036043	0.029418	0.032908	499,661	6,196,820
06/30/2018	0.029523	0.031319	0.026746	0.029528	848,887	6,184,110
06/29/2018	0.029707	0.029913	0.027787	0.029492	1,003,740	6,222,720
06/28/2018	0.031005	0.032299	0.029543	0.029653	987,350	6,494,680
06/27/2018	0.029478	0.033234	0.028348	0.031037	1,092,010	6,174,670
06/26/2018	0.033689	0.034038	0.029610	0.029610	694,442	7,056,810
06/25/2018	0.031306	0.033753	0.029939	0.033626	575,574	6,557,720
06/24/2018	0.034774	0.036109	0.029804	0.031781	298,028	7,284,070
06/23/2018	0.034226	0.036286	0.033396	0.034800	185,678	7,169,270
06/22/2018	0.044047	0.044103	0.033666	0.034187	473,039	9,225,410
06/21/2018	0.043610	0.044973	0.043203	0.044074	297,971	9,133,910
06/20/2018	0.043847	0.044103	0.043287	0.043423	764,703	9,183,410
06/19/2018	0.047586	0.047586	0.042825	0.043654	898,705	9,714,280
06/18/2018	0.048923	0.049935	0.041767	0.047591	694,022	9,987,100
06/17/2018	0.046778	0.048926	0.042373	0.048880	616,399	9,549,320
06/16/2018	0.047563	0.050513	0.040973	0.047066	739,236	9,709,500
06/15/2018	0.051298	0.054729	0.046945	0.047598	1,268,780	10,471,900
06/14/2018	0.046167	0.053350	0.046129	0.051368	1,811,180	9,424,560
06/13/2018	0.053175	0.053535	0.045110	0.046142	1,371,850	10,855,100
06/12/2018	0.063016	0.063535	0.051505	0.053130	1,366,210	-
06/11/2018	0.059821	0.063004	0.044876	0.062447	1,514,780	-
06/10/2018	0.058270	0.065465	0.056645	0.059871	1,787,490	-
06/09/2018	0.071074	0.080736	0.053197	0.058205	1,373,130	-
06/08/2018	0.072927	0.086412	0.070237	0.070857	1,527,100	-
06/07/2018	0.070091	0.072668	0.069576	0.072668	1,355,170	-
