Date	Open	High	Low	Close	Volume	Market Cap
07/15/2018	0.026431	0.027412	0.025072	0.026450	796,740	2,385,300
07/14/2018	0.026308	0.032663	0.026303	0.026437	620,062	2,374,170
07/13/2018	0.028117	0.028186	0.026208	0.026235	456,650	2,536,930
07/12/2018	0.028830	0.028841	0.022449	0.028108	761,947	2,600,680
07/11/2018	0.031018	0.031091	0.026467	0.028833	341,891	2,793,100
07/10/2018	0.040274	0.040454	0.024374	0.030993	1,061,850	3,465,890
07/09/2018	0.040921	0.052276	0.040178	0.040334	700,054	3,521,610
07/08/2018	0.040637	0.042976	0.040440	0.040900	199,165	3,497,170
07/07/2018	0.047176	0.058734	0.039618	0.040667	578,996	4,059,930
07/06/2018	0.032288	0.047155	0.031916	0.047062	456,930	2,778,650
07/05/2018	0.034692	0.034692	0.032185	0.032288	501,591	2,985,570
