Date	Open	High	Low	Close	Volume	Market Cap
07/15/2018	0.019471	0.020751	0.019232	0.020482	1,496,150	45,985,000
07/14/2018	0.019788	0.019971	0.019017	0.019422	1,283,040	46,732,000
07/13/2018	0.019813	0.020528	0.019595	0.019843	1,826,960	46,790,800
07/12/2018	0.020380	0.020676	0.019402	0.019658	1,773,670	48,130,600
07/11/2018	0.020781	0.021032	0.019247	0.020356	2,305,950	49,078,800
07/10/2018	0.023430	0.023907	0.020726	0.020777	2,810,540	55,333,900
07/09/2018	0.025104	0.025104	0.023476	0.023476	2,474,390	59,288,300
07/08/2018	0.025410	0.026058	0.024926	0.025149	2,577,170	60,011,500
07/07/2018	0.025120	0.025452	0.023515	0.025452	3,044,870	59,325,600
07/06/2018	0.024974	0.027158	0.022811	0.025131	3,522,720	58,979,900
07/05/2018	0.027439	0.027763	0.024270	0.024994	3,190,260	64,801,900
07/04/2018	0.028522	0.029874	0.026037	0.027376	4,835,830	67,360,300
07/03/2018	0.027349	0.030946	0.027134	0.028285	6,102,870	64,590,300
07/02/2018	0.024565	0.029580	0.024371	0.027404	7,640,560	58,014,400
07/01/2018	0.022964	0.027383	0.021180	0.024736	5,032,230	54,233,800
06/30/2018	0.019765	0.024175	0.019765	0.022899	3,626,030	46,678,800
06/29/2018	0.018966	0.019903	0.018231	0.019725	1,617,510	44,790,700
06/28/2018	0.019782	0.020125	0.018919	0.018961	1,690,330	46,718,500
06/27/2018	0.019745	0.020127	0.019221	0.019759	1,789,450	46,631,200
06/26/2018	0.021580	0.021622	0.019627	0.019887	1,784,110	50,965,000
06/25/2018	0.020868	0.022044	0.020542	0.021582	1,864,290	49,284,600
06/24/2018	0.023579	0.023659	0.019681	0.020892	2,665,110	55,687,200
06/23/2018	0.023833	0.024080	0.023449	0.023560	3,380,880	56,285,800
06/22/2018	0.027294	0.027294	0.022971	0.023840	4,822,670	64,459,600
06/21/2018	0.026253	0.027399	0.024080	0.027220	4,708,370	62,001,700
06/20/2018	0.027253	0.027253	0.025609	0.026236	2,919,080	64,363,100
06/19/2018	0.026773	0.027382	0.026267	0.027228	3,129,110	63,229,500
06/18/2018	0.025568	0.027273	0.024894	0.026787	2,810,000	60,383,500
06/17/2018	0.026072	0.026821	0.025529	0.025652	3,526,710	61,572,700
06/16/2018	0.026338	0.026471	0.025011	0.026056	2,683,390	62,201,300
06/15/2018	0.027767	0.027816	0.026212	0.026416	5,309,110	65,577,000
06/14/2018	0.025717	0.027973	0.025584	0.027747	3,996,420	60,736,000
06/13/2018	0.028104	0.028278	0.024760	0.025701	5,999,540	66,372,500
06/12/2018	0.028337	0.031284	0.027657	0.028084	7,615,390	66,921,800
06/11/2018	0.029097	0.029097	0.026968	0.028372	7,368,090	68,718,700
06/10/2018	0.035112	0.035112	0.028258	0.029014	11,804,200	82,923,600
06/09/2018	0.036476	0.037107	0.035032	0.035032	7,800,950	86,144,400
06/08/2018	0.038496	0.038616	0.036102	0.036557	8,239,680	90,915,100
06/07/2018	0.039661	0.040570	0.038268	0.038475	9,846,780	93,665,600
06/06/2018	0.038201	0.040761	0.036701	0.039156	16,236,400	90,219,300
06/05/2018	0.036869	0.038251	0.034374	0.038251	7,675,060	87,074,000
06/04/2018	0.040729	0.040861	0.035375	0.036831	6,853,020	96,187,700
06/03/2018	0.038548	0.040688	0.038548	0.040433	6,325,610	91,038,000
06/02/2018	0.037209	0.039560	0.037076	0.038594	5,727,930	87,876,500
06/01/2018	0.036687	0.037650	0.036153	0.037244	4,200,890	86,643,400
05/31/2018	0.034736	0.037458	0.034589	0.036692	4,443,140	82,036,600
05/30/2018	0.035178	0.037147	0.034332	0.034772	7,747,900	83,078,100
05/29/2018	0.031782	0.035997	0.031165	0.035125	11,803,600	75,058,000
05/28/2018	0.036382	0.037214	0.031793	0.031936	11,118,700	85,922,700
05/27/2018	0.036390	0.038900	0.035327	0.036393	12,709,100	85,941,700
05/26/2018	0.036120	0.038490	0.035521	0.036255	10,707,200	85,303,100
05/25/2018	0.038060	0.038852	0.035647	0.036212	11,328,400	89,886,800
05/24/2018	0.036679	0.039183	0.034718	0.038048	12,836,500	86,624,000
05/23/2018	0.040692	0.045461	0.035499	0.036732	16,554,200	96,101,200
05/22/2018	0.045410	0.045428	0.040471	0.040829	12,708,300	107,244,000
05/21/2018	0.048160	0.048160	0.044805	0.045476	14,459,000	113,737,000
05/20/2018	0.046547	0.047959	0.045949	0.047959	14,320,400	109,929,000
05/19/2018	0.045951	0.047705	0.045538	0.046460	12,451,900	108,522,000
05/18/2018	0.045698	0.046363	0.043696	0.045951	11,913,400	107,923,000
05/17/2018	0.046307	0.049313	0.045283	0.045610	14,852,100	109,361,000
05/16/2018	0.047643	0.048624	0.043495	0.046239	13,429,300	112,518,000
05/15/2018	0.047880	0.051600	0.047301	0.047890	14,134,100	113,077,000
05/14/2018	0.049262	0.049990	0.044368	0.048023	14,826,800	116,341,000
05/13/2018	0.043146	0.050366	0.042436	0.049382	14,257,400	101,898,000
05/12/2018	0.044039	0.045408	0.039747	0.043165	12,925,000	104,006,000
05/11/2018	0.052810	0.052810	0.042421	0.044283	17,650,200	124,720,000
05/10/2018	0.054371	0.059449	0.052866	0.052866	17,037,800	128,407,000
05/09/2018	0.057933	0.058019	0.052693	0.054395	17,586,600	136,818,000
05/08/2018	0.059838	0.061719	0.056313	0.058100	18,579,400	141,317,000
05/07/2018	0.065187	0.065455	0.057004	0.059920	19,164,300	153,950,000
05/06/2018	0.073334	0.074852	0.062499	0.065173	16,445,500	173,192,000
05/05/2018	0.064954	0.074035	0.063813	0.073268	22,530,600	153,400,000
05/04/2018	0.064349	0.067934	0.063266	0.064820	11,979,700	151,971,000
05/03/2018	0.068802	0.069075	0.064008	0.064562	14,354,400	162,488,000
05/02/2018	0.064742	0.072042	0.063317	0.068661	27,200,500	152,899,000
05/01/2018	0.059542	0.064899	0.053295	0.064457	20,307,700	140,618,000
04/30/2018	0.053765	0.065752	0.052071	0.059312	38,957,100	126,976,000
04/29/2018	0.050695	0.053918	0.048164	0.053918	12,186,000	119,725,000
04/28/2018	0.046811	0.051728	0.046688	0.050936	6,175,430	110,553,000
04/27/2018	0.050425	0.051185	0.047101	0.047101	5,994,270	119,089,000
04/26/2018	0.045438	0.050812	0.043941	0.050484	7,737,260	107,310,000
04/25/2018	0.057411	0.057411	0.043994	0.045140	11,954,600	135,586,000
04/24/2018	0.049123	0.058811	0.048961	0.057365	18,738,500	116,014,000
04/23/2018	0.048899	0.050981	0.048169	0.048946	9,152,740	115,484,000
04/22/2018	0.044516	0.049818	0.043951	0.048533	9,323,540	105,132,000
04/21/2018	0.048740	0.048925	0.041782	0.044985	9,615,890	115,109,000
04/20/2018	0.043759	0.049388	0.042388	0.048866	9,817,510	103,346,000
04/19/2018	0.041722	0.045131	0.041014	0.043927	8,227,520	98,543,100
04/18/2018	0.037492	0.041736	0.037403	0.041736	5,738,150	88,552,600
04/17/2018	0.037425	0.040401	0.037251	0.037404	5,470,270	88,392,500
04/16/2018	0.040951	0.041229	0.036094	0.037348	6,595,770	96,721,400
04/15/2018	0.040580	0.041688	0.039677	0.040928	5,979,470	95,844,400
04/14/2018	0.036009	0.041277	0.035887	0.040386	9,504,520	85,049,500
04/13/2018	0.033658	0.038598	0.032985	0.036124	6,592,780	79,496,700
04/12/2018	0.030183	0.033786	0.029561	0.033581	5,251,950	71,288,900
04/11/2018	0.028961	0.030322	0.028849	0.030271	3,363,960	68,402,800
04/10/2018	0.028443	0.029137	0.027503	0.028889	2,592,630	67,179,700
04/09/2018	0.030585	0.030667	0.027364	0.028314	3,315,370	69,172,600
04/08/2018	0.028392	0.031096	0.028285	0.030791	5,040,540	64,212,500
04/07/2018	0.026506	0.028805	0.026450	0.028467	2,677,420	59,947,400
04/06/2018	0.027480	0.028082	0.025879	0.026460	2,692,350	62,150,100
04/05/2018	0.026758	0.029583	0.025610	0.027627	4,578,410	60,516,800
04/04/2018	0.029368	0.029368	0.026235	0.026683	2,723,190	66,419,800
04/03/2018	0.027625	0.029470	0.027482	0.029350	2,906,700	62,477,400
04/02/2018	0.027169	0.028352	0.026922	0.027606	2,806,820	61,445,500
04/01/2018	0.027465	0.028362	0.024993	0.026997	2,991,660	62,116,200
03/31/2018	0.026932	0.028896	0.026895	0.027365	2,313,660	60,908,800
03/30/2018	0.028413	0.028988	0.025737	0.026826	2,924,710	64,259,100
03/29/2018	0.033901	0.034030	0.027722	0.028582	3,936,270	76,671,100
03/28/2018	0.033210	0.035189	0.032738	0.033898	4,082,580	75,107,600
03/27/2018	0.036433	0.036634	0.032850	0.033190	2,973,700	82,397,000
03/26/2018	0.038091	0.040621	0.033586	0.036501	6,380,360	86,147,400
03/25/2018	0.037235	0.038785	0.035647	0.038430	4,760,160	84,210,400
03/24/2018	0.039776	0.040966	0.037719	0.037880	5,644,720	89,958,100
03/23/2018	0.037911	0.040095	0.034478	0.039205	6,220,430	85,739,400
03/22/2018	0.036207	0.042260	0.035701	0.037940	7,112,000	81,887,000
03/21/2018	0.034004	0.039576	0.033131	0.036065	5,077,620	76,904,600
03/20/2018	0.030702	0.034827	0.029641	0.033794	3,779,900	69,436,700
03/19/2018	0.027603	0.031776	0.026989	0.030250	4,128,740	62,427,500
03/18/2018	0.025029	0.028005	0.023093	0.027599	5,630,510	56,605,300
03/17/2018	0.026918	0.026950	0.024552	0.025106	1,847,390	60,877,600
03/16/2018	0.026883	0.027933	0.025585	0.026900	2,356,260	60,799,900
03/15/2018	0.026272	0.027923	0.024538	0.026964	3,341,780	59,416,600
03/14/2018	0.031576	0.032807	0.024989	0.026180	4,702,130	71,412,200
03/13/2018	0.029259	0.032033	0.028624	0.031772	6,131,280	66,173,300
03/12/2018	0.030760	0.031525	0.027856	0.029644	3,621,110	69,568,400
03/11/2018	0.028164	0.034375	0.027296	0.030879	2,720,120	63,695,800
03/10/2018	0.030720	0.032634	0.027952	0.028224	2,496,070	69,477,500
03/09/2018	0.029480	0.031023	0.025105	0.030935	3,938,520	66,673,400
03/08/2018	0.034630	0.035156	0.029188	0.029522	3,217,500	78,320,100
03/07/2018	0.041645	0.042297	0.031612	0.034608	4,966,560	94,185,100
03/06/2018	0.047504	0.048035	0.040890	0.041664	4,607,220	107,436,000
03/05/2018	0.048280	0.050338	0.047399	0.047459	4,456,970	109,190,000
03/04/2018	0.049928	0.050126	0.047575	0.048169	3,698,300	112,919,000
03/03/2018	0.052158	0.053431	0.049042	0.049907	3,404,510	117,962,000
03/02/2018	0.052400	0.058261	0.050904	0.052099	7,478,930	118,509,000
03/01/2018	0.047562	0.054878	0.046650	0.052519	5,542,980	107,567,000
02/28/2018	0.052114	0.053528	0.047411	0.047411	3,004,930	117,861,000
02/27/2018	0.053418	0.054233	0.050680	0.052292	4,345,180	87,157,800
02/26/2018	0.055197	0.056511	0.051235	0.053178	4,686,700	90,060,100
02/25/2018	0.056118	0.056634	0.052959	0.055263	2,876,390	91,563,700
02/24/2018	0.060084	0.067013	0.054472	0.056130	4,999,380	98,034,700
02/23/2018	0.057694	0.060599	0.056166	0.059991	3,745,860	94,135,300
02/22/2018	0.060733	0.065994	0.055140	0.057620	7,139,890	99,092,600
02/21/2018	0.067992	0.067992	0.059699	0.060794	11,058,300	110,938,000
02/20/2018	0.077619	0.079065	0.068117	0.068286	12,393,400	126,646,000
02/19/2018	0.076267	0.078491	0.075642	0.077413	13,407,600	124,438,000
02/18/2018	0.084891	0.085911	0.076753	0.076753	15,181,900	138,510,000
02/17/2018	0.079598	0.085043	0.079241	0.084692	15,661,200	129,874,000
02/16/2018	0.077284	0.080025	0.075188	0.079578	13,939,100	126,099,000
02/15/2018	0.074277	0.080347	0.073572	0.077577	15,806,500	121,193,000
02/14/2018	0.068210	0.074552	0.067935	0.074282	14,591,100	111,293,000
02/13/2018	0.074132	0.074132	0.067868	0.068433	13,057,900	120,955,000
02/12/2018	0.069249	0.077124	0.069249	0.074052	14,474,200	112,988,000
02/11/2018	0.072648	0.072648	0.067021	0.069452	27,658,600	118,534,000
02/10/2018	0.074688	0.079955	0.069911	0.072969	20,328,300	121,862,000
02/09/2018	0.068803	0.075791	0.065563	0.075051	3,950,420	112,260,000
02/08/2018	0.063166	0.071872	0.063150	0.068650	6,187,100	103,063,000
02/07/2018	0.064869	0.074975	0.058567	0.063259	8,791,540	105,842,000
02/06/2018	0.056677	0.065397	0.043861	0.065193	8,519,120	92,476,100
02/05/2018	0.070489	0.071611	0.050324	0.056645	8,072,860	115,012,000
02/04/2018	0.081569	0.081904	0.067979	0.070986	9,940,530	133,090,000
02/03/2018	0.074482	0.085990	0.067717	0.081493	10,309,300	121,527,000
02/02/2018	0.081235	0.081293	0.058443	0.073959	12,106,300	132,545,000
02/01/2018	0.105535	0.107362	0.069130	0.081239	17,339,100	172,193,000
01/31/2018	0.101650	0.108601	0.097240	0.105602	14,761,100	165,854,000
01/30/2018	0.125438	0.128019	0.101374	0.101408	11,528,400	204,668,000
01/29/2018	0.132741	0.135363	0.117192	0.125319	14,684,700	216,583,000
01/28/2018	0.124041	0.134313	0.119545	0.132657	19,211,700	202,389,000
01/27/2018	0.126677	0.130513	0.121247	0.123630	16,697,200	206,689,000
01/26/2018	0.132319	0.133665	0.112211	0.126629	24,043,400	215,895,000
01/25/2018	0.126589	0.139229	0.126589	0.132372	30,426,600	206,546,000
01/24/2018	0.135769	0.159347	0.125478	0.125478	79,799,900	221,523,000
01/23/2018	0.108302	0.150266	0.103366	0.136742	69,155,000	176,708,000
01/22/2018	0.106220	0.132457	0.097560	0.109065	35,627,700	173,311,000
01/21/2018	0.129181	0.129213	0.099066	0.105103	15,401,200	210,775,000
01/20/2018	0.129246	0.135659	0.123353	0.129805	23,643,100	210,880,000
01/19/2018	0.112702	0.150035	0.103809	0.128674	57,269,100	183,888,000
01/18/2018	0.101159	0.113668	0.086277	0.113433	33,244,900	165,053,000
01/17/2018	0.086360	0.105125	0.069408	0.100423	26,008,600	140,907,000
01/16/2018	0.118793	0.118793	0.068652	0.086891	30,604,900	193,826,000
01/15/2018	0.142247	0.147732	0.116827	0.118226	35,950,300	232,093,000
01/14/2018	0.181265	0.182274	0.131428	0.142771	34,306,200	295,756,000
01/13/2018	0.167972	0.189964	0.163919	0.182885	46,103,900	274,067,000
01/12/2018	0.175140	0.188324	0.160025	0.168878	43,684,800	285,412,000
01/11/2018	0.230021	0.231516	0.164988	0.173677	51,883,700	374,848,000
01/10/2018	0.255267	0.257028	0.199994	0.230330	65,258,200	415,989,000
01/09/2018	0.313856	0.315892	0.239368	0.254248	94,683,200	511,467,000
01/08/2018	0.261336	0.332731	0.197726	0.320251	141,924,000	420,129,000
01/07/2018	0.217532	0.264053	0.200766	0.260489	83,749,600	349,709,000
01/06/2018	0.224889	0.243943	0.198611	0.215659	50,916,100	361,536,000
01/05/2018	0.175846	0.248713	0.163903	0.213330	87,743,200	282,695,000
01/04/2018	0.136713	0.194664	0.127517	0.178998	57,281,700	219,783,000
01/03/2018	0.091587	0.152177	0.089104	0.136633	66,530,500	146,617,000
01/02/2018	0.092934	0.099652	0.086070	0.091791	14,753,200	148,773,000
01/01/2018	0.097223	0.099655	0.086524	0.093065	12,483,900	155,639,000
12/31/2017	0.081035	0.105115	0.081035	0.097425	29,579,300	129,726,000
12/30/2017	0.090917	0.092282	0.072736	0.081985	33,181,200	145,544,000
12/29/2017	0.083635	0.095275	0.081097	0.091320	26,734,600	133,887,000
12/28/2017	0.091742	0.092564	0.075257	0.083113	16,946,900	146,866,000
12/27/2017	0.094007	0.098422	0.084307	0.091830	15,887,200	150,490,000
12/26/2017	0.094160	0.097847	0.084279	0.094121	24,547,700	150,737,000
12/25/2017	0.092798	0.097647	0.085186	0.094004	15,062,800	148,556,000
12/24/2017	0.096150	0.096150	0.079685	0.092029	8,547,580	153,921,000
12/23/2017	0.094264	0.108297	0.091265	0.094894	12,743,500	150,902,000
12/22/2017	0.118870	0.123840	0.070535	0.093050	19,756,700	134,641,000
12/21/2017	0.091856	0.127088	0.087335	0.118688	29,779,600	104,043,000
12/20/2017	0.091892	0.102800	0.079930	0.091338	11,248,000	104,084,000
12/19/2017	0.100870	0.105085	0.088178	0.091994	10,947,700	114,253,000
12/18/2017	0.105865	0.107988	0.090883	0.100709	15,101,800	119,910,000
12/17/2017	0.081246	0.105913	0.080287	0.105078	18,693,500	92,025,200
12/16/2017	0.093609	0.106460	0.077057	0.080674	29,762,000	106,028,000
12/15/2017	0.048460	0.092801	0.038237	0.090114	41,838,600	54,889,600
12/14/2017	0.034003	0.049121	0.034003	0.048809	5,122,990	38,513,900
12/13/2017	0.029303	0.039723	0.026785	0.034416	3,631,290	33,190,300
12/12/2017	0.027371	0.029369	0.024777	0.029280	1,745,940	31,002,200
12/11/2017	0.026268	0.027802	0.025889	0.027333	859,828	29,753,100
12/10/2017	0.026835	0.027655	0.024021	0.026213	543,174	30,395,800
12/09/2017	0.028842	0.030713	0.025828	0.026863	1,105,650	32,668,700
12/08/2017	0.028814	0.029344	0.024757	0.028940	1,504,300	32,637,300
12/07/2017	0.034898	0.034898	0.027668	0.028388	1,928,370	39,527,900
12/06/2017	0.036085	0.036714	0.034025	0.034736	2,451,000	40,872,200
12/05/2017	0.033675	0.037651	0.032068	0.036192	2,584,480	38,142,600
12/04/2017	0.035331	0.036582	0.031516	0.033630	2,226,370	40,018,200
12/03/2017	0.029984	0.038033	0.029984	0.035325	3,716,280	33,962,400
12/02/2017	0.027243	0.031504	0.026813	0.029977	1,677,420	30,857,400
12/01/2017	0.025578	0.027324	0.023127	0.027255	1,635,340	28,971,500
11/30/2017	0.024354	0.026934	0.021889	0.025715	2,245,050	-
11/29/2017	0.030622	0.032825	0.024302	0.024302	2,711,820	-
11/28/2017	0.034972	0.035416	0.027326	0.030636	4,935,620	-
11/27/2017	0.033884	0.035383	0.033479	0.035214	10,625,600	-
