Date	Open	High	Low	Close	Volume	Market Cap
07/15/2018	0.041382	0.043148	0.040903	0.041646	1,749,250	34,992,000
07/14/2018	0.042210	0.042612	0.040883	0.041255	1,192,110	35,692,300
07/13/2018	0.043948	0.045496	0.041789	0.042243	1,759,910	37,161,500
07/12/2018	0.045915	0.046314	0.043054	0.043854	2,304,370	39,215,200
07/11/2018	0.045390	0.051026	0.042154	0.046474	4,709,570	37,859,400
07/10/2018	0.049417	0.050003	0.044653	0.045409	3,203,820	41,218,200
07/09/2018	0.051808	0.053816	0.048880	0.049613	4,031,990	43,212,700
07/08/2018	0.055414	0.056903	0.051454	0.051744	2,562,600	46,220,600
07/07/2018	0.053829	0.055648	0.051622	0.055334	3,361,820	44,898,500
07/06/2018	0.051243	0.056647	0.046684	0.054066	6,221,100	42,741,300
07/05/2018	0.056063	0.056873	0.050329	0.051294	5,397,030	46,761,100
07/04/2018	0.059819	0.061311	0.055933	0.055971	5,793,190	49,894,400
07/03/2018	0.063781	0.066844	0.059394	0.060183	7,267,690	53,214,500
07/02/2018	0.063102	0.069107	0.060125	0.063609	8,373,390	52,647,600
07/01/2018	0.056570	0.066303	0.055365	0.063122	9,868,840	47,769,100
06/30/2018	0.054986	0.058836	0.054973	0.056380	4,697,320	46,981,900
06/29/2018	0.051668	0.056316	0.050545	0.054515	4,851,380	44,653,000
06/28/2018	0.059180	0.059439	0.050424	0.051578	8,715,350	51,145,000
06/27/2018	0.052293	0.059277	0.051546	0.059277	7,796,570	45,193,100
06/26/2018	0.063130	0.066947	0.052324	0.052331	9,271,460	54,558,500
06/25/2018	0.067443	0.073605	0.062534	0.063193	19,026,300	58,272,300
06/24/2018	0.049536	0.074619	0.040248	0.067752	35,244,500	41,820,300
06/23/2018	0.047589	0.051298	0.040588	0.049552	11,081,000	41,128,600
06/22/2018	0.069279	0.069279	0.047271	0.047367	14,106,000	59,874,100
06/21/2018	0.071010	0.072944	0.063800	0.069787	21,639,900	61,369,900
06/20/2018	0.089863	0.090748	0.071240	0.071240	15,178,200	73,264,200
06/19/2018	0.093751	0.096150	0.084771	0.090222	26,120,500	76,443,400
06/18/2018	0.106851	0.106871	0.093039	0.093055	14,496,800	87,124,700
06/17/2018	0.118579	0.119594	0.105533	0.107458	13,423,100	96,688,300
06/16/2018	0.122081	0.126096	0.115979	0.118446	15,590,900	99,543,000
06/15/2018	0.149670	0.150693	0.119764	0.123148	29,499,400	122,039,000
06/14/2018	0.131595	0.155168	0.128681	0.148222	51,904,900	107,551,000
06/13/2018	0.127198	0.136899	0.117553	0.131646	19,157,100	103,576,000
06/12/2018	0.142068	0.142068	0.125095	0.127253	18,824,900	115,684,000
06/11/2018	0.117266	0.148383	0.109957	0.142598	22,959,400	95,488,800
06/10/2018	0.154447	0.154447	0.103481	0.116088	25,088,800	125,764,000
06/09/2018	0.164879	0.166970	0.153737	0.155406	12,387,500	134,259,000
06/08/2018	0.171659	0.174767	0.160888	0.164902	14,338,500	139,781,000
06/07/2018	0.175410	0.179182	0.165485	0.171880	15,805,100	142,835,000
06/06/2018	0.175952	0.178168	0.170978	0.175276	16,952,700	143,276,000
06/05/2018	0.170419	0.180974	0.166765	0.176020	21,421,200	138,771,000
06/04/2018	0.177351	0.180186	0.165429	0.170748	16,830,300	144,061,000
06/03/2018	0.172539	0.186654	0.170838	0.176442	27,241,500	140,152,000
06/02/2018	0.186322	0.186575	0.170991	0.172583	29,159,900	151,348,000
06/01/2018	0.193267	0.193267	0.181140	0.186527	24,231,400	156,989,000
05/31/2018	0.184849	0.196158	0.178973	0.193313	35,939,800	150,151,000
05/30/2018	0.166553	0.186796	0.166553	0.185034	39,933,400	135,290,000
05/29/2018	0.174644	0.182484	0.150794	0.166369	49,306,800	141,862,000
05/28/2018	0.167912	0.195815	0.160321	0.176765	71,510,400	135,386,000
05/27/2018	0.132721	0.165604	0.128437	0.162738	19,204,500	106,961,000
05/26/2018	0.123896	0.140940	0.122476	0.132696	11,024,700	99,848,700
05/25/2018	0.129230	0.129924	0.121278	0.124075	6,574,420	104,148,000
05/24/2018	0.115132	0.136006	0.115132	0.129392	12,825,300	90,387,800
05/23/2018	0.156996	0.158915	0.113214	0.115866	14,813,600	116,405,000
05/22/2018	0.181084	0.181734	0.158495	0.158495	11,073,400	134,265,000
05/21/2018	0.200614	0.200923	0.179002	0.181465	15,725,200	148,746,000
05/20/2018	0.201190	0.204965	0.191313	0.200296	14,441,100	149,535,000
05/19/2018	0.179522	0.203642	0.173655	0.199422	20,218,800	133,609,000
05/18/2018	0.184958	0.186868	0.172568	0.179508	17,628,400	137,655,000
05/17/2018	0.185996	0.220311	0.179833	0.183880	26,730,600	138,428,000
05/16/2018	0.193031	0.197606	0.176167	0.185376	16,458,800	143,663,000
05/15/2018	0.207040	0.218091	0.190539	0.192897	21,871,100	154,090,000
05/14/2018	0.191931	0.228731	0.168987	0.208487	48,440,500	142,845,000
05/13/2018	0.196042	0.200363	0.181853	0.192333	22,581,700	145,905,000
05/12/2018	0.196356	0.214724	0.156498	0.197044	42,600,900	146,138,000
05/11/2018	0.227908	0.250906	0.181338	0.199040	53,525,400	169,621,000
05/10/2018	0.275455	0.282158	0.227673	0.228824	36,382,900	205,008,000
05/09/2018	0.269123	0.287407	0.253067	0.276527	29,762,300	200,295,000
05/08/2018	0.264595	0.289477	0.258898	0.270143	36,301,100	196,000,000
05/07/2018	0.270193	0.280723	0.243527	0.263540	48,487,000	200,147,000
05/06/2018	0.299253	0.303747	0.226123	0.268191	91,695,500	221,673,000
05/05/2018	0.161993	0.296197	0.161993	0.296197	96,201,200	119,997,000
05/04/2018	0.132905	0.158231	0.127052	0.158231	24,291,000	98,449,900
05/03/2018	0.137050	0.150061	0.131713	0.131713	22,002,400	101,521,000
05/02/2018	0.124426	0.156872	0.116012	0.137397	37,867,300	93,289,300
05/01/2018	0.119803	0.149729	0.102778	0.126214	51,311,100	89,479,400
04/30/2018	0.081783	0.132276	0.080843	0.118375	50,301,500	60,943,900
04/29/2018	0.073094	0.081011	0.067466	0.081011	22,996,700	54,468,700
04/28/2018	0.050196	0.081869	0.049890	0.072456	27,426,100	37,351,300
04/27/2018	0.043921	0.052987	0.043744	0.050357	11,023,000	32,116,600
04/26/2018	0.038269	0.044181	0.036713	0.043981	7,377,600	25,414,700
04/25/2018	0.052516	0.052516	0.037752	0.037920	9,204,850	29,055,700
04/24/2018	0.046655	0.056571	0.046378	0.052685	11,898,100	25,672,800
04/23/2018	0.045316	0.051635	0.045148	0.046687	9,975,780	24,890,900
04/22/2018	0.040354	0.049423	0.040265	0.045255	11,040,900	20,308,100
04/21/2018	0.042122	0.044508	0.038010	0.040744	7,714,880	21,050,500
04/20/2018	0.038112	0.045445	0.037739	0.042029	12,873,000	19,046,200
04/19/2018	0.032908	0.040054	0.032057	0.038495	10,598,900	16,445,500
04/18/2018	0.031176	0.033143	0.031057	0.032853	4,282,150	15,579,900
04/17/2018	0.033253	0.033264	0.030924	0.031029	4,282,490	16,155,500
04/16/2018	0.033269	0.033364	0.030304	0.033364	4,808,940	16,163,100
04/15/2018	0.030268	0.033251	0.030268	0.033231	4,604,690	14,705,400
04/14/2018	0.031764	0.038684	0.029794	0.029894	5,096,420	15,432,200
04/13/2018	0.028704	0.036617	0.027096	0.031700	5,411,320	13,945,300
04/12/2018	0.024556	0.028817	0.024022	0.028591	4,405,770	11,930,100
04/11/2018	0.023451	0.025935	0.023274	0.024659	4,290,040	11,393,400
04/10/2018	0.023486	0.024676	0.022576	0.023728	3,750,890	11,410,500
04/09/2018	0.025100	0.027216	0.022566	0.023458	4,282,680	12,194,600
04/08/2018	0.025721	0.026487	0.023876	0.025025	4,237,060	12,496,300
04/07/2018	0.025114	0.026396	0.025114	0.025695	3,390,160	12,201,100
04/06/2018	0.025655	0.025855	0.024386	0.025113	3,255,450	12,463,900
04/05/2018	0.024591	0.025764	0.024005	0.025748	3,434,980	11,947,300
04/04/2018	0.027695	0.027695	0.024373	0.024778	3,340,420	13,455,300
04/03/2018	0.027854	0.028122	0.026595	0.027960	3,750,470	13,532,300
04/02/2018	0.027926	0.029366	0.024566	0.027763	3,867,470	13,567,400
04/01/2018	0.031096	0.031719	0.026754	0.027780	4,004,530	15,107,300
03/31/2018	0.029537	0.032657	0.029537	0.031209	4,088,640	14,349,800
03/30/2018	0.030249	0.033122	0.028324	0.029586	4,360,020	14,696,000
03/29/2018	0.037663	0.040495	0.030140	0.030140	4,934,060	18,297,800
03/28/2018	0.032192	0.058167	0.030931	0.037309	12,766,900	15,617,000
03/27/2018	0.034821	0.035240	0.031075	0.032268	3,502,460	16,778,800
03/26/2018	0.038332	0.039901	0.033039	0.034749	4,113,090	16,139,500
03/25/2018	0.038465	0.040092	0.036736	0.038353	4,189,660	16,195,300
03/24/2018	0.037164	0.041034	0.037106	0.038906	4,408,970	15,647,700
03/23/2018	0.036497	0.036772	0.033558	0.036772	3,904,740	15,366,800
03/22/2018	0.037153	0.039850	0.035319	0.036402	5,701,050	15,545,800
03/21/2018	0.037133	0.040844	0.036426	0.037143	4,836,800	15,537,600
03/20/2018	0.034869	0.037366	0.033674	0.037241	8,154,960	14,590,200
03/19/2018	0.031673	0.035436	0.031343	0.034656	2,683,490	13,253,000
03/18/2018	0.034476	0.034476	0.026936	0.031801	3,017,220	14,425,800
03/17/2018	0.037688	0.039574	0.034190	0.034534	2,623,430	15,769,700
03/16/2018	0.034174	0.039877	0.033637	0.036993	3,746,980	14,299,300
03/15/2018	0.034824	0.034990	0.032102	0.034146	2,908,890	14,571,500
03/14/2018	0.037390	0.039731	0.033391	0.034830	2,441,920	15,626,400
03/13/2018	0.038407	0.040514	0.036339	0.037351	1,084,660	16,897,100
03/12/2018	0.038940	0.042088	0.036051	0.038564	2,023,830	17,131,800
03/11/2018	0.037131	0.039734	0.035683	0.038928	933,026	16,335,700
03/10/2018	0.039187	0.043444	0.037272	0.037648	972,298	17,240,500
03/09/2018	0.039465	0.039748	0.033448	0.039363	1,206,960	17,362,800
03/08/2018	0.045797	0.052745	0.035965	0.039727	2,648,590	20,148,500
03/07/2018	0.064720	0.066179	0.035088	0.046649	2,277,630	28,473,600
03/06/2018	0.073771	0.073771	0.064399	0.064724	1,566,450	32,455,700
03/05/2018	0.075990	0.076100	0.070623	0.073767	1,779,290	33,431,900
03/04/2018	0.077506	0.078708	0.073700	0.076142	1,457,060	34,098,900
03/03/2018	0.076520	0.084925	0.075731	0.077261	2,503,680	33,665,000
03/02/2018	0.075418	0.093208	0.070414	0.077607	4,106,760	33,180,500
03/01/2018	0.070116	0.076077	0.065734	0.075487	2,507,670	30,847,900
02/28/2018	0.075178	0.075217	0.069812	0.070513	2,047,310	33,074,600
02/27/2018	0.084263	0.084445	0.071768	0.074291	2,739,010	37,071,700
02/26/2018	0.075609	0.084779	0.074272	0.083851	2,141,500	33,264,500
02/25/2018	0.086624	0.089734	0.072672	0.075641	2,407,140	38,110,500
02/24/2018	0.099838	0.107613	0.084550	0.086835	2,894,000	43,923,800
02/23/2018	0.096956	0.101018	0.090749	0.099916	1,904,680	42,655,800
02/22/2018	0.104626	0.111198	0.088681	0.096931	2,489,130	46,030,400
02/21/2018	0.111379	0.114701	0.096924	0.105295	2,778,290	49,001,300
02/20/2018	0.139968	0.143847	0.111713	0.112007	4,081,240	61,579,100
02/19/2018	0.140637	0.148288	0.137517	0.139592	3,507,360	61,873,700
02/18/2018	0.154916	0.154916	0.139061	0.141167	3,997,100	68,155,700
02/17/2018	0.145920	0.155467	0.145016	0.155011	4,606,300	64,197,600
02/16/2018	0.147210	0.149186	0.141230	0.145559	3,307,160	64,765,200
02/15/2018	0.139696	0.149045	0.136011	0.147543	3,899,280	61,459,400
02/14/2018	0.122778	0.139781	0.115502	0.139705	4,280,910	54,016,300
02/13/2018	0.121713	0.126983	0.109900	0.123148	3,635,210	53,547,700
02/12/2018	0.117926	0.138050	0.114080	0.121438	5,206,030	51,881,600
02/11/2018	0.117607	0.123671	0.103437	0.117302	4,868,600	51,741,400
02/10/2018	0.111425	0.128794	0.102870	0.117885	5,241,840	49,021,500
02/09/2018	0.098086	0.115214	0.087396	0.111515	5,194,510	43,153,100
02/08/2018	0.087215	0.101108	0.087215	0.097863	4,662,150	38,370,400
02/07/2018	0.095479	0.106026	0.084564	0.087507	6,499,400	-
02/06/2018	0.077242	0.101744	0.063218	0.096024	4,658,020	-
02/05/2018	0.101948	0.109824	0.072983	0.075997	4,613,120	-
02/04/2018	0.137072	0.138198	0.096573	0.101938	7,405,810	-
02/03/2018	0.099797	0.143183	0.091757	0.136529	8,790,610	-
02/02/2018	0.117166	0.119089	0.079583	0.099372	5,697,950	-
02/01/2018	0.129465	0.132201	0.100297	0.118558	15,646,500	-
01/31/2018	0.118588	0.134758	0.104885	0.129027	26,327,500	-
01/30/2018	0.178053	0.179009	0.103816	0.116951	30,136,400	-
01/29/2018	0.190382	0.192050	0.160881	0.178016	48,711,300	-
01/28/2018	0.188305	0.204980	0.181134	0.192249	33,923,200	-
01/27/2018	0.205975	0.209759	0.173826	0.189047	12,451,100	-
