Date	Open	High	Low	Close	Volume	Market Cap
07/15/2018	0.052277	0.058888	0.046382	0.047469	119,646	537,324
07/14/2018	0.036926	0.053269	0.036542	0.053269	188,104	379,533
07/13/2018	0.036427	0.038469	0.034847	0.036471	106,780	374,413
07/12/2018	0.032239	0.046293	0.030109	0.036438	210,943	331,360
07/11/2018	0.035570	0.036599	0.031822	0.032101	59,321	365,603
07/10/2018	0.031538	0.048191	0.030211	0.035566	223,566	324,159
07/09/2018	0.030762	0.032258	0.030420	0.031343	47,813	316,180
07/08/2018	0.032215	0.032296	0.029644	0.030902	116,113	331,111
07/07/2018	0.032322	0.032758	0.031039	0.032046	45,149	332,213
07/06/2018	0.035121	0.038759	0.031153	0.032369	131,617	360,988
07/05/2018	0.037242	0.042629	0.032353	0.035039	92,939	382,788
07/04/2018	0.038836	0.040605	0.036505	0.037012	105,683	399,169
07/03/2018	0.039227	0.048489	0.038417	0.038667	96,110	403,193
07/02/2018	0.039545	0.041406	0.038433	0.039276	112,056	406,456
07/01/2018	0.039212	0.041341	0.038569	0.039415	69,924	403,036
06/30/2018	0.041754	0.043556	0.037889	0.039042	172,923	429,159
06/29/2018	0.043171	0.043221	0.039243	0.041730	75,669	443,727
06/28/2018	0.052654	0.057073	0.043038	0.043038	231,340	541,197
06/27/2018	0.050670	0.063450	0.048393	0.052460	154,985	520,799
06/26/2018	0.063600	0.064730	0.050799	0.050799	193,638	653,699
06/25/2018	0.069878	0.098743	0.059806	0.064600	204,985	718,227
06/24/2018	0.077664	0.079050	0.065023	0.070434	97,942	798,258
06/23/2018	0.080139	0.083267	0.074785	0.078422	114,334	823,691
06/22/2018	0.087479	0.097922	0.079107	0.081049	122,919	899,138
06/21/2018	0.093556	0.122031	0.087208	0.087879	444,911	961,597
06/20/2018	0.107059	0.110940	0.085252	0.094118	204,471	1,100,390
06/19/2018	0.122366	0.125569	0.105532	0.106858	305,081	1,257,710
06/18/2018	0.128931	0.128931	0.104832	0.125120	494,203	1,325,200
06/17/2018	0.121098	0.128923	0.117015	0.127040	86,613	1,244,680
06/16/2018	0.146063	0.147071	0.111758	0.119131	45,291	1,501,280
06/15/2018	0.177649	0.179966	0.130617	0.147079	178,802	1,825,930
06/14/2018	0.215275	0.287058	0.148816	0.177677	59,816	2,212,670
06/13/2018	0.185302	0.290429	0.148085	0.212270	63,650	1,904,600
06/12/2018	0.167491	0.204141	0.156579	0.183879	42,328	1,721,530
06/11/2018	0.163830	0.176108	0.158413	0.167490	54,615	1,683,900
06/10/2018	0.191053	0.191053	0.157203	0.163676	78,075	1,963,710
06/09/2018	0.185306	0.192510	0.171652	0.189480	40,390	1,904,640
06/08/2018	0.171153	0.187955	0.169401	0.185661	43,397	1,759,170
06/07/2018	0.170610	0.177747	0.164725	0.171364	33,846	1,753,590
06/06/2018	0.183638	0.191026	0.167615	0.170603	36,815	1,887,490
06/05/2018	0.175797	0.187064	0.168648	0.182152	40,989	1,806,900
06/04/2018	0.162669	0.188642	0.158132	0.175809	40,442	1,671,960
06/03/2018	0.158211	0.167412	0.154225	0.164041	37,013	1,626,140
06/02/2018	0.162392	0.165829	0.150652	0.158362	37,869	1,669,120
06/01/2018	0.153745	0.167481	0.146133	0.164378	35,288	1,580,250
05/31/2018	0.104738	0.162665	0.086999	0.155005	34,380	1,076,530
05/30/2018	0.103733	0.117895	0.096450	0.104853	24,804	1,066,200
05/29/2018	0.088710	0.130774	0.079355	0.099999	28,190	-
05/28/2018	0.101628	0.104273	0.084214	0.088920	21,857	-
05/27/2018	0.102195	0.107515	0.098637	0.101390	21,821	-
05/26/2018	0.104403	0.111800	0.102825	0.103183	24,911	-
05/25/2018	0.098630	0.112029	0.091423	0.105882	27,003	-
05/24/2018	0.090154	0.102591	0.090154	0.098444	26,286	-
05/23/2018	0.112148	0.132187	0.086470	0.089413	22,816	-
05/22/2018	0.122306	0.130478	0.109139	0.112327	28,188	-
05/21/2018	0.143296	0.147624	0.120158	0.123798	29,989	-
05/20/2018	0.133995	0.143523	0.132020	0.143227	28,966	-
05/19/2018	0.137709	0.144528	0.132610	0.133886	30,592	-
05/18/2018	0.152046	0.153490	0.132991	0.137709	35,463	-
05/17/2018	0.178779	0.184077	0.147727	0.152232	36,643	-
05/16/2018	0.158792	0.211648	0.138391	0.171405	33,602	-
05/15/2018	0.159645	0.206678	0.139199	0.141533	24,551	-
05/14/2018	0.157273	0.191422	0.156481	0.160349	23,826	-
05/13/2018	0.198101	0.200497	0.148002	0.156186	27,233	-
05/12/2018	0.207544	0.217820	0.188612	0.193502	31,118	-
05/11/2018	0.251229	0.257167	0.207985	0.207985	31,817	-
05/10/2018	0.300422	0.322902	0.245719	0.253910	29,646	-
05/09/2018	0.284987	0.336201	0.263921	0.294946	30,252	-
05/08/2018	0.303772	0.321458	0.268290	0.286161	26,522	-
05/07/2018	0.433813	0.438851	0.271088	0.304132	36,805	-
05/06/2018	0.445676	0.479678	0.315903	0.440755	39,635	-
05/05/2018	0.436707	0.559287	0.395940	0.448453	48,329	-
05/04/2018	0.301966	0.581374	0.290149	0.433217	76,157	-
05/03/2018	0.500293	0.523426	0.318911	0.318911	77,045	-
05/02/2018	0.396106	0.502625	0.381048	0.500255	92,274	-
05/01/2018	0.397245	0.397902	0.358728	0.397238	80,885	-
04/30/2018	0.385359	0.452819	0.365677	0.395967	89,786	-
04/29/2018	0.410369	0.425799	0.328886	0.385208	99,150	-
04/28/2018	0.374268	0.402340	0.374247	0.398805	142,609	-
04/27/2018	0.410625	0.418384	0.368744	0.377130	134,865	-
04/26/2018	0.381154	0.412285	0.348927	0.409809	107,438	-
04/25/2018	0.468469	0.468469	0.371048	0.377685	44,689	-
04/24/2018	0.458327	0.502635	0.437078	0.469734	188,174	-
04/23/2018	0.471952	0.496967	0.437063	0.458252	109,629	-
04/22/2018	0.474308	0.494800	0.443536	0.471225	71,279	-
04/21/2018	0.430258	0.497171	0.389331	0.472505	57,640	-
04/20/2018	0.338826	0.458384	0.338826	0.428788	39,343	-
04/19/2018	0.467252	0.516683	0.331020	0.336375	75,532	-
04/18/2018	0.621329	0.621329	0.306704	0.469991	87,285	-
04/17/2018	0.618392	0.701732	0.542468	0.621702	198,650	-
04/16/2018	0.226007	1.13	0.226007	0.657126	257,351	-
