Date	Open	High	Low	Close	Volume	Market Cap
07/15/2018	0.041979	0.044014	0.040822	0.040999	120,344	34,590,600
07/14/2018	0.043908	0.044231	0.041989	0.041989	58,406	36,179,900
07/13/2018	0.043761	0.044159	0.042011	0.044030	100,321	36,059,000
07/12/2018	0.044729	0.046059	0.042046	0.043718	91,937	36,856,400
07/11/2018	0.044423	0.046314	0.044309	0.045953	67,392	36,604,600
07/10/2018	0.046971	0.047151	0.043306	0.044421	46,171	38,704,200
07/09/2018	0.048895	0.049276	0.046029	0.047004	80,008	40,289,700
07/08/2018	0.048662	0.050015	0.044948	0.048906	85,760	40,097,300
07/07/2018	0.046195	0.050238	0.043381	0.048717	42,376	38,064,900
07/06/2018	0.047055	0.049844	0.044001	0.046274	175,143	38,773,300
07/05/2018	0.050063	0.053031	0.045699	0.047586	166,392	41,251,500
07/04/2018	0.051482	0.057318	0.042828	0.050613	200,276	42,421,300
07/03/2018	0.055238	0.055609	0.050919	0.051502	45,634	22,095,000
07/02/2018	0.056929	0.056929	0.050571	0.055497	106,930	22,771,600
07/01/2018	0.054101	0.057715	0.052956	0.056923	79,236	21,640,300
06/30/2018	0.053672	0.057488	0.053130	0.054089	69,518	21,468,900
06/29/2018	0.051936	0.057798	0.048793	0.053600	130,982	-
06/28/2018	0.057045	0.057213	0.051491	0.051903	47,248	-
06/27/2018	0.054723	0.057298	0.053054	0.057025	71,505	-
06/26/2018	0.060294	0.060425	0.053751	0.054745	154,191	-
06/25/2018	0.064213	0.064213	0.053241	0.060294	214,395	-
06/24/2018	0.067217	0.070257	0.056834	0.060454	553,204	-
06/23/2018	0.073531	0.076300	0.063841	0.067226	309,698	-
06/22/2018	0.106179	0.108446	0.072349	0.073522	1,352,290	-
05/24/2018	0.142871	0.157774	0.139641	0.148132	821,824	-
05/23/2018	0.147663	0.169331	0.131630	0.138031	1,411,730	-
05/22/2018	0.156766	0.157625	0.142146	0.150380	486,511	-
05/21/2018	0.168075	0.169099	0.165706	0.166054	845,673	-
05/20/2018	0.174143	0.174143	0.157184	0.167866	854,900	-
05/19/2018	0.180433	0.180591	0.158397	0.174013	925,414	-
05/18/2018	0.184179	0.185596	0.152549	0.180460	2,004,120	-
05/17/2018	0.203366	0.224843	0.180957	0.182081	1,911,050	-
05/16/2018	0.192636	0.215440	0.161388	0.204076	2,173,870	-
05/15/2018	0.211310	0.232529	0.169484	0.192747	2,237,920	-
05/14/2018	0.230032	0.235026	0.199848	0.211586	2,637,030	-
05/13/2018	0.251915	0.266767	0.190654	0.223815	4,363,120	-
05/12/2018	0.166220	0.252689	0.166220	0.248275	5,495,050	-
05/11/2018	0.165137	0.169753	0.165137	0.168394	3,449,410	-
