Date	Open	High	Low	Close	Volume	Market Cap
07/15/2018	0.940475	1.00	0.915072	0.984994	135,289	22,727,500
07/14/2018	0.992538	1.02	0.927401	0.935429	154,654	23,975,700
07/13/2018	1.00	1.05	0.989215	0.990318	205,221	24,202,400
07/12/2018	1.03	1.03	0.991069	1.00	145,872	24,928,500
07/11/2018	1.04	1.05	1.03	1.03	107,897	25,166,700
07/10/2018	1.07	1.09	1.01	1.04	102,077	25,899,900
07/09/2018	1.21	1.22	1.05	1.07	218,290	29,278,500
07/08/2018	1.20	1.26	1.20	1.21	264,126	28,903,200
07/07/2018	1.17	1.20	1.15	1.20	118,071	28,159,200
07/06/2018	1.20	1.20	1.16	1.17	120,962	29,088,000
07/05/2018	1.12	1.25	1.11	1.21	176,627	27,188,800
07/04/2018	1.12	1.14	1.10	1.12	113,212	27,037,100
07/03/2018	1.05	1.14	1.05	1.12	115,331	25,431,000
07/02/2018	0.991705	1.06	0.980125	1.05	117,016	23,994,200
07/01/2018	1.00	1.00	0.983563	0.991516	106,812	24,283,200
06/30/2018	0.954824	1.02	0.954824	1.00	124,842	23,135,600
06/29/2018	0.914992	0.962857	0.903500	0.954429	123,390	22,169,700
06/28/2018	0.924794	0.962589	0.905818	0.915086	105,214	22,453,500
06/27/2018	0.987923	0.990821	0.920589	0.924015	120,955	24,035,600
06/26/2018	0.998796	1.01	0.968715	0.988789	108,784	24,300,000
06/25/2018	0.975694	1.01	0.970083	0.998790	99,469	23,737,900
06/24/2018	1.02	1.02	0.935154	0.979012	113,434	24,769,900
06/23/2018	1.06	1.07	1.01	1.02	111,162	25,796,000
06/22/2018	1.18	1.18	1.05	1.06	109,984	28,718,400
06/21/2018	1.18	1.20	1.18	1.18	117,515	28,714,300
06/20/2018	1.17	1.18	1.13	1.18	155,307	28,497,200
06/19/2018	1.16	1.21	1.16	1.17	157,616	28,399,900
06/18/2018	1.12	1.18	1.11	1.17	110,364	27,381,300
06/17/2018	1.16	1.17	1.12	1.12	155,923	28,316,700
06/16/2018	1.17	1.20	1.16	1.16	172,524	28,517,700
06/15/2018	1.20	1.22	1.17	1.17	125,832	29,229,500
06/14/2018	1.11	1.22	1.11	1.20	179,689	27,142,400
06/13/2018	1.19	1.22	1.10	1.11	194,334	29,015,000
06/12/2018	1.27	1.33	1.18	1.19	178,238	30,937,200
06/11/2018	1.31	1.34	1.24	1.27	169,362	32,042,200
06/10/2018	1.50	1.50	1.29	1.31	136,507	36,629,600
06/09/2018	1.53	1.54	1.50	1.50	154,118	37,387,100
06/08/2018	1.52	1.56	1.51	1.53	203,907	37,085,100
06/07/2018	1.49	1.53	1.49	1.52	186,914	36,205,700
06/06/2018	1.43	1.49	1.42	1.49	192,618	34,818,300
06/05/2018	1.36	1.43	1.31	1.43	164,728	33,070,600
06/04/2018	1.44	1.45	1.35	1.36	155,586	34,978,300
06/03/2018	1.48	1.51	1.39	1.44	172,793	35,987,200
06/02/2018	1.43	1.49	1.43	1.48	160,635	34,727,700
06/01/2018	1.33	1.47	1.33	1.46	192,599	32,423,200
05/31/2018	1.33	1.39	1.33	1.33	174,418	32,398,300
05/30/2018	1.34	1.35	1.31	1.33	146,040	32,685,900
05/29/2018	1.11	1.34	1.11	1.34	125,801	26,895,800
05/28/2018	1.21	1.23	1.14	1.15	170,190	29,546,600
05/27/2018	1.26	1.26	1.15	1.21	132,614	30,677,800
05/26/2018	1.28	1.31	1.26	1.26	119,153	31,078,100
05/25/2018	1.29	1.31	1.26	1.28	144,512	31,254,500
05/24/2018	1.25	1.29	1.21	1.28	126,200	30,462,900
05/23/2018	1.33	1.33	1.23	1.26	196,112	32,232,900
05/22/2018	1.35	1.39	1.32	1.33	223,930	32,917,700
05/21/2018	1.40	1.40	1.34	1.36	164,847	34,131,000
05/20/2018	1.35	1.41	1.35	1.40	208,265	32,892,000
05/19/2018	1.34	1.38	1.33	1.35	174,941	32,470,700
05/18/2018	1.29	1.34	1.28	1.34	191,181	31,399,400
05/17/2018	1.42	1.44	1.29	1.29	185,156	34,493,800
05/16/2018	1.51	1.51	1.38	1.42	231,582	36,715,200
05/15/2018	1.62	1.64	1.50	1.51	217,119	39,306,800
05/14/2018	1.67	1.69	1.60	1.62	242,802	40,626,000
05/13/2018	1.53	1.69	1.51	1.67	202,582	37,131,300
05/12/2018	1.50	1.54	1.45	1.53	167,092	36,548,500
05/11/2018	1.67	1.67	1.52	1.53	164,509	40,443,600
05/10/2018	1.74	1.78	1.67	1.67	170,949	42,150,200
05/09/2018	1.89	1.89	1.69	1.74	362,794	45,790,700
05/08/2018	1.65	1.91	1.61	1.89	372,527	39,918,900
05/07/2018	1.85	1.85	1.62	1.65	272,270	44,760,700
05/06/2018	1.98	2.01	1.84	1.84	195,116	47,866,400
05/05/2018	1.92	1.98	1.91	1.98	238,879	46,454,300
05/04/2018	1.99	1.99	1.91	1.92	261,856	47,580,100
05/03/2018	1.99	2.05	1.94	1.99	302,842	47,717,200
05/02/2018	2.48	2.59	1.99	1.99	457,432	59,317,100
05/01/2018	2.36	2.55	2.23	2.48	428,357	56,530,900
04/30/2018	1.89	2.47	1.88	2.36	602,406	45,212,900
04/29/2018	1.86	1.90	1.84	1.89	222,662	44,527,200
04/28/2018	1.72	1.90	1.71	1.86	239,399	41,086,000
04/27/2018	1.72	1.74	1.68	1.72	252,282	41,209,400
04/26/2018	1.60	1.72	1.57	1.72	237,117	38,292,200
04/25/2018	1.81	1.81	1.57	1.59	207,059	43,260,900
04/24/2018	1.40	1.81	1.40	1.81	341,113	33,461,200
04/23/2018	1.27	1.40	1.27	1.40	218,297	30,340,100
04/22/2018	1.29	1.33	1.25	1.27	207,134	30,910,200
04/21/2018	1.34	1.35	1.27	1.28	206,728	32,104,300
04/20/2018	1.36	1.38	1.16	1.34	270,245	32,640,600
04/19/2018	1.18	1.36	1.17	1.36	203,201	28,163,300
04/18/2018	1.13	1.26	1.13	1.18	211,463	27,016,700
04/17/2018	1.13	1.17	1.12	1.13	170,243	27,034,200
04/16/2018	1.19	1.20	1.12	1.13	157,594	28,480,800
04/15/2018	1.16	1.19	1.13	1.19	185,598	27,618,100
04/14/2018	1.14	1.19	1.14	1.15	164,031	27,220,400
04/13/2018	1.11	1.20	1.09	1.14	169,783	27,592,000
04/12/2018	0.973769	1.11	0.946485	1.11	150,943	24,251,800
04/11/2018	0.894521	0.975938	0.891505	0.975938	163,303	22,276,700
04/10/2018	0.842927	0.896243	0.821148	0.893270	146,178	20,991,600
04/09/2018	0.848979	0.890795	0.828829	0.841788	123,696	21,142,300
04/08/2018	0.842375	0.869632	0.840781	0.847792	146,559	20,977,900
04/07/2018	0.795323	0.849097	0.794768	0.841676	136,743	19,806,100
04/06/2018	0.811979	0.817773	0.780009	0.795102	163,772	20,220,900
04/05/2018	0.785004	0.842386	0.766135	0.814483	150,474	19,546,900
04/04/2018	0.801898	0.805624	0.756205	0.785420	137,472	19,966,500
04/03/2018	0.761906	0.804786	0.758993	0.802756	169,955	18,970,000
04/02/2018	0.781416	0.794734	0.743002	0.761369	167,523	19,454,600
04/01/2018	0.797398	0.806331	0.754709	0.779366	127,109	19,852,300
03/31/2018	0.771185	0.802408	0.771185	0.797272	140,031	19,199,000
03/30/2018	0.742317	0.775025	0.708770	0.771497	155,768	18,479,800
03/29/2018	0.848359	0.850270	0.729523	0.743788	148,562	21,116,500
03/28/2018	0.862936	0.887858	0.845480	0.847539	155,540	21,476,700
03/27/2018	0.999393	1.01	0.862377	0.862403	215,081	24,869,100
03/26/2018	1.02	1.03	0.942088	1.00	171,237	25,488,700
03/25/2018	1.03	1.05	0.996122	1.03	185,182	25,557,600
03/24/2018	1.07	1.08	1.03	1.03	189,330	26,731,300
03/23/2018	1.07	1.07	1.01	1.07	188,143	26,535,000
03/22/2018	1.12	1.14	1.04	1.07	182,642	27,875,200
03/21/2018	1.14	1.17	1.11	1.12	211,895	28,261,000
03/20/2018	1.08	1.16	1.03	1.13	72,172	26,773,500
03/19/2018	1.06	1.11	1.04	1.07	135,669	26,340,900
03/18/2018	1.01	1.07	0.864529	1.06	165,838	25,029,800
03/17/2018	1.04	1.04	0.979158	1.01	165,699	25,738,700
03/16/2018	1.04	1.06	1.01	1.04	149,232	25,710,800
03/15/2018	1.05	1.07	0.985861	1.04	133,485	26,130,100
03/14/2018	1.27	1.27	1.02	1.05	165,067	31,398,700
03/13/2018	1.27	1.31	1.26	1.27	153,040	31,580,100
03/12/2018	1.33	1.36	1.25	1.27	165,869	32,847,500
03/11/2018	1.23	1.35	1.20	1.32	220,188	30,463,900
03/10/2018	1.34	1.37	1.22	1.23	207,444	33,253,500
03/09/2018	1.35	1.36	1.23	1.34	122,036	33,463,400
03/08/2018	1.44	1.47	1.34	1.35	163,867	35,603,000
03/07/2018	1.56	1.57	1.39	1.44	160,081	38,602,500
03/06/2018	1.62	1.66	1.55	1.56	227,778	40,065,700
03/05/2018	1.59	1.64	1.59	1.62	221,910	39,445,500
03/04/2018	1.57	1.59	1.54	1.59	215,901	38,973,200
03/03/2018	1.56	1.60	1.56	1.58	176,345	38,663,500
03/02/2018	1.61	1.63	1.54	1.56	165,312	39,882,500
03/01/2018	1.51	1.64	1.50	1.61	215,165	37,420,600
02/28/2018	1.55	1.58	1.51	1.51	169,914	38,076,900
02/27/2018	1.52	1.58	1.50	1.55	170,372	37,140,900
02/26/2018	1.40	1.66	1.38	1.51	78,669	34,300,800
02/25/2018	1.45	1.47	1.39	1.40	146,602	35,454,400
02/24/2018	1.52	1.53	1.42	1.45	158,350	37,318,200
02/23/2018	1.54	1.63	1.52	1.52	122,552	37,742,100
02/22/2018	1.64	1.69	1.52	1.54	160,563	40,092,000
02/21/2018	1.79	1.80	1.61	1.64	182,308	43,786,700
02/20/2018	1.90	1.95	1.78	1.79	178,676	46,571,100
02/19/2018	1.81	1.91	1.80	1.90	188,957	44,387,900
02/18/2018	1.92	1.94	1.81	1.82	166,432	46,918,200
02/17/2018	1.77	1.92	1.75	1.91	188,894	43,191,100
02/16/2018	1.74	1.77	1.65	1.76	62,683	42,527,400
02/15/2018	1.66	1.74	1.64	1.74	111,128	40,515,100
02/14/2018	1.62	1.68	1.59	1.66	138,323	39,637,800
02/13/2018	1.67	1.67	1.59	1.62	186,821	40,737,400
02/12/2018	1.59	1.70	1.59	1.66	149,814	39,016,200
02/11/2018	1.79	1.79	1.59	1.59	79,170	43,846,300
02/10/2018	1.85	1.91	1.73	1.79	84,970	45,355,600
02/09/2018	1.75	1.86	1.66	1.85	117,137	42,738,700
02/08/2018	1.61	1.79	1.61	1.75	58,396	39,450,700
02/07/2018	1.60	1.77	1.49	1.62	11,318	39,133,600
02/06/2018	1.46	1.62	1.32	1.61	73,871	35,753,900
02/05/2018	2.17	2.20	1.33	1.46	67,383	52,968,900
02/04/2018	2.56	2.56	2.10	2.19	35,104	62,682,400
02/03/2018	2.70	2.71	2.16	2.56	35,905	66,015,500
02/02/2018	2.41	2.73	2.06	2.69	68,777	58,983,200
02/01/2018	2.88	2.99	2.35	2.42	101,391	70,422,600
01/31/2018	2.73	2.91	2.67	2.88	187,749	66,797,000
01/30/2018	3.12	3.12	2.59	2.72	224,352	76,230,000
01/29/2018	3.19	3.21	2.99	3.12	47,012	78,033,900
01/28/2018	3.04	3.23	3.01	3.20	67,828	74,283,400
01/27/2018	2.72	3.05	2.69	3.02	64,240	66,380,600
01/26/2018	2.69	2.80	2.60	2.72	37,346	65,565,100
01/25/2018	2.69	2.78	2.63	2.69	60,520	65,596,500
01/24/2018	2.40	2.66	2.34	2.65	87,510	58,515,200
01/23/2018	2.25	2.53	2.10	2.40	133,109	54,979,500
01/22/2018	2.68	2.86	2.13	2.26	152,657	65,426,500
01/21/2018	3.14	3.14	2.61	2.66	87,176	76,681,500
01/20/2018	2.27	3.16	2.27	3.14	195,561	55,412,700
01/19/2018	2.60	2.69	2.23	2.26	124,360	63,409,500
01/18/2018	2.69	2.83	2.49	2.62	84,399	65,461,800
01/17/2018	2.52	2.73	2.14	2.67	72,010	59,498,100
01/16/2018	3.44	3.45	2.21	2.53	141,660	81,431,900
01/15/2018	3.68	4.11	3.44	3.44	132,049	86,935,600
01/14/2018	3.76	3.95	3.42	3.67	254,199	88,943,000
01/13/2018	4.09	4.14	3.72	3.76	190,077	96,709,100
01/12/2018	3.65	4.24	3.53	4.13	276,051	86,316,300
01/11/2018	3.80	4.30	3.59	3.62	325,562	89,873,900
01/10/2018	3.65	3.98	3.47	3.81	328,529	86,387,400
01/09/2018	3.13	3.66	3.09	3.64	317,122	73,969,700
01/08/2018	3.53	3.69	3.08	3.14	238,021	83,435,200
01/07/2018	3.68	4.19	3.39	3.52	396,974	87,122,000
01/06/2018	3.34	3.58	3.03	3.58	323,912	78,868,400
01/05/2018	2.73	3.95	2.64	3.33	755,152	64,646,700
01/04/2018	2.44	2.77	2.36	2.74	382,911	57,698,300
01/03/2018	1.85	2.46	1.84	2.42	477,789	43,628,200
01/02/2018	1.51	1.87	1.51	1.85	437,308	35,654,000
01/01/2018	1.47	1.56	1.40	1.51	199,794	34,816,200
12/31/2017	1.21	1.48	1.20	1.47	229,408	28,635,900
12/30/2017	1.08	1.25	1.08	1.22	293,219	25,502,300
12/29/2017	0.931722	1.08	0.928524	1.08	193,091	22,029,700
12/28/2017	1.01	1.02	0.879076	0.925901	121,057	23,977,900
12/27/2017	1.04	1.08	0.966400	1.02	128,727	24,622,700
12/26/2017	1.05	1.06	1.03	1.04	135,161	24,887,900
12/25/2017	0.881404	1.09	0.874960	1.05	169,777	20,840,000
12/24/2017	0.874228	0.875551	0.784846	0.875551	119,605	20,670,300
12/23/2017	0.705409	0.924118	0.693771	0.868042	144,282	16,678,700
12/22/2017	0.859965	0.869209	0.585261	0.697486	157,523	20,333,100
12/21/2017	0.925495	0.958033	0.808464	0.853735	416,734	21,882,500
12/20/2017	1.00	1.00	0.888977	0.922888	300,662	23,677,100
12/19/2017	1.04	1.07	0.977899	1.00	242,028	24,665,400
12/18/2017	0.917633	1.05	0.870510	1.05	188,050	21,696,600
12/17/2017	0.928703	0.939802	0.894331	0.917205	137,481	21,958,300
12/16/2017	0.950421	1.02	0.855704	0.925347	133,955	22,471,800
12/15/2017	1.11	1.11	0.936239	0.948964	145,496	26,208,900
12/14/2017	1.22	1.31	1.08	1.11	149,581	28,875,500
12/13/2017	1.10	1.67	1.04	1.22	254,336	25,940,300
12/12/2017	0.929267	1.10	0.901149	1.10	183,359	21,971,600
12/11/2017	0.830453	0.942434	0.827762	0.927780	598,449	19,635,300
12/10/2017	0.834319	0.859184	0.747511	0.835485	536,044	19,726,700
12/09/2017	0.892618	0.984212	0.761395	0.830997	540,647	21,105,100
12/08/2017	0.819437	1.24	0.670693	0.893316	761,789	19,374,800
12/07/2017	1.05	1.26	0.773824	0.784000	902,882	24,865,900
12/06/2017	1.06	1.10	1.00	1.07	544,499	24,947,100
12/05/2017	0.984564	1.14	0.961000	1.06	805,475	23,279,100
12/04/2017	0.936343	1.07	0.911749	0.981939	528,594	22,138,900
12/03/2017	1.13	1.17	0.919027	0.919027	714,417	26,736,200
12/02/2017	1.54	1.58	0.820879	1.14	2,954,650	36,345,900
12/01/2017	1.39	1.55	1.32	1.52	309,129	32,843,500
11/30/2017	1.34	1.44	1.22	1.39	233,370	31,611,100
11/29/2017	1.47	1.55	1.25	1.32	420,642	34,732,300
11/28/2017	1.60	1.61	1.45	1.45	364,065	37,861,700
11/27/2017	1.46	1.67	1.46	1.60	523,415	34,616,100
11/26/2017	1.34	1.52	1.31	1.46	312,278	31,796,900
11/25/2017	1.27	1.35	1.24	1.35	199,479	30,095,100
11/24/2017	1.26	1.33	1.21	1.28	270,421	29,712,100
11/23/2017	1.26	1.28	1.22	1.26	208,893	29,859,300
11/22/2017	1.21	1.27	1.20	1.26	210,143	28,585,200
11/21/2017	1.20	1.23	1.15	1.21	198,995	28,342,400
11/20/2017	1.25	1.25	1.19	1.20	206,264	29,502,900
11/19/2017	1.24	1.30	1.22	1.25	196,707	29,227,800
11/18/2017	1.22	1.30	1.12	1.23	271,323	28,930,600
11/17/2017	1.35	1.36	1.21	1.23	229,181	32,002,200
11/16/2017	1.39	1.46	1.28	1.36	320,457	32,844,200
11/15/2017	1.28	2.30	1.27	1.38	625,966	30,330,200
11/14/2017	1.23	1.28	1.16	1.26	231,169	29,116,100
11/13/2017	1.19	1.31	1.19	1.23	177,833	28,079,200
11/12/2017	1.27	1.29	1.12	1.19	159,168	29,949,300
11/11/2017	1.36	1.46	1.23	1.27	188,712	32,175,700
11/10/2017	1.51	1.53	1.22	1.36	426,180	35,702,100
11/09/2017	1.21	1.62	1.18	1.51	1,156,720	28,708,100
11/08/2017	1.04	1.25	1.04	1.21	473,191	24,684,500
11/07/2017	1.05	1.14	1.02	1.05	230,199	24,801,000
11/06/2017	1.10	1.18	1.05	1.05	449,202	26,065,100
11/05/2017	1.04	1.23	1.01	1.13	506,135	24,552,900
11/04/2017	1.03	1.08	0.968759	1.04	302,023	24,241,800
11/03/2017	0.971254	1.12	0.921887	1.02	473,667	22,964,400
11/02/2017	0.901929	1.19	0.894396	0.972099	979,977	21,325,300
11/01/2017	0.966517	1.04	0.824007	0.903937	524,217	22,852,400
10/31/2017	1.12	1.14	0.956636	0.968576	368,591	26,543,600
10/30/2017	1.19	1.20	1.05	1.13	370,174	28,104,200
10/29/2017	1.15	1.21	1.09	1.19	247,406	27,108,100
10/28/2017	1.19	1.20	1.15	1.15	156,313	28,024,200
10/27/2017	1.23	1.23	1.14	1.18	205,912	29,029,500
10/26/2017	1.28	1.30	1.16	1.23	323,509	30,264,600
10/25/2017	1.24	1.34	1.16	1.28	439,661	29,308,800
10/24/2017	1.21	1.37	1.18	1.22	317,676	28,605,400
10/23/2017	1.23	1.44	1.18	1.21	451,512	29,188,200
10/22/2017	1.28	1.29	1.19	1.24	187,901	30,200,200
10/21/2017	1.21	1.41	1.17	1.26	501,032	28,516,400
10/20/2017	1.14	1.23	1.14	1.21	288,874	27,003,300
10/19/2017	1.11	1.19	1.11	1.14	204,827	26,355,100
10/18/2017	1.18	1.18	1.05	1.11	206,566	27,789,000
10/17/2017	1.17	1.26	1.14	1.18	231,080	27,577,100
10/16/2017	1.16	1.23	1.08	1.17	297,845	27,318,000
10/15/2017	1.19	1.21	1.02	1.17	231,329	28,024,600
10/14/2017	1.20	1.23	1.16	1.18	153,479	28,473,300
10/13/2017	1.28	1.29	1.13	1.22	329,370	30,365,400
10/12/2017	1.39	1.39	1.23	1.29	552,348	32,889,800
10/11/2017	1.35	1.46	1.33	1.39	202,830	31,828,400
10/10/2017	1.28	1.42	1.27	1.34	328,390	30,222,300
10/09/2017	1.35	1.58	1.26	1.28	721,608	31,889,700
10/08/2017	1.41	1.47	1.35	1.35	597,057	33,370,400
10/07/2017	1.53	1.53	1.40	1.43	392,793	36,222,900
10/06/2017	1.53	1.62	1.50	1.51	331,938	36,204,200
10/05/2017	1.63	1.65	1.49	1.52	464,227	38,497,700
10/04/2017	1.74	1.76	1.61	1.63	555,676	41,039,500
10/03/2017	1.82	1.88	1.61	1.73	1,439,510	42,994,500
10/02/2017	1.99	2.21	1.80	1.80	1,714,720	47,109,300
10/01/2017	1.81	2.14	1.81	1.99	2,075,460	42,690,100
09/30/2017	1.72	1.88	1.71	1.80	650,339	40,565,000
09/29/2017	1.66	1.77	1.51	1.73	578,393	39,144,700
09/28/2017	1.80	1.82	1.64	1.66	889,831	42,631,600
09/27/2017	1.74	1.84	1.71	1.81	720,294	41,182,500
09/26/2017	1.55	1.78	1.52	1.73	1,044,790	36,736,700
09/25/2017	1.35	1.60	1.35	1.55	706,692	31,814,600
09/24/2017	1.38	1.46	1.29	1.35	387,581	32,590,800
09/23/2017	1.30	1.39	1.28	1.39	392,054	30,790,500
09/22/2017	1.26	1.44	1.23	1.31	772,952	29,810,200
09/21/2017	1.43	1.44	1.22	1.26	376,734	33,906,000
09/20/2017	1.47	1.55	1.40	1.44	330,740	34,766,000
09/19/2017	1.72	1.78	1.42	1.47	650,707	40,715,400
09/18/2017	1.40	1.75	1.40	1.72	1,062,140	33,102,000
09/17/2017	1.31	1.48	1.22	1.40	562,480	31,036,400
09/16/2017	1.31	1.41	1.22	1.31	445,178	30,964,400
09/15/2017	1.08	1.39	0.987428	1.31	764,250	25,445,400
09/14/2017	1.35	1.46	1.07	1.07	922,180	32,005,000
09/13/2017	1.31	1.36	1.16	1.35	658,986	30,913,100
09/12/2017	1.34	1.44	1.29	1.31	735,772	31,668,100
09/11/2017	1.36	1.47	1.31	1.35	598,355	32,143,200
09/10/2017	1.50	1.50	1.28	1.35	601,592	35,422,700
09/09/2017	1.56	1.58	1.44	1.50	322,139	36,771,000
09/08/2017	1.78	1.94	1.46	1.55	1,408,780	42,032,000
09/07/2017	1.67	1.78	1.57	1.77	855,782	39,508,700
09/06/2017	1.67	1.80	1.58	1.67	1,112,120	39,456,300
09/05/2017	1.37	1.75	1.20	1.70	1,138,450	32,467,100
09/04/2017	1.70	1.77	1.19	1.34	1,757,460	40,129,400
09/03/2017	1.87	2.05	1.51	1.70	1,882,070	44,174,300
09/02/2017	1.97	2.00	1.75	1.86	1,332,180	46,583,900
09/01/2017	2.18	2.37	1.77	1.96	3,320,200	51,617,100
08/31/2017	2.45	2.53	2.00	2.15	3,041,020	57,853,100
08/30/2017	2.85	2.98	2.37	2.48	3,255,570	67,497,300
08/29/2017	2.28	3.62	2.07	2.86	13,474,700	53,986,000
08/28/2017	1.80	2.59	1.73	2.30	3,533,720	42,626,100
08/27/2017	1.55	2.29	1.39	1.77	2,651,320	36,553,900
08/26/2017	1.55	1.63	1.36	1.51	1,297,630	36,670,800
08/25/2017	1.63	1.71	1.54	1.55	306,763	38,453,600
08/24/2017	1.51	1.69	1.50	1.63	412,831	35,819,800
08/23/2017	1.65	1.66	1.51	1.51	568,677	38,994,100
08/22/2017	1.55	1.67	1.39	1.65	477,294	36,654,300
08/21/2017	1.83	1.86	1.55	1.55	722,402	43,183,100
08/20/2017	1.83	2.05	1.66	1.83	1,031,310	43,321,300
08/19/2017	1.54	1.87	1.41	1.82	1,187,190	36,383,100
08/18/2017	2.32	2.32	1.50	1.53	2,602,740	54,865,600
08/17/2017	1.58	2.80	1.58	2.36	11,546,300	37,308,500
08/16/2017	1.10	1.60	1.03	1.59	974,519	26,077,600
08/15/2017	1.29	1.30	0.982843	1.12	839,051	30,581,000
08/14/2017	1.39	1.42	1.24	1.30	320,865	32,764,000
08/13/2017	1.76	1.85	1.21	1.40	806,203	41,684,600
08/12/2017	1.41	1.91	1.27	1.76	2,242,330	33,426,100
08/11/2017	0.966295	1.47	0.931756	1.40	615,471	22,847,100
08/10/2017	1.03	1.09	0.971312	0.972768	284,989	24,284,800
08/09/2017	0.962770	1.10	0.962770	1.03	339,755	22,763,800
08/08/2017	1.01	1.02	0.932839	0.962376	216,722	23,920,200
08/07/2017	0.909009	1.02	0.865914	1.01	247,277	21,492,700
08/06/2017	0.769630	0.942509	0.769266	0.911974	312,359	18,197,200
08/05/2017	0.702913	0.802999	0.699087	0.767492	268,619	16,619,700
08/04/2017	0.647127	0.720740	0.647127	0.697804	177,212	15,300,700
08/03/2017	0.603386	0.646957	0.599377	0.646402	130,776	14,266,500
08/02/2017	0.612675	0.614280	0.580590	0.603324	123,072	14,486,100
08/01/2017	0.594950	0.658059	0.592426	0.613660	240,808	14,067,000
07/31/2017	0.586683	0.606351	0.583474	0.594586	123,401	13,871,600
07/30/2017	0.569219	0.603932	0.565704	0.588192	117,298	13,458,600
07/29/2017	0.612036	0.624711	0.544365	0.568602	169,385	14,471,000
07/28/2017	0.682460	0.687083	0.588399	0.613988	273,055	16,136,100
07/27/2017	0.657763	0.689098	0.630726	0.670965	160,191	15,552,200
07/26/2017	0.692576	0.711115	0.647883	0.656212	179,990	16,375,300
07/25/2017	0.786525	0.792494	0.668445	0.694230	147,666	18,596,600
07/24/2017	0.744806	0.790103	0.740902	0.786252	153,960	17,610,200
07/23/2017	0.775834	0.780734	0.725856	0.745395	170,841	18,343,900
07/22/2017	0.715268	0.777151	0.703342	0.771790	143,627	16,911,800
07/21/2017	0.776963	0.776963	0.689225	0.714410	157,514	18,370,600
07/20/2017	0.672035	0.811095	0.672035	0.770925	204,785	15,889,600
07/19/2017	0.703692	0.787557	0.660324	0.669770	209,913	16,638,100
07/18/2017	0.590475	0.739101	0.571492	0.699715	213,503	13,961,200
07/17/2017	0.481730	0.589329	0.481730	0.588920	118,616	11,390,100
07/16/2017	0.538752	0.549312	0.432642	0.482991	111,599	12,738,300
07/15/2017	0.547644	0.590927	0.488658	0.540037	164,263	12,948,500
07/14/2017	0.593333	0.596044	0.530767	0.546550	154,097	14,028,800
07/13/2017	0.648713	0.670532	0.582301	0.606477	154,993	15,338,200
07/12/2017	0.566346	0.646612	0.532775	0.646612	153,100	13,390,700
07/11/2017	0.565393	0.623884	0.472050	0.566582	263,230	13,368,200
07/10/2017	0.716594	0.719468	0.554238	0.566218	213,458	16,943,200
07/09/2017	0.726088	0.747748	0.710765	0.716921	168,825	17,167,700
07/08/2017	0.727088	0.731230	0.679000	0.725147	218,102	17,191,300
07/07/2017	0.838562	0.839198	0.711296	0.726446	330,888	19,827,000
07/06/2017	0.945657	0.953268	0.728576	0.831021	954,942	22,359,200
07/05/2017	0.986315	0.986315	0.886482	0.945347	152,007	23,320,500
07/04/2017	0.991374	1.01	0.954307	0.987519	154,291	23,440,100
07/03/2017	1.03	1.03	0.937090	0.993470	208,288	24,353,000
07/02/2017	0.985860	1.06	0.940804	1.04	177,693	23,309,700
07/01/2017	1.05	1.10	0.970139	1.00	457,001	24,742,200
06/30/2017	0.975974	1.17	0.972506	1.04	514,581	23,076,000
06/29/2017	1.02	1.05	0.968597	0.968597	229,570	24,090,700
06/28/2017	0.923626	1.02	0.895613	1.02	255,558	21,838,300
06/27/2017	0.900491	0.931715	0.760072	0.931715	214,569	21,291,300
06/26/2017	0.934504	1.01	0.736501	0.836479	305,739	22,095,500
06/25/2017	1.08	1.12	0.902345	0.934199	317,166	25,599,600
06/24/2017	1.27	1.27	1.05	1.08	382,445	29,925,700
06/23/2017	1.24	1.30	1.16	1.25	720,673	29,358,500
06/22/2017	1.18	1.33	1.10	1.24	895,214	27,925,200
06/21/2017	1.02	1.16	0.974227	1.15	777,435	24,043,200
06/20/2017	1.05	1.10	0.998283	1.02	372,158	24,765,300
06/19/2017	0.955921	1.18	0.905907	1.05	817,212	22,601,800
06/18/2017	0.931481	1.04	0.905535	0.955175	307,956	22,024,000
06/17/2017	0.912649	0.982344	0.898986	0.931711	338,799	21,578,700
06/16/2017	0.865665	0.934035	0.831786	0.911628	273,932	20,467,800
06/15/2017	0.871642	0.896706	0.721157	0.867997	287,094	20,609,200
06/14/2017	0.997391	1.05	0.829777	0.849777	360,774	23,582,400
06/13/2017	1.15	1.15	0.913913	0.997469	540,511	27,290,200
06/12/2017	0.940116	1.42	0.881238	1.15	1,273,360	22,228,200
06/11/2017	0.901273	0.949888	0.858074	0.942739	337,050	21,309,800
06/10/2017	0.927254	0.946079	0.848530	0.902740	508,158	21,924,000
06/09/2017	0.992704	1.00	0.897981	0.926538	787,429	23,471,500
06/08/2017	1.01	1.07	0.942892	0.993793	458,594	23,992,300
06/07/2017	1.22	1.24	0.980723	1.03	500,775	28,841,300
06/06/2017	1.15	1.28	1.14	1.22	345,917	27,225,200
06/05/2017	1.17	1.20	1.08	1.14	358,845	27,627,600
06/04/2017	1.09	1.19	1.02	1.16	869,970	25,835,400
06/03/2017	0.829453	1.10	0.718121	1.09	1,775,750	19,611,600
06/02/2017	0.877292	0.877460	0.814658	0.834474	315,916	20,742,700
06/01/2017	0.822243	0.924905	0.784839	0.878102	319,461	19,441,200
05/31/2017	0.829791	0.860570	0.776381	0.838274	301,758	19,619,600
05/30/2017	0.943564	0.989261	0.817999	0.829994	357,481	22,309,700
05/29/2017	0.967243	1.02	0.897260	0.941661	968,453	22,869,500
05/28/2017	0.954558	1.08	0.878098	0.970205	275,808	22,569,600
05/27/2017	0.891839	1.01	0.707574	0.949078	386,509	21,086,700
05/26/2017	0.967539	1.15	0.849167	0.888647	318,980	22,876,500
05/25/2017	1.12	1.20	0.907183	0.974425	831,443	26,580,400
05/24/2017	1.09	1.84	0.674819	1.13	1,059,790	25,668,000
05/23/2017	0.809878	1.77	0.780210	1.10	926,550	19,148,800
05/22/2017	0.782855	1.07	0.644876	0.854460	1,080,760	18,509,900
05/21/2017	0.816156	0.885045	0.774380	0.785874	295,553	19,297,200
05/20/2017	0.764076	0.864924	0.764076	0.815908	252,944	18,065,900
05/19/2017	0.827708	0.945557	0.764980	0.765049	365,642	19,570,400
05/18/2017	0.689264	0.856515	0.665454	0.828958	300,976	16,297,000
05/17/2017	0.653066	0.723289	0.609555	0.688574	358,564	15,441,100
05/16/2017	0.766990	0.774078	0.588643	0.659563	329,462	18,134,800
05/15/2017	0.831873	0.868288	0.744903	0.766529	408,336	19,668,900
05/14/2017	0.955297	0.983708	0.808773	0.808773	381,672	22,587,100
05/13/2017	0.842707	0.960669	0.816587	0.958482	358,247	19,925,000
05/12/2017	0.893846	0.924511	0.829095	0.843937	430,664	21,134,100
05/11/2017	0.852738	0.942556	0.808186	0.891387	430,612	20,162,200
05/10/2017	1.10	1.11	0.805569	0.873747	476,255	26,013,900
05/09/2017	1.38	1.52	0.955771	1.10	924,447	32,718,900
05/08/2017	1.02	1.57	0.887562	1.40	1,052,990	-
05/07/2017	0.971281	1.22	0.847645	1.04	416,619	-
