Date	Open	High	Low	Close	Volume	Market Cap
07/15/2018	0.035210	0.036682	0.034382	0.035004	2,656,640	16,951,000
07/14/2018	0.035712	0.035983	0.032745	0.035207	264,156	17,192,600
07/13/2018	0.034125	0.036010	0.033490	0.035658	260,596	16,428,400
07/12/2018	0.035747	0.036110	0.031366	0.034089	1,062,570	17,209,600
07/11/2018	0.036873	0.038548	0.034516	0.035758	819,470	17,751,500
07/10/2018	0.042208	0.044309	0.036533	0.036833	351,774	20,320,200
07/09/2018	0.045475	0.047830	0.042213	0.042869	415,156	21,893,000
07/08/2018	0.046562	0.052061	0.037590	0.045233	2,452,330	22,416,300
07/07/2018	0.045619	0.046694	0.044389	0.046436	114,045	21,962,200
07/06/2018	0.046370	0.047003	0.044179	0.045646	266,324	22,323,600
07/05/2018	0.049806	0.049980	0.045028	0.046262	761,105	23,978,100
07/04/2018	0.048547	0.050689	0.046727	0.049683	3,225,390	23,371,700
07/03/2018	0.052001	0.054392	0.047677	0.048556	2,157,650	25,034,600
07/02/2018	0.049677	0.054714	0.045965	0.051949	517,941	23,915,700
07/01/2018	0.046451	0.051949	0.044827	0.049654	637,824	22,362,800
06/30/2018	0.045124	0.049326	0.044051	0.046414	505,642	21,724,100
06/29/2018	0.046131	0.046223	0.040628	0.045044	251,990	22,208,600
06/28/2018	0.047312	0.047417	0.042974	0.043630	104,955	22,777,000
06/27/2018	0.045158	0.047276	0.042293	0.047276	102,942	21,740,200
06/26/2018	0.047370	0.050289	0.045139	0.045180	211,867	22,805,000
06/25/2018	0.050084	0.050402	0.045845	0.047439	167,879	24,111,600
06/24/2018	0.047545	0.055830	0.040431	0.050163	577,749	22,889,600
06/23/2018	0.050085	0.050158	0.046876	0.047432	169,035	24,112,200
06/22/2018	0.054840	0.055809	0.047808	0.050102	349,495	26,401,300
06/21/2018	0.058790	0.059607	0.054664	0.054860	267,387	28,302,900
06/20/2018	0.061009	0.061009	0.057894	0.058799	74,612	29,371,100
06/19/2018	0.061868	0.063965	0.057333	0.060996	567,578	29,784,600
06/18/2018	0.064909	0.065262	0.059454	0.061890	955,868	31,248,800
06/17/2018	0.062057	0.067417	0.061493	0.065222	975,084	29,875,700
06/16/2018	0.051222	0.070141	0.050876	0.062007	1,361,950	24,659,600
06/15/2018	0.054882	0.056949	0.051116	0.051320	622,910	26,421,500
06/14/2018	0.048563	0.054832	0.048364	0.054770	620,568	23,379,300
06/13/2018	0.052068	0.052684	0.044965	0.048572	802,762	25,066,600
06/12/2018	0.053161	0.056359	0.051122	0.052191	622,162	25,593,000
06/11/2018	0.050567	0.053395	0.042700	0.053395	1,171,930	24,344,000
06/10/2018	0.060499	0.060549	0.050343	0.050526	599,784	29,125,900
06/09/2018	0.060965	0.062380	0.057390	0.060464	273,478	29,350,000
06/08/2018	0.062244	0.063742	0.060057	0.060967	447,819	29,965,900
06/07/2018	0.062705	0.064241	0.061277	0.062200	446,628	30,187,700
06/06/2018	0.062470	0.063781	0.060181	0.062699	380,482	30,074,900
06/05/2018	0.062057	0.063415	0.059975	0.062474	549,212	29,875,600
06/04/2018	0.064981	0.066750	0.060418	0.061172	760,489	31,283,300
06/03/2018	0.061622	0.065689	0.060103	0.064210	258,492	29,666,300
06/02/2018	0.059803	0.062046	0.058622	0.061695	287,088	28,790,700
06/01/2018	0.061682	0.062464	0.057745	0.059815	494,469	29,695,300
05/31/2018	0.059189	0.065001	0.058464	0.061646	437,207	28,495,200
05/30/2018	0.059503	0.062887	0.057523	0.059235	440,755	28,646,100
05/29/2018	0.055938	0.063715	0.053896	0.059479	666,703	26,929,700
05/28/2018	0.061879	0.062156	0.055754	0.055981	706,196	29,790,100
05/27/2018	0.061637	0.062343	0.060328	0.061880	275,072	29,673,600
05/26/2018	0.061053	0.063870	0.060832	0.061621	167,309	29,392,700
05/25/2018	0.064063	0.067009	0.060211	0.064321	467,296	30,841,700
05/24/2018	0.059996	0.066388	0.059952	0.064012	603,387	28,883,700
05/23/2018	0.065324	0.068507	0.060029	0.060509	858,181	31,448,500
05/22/2018	0.069842	0.076471	0.065350	0.065519	1,507,250	33,623,500
05/21/2018	0.072354	0.073807	0.068574	0.069854	1,109,880	34,833,300
05/20/2018	0.065678	0.072587	0.065625	0.072315	499,004	31,618,900
05/19/2018	0.064181	0.069543	0.061884	0.065607	410,275	30,898,500
05/18/2018	0.068202	0.068550	0.062296	0.063742	531,706	32,834,000
05/17/2018	0.064808	0.068962	0.064808	0.067085	495,163	31,200,000
05/16/2018	0.069773	0.071296	0.063608	0.065454	956,639	33,590,400
05/15/2018	0.072214	0.079028	0.069417	0.069753	793,801	34,765,800
05/14/2018	0.072257	0.074042	0.067014	0.072408	1,083,510	34,786,200
05/13/2018	0.062042	0.075481	0.059966	0.073099	976,009	29,868,700
05/12/2018	0.065257	0.067720	0.057148	0.062060	1,020,180	31,416,500
05/11/2018	0.074511	0.074591	0.060302	0.065341	1,523,240	35,871,700
05/10/2018	0.079623	0.095924	0.073729	0.073729	2,609,050	38,332,500
05/09/2018	0.080558	0.085429	0.075489	0.079627	1,977,640	38,782,900
05/08/2018	0.080950	0.083644	0.078215	0.080607	997,727	38,971,300
05/07/2018	0.087897	0.092086	0.077881	0.080596	1,909,000	42,315,600
05/06/2018	0.087693	0.093494	0.072172	0.087872	3,294,440	42,217,400
05/05/2018	0.070949	0.087363	0.070518	0.083985	2,102,890	34,156,500
05/04/2018	0.068884	0.072528	0.067504	0.070505	1,140,980	33,162,500
05/03/2018	0.067128	0.071695	0.064513	0.068353	1,211,460	32,317,100
05/02/2018	0.065765	0.070622	0.063087	0.067146	1,823,540	31,661,000
05/01/2018	0.051041	0.074904	0.047839	0.065851	7,335,130	24,572,700
04/30/2018	0.055319	0.056791	0.048677	0.051010	3,929,250	26,632,100
04/29/2018	0.045241	0.055324	0.042385	0.055324	4,646,460	21,780,400
04/28/2018	0.037047	0.046420	0.036599	0.045253	4,301,590	17,835,300
04/27/2018	0.032001	0.045793	0.029371	0.036725	2,393,940	15,405,900
04/26/2018	0.028974	0.035455	0.026330	0.033638	546,243	13,948,800
04/25/2018	0.036415	0.037061	0.028211	0.028837	668,156	17,531,300
04/24/2018	0.038549	0.041265	0.033946	0.036541	1,357,250	18,558,400
04/23/2018	0.040555	0.043385	0.034915	0.038539	956,046	19,524,100
04/22/2018	0.037828	0.045704	0.035567	0.041744	1,912,930	18,211,200
04/21/2018	0.029947	0.038995	0.029058	0.037195	1,661,410	14,417,500
04/20/2018	0.022464	0.030695	0.021983	0.029763	631,336	10,814,800
04/19/2018	0.020786	0.022599	0.020365	0.022473	271,911	10,006,800
04/18/2018	0.020109	0.020809	0.019744	0.020730	109,022	9,680,950
04/17/2018	0.019859	0.020720	0.019546	0.020122	85,073	9,560,660
04/16/2018	0.020703	0.021313	0.019631	0.019983	35,362	9,967,000
04/15/2018	0.018714	0.021712	0.018714	0.020646	89,099	9,009,270
04/14/2018	0.019692	0.021185	0.018395	0.018822	89,830	9,480,340
04/13/2018	0.020758	0.021845	0.019270	0.019744	179,629	9,993,280
04/12/2018	0.018736	0.020768	0.018282	0.020688	238,270	9,020,080
04/11/2018	0.016461	0.018781	0.016300	0.018781	269,149	7,924,830
04/10/2018	0.016932	0.017445	0.015703	0.016434	164,792	8,151,520
04/09/2018	0.016057	0.019023	0.015789	0.016883	176,007	7,730,080
04/08/2018	0.016597	0.019307	0.015699	0.016027	195,187	7,984,430
04/07/2018	0.016423	0.017386	0.015786	0.016597	272,868	7,901,180
04/06/2018	0.016469	0.017509	0.014694	0.016406	235,302	7,923,300
04/05/2018	0.016372	0.016995	0.015991	0.016502	202,864	7,873,200
04/04/2018	0.018154	0.018191	0.016213	0.016406	155,174	8,727,870
04/03/2018	0.016899	0.018254	0.015229	0.018143	125,401	8,123,690
04/02/2018	0.016282	0.017533	0.015144	0.016844	134,491	7,806,120
04/01/2018	0.016275	0.019779	0.015083	0.016199	167,244	7,800,960
03/31/2018	0.016933	0.017925	0.014885	0.016282	129,232	8,075,560
03/30/2018	0.015416	0.018750	0.014911	0.016933	259,419	7,352,220
03/29/2018	0.018405	0.018785	0.015172	0.015440	395,510	8,731,720
03/28/2018	0.017961	0.019211	0.017204	0.018369	533,067	8,516,590
03/27/2018	0.018390	0.018830	0.017412	0.017956	460,151	8,741,070
03/26/2018	0.019692	0.022335	0.017723	0.018295	660,121	9,372,700
03/25/2018	0.019619	0.020351	0.018879	0.019712	42,652	9,337,870
03/24/2018	0.019403	0.020546	0.018770	0.019841	835,030	9,235,950
03/23/2018	0.018850	0.019523	0.017879	0.019299	456,926	8,978,640
03/22/2018	0.020931	0.021161	0.018239	0.018853	542,336	9,973,040
03/21/2018	0.019717	0.021592	0.018798	0.020897	747,444	9,391,610
03/20/2018	0.019902	0.023025	0.018254	0.019576	498,190	9,467,450
03/19/2018	0.018303	0.021025	0.017220	0.019736	460,684	8,712,880
03/18/2018	0.019060	0.019117	0.016371	0.018372	245,943	9,099,450
03/17/2018	0.019200	0.024757	0.018205	0.019075	1,006,450	9,184,970
03/16/2018	0.021458	0.021605	0.017530	0.019238	546,249	10,265,500
03/15/2018	0.020037	0.021972	0.016813	0.021483	754,667	9,565,920
03/14/2018	0.020606	0.025158	0.018737	0.020025	677,124	9,632,080
03/13/2018	0.023106	0.025614	0.018915	0.020619	294,838	-
03/12/2018	0.021766	0.025962	0.019560	0.023127	323,921	-
03/11/2018	0.021698	0.022682	0.019294	0.021879	104,722	-
03/10/2018	0.021167	0.038831	0.019995	0.021752	311,553	-
03/09/2018	0.022137	0.027148	0.017898	0.021164	190,169	-
03/08/2018	0.022308	0.024302	0.019820	0.022245	533,820	-
03/07/2018	0.026749	0.028366	0.022126	0.022327	306,486	-
03/06/2018	0.026422	0.030046	0.024444	0.026754	91,556	-
03/05/2018	0.026981	0.027476	0.025387	0.026431	77,299	-
03/04/2018	0.025174	0.027725	0.024761	0.027176	24,761	-
03/03/2018	0.026335	0.028149	0.024006	0.025197	635,174	-
03/02/2018	0.028308	0.029172	0.026190	0.026338	191,592	-
03/01/2018	0.026579	0.029102	0.025899	0.028373	137,720	-
02/28/2018	0.027040	0.029097	0.026191	0.026496	84,199	-
02/27/2018	0.027414	0.028535	0.023836	0.027088	146,415	-
02/26/2018	0.026185	0.028234	0.024560	0.027346	91,644	-
02/25/2018	0.026624	0.026715	0.024365	0.025971	55,426	-
02/24/2018	0.028881	0.030216	0.025988	0.026672	52,416	-
02/23/2018	0.026202	0.029973	0.024709	0.028903	160,030	-
02/22/2018	0.027233	0.028918	0.025858	0.026154	116,303	-
02/21/2018	0.029988	0.030236	0.027140	0.027313	129,496	-
02/20/2018	0.030778	0.032038	0.029738	0.029939	132,543	-
02/19/2018	0.030720	0.031982	0.030117	0.030868	146,347	-
02/18/2018	0.033014	0.034892	0.030016	0.030962	140,724	-
02/17/2018	0.030626	0.033388	0.030007	0.032986	194,746	-
02/16/2018	0.032067	0.032067	0.028684	0.030494	106,956	-
02/15/2018	0.030672	0.032166	0.027105	0.032151	214,848	-
02/14/2018	0.027331	0.031560	0.027163	0.030776	250,923	-
02/13/2018	0.029226	0.029481	0.026329	0.027427	99,806	-
02/12/2018	0.027760	0.031101	0.027276	0.029488	174,407	-
02/11/2018	0.028551	0.029393	0.025993	0.027656	146,177	-
02/10/2018	0.028553	0.031929	0.027844	0.028586	152,406	-
02/09/2018	0.027902	0.029774	0.024825	0.028641	141,288	-
02/08/2018	0.024247	0.029412	0.024247	0.027832	162,636	-
02/07/2018	0.024259	0.029908	0.023092	0.024312	232,034	-
02/06/2018	0.024654	0.025012	0.017942	0.024378	411,530	-
02/05/2018	0.027250	0.030584	0.023148	0.024150	233,025	-
02/04/2018	0.035384	0.035384	0.025504	0.027435	352,723	-
02/03/2018	0.034326	0.036335	0.031844	0.035464	96,849	-
02/02/2018	0.036950	0.036950	0.025207	0.034214	618,966	-
02/01/2018	0.043222	0.044780	0.033149	0.037022	602,075	-
01/31/2018	0.040909	0.044193	0.038410	0.043148	443,290	-
01/30/2018	0.045962	0.046048	0.040174	0.040704	230,632	-
01/29/2018	0.051249	0.054887	0.045017	0.045950	417,322	-
01/28/2018	0.049427	0.052092	0.045956	0.051289	835,188	-
01/27/2018	0.048661	0.051488	0.044816	0.049222	465,858	-
01/26/2018	0.049811	0.051473	0.040691	0.050727	420,609	-
01/25/2018	0.049642	0.057264	0.048875	0.049887	341,554	-
01/24/2018	0.039001	0.060480	0.037767	0.049226	957,189	-
01/23/2018	0.038738	0.042196	0.036282	0.039002	288,583	-
01/22/2018	0.043943	0.045178	0.037683	0.038784	224,060	-
01/21/2018	0.045209	0.050223	0.040404	0.043611	235,568	-
01/20/2018	0.043207	0.053096	0.040415	0.045018	507,661	-
01/19/2018	0.045897	0.047198	0.041031	0.042743	49,695	-
01/18/2018	0.039099	0.053770	0.038445	0.046384	42,765	-
01/17/2018	0.042078	0.046189	0.033698	0.038948	154,478	-
01/16/2018	0.063594	0.065507	0.037060	0.042314	212,218	-
01/15/2018	0.070692	0.071689	0.058306	0.063515	226,756	-
01/14/2018	0.076873	0.079171	0.058455	0.071206	419,937	-
01/13/2018	0.056462	0.091592	0.054404	0.076823	462,010	-
01/12/2018	0.096147	0.096147	0.056858	0.056858	305,496	-
01/11/2018	0.091667	0.101233	0.083926	0.095515	498,726	-
