Date	Open	High	Low	Close	Volume	Market Cap
07/15/2018	0.040781	0.058026	0.031080	0.056728	232	1,097,540
07/14/2018	0.038650	0.056955	0.037205	0.040826	532	1,040,190
07/13/2018	0.038186	0.040227	0.031535	0.038597	1,839	1,027,710
07/12/2018	0.033467	0.038079	0.032949	0.038079	330	900,691
07/11/2018	0.035550	0.040010	0.032419	0.033471	905	956,756
07/10/2018	0.037542	0.037664	0.033160	0.035549	412	1,010,380
07/09/2018	0.040218	0.048160	0.036949	0.037570	157	1,082,400
07/08/2018	0.042079	0.043043	0.039942	0.040253	585	1,132,470
07/07/2018	0.033022	0.042222	0.032985	0.042080	2,483	888,730
07/06/2018	0.036200	0.040964	0.032737	0.033043	218	974,249
07/05/2018	0.040570	0.043308	0.035641	0.036107	607	1,091,850
07/04/2018	0.031398	0.055855	0.026058	0.040578	34	845,013
07/03/2018	0.039443	0.039888	0.027644	0.031459	477	1,061,540
07/02/2018	0.034827	0.039872	0.029194	0.039541	1,015	937,303
07/01/2018	0.037308	0.043852	0.034547	0.034814	668	1,004,060
06/30/2018	0.037897	0.043179	0.036315	0.037217	246	1,019,930
06/29/2018	0.034062	0.038304	0.032426	0.037882	832	916,715
06/28/2018	0.038549	0.038549	0.033562	0.036272	914	1,037,480
06/27/2018	0.036757	0.039288	0.032888	0.038509	1,088	989,232
06/26/2018	0.038672	0.039886	0.033511	0.036857	401	1,040,770
06/25/2018	0.047245	0.048277	0.034396	0.038672	797	1,271,500
06/24/2018	0.041634	0.047550	0.031036	0.047379	862	1,120,490
06/23/2018	0.054684	0.057135	0.032839	0.041634	719	1,471,690
06/22/2018	0.028170	0.066717	0.028131	0.054571	1,454	758,144
06/21/2018	0.073260	0.073677	0.028081	0.028173	2,085	1,971,630
06/20/2018	0.065442	0.073813	0.058621	0.073425	1,926	1,761,240
06/19/2018	0.068731	0.077885	0.063138	0.065548	1,739	1,849,750
06/18/2018	0.071995	0.074001	0.058028	0.068821	1,498	1,937,600
06/17/2018	0.074359	0.079301	0.051997	0.072061	2,188	2,001,210
06/16/2018	0.073607	0.075669	0.068285	0.074319	1,072	1,980,970
06/15/2018	0.063520	0.080091	0.062024	0.073308	1,343	1,709,510
06/14/2018	0.055100	0.063879	0.048432	0.063581	728	1,482,900
06/13/2018	0.066658	0.069656	0.053827	0.055001	561	1,793,970
06/12/2018	0.064589	0.095923	0.046090	0.066412	6,883	1,738,290
06/11/2018	0.082752	0.082752	0.059587	0.064547	1,837	2,227,110
06/10/2018	0.096423	0.096423	0.067871	0.082883	768	2,595,040
06/09/2018	0.099161	0.114577	0.067596	0.097164	713	2,668,720
06/08/2018	0.067695	0.109301	0.064113	0.099244	4,163	1,821,870
06/07/2018	0.075591	0.078358	0.059049	0.067604	1,440	2,034,540
06/06/2018	0.079767	0.086983	0.072616	0.075594	2,325	2,146,930
06/05/2018	0.077974	0.106515	0.073923	0.079846	1,595	2,098,660
06/04/2018	0.076780	0.119308	0.076780	0.077938	4,055	2,066,530
06/03/2018	0.097900	0.099344	0.076615	0.076844	4,405	2,634,960
06/02/2018	0.094027	0.115901	0.078753	0.098180	2,693	2,530,720
06/01/2018	0.104710	0.105395	0.076950	0.094084	895	2,818,250
05/31/2018	0.100570	0.113597	0.078314	0.102921	6,597	2,706,840
05/30/2018	0.097922	0.106758	0.090423	0.100557	3,431	2,625,770
05/29/2018	0.106335	0.110150	0.089807	0.097861	3,646	2,851,350
05/28/2018	0.104264	0.106442	0.066719	0.105933	3,651	2,793,730
05/27/2018	0.112949	0.112949	0.091334	0.104270	6,289	3,026,440
05/26/2018	0.121089	0.125869	0.099560	0.112782	6,358	3,244,550
05/25/2018	0.136962	0.137078	0.114905	0.121136	6,206	3,658,090
05/24/2018	0.130164	0.137016	0.090285	0.136894	10,284	3,466,120
05/23/2018	0.157367	0.158148	0.124096	0.129924	10,344	4,174,760
05/22/2018	0.175210	0.219668	0.107610	0.157040	9,351	4,641,100
05/21/2018	0.132751	0.178978	0.120798	0.175265	10,446	3,516,410
05/20/2018	0.132549	0.140494	0.131362	0.132582	4,854	3,511,070
05/19/2018	0.149566	0.160228	0.131157	0.132442	11,194	3,950,150
05/18/2018	0.149210	0.164947	0.140878	0.149608	30,490	3,940,750
05/17/2018	0.164417	0.167176	0.140185	0.149268	8,941	4,334,160
05/16/2018	0.179596	0.179922	0.160307	0.164181	6,394	4,733,190
05/15/2018	0.195121	0.201100	0.173067	0.179585	6,174	5,142,340
05/14/2018	0.190671	0.197687	0.173249	0.195305	5,319	5,025,060
05/13/2018	0.229307	0.231113	0.172454	0.190728	5,399	6,043,310
05/12/2018	0.168528	0.232372	0.152422	0.229634	15,097	4,441,490
05/11/2018	0.168628	0.170746	0.155312	0.168909	3,361	4,444,120
05/10/2018	0.184800	0.197628	0.164947	0.168472	4,895	4,833,380
05/09/2018	0.206404	0.206437	0.170876	0.184623	6,597	5,392,220
05/08/2018	0.236966	0.239642	0.181576	0.207476	9,703	6,171,680
05/07/2018	0.205317	0.263905	0.203799	0.236107	8,740	5,341,250
05/06/2018	0.228295	0.230524	0.205063	0.205238	1,854	5,939,000
05/05/2018	0.316398	0.321053	0.219835	0.228255	9,616	8,227,810
05/04/2018	0.286882	0.315968	0.219594	0.315968	9,288	7,452,960
05/03/2018	0.348543	0.352435	0.263019	0.287903	22,533	9,050,940
05/02/2018	0.217448	0.425944	0.206901	0.348205	19,297	5,646,620
05/01/2018	0.218950	0.218950	0.184160	0.218029	2,988	5,682,350
04/30/2018	0.230389	0.231092	0.203765	0.218443	3,812	5,968,220
04/29/2018	0.224223	0.230506	0.201569	0.230391	10,534	5,806,800
04/28/2018	0.213662	0.254008	0.210640	0.224256	15,187	5,531,080
04/27/2018	0.220555	0.231657	0.202469	0.214872	10,148	5,705,560
04/26/2018	0.210977	0.230891	0.178911	0.220190	25,168	5,232,210
04/25/2018	0.258914	0.258914	0.196835	0.209040	19,275	6,400,790
04/24/2018	0.281433	0.297563	0.253461	0.259264	18,599	6,956,420
04/23/2018	0.332857	0.339712	0.277876	0.281397	30,660	8,202,800
04/22/2018	0.331299	0.352118	0.318787	0.333852	15,229	8,164,160
04/21/2018	0.343359	0.377103	0.318814	0.331299	27,961	8,460,000
04/20/2018	0.316612	0.361761	0.316612	0.343492	20,420	7,781,280
04/19/2018	0.356648	0.416959	0.278226	0.316766	32,861	8,520,300
04/18/2018	0.264207	0.492070	0.262445	0.356419	79,561	6,303,280
04/17/2018	0.214077	0.290473	0.187448	0.264058	48,604	5,100,380
04/16/2018	0.211794	0.220777	0.187002	0.214085	19,229	5,037,000
04/15/2018	0.210318	0.224722	0.203819	0.211583	13,952	4,998,350
04/14/2018	0.210570	0.224780	0.203229	0.210131	6,782	5,002,290
04/13/2018	0.228358	0.250744	0.208265	0.210346	10,323	5,422,700
04/12/2018	0.170324	0.233830	0.167260	0.228003	49,969	4,036,280
04/11/2018	0.170859	0.176182	0.157648	0.167858	24,791	4,028,040
04/10/2018	0.150429	0.178482	0.148619	0.170506	26,379	3,520,390
04/09/2018	0.154482	0.164057	0.146730	0.149913	16,129	3,596,280
04/08/2018	0.149187	0.156142	0.148994	0.154131	8,913	3,467,000
04/07/2018	0.143269	0.155950	0.142505	0.149218	10,302	3,318,580
04/06/2018	0.147964	0.159175	0.141377	0.143258	14,764	3,403,940
04/05/2018	0.141772	0.163228	0.137746	0.148589	23,698	3,235,600
04/04/2018	0.158314	0.158467	0.140578	0.141875	19,793	3,599,620
04/03/2018	0.146160	0.162996	0.144278	0.158154	18,353	3,237,410
04/02/2018	0.142271	0.155169	0.136401	0.146112	8,768	3,135,630
04/01/2018	0.144742	0.149446	0.135348	0.141746	4,553	3,176,350
03/31/2018	0.156625	0.167051	0.144261	0.144712	13,807	3,421,760
03/30/2018	0.164765	0.173786	0.150894	0.156767	5,851	3,584,120
03/29/2018	0.178548	0.181411	0.163006	0.164920	7,630	3,856,460
03/28/2018	0.182210	0.189384	0.174319	0.178245	12,321	3,577,360
03/27/2018	0.192226	0.197968	0.172420	0.182183	28,433	3,768,240
03/26/2018	0.213025	0.220643	0.185634	0.192373	26,501	4,156,950
03/25/2018	0.203542	0.219832	0.191819	0.210893	19,813	3,779,730
03/24/2018	0.188119	0.228833	0.187361	0.206095	35,190	3,480,950
03/23/2018	0.191041	0.191268	0.175909	0.186222	23,774	3,504,980
03/22/2018	0.201628	0.226098	0.185698	0.191060	8,968	3,684,780
03/21/2018	0.200322	0.235114	0.196152	0.201336	22,677	3,646,010
03/20/2018	0.197499	0.211030	0.184107	0.199420	11,121	3,578,240
03/19/2018	0.187375	0.229363	0.175548	0.195704	38,731	3,381,930
03/18/2018	0.190123	0.193534	0.167278	0.188159	7,979	3,426,590
03/17/2018	0.206483	0.211272	0.190410	0.190410	16,696	3,712,770
03/16/2018	0.213687	0.215481	0.204779	0.206275	7,618	3,766,620
03/15/2018	0.216507	0.221235	0.197772	0.213882	12,343	3,797,200
03/14/2018	0.237985	0.250645	0.205531	0.216454	13,998	4,153,140
03/13/2018	0.269883	0.272549	0.232965	0.237915	14,875	4,685,800
03/12/2018	0.253980	0.294700	0.209161	0.270460	9,915	4,376,950
03/11/2018	0.232430	0.265991	0.226118	0.254303	7,972	4,005,130
03/10/2018	0.206165	0.267353	0.200855	0.233168	18,098	3,549,280
03/09/2018	0.238532	0.239446	0.188779	0.206193	11,445	4,067,380
03/08/2018	0.265188	0.277939	0.226381	0.239424	18,380	4,590,160
03/07/2018	0.277821	0.297647	0.254704	0.265572	20,761	4,808,800
03/06/2018	0.302011	0.313635	0.275830	0.277793	26,771	4,958,140
03/05/2018	0.296187	0.325220	0.281009	0.302452	22,040	4,862,520
03/04/2018	0.303099	0.310328	0.272845	0.296232	15,034	4,915,360
03/03/2018	0.295216	0.332889	0.295216	0.303355	22,670	4,787,500
03/02/2018	0.281276	0.321312	0.276506	0.295460	22,029	5,286,140
03/01/2018	0.287686	0.295673	0.274657	0.280896	13,332	5,391,360
02/28/2018	0.291424	0.323465	0.285790	0.287516	9,986	5,398,900
02/27/2018	0.311350	0.334053	0.287458	0.291423	19,426	5,723,640
02/26/2018	0.322625	0.338523	0.299667	0.310517	16,476	5,909,990
02/25/2018	0.319671	0.339474	0.312240	0.322305	10,541	5,768,310
02/24/2018	0.345567	0.371186	0.312098	0.320303	12,990	6,202,020
02/23/2018	0.312931	0.375212	0.282467	0.345909	21,738	5,567,110
02/22/2018	0.351724	0.364175	0.244834	0.313285	12,766	6,257,250
02/21/2018	0.381607	0.386426	0.341283	0.352236	7,097	6,655,700
02/20/2018	0.414331	0.423939	0.376773	0.382082	16,312	7,134,880
02/19/2018	0.406505	0.424820	0.381590	0.414197	16,762	6,727,270
02/18/2018	0.426705	0.438693	0.367692	0.408092	14,098	6,803,230
02/17/2018	0.415409	0.519618	0.400483	0.426162	24,316	6,623,120
02/16/2018	0.410821	0.497099	0.399311	0.413846	34,339	6,384,490
02/15/2018	0.394161	0.428645	0.385680	0.411674	24,495	6,085,360
02/14/2018	0.355276	0.401782	0.350289	0.394015	18,950	4,475,410
02/13/2018	0.364608	0.377288	0.341374	0.355634	15,588	4,574,380
02/12/2018	0.348184	0.391604	0.348184	0.364036	9,873	4,351,720
02/11/2018	0.390722	0.390722	0.332825	0.346574	13,439	4,790,600
02/10/2018	0.396322	0.413923	0.367819	0.391203	6,723	4,847,460
02/09/2018	0.374516	0.397218	0.352138	0.396299	12,221	4,568,570
02/08/2018	0.360767	0.409549	0.360767	0.374783	7,093	4,320,010
02/07/2018	0.411910	0.419682	0.353278	0.361856	22,032	4,913,270
02/06/2018	0.331610	0.440295	0.304361	0.414243	39,844	3,941,550
02/05/2018	0.358408	0.505481	0.317673	0.330666	21,156	4,233,280
02/04/2018	0.405870	0.430041	0.347946	0.361916	16,558	4,771,610
02/03/2018	0.380897	0.428074	0.357824	0.405882	15,707	4,441,870
02/02/2018	0.411439	0.411439	0.290143	0.379324	25,271	4,733,990
02/01/2018	0.479773	0.499389	0.395124	0.412606	19,827	5,352,890
01/31/2018	0.459974	0.503411	0.439779	0.477785	21,058	4,671,100
01/30/2018	0.510676	0.574504	0.453750	0.458880	14,836	4,893,820
01/29/2018	0.661958	0.666093	0.501189	0.510464	44,003	6,332,710
01/28/2018	0.580462	0.763535	0.547606	0.662794	44,357	5,662,640
01/27/2018	0.484729	0.797719	0.455702	0.576696	64,358	3,512,750
01/26/2018	0.335638	0.702620	0.322479	0.476125	76,714	2,392,100
01/25/2018	0.344508	0.365904	0.297305	0.336620	14,295	2,446,280
01/24/2018	0.315546	0.351184	0.240097	0.340705	10,761	2,234,870
01/23/2018	0.328078	0.363090	0.236845	0.315555	13,928	2,311,430
01/22/2018	0.353739	0.379481	0.318632	0.328758	6,591	2,558,240
01/21/2018	0.355934	0.393761	0.328595	0.351291	15,210	2,564,040
01/20/2018	0.363775	0.400383	0.348720	0.355186	10,070	2,616,310
01/19/2018	0.331188	0.396551	0.314159	0.360584	13,737	2,374,800
01/18/2018	0.369646	0.380500	0.311810	0.324505	11,602	2,570,610
01/17/2018	0.327936	0.373860	0.257181	0.367511	8,636	2,272,190
01/16/2018	0.428685	0.428834	0.273339	0.329456	5,122	2,968,310
01/15/2018	0.481976	0.488427	0.428062	0.428062	6,574	3,057,130
01/14/2018	0.535447	0.535447	0.457689	0.483284	10,145	3,433,710
01/13/2018	0.468652	0.555319	0.468652	0.535395	24,741	2,995,610
01/12/2018	0.449129	0.511035	0.439827	0.468953	21,792	2,866,100
01/11/2018	0.469605	0.501120	0.402965	0.444772	25,360	2,982,980
01/10/2018	0.464778	0.498808	0.433748	0.470286	13,998	2,916,720
01/09/2018	0.527660	0.641531	0.442735	0.464310	23,191	3,294,140
01/08/2018	0.659593	0.697866	0.478582	0.528894	22,518	4,047,160
01/07/2018	0.422443	0.658461	0.412893	0.657783	26,380	2,574,060
01/06/2018	0.368038	0.423769	0.353972	0.422737	13,779	2,210,610
01/05/2018	0.369195	0.381049	0.320240	0.367254	8,040	2,136,730
01/04/2018	0.355225	0.369620	0.313373	0.369620	13,842	1,935,160
01/03/2018	0.346369	0.360728	0.306777	0.354462	8,145	1,877,710
01/02/2018	0.300734	0.356008	0.280711	0.346348	16,533	1,626,550
01/01/2018	0.283628	0.302833	0.264083	0.300730	2,767	1,529,980
12/31/2017	0.278677	0.304121	0.258593	0.282750	5,862	1,500,520
12/30/2017	0.330858	0.330858	0.268413	0.281592	7,528	1,775,420
12/29/2017	0.319362	0.352815	0.318466	0.331549	3,914	1,701,800
12/28/2017	0.356243	0.356921	0.303219	0.316892	3,374	1,880,090
12/27/2017	0.373503	0.386430	0.334734	0.356863	2,520	1,971,190
12/26/2017	0.352502	0.377836	0.341919	0.373129	16,385	1,860,350
12/25/2017	0.332178	0.373542	0.311619	0.352714	10,128	1,753,090
12/24/2017	0.392745	0.395204	0.273614	0.329743	5,745	2,072,740
12/23/2017	0.385069	0.433361	0.315048	0.391874	12,820	2,025,310
12/22/2017	0.484363	0.491673	0.320744	0.381203	18,109	2,541,940
12/21/2017	0.436117	0.489772	0.394852	0.482170	15,367	2,282,240
12/20/2017	0.529066	0.544886	0.409042	0.435171	17,909	2,574,700
12/19/2017	0.454495	0.686187	0.410066	0.529608	97,022	2,190,760
12/18/2017	0.430866	0.468603	0.401791	0.454753	29,617	2,067,460
12/17/2017	0.465625	0.484166	0.429490	0.429740	14,318	2,183,270
12/16/2017	0.506067	0.537561	0.447267	0.464001	10,530	2,357,780
12/15/2017	0.418155	0.569343	0.362127	0.506025	23,364	1,890,520
12/14/2017	0.408677	0.483737	0.380345	0.417585	15,762	1,838,620
12/13/2017	0.563845	0.571713	0.407080	0.409972	5,779	2,529,890
12/12/2017	0.510830	0.564430	0.450058	0.563400	9,951	2,286,880
12/11/2017	0.446173	0.532844	0.444662	0.508602	6,420	1,997,420
12/10/2017	0.606824	0.606824	0.395344	0.448653	9,341	2,709,430
12/09/2017	0.544060	0.650950	0.478677	0.604761	10,602	2,429,190
12/08/2017	0.754938	0.768844	0.541588	0.544937	7,726	3,370,750
12/07/2017	1.23	1.28	0.633013	0.754763	23,639	5,511,800
12/06/2017	0.380277	1.36	0.355754	1.23	28,795	1,697,910
12/05/2017	0.467647	0.469249	0.378521	0.381114	6,890	2,083,690
12/04/2017	0.503548	0.530071	0.372265	0.466751	7,560	2,229,240
12/03/2017	0.546453	0.563556	0.384673	0.501929	10,669	2,276,350
12/02/2017	0.571968	0.591151	0.512470	0.545951	9,245	2,371,470
12/01/2017	0.547313	0.628156	0.473864	0.573428	16,295	2,256,460
11/30/2017	0.581343	0.632476	0.466164	0.562034	16,535	2,379,890
11/29/2017	0.736785	0.743467	0.446416	0.572634	14,368	2,928,300
11/28/2017	0.635455	0.736996	0.518079	0.736996	18,207	2,508,760
11/27/2017	0.748724	0.784104	0.503377	0.633847	8,068	2,942,900
11/26/2017	0.730010	0.825731	0.143664	0.748591	8,678	2,820,400
11/25/2017	0.710667	0.815903	0.710461	0.729977	6,412	2,729,920
11/24/2017	0.799913	0.823529	0.708515	0.712081	15,399	2,997,440
11/23/2017	0.828521	0.893883	0.714461	0.801115	17,933	3,075,870
11/22/2017	0.899546	0.901759	0.710064	0.828644	11,174	3,314,310
11/21/2017	0.915119	0.915119	0.715433	0.897452	13,902	3,345,290
11/20/2017	0.924112	0.927953	0.837853	0.915056	12,594	3,317,940
11/19/2017	0.901673	0.950152	0.865082	0.924321	20,032	3,203,570
11/18/2017	0.811363	0.911231	0.792157	0.891571	12,248	2,865,910
11/17/2017	0.940333	0.955844	0.808725	0.814377	7,760	3,291,350
11/16/2017	0.885434	0.947794	0.820274	0.941640	18,320	3,086,810
11/15/2017	0.863487	0.886454	0.821425	0.882011	15,097	2,910,360
11/14/2017	0.871201	0.884782	0.796408	0.862935	21,801	2,866,900
11/13/2017	0.871164	0.897489	0.725936	0.870656	22,806	2,667,850
11/12/2017	0.929500	0.931630	0.686906	0.869767	25,782	2,834,080
11/11/2017	0.819774	0.945008	0.742938	0.929555	17,046	2,490,380
11/10/2017	0.803542	0.884882	0.778315	0.822536	25,213	2,384,340
11/09/2017	0.952271	0.952271	0.750818	0.801293	19,793	2,794,280
11/08/2017	0.938341	1.01	0.917706	0.953517	19,627	2,731,720
11/07/2017	0.936045	0.986146	0.925466	0.941209	20,184	2,616,790
11/06/2017	0.973656	1.01	0.916093	0.937388	14,922	2,705,470
11/05/2017	1.04	1.05	0.954805	0.971568	16,278	2,865,940
11/04/2017	1.03	1.11	1.01	1.04	16,900	2,820,120
11/03/2017	1.11	1.20	1.02	1.03	27,022	2,914,430
11/02/2017	1.21	1.28	0.825700	1.10	38,556	3,138,160
11/01/2017	1.31	1.33	0.927544	1.21	27,614	3,242,640
10/31/2017	1.31	1.39	1.24	1.31	24,769	3,188,560
10/30/2017	1.38	1.44	0.986899	1.31	16,672	3,140,470
10/29/2017	1.38	1.45	1.31	1.39	24,044	3,041,210
10/28/2017	1.41	1.45	1.33	1.38	14,403	3,099,810
10/27/2017	1.47	1.48	1.29	1.39	26,669	3,165,400
10/26/2017	1.44	1.49	1.27	1.47	37,450	3,075,940
10/25/2017	1.33	1.48	1.32	1.44	60,536	2,828,010
10/24/2017	1.47	1.48	1.32	1.33	27,386	3,125,930
10/23/2017	1.50	1.59	1.16	1.47	42,248	3,190,510
10/22/2017	1.80	1.82	1.48	1.50	35,084	2,043,010
10/21/2017	1.96	2.02	1.64	1.80	41,751	2,144,390
10/20/2017	1.93	2.06	1.78	1.97	69,244	-
10/19/2017	1.37	2.09	1.28	1.91	76,456	-
