Date	Open	High	Low	Close	Volume	Market Cap
07/15/2018	0.049686	0.066126	0.049520	0.050407	8	60,270
07/14/2018	0.044790	0.049868	0.043605	0.049698	11	54,332
07/13/2018	0.059492	0.059721	0.029337	0.044915	7	72,165
07/12/2018	0.050456	0.062618	0.004999	0.059433	13	61,204
07/11/2018	0.063532	0.064349	0.049897	0.050467	93	77,066
07/10/2018	0.066838	0.069178	0.061554	0.063530	107	81,077
07/09/2018	0.047783	0.067292	0.047621	0.066886	219	57,962
07/08/2018	0.053460	0.053567	0.047793	0.047793	22	64,849
07/07/2018	0.079192	0.079303	0.051556	0.053521	19	96,062
07/06/2018	0.051774	0.079326	0.051478	0.079326	3	62,803
07/05/2018	0.051754	0.078113	0.051401	0.051783	246	62,779
07/04/2018	0.051807	0.063001	0.051231	0.051644	83	62,843
07/03/2018	0.060448	0.069611	0.051615	0.051827	112	73,325
07/02/2018	0.047483	0.061022	0.045871	0.060596	242	57,598
07/01/2018	0.038816	0.049524	0.037679	0.047478	28	47,085
06/30/2018	0.037809	0.039319	0.037807	0.038807	178	45,863
06/29/2018	0.035756	0.038407	0.032793	0.037758	24	43,373
06/28/2018	0.037417	0.037527	0.035532	0.035733	32	45,387
06/27/2018	0.043006	0.045526	0.037315	0.037403	90	45,716
06/26/2018	0.038067	0.044067	0.034718	0.043023	84	40,467
06/25/2018	0.055057	0.056536	0.041887	0.041973	1	58,527
06/24/2018	0.037299	0.056283	0.035026	0.055164	25	39,650
06/23/2018	0.053218	0.054087	0.036337	0.037304	39	56,572
06/22/2018	0.040892	0.053366	0.032233	0.053210	30	43,469
06/21/2018	0.055577	0.063138	0.040853	0.040937	8	59,079
06/20/2018	0.041138	0.055590	0.040111	0.055565	26	43,731
06/19/2018	0.042930	0.043041	0.040822	0.041112	83	45,635
06/18/2018	0.044433	0.062271	0.042801	0.042953	100	47,234
06/17/2018	0.048987	0.049307	0.041067	0.044586	2	52,074
06/16/2018	0.044118	0.050562	0.043985	0.048871	11	46,899
06/15/2018	0.053150	0.071717	0.044036	0.044280	40	56,500
06/14/2018	0.046189	0.053447	0.044521	0.053238	55	49,100
06/13/2018	0.047768	0.048309	0.044980	0.046068	121	50,779
06/12/2018	0.065500	0.065500	0.046924	0.047358	248	69,629
06/11/2018	0.076193	0.076193	0.062185	0.065535	3	80,995
06/10/2018	0.071357	0.089588	0.070306	0.076073	71	75,854
06/09/2018	0.087982	0.104850	0.068900	0.071259	638	93,527
06/08/2018	0.131521	0.137492	0.083318	0.087990	566	139,810
06/07/2018	0.025601	0.149483	0.023287	0.131307	286	27,215
06/06/2018	0.086040	0.087329	0.021641	0.025596	680	91,463
06/05/2018	0.087015	0.094479	0.085915	0.086064	31	92,499
06/04/2018	0.127043	0.127383	0.075277	0.086973	85	135,049
06/03/2018	0.095853	0.127238	0.095427	0.126984	103	101,894
06/02/2018	0.094368	0.096577	0.094343	0.095827	208	100,315
06/01/2018	0.066436	0.067404	0.066339	0.067341	32	70,623
05/31/2018	0.069549	0.069549	0.065434	0.066388	102	73,932
05/30/2018	0.070741	0.087601	0.068028	0.069562	54	75,200
05/29/2018	0.074267	0.078581	0.069623	0.070694	38	78,948
05/28/2018	0.074861	0.076870	0.073263	0.074301	40	79,579
05/27/2018	0.065304	0.100325	0.064402	0.074843	100	69,420
05/26/2018	0.074050	0.134727	0.064937	0.065272	1,572	78,717
05/25/2018	0.078965	0.079360	0.073203	0.074148	139	83,942
05/24/2018	0.074219	0.085666	0.071949	0.078820	85	78,897
05/23/2018	0.071070	0.077292	0.069947	0.074442	35	75,550
05/22/2018	0.105142	0.162595	0.070744	0.071144	319	111,769
05/21/2018	0.107833	0.169739	0.096811	0.105168	2,064	114,629
05/20/2018	0.315048	0.315583	0.104867	0.107698	357	334,903
05/19/2018	0.117736	0.349775	0.117113	0.314782	230	125,156
05/18/2018	0.120653	0.123233	0.098597	0.117754	887	128,257
05/17/2018	0.105762	0.126335	0.103198	0.120555	190	107,139
05/16/2018	0.114555	0.120399	0.102217	0.105697	879	110,319
05/15/2018	0.112157	0.167750	0.106855	0.114594	1,178	108,010
05/14/2018	0.119834	0.128882	0.100753	0.112344	124	115,403
05/13/2018	0.141815	0.145546	0.119097	0.119855	129	136,572
05/12/2018	0.311199	0.315548	0.099923	0.141865	1,161	299,692
05/11/2018	0.104679	0.428910	0.103063	0.311747	176	100,808
05/10/2018	0.164491	0.165331	0.104454	0.104556	2,698	158,409
05/09/2018	0.162205	0.165188	0.129274	0.164537	2,203	156,208
05/08/2018	0.152151	0.166946	0.134513	0.162454	1,575	146,525
05/07/2018	0.142697	0.172745	0.137028	0.151711	565	137,420
05/06/2018	0.176528	0.178182	0.142502	0.142594	296	170,001
05/05/2018	0.169457	0.178464	0.169187	0.176409	1,688	163,191
05/04/2018	0.175456	0.175456	0.168641	0.169533	550	168,969
05/03/2018	0.135738	0.190769	0.135420	0.175525	3,031	130,719
05/02/2018	0.205235	0.213079	0.121324	0.135733	2,912	197,647
05/01/2018	0.184334	0.226905	0.126404	0.205745	1,881	177,518
04/30/2018	0.207870	0.208198	0.162163	0.184173	6,191	200,184
04/29/2018	0.199379	0.207675	0.159480	0.205790	183	192,007
04/28/2018	0.195477	0.203702	0.156919	0.191858	3,784	188,249
04/27/2018	0.168730	0.206166	0.137329	0.196150	3,397	162,491
04/26/2018	0.158727	0.168873	0.130997	0.168497	5,988	152,858
04/25/2018	0.172551	0.204833	0.157202	0.157420	3,165	166,171
04/24/2018	0.155065	0.189321	0.131328	0.173757	3,707	149,331
04/23/2018	0.183437	0.186477	0.151158	0.154933	8,875	176,654
04/22/2018	0.186804	0.187623	0.148799	0.183808	3,192	179,897
04/21/2018	0.184937	0.186804	0.146964	0.186804	1,154	178,099
04/20/2018	0.136425	0.186589	0.135483	0.184875	3,995	131,380
04/19/2018	0.130629	0.193563	0.130504	0.136335	2,845	125,799
04/18/2018	0.139598	0.164339	0.130400	0.130532	132	134,436
04/17/2018	0.149640	0.151221	0.119722	0.139474	5,280	144,107
04/16/2018	0.121223	0.149843	0.110285	0.149565	2,748	116,741
04/15/2018	0.171554	0.306086	0.112667	0.121272	1,083	165,210
04/14/2018	0.131927	0.172855	0.123381	0.171370	2,877	127,049
04/13/2018	0.131715	0.136525	0.110220	0.131927	1,980	126,844
04/12/2018	0.092171	0.132165	0.091660	0.131547	3,403	86,919
04/11/2018	0.092455	0.092834	0.076051	0.092394	546	87,188
04/10/2018	0.101609	0.101922	0.076208	0.092298	3,712	95,058
04/09/2018	0.095536	0.111136	0.089936	0.101526	1,169	89,376
04/08/2018	0.109099	0.111311	0.077294	0.095378	1,148	102,065
04/07/2018	0.072980	0.114245	0.072845	0.109000	808	68,274
04/06/2018	0.072964	0.128167	0.072255	0.072893	1,684	68,259
04/05/2018	0.090434	0.103307	0.072202	0.073338	1,497	84,604
04/04/2018	0.047487	0.094270	0.043320	0.090429	308	44,426
04/03/2018	0.093939	0.100692	0.047252	0.047520	605	87,882
04/02/2018	0.063081	0.093956	0.062427	0.093872	35	59,014
04/01/2018	0.062923	0.063821	0.058813	0.058963	12	58,866
03/31/2018	0.063061	0.066857	0.062213	0.062924	69	58,995
03/30/2018	0.089840	0.109201	0.060351	0.063056	214	84,048
03/29/2018	0.102152	0.102319	0.087444	0.090064	183	95,565
03/28/2018	0.100907	0.152091	0.100274	0.102032	220	94,401
03/27/2018	0.102834	0.165977	0.097646	0.100930	854	96,204
03/26/2018	0.101532	0.106601	0.094126	0.102989	133	93,716
03/25/2018	0.134413	0.135795	0.101153	0.101610	4	124,066
03/24/2018	0.139695	0.141818	0.135271	0.136278	235	128,941
03/23/2018	0.141221	0.141421	0.132881	0.138205	155	130,350
03/22/2018	0.146250	0.149432	0.139853	0.141224	120	134,993
03/21/2018	0.146922	0.163852	0.145190	0.146489	169	135,612
03/20/2018	0.118416	0.148673	0.106255	0.146656	64	109,301
03/19/2018	0.151319	0.155796	0.115784	0.117978	722	139,671
03/18/2018	0.128699	0.152261	0.111944	0.151937	241	118,792
03/17/2018	0.133761	0.193447	0.128622	0.128911	63	123,465
03/16/2018	0.147890	0.212291	0.133541	0.133541	14,835	136,506
03/15/2018	0.148387	0.150203	0.121526	0.147977	565	136,964
03/14/2018	0.164742	0.183325	0.143769	0.148453	18,672	150,867
03/13/2018	0.181939	0.215624	0.136519	0.164719	26,829	161,157
03/12/2018	0.235283	0.239461	0.176389	0.182989	318	208,407
03/11/2018	0.200019	0.250023	0.187268	0.236011	1,115	176,172
03/10/2018	0.185704	0.263495	0.185581	0.200689	681	163,563
03/09/2018	0.281725	0.315820	0.184370	0.185628	8,645	244,615
03/08/2018	0.128586	0.331853	0.128586	0.283288	2,957	108,433
03/07/2018	0.139453	0.141551	0.136009	0.137802	23	117,597
03/06/2018	0.230105	0.230105	0.137996	0.139634	69	194,042
03/05/2018	0.229952	0.233446	0.228375	0.230743	79	193,912
03/04/2018	0.194477	0.230120	0.133837	0.230120	126	163,997
03/03/2018	0.177412	0.195376	0.177412	0.194813	135	149,607
03/02/2018	0.228976	0.234152	0.173958	0.177629	18	193,090
03/01/2018	0.283937	0.285492	0.164825	0.229566	366	239,437
02/28/2018	0.318866	0.329340	0.157293	0.283519	174	268,892
02/27/2018	0.123843	0.324816	0.122144	0.319242	221	104,434
02/26/2018	0.112109	0.125079	0.109337	0.123486	80	94,539
02/25/2018	0.291850	0.296910	0.280485	0.288442	33	246,110
02/24/2018	0.365889	0.410868	0.282832	0.292293	706	308,544
02/23/2018	0.383951	0.399362	0.357796	0.366352	661	323,776
02/22/2018	0.402854	0.418904	0.351568	0.384310	50	339,716
02/21/2018	0.404467	0.428597	0.385340	0.403263	6	341,076
02/20/2018	0.402843	0.423887	0.400642	0.404971	928	339,707
02/19/2018	0.374580	0.405938	0.373424	0.402477	414	315,873
02/18/2018	0.400032	0.406863	0.368273	0.376309	1,168	337,337
02/17/2018	0.367578	0.401167	0.362848	0.398810	129	309,969
02/16/2018	0.363862	0.370463	0.351540	0.367662	68	306,835
02/15/2018	0.445324	0.459419	0.343325	0.365423	646	375,530
02/14/2018	0.314864	0.451963	0.314864	0.445082	721	265,516
02/13/2018	0.338106	0.339645	0.302619	0.315805	110	285,116
02/12/2018	0.404507	0.426851	0.302235	0.337492	400	341,110
02/11/2018	0.308902	0.430956	0.294722	0.401945	93	260,489
02/10/2018	0.313842	0.326982	0.295545	0.309166	80	264,655
02/09/2018	0.297757	0.314977	0.280799	0.313613	123	251,091
02/08/2018	0.303534	0.349189	0.290892	0.296844	319	255,962
02/07/2018	0.422258	0.453665	0.304122	0.304753	397	356,079
02/06/2018	0.332614	0.430460	0.228838	0.426525	82	280,484
02/05/2018	0.449886	0.459180	0.323793	0.331955	446	379,377
02/04/2018	0.561161	0.561161	0.309189	0.454292	449	473,212
02/03/2018	0.632475	0.632475	0.471798	0.561286	460	533,350
02/02/2018	0.454073	0.654865	0.399294	0.629886	711	382,908
02/01/2018	0.459805	0.590995	0.362792	0.455012	834	387,741
01/31/2018	0.588988	0.606955	0.446647	0.458738	564	496,678
01/30/2018	0.571187	0.649182	0.444553	0.588065	848	481,667
01/29/2018	0.592869	0.731187	0.547046	0.570999	441	499,951
01/28/2018	0.849439	0.871490	0.582554	0.593435	1,886	690,911
01/27/2018	0.834092	0.862750	0.546733	0.845114	578	653,406
01/26/2018	0.792385	0.903536	0.474483	0.834647	683	620,734
01/25/2018	0.952894	0.975586	0.776103	0.794497	196	746,472
01/24/2018	0.465789	0.937470	0.396597	0.937470	2,313	364,887
01/23/2018	1.06	1.06	0.436334	0.851331	1,308	831,302
01/22/2018	1.10	1.18	0.432453	1.06	760	863,045
01/21/2018	1.04	1.35	0.706082	1.09	947	805,963
01/20/2018	0.730385	1.46	0.730385	1.03	1,092	544,227
01/19/2018	0.394407	1.30	0.394407	0.724011	1,687	293,882
01/18/2018	0.574196	0.931211	0.354257	0.398560	2,575	427,847
01/17/2018	0.897551	0.910585	0.558728	0.571652	2,748	668,787
01/16/2018	1.09	1.09	0.656198	0.902129	1,364	814,271
01/15/2018	1.21	1.63	1.07	1.09	8,008	886,447
01/14/2018	1.51	1.69	1.19	1.21	6,392	1,109,150
01/13/2018	2.13	2.18	1.50	1.51	6,195	1,566,900
01/12/2018	1.82	2.14	1.57	2.13	6,121	1,335,320
01/11/2018	1.63	1.99	1.56	1.80	21,414	1,201,250
01/10/2018	1.90	1.98	1.58	1.64	7,518	1,395,690
01/09/2018	2.18	2.20	1.63	1.90	16,124	1,603,480
01/08/2018	2.25	2.31	1.91	2.20	25,048	1,653,770
01/07/2018	2.26	2.58	1.47	2.15	18,357	1,551,620
01/06/2018	2.02	2.27	1.43	2.27	149,560	1,384,640
01/05/2018	1.35	2.04	0.714054	2.02	96,964	925,196
01/04/2018	0.604484	1.62	0.444775	1.35	14,185	414,146
01/03/2018	0.920170	1.11	0.595411	0.601206	5,373	630,431
01/02/2018	1.05	1.24	0.609167	0.923716	17,002	721,848
01/01/2018	0.416124	1.08	0.391275	1.05	57,518	280,900
12/31/2017	0.404844	0.510126	0.401024	0.414964	6,396	216,607
12/30/2017	0.422056	0.493125	0.359822	0.408990	1,413	225,816
12/29/2017	0.506311	0.529702	0.410235	0.423014	3,792	225,378
12/28/2017	0.459204	0.553663	0.453811	0.501154	9,804	204,409
12/27/2017	0.554295	0.589064	0.423912	0.460112	1,774	-
12/26/2017	0.417889	0.573958	0.416179	0.553894	7,315	-
12/25/2017	0.352173	0.418317	0.148266	0.418317	848	-
12/24/2017	0.266940	0.362245	0.236128	0.348553	467	-
12/23/2017	0.341294	0.469736	0.068387	0.264015	1,303	-
12/22/2017	0.188556	0.366940	0.028615	0.338101	727	-
12/21/2017	0.407960	0.414972	0.182922	0.187905	332	-
12/20/2017	0.440116	0.470751	0.400690	0.406895	4,022	-
12/19/2017	0.517315	0.625997	0.374366	0.440550	8,408	-
12/18/2017	0.404753	0.702310	0.402023	0.516786	1,543	-
12/17/2017	1.56	1.56	0.213091	0.405809	6,229	-
12/16/2017	0.414119	3.28	0.117173	1.56	10,968	-
12/15/2017	0.414931	0.416154	0.409637	0.413670	14,309	-
