Date	Open	High	Low	Close	Volume	Market Cap
07/15/2018	0.619172	0.635642	0.617114	0.631539	185,816	3,868,130
07/14/2018	0.637831	0.648681	0.603995	0.619327	185,556	3,984,700
07/13/2018	0.636080	0.649851	0.601609	0.639606	187,012	3,973,760
07/12/2018	0.642118	0.656621	0.590866	0.635638	157,418	4,011,480
07/11/2018	0.625332	0.660123	0.609523	0.642259	187,272	3,906,620
07/10/2018	0.646390	0.659070	0.554216	0.621648	166,716	4,038,170
07/09/2018	0.653284	0.653362	0.600771	0.646845	161,789	4,081,240
07/08/2018	0.669235	0.702462	0.636580	0.653492	187,921	4,180,890
07/07/2018	0.694447	0.699073	0.656416	0.669989	211,270	4,338,400
07/06/2018	0.686860	0.695624	0.659201	0.695624	205,926	4,291,000
07/05/2018	0.641194	0.727482	0.619902	0.686970	149,830	4,005,710
07/04/2018	0.580991	0.658595	0.567697	0.639831	204,505	3,629,610
07/03/2018	0.597958	0.605479	0.567163	0.581214	191,731	3,735,600
07/02/2018	0.599927	0.624459	0.545361	0.600768	197,277	3,747,900
07/01/2018	0.608959	0.622817	0.566620	0.599859	193,811	3,804,330
06/30/2018	0.564872	0.624514	0.533486	0.608820	181,284	3,528,910
06/29/2018	0.575575	0.578629	0.499250	0.564110	153,135	3,595,770
06/28/2018	0.548145	0.610617	0.540002	0.575208	120,483	3,424,410
06/27/2018	0.523234	0.554741	0.519818	0.547949	181,258	3,268,780
06/26/2018	0.545010	0.546193	0.522954	0.523446	174,242	3,404,820
06/25/2018	0.540025	0.568414	0.522704	0.545010	151,938	3,373,680
06/24/2018	0.586779	0.587732	0.492782	0.541069	90,742	3,665,760
06/23/2018	0.599282	0.609015	0.579428	0.586858	99,543	3,743,880
06/22/2018	0.657990	0.659806	0.588651	0.599203	98,352	4,110,640
06/21/2018	0.693477	0.693511	0.656477	0.658718	63,712	4,332,330
06/20/2018	0.671132	0.707607	0.654383	0.693344	104,036	4,192,740
06/19/2018	0.674137	0.685161	0.658660	0.670718	102,071	4,211,510
06/18/2018	0.666477	0.682607	0.642493	0.674500	103,396	4,163,660
06/17/2018	0.694599	0.694599	0.659196	0.668753	90,892	4,339,350
06/16/2018	0.650366	0.701079	0.641214	0.692523	79,406	4,063,010
06/15/2018	0.663611	0.664405	0.632757	0.652727	102,215	4,145,750
06/14/2018	0.631778	0.664867	0.614938	0.664839	93,287	3,946,890
06/13/2018	0.663222	0.723545	0.606146	0.632053	104,841	4,143,330
06/12/2018	0.683790	0.753010	0.650963	0.661509	194,481	4,271,820
06/11/2018	0.654004	0.733848	0.650227	0.684152	155,307	4,085,740
06/10/2018	0.753068	0.753068	0.647864	0.653071	190,883	4,704,620
06/09/2018	0.763333	0.770324	0.752121	0.752121	213,144	4,768,740
06/08/2018	0.751325	0.783859	0.736871	0.763658	209,101	4,693,730
06/07/2018	0.816271	0.826010	0.746251	0.750753	201,864	5,099,460
06/06/2018	0.804394	0.828400	0.787735	0.815521	203,400	5,025,260
06/05/2018	0.826875	0.829908	0.784619	0.804611	207,890	5,165,710
06/04/2018	0.884239	0.907408	0.809779	0.826478	187,859	5,524,080
06/03/2018	0.823778	0.908303	0.793256	0.879131	199,879	5,146,360
06/02/2018	0.813327	0.829892	0.812341	0.823556	193,500	5,081,070
06/01/2018	0.813675	0.840268	0.789853	0.813679	204,106	5,083,250
05/31/2018	0.868742	0.893847	0.803285	0.813079	246,320	5,427,270
05/30/2018	0.886981	0.897191	0.826600	0.868905	210,506	5,541,210
05/29/2018	0.772888	0.888516	0.769363	0.886384	189,974	4,828,440
05/28/2018	0.825861	0.835810	0.772040	0.773151	201,019	5,159,370
05/27/2018	0.854311	0.948502	0.800601	0.825668	215,807	5,337,110
05/26/2018	0.864518	0.887836	0.835033	0.849536	169,388	5,400,870
05/25/2018	0.841396	0.973450	0.840637	0.865650	170,407	5,256,420
05/24/2018	0.913325	0.927791	0.765147	0.839820	197,792	5,705,780
05/23/2018	0.946859	0.969860	0.890288	0.915663	115,866	5,915,280
05/22/2018	1.01	1.10	0.943690	0.947849	160,482	6,317,350
05/21/2018	1.03	1.05	1.00	1.01	164,356	6,424,260
05/20/2018	1.03	1.05	1.01	1.03	196,018	6,404,780
05/19/2018	1.01	1.05	0.984887	1.02	125,204	6,288,280
05/18/2018	1.02	1.02	0.966604	1.00	167,062	6,361,670
05/17/2018	1.09	1.09	1.01	1.02	182,392	6,791,670
05/16/2018	1.06	1.12	1.02	1.09	189,646	6,644,970
05/15/2018	1.09	1.24	1.02	1.06	147,002	6,826,020
05/14/2018	1.24	1.24	1.08	1.09	128,766	7,729,910
05/13/2018	1.12	1.28	1.05	1.24	78,121	6,984,330
05/12/2018	1.13	1.22	1.01	1.12	190,685	7,071,170
05/11/2018	1.06	1.15	0.929197	1.14	126,607	6,626,220
05/10/2018	1.08	1.12	1.06	1.06	119,805	6,733,090
05/09/2018	1.07	1.10	1.04	1.08	148,811	6,699,100
05/08/2018	1.12	1.17	1.06	1.07	66,770	7,022,540
05/07/2018	1.10	1.16	1.04	1.12	132,405	6,880,940
05/06/2018	1.21	1.22	1.07	1.10	89,591	7,540,700
05/05/2018	1.16	1.22	1.10	1.21	132,786	7,242,300
05/04/2018	1.16	1.18	1.09	1.16	160,894	7,246,900
05/03/2018	1.09	1.16	0.979554	1.16	223,854	6,825,690
05/02/2018	1.04	1.12	1.03	1.10	195,089	6,528,040
05/01/2018	1.02	1.08	0.952187	1.05	61,112	6,355,500
04/30/2018	1.01	1.08	0.977769	1.02	138,883	6,284,280
04/29/2018	1.01	1.07	0.984459	1.01	105,352	6,301,720
04/28/2018	1.01	1.12	0.935049	1.01	57,053	6,281,780
04/27/2018	1.02	1.14	1.00	1.01	70,318	6,397,670
04/26/2018	0.906640	1.06	0.883327	1.02	103,472	5,664,020
04/25/2018	0.959154	0.989035	0.881705	0.899185	110,053	5,992,090
04/24/2018	0.972787	1.03	0.926832	0.965677	143,922	6,077,260
04/23/2018	0.941386	0.980887	0.927327	0.971966	125,883	5,881,090
04/22/2018	0.962116	0.962116	0.901953	0.943295	110,380	6,010,590
04/21/2018	0.911265	0.966885	0.904845	0.962116	134,232	5,692,920
04/20/2018	0.867975	0.928362	0.853892	0.910969	71,067	5,422,470
04/19/2018	0.802629	0.870040	0.801861	0.867409	123,683	5,014,240
04/18/2018	0.783061	0.841336	0.782007	0.802035	103,226	4,891,990
04/17/2018	0.804666	0.844522	0.778062	0.782337	77,712	5,026,960
04/16/2018	0.791225	0.807153	0.750816	0.804260	104,623	4,942,990
04/15/2018	0.761552	0.933314	0.723193	0.791439	123,349	4,757,620
04/14/2018	0.792026	0.887100	0.759097	0.760777	15,637	4,948,000
04/13/2018	0.789720	0.903270	0.752229	0.760465	28,284	4,933,590
04/12/2018	0.698192	0.794791	0.608435	0.780940	50,102	4,361,790
04/11/2018	0.709274	0.747936	0.683578	0.699998	24,783	4,431,020
04/10/2018	0.763241	0.783687	0.679155	0.708440	25,897	4,768,170
04/09/2018	0.797470	0.856842	0.727819	0.762577	61,578	4,982,010
04/08/2018	0.862662	0.862662	0.779762	0.796180	246,005	5,389,280
04/07/2018	0.752905	0.891401	0.710946	0.861933	12,503	4,703,600
04/06/2018	0.872409	0.881500	0.675523	0.714082	213,142	5,450,180
04/05/2018	0.863266	0.879177	0.793934	0.876876	216,280	5,393,060
04/04/2018	0.976306	0.999882	0.817258	0.862906	225,072	6,099,250
04/03/2018	0.813347	1.04	0.810716	0.976963	284,739	5,081,200
04/02/2018	0.836759	0.914037	0.796046	0.812766	280,939	5,227,450
04/01/2018	0.877387	0.889913	0.792796	0.832662	226,717	5,481,270
03/31/2018	0.887485	0.919922	0.839676	0.877413	198,247	5,544,360
03/30/2018	0.778719	0.898422	0.727359	0.887355	189,218	4,864,860
03/29/2018	0.857925	0.877606	0.756533	0.780660	229,608	5,359,690
03/28/2018	0.848707	0.919232	0.844013	0.856921	241,609	5,302,100
03/27/2018	0.978965	0.982821	0.847815	0.848901	213,684	6,115,850
03/26/2018	1.05	1.09	0.895027	0.980439	209,849	6,560,230
03/25/2018	0.979118	1.12	0.938408	1.05	190,547	6,116,810
03/24/2018	0.940851	1.02	0.895144	0.992758	228,555	5,877,750
03/23/2018	0.903246	0.918469	0.838780	0.918469	309,734	5,642,820
03/22/2018	0.890838	0.932748	0.853300	0.903268	267,619	5,565,300
03/21/2018	0.920581	0.951757	0.884066	0.892459	152,743	5,751,120
03/20/2018	0.880023	0.934788	0.821777	0.918902	159,019	5,497,740
03/19/2018	0.819146	0.930080	0.819146	0.870358	195,808	5,117,420
03/18/2018	0.806210	0.873866	0.719674	0.822610	118,012	5,036,610
03/17/2018	0.856822	0.869732	0.799690	0.808158	120,327	5,352,800
03/16/2018	0.867416	0.966442	0.834772	0.855416	211,496	5,418,980
03/15/2018	0.902775	0.925611	0.813726	0.891281	216,744	5,639,870
03/14/2018	0.968736	1.05	0.879607	0.903178	214,082	6,051,950
03/13/2018	0.958481	1.06	0.942403	0.968601	201,716	5,987,880
03/12/2018	0.973332	1.11	0.953331	0.963997	219,771	6,080,660
03/11/2018	0.908829	1.03	0.878157	0.976404	280,768	5,677,700
03/10/2018	1.02	1.08	0.898921	0.911974	225,110	6,395,250
03/09/2018	0.954926	1.06	0.855282	1.02	162,901	5,965,680
03/08/2018	1.09	1.15	0.954614	0.960908	79,043	6,798,410
03/07/2018	1.07	1.29	0.958501	1.09	238,967	6,662,860
03/06/2018	1.15	1.19	1.06	1.07	239,379	7,177,210
03/05/2018	1.22	1.24	1.13	1.13	8,375	7,613,590
03/04/2018	1.15	1.26	1.14	1.22	223,960	7,175,520
03/03/2018	1.11	1.20	1.11	1.15	132,259	6,940,470
03/02/2018	1.10	1.18	1.09	1.11	221,867	6,883,950
03/01/2018	1.11	1.21	1.10	1.10	227,256	6,958,120
02/28/2018	1.19	1.25	1.11	1.11	213,967	7,420,110
02/27/2018	1.10	1.34	1.08	1.19	210,571	6,860,420
02/26/2018	1.03	1.12	0.991255	1.09	144,909	6,407,150
02/25/2018	0.969103	1.03	0.938818	0.992711	230,126	6,054,240
02/24/2018	1.10	1.11	0.951120	0.970598	72,444	6,841,330
02/23/2018	1.00	1.10	0.979542	1.10	171,594	6,264,820
02/22/2018	1.18	1.19	0.988172	1.00	197,424	7,392,830
02/21/2018	1.05	1.26	0.993286	1.18	215,226	6,535,190
02/20/2018	1.11	1.21	1.04	1.05	175,009	6,948,080
02/19/2018	1.07	1.20	1.06	1.11	115,032	6,658,460
02/18/2018	1.15	1.19	1.01	1.06	94,934	7,163,490
02/17/2018	1.10	1.16	1.06	1.10	127,506	6,859,560
02/16/2018	1.13	1.15	1.01	1.10	214,486	7,041,730
02/15/2018	1.02	1.13	1.01	1.08	192,131	6,390,370
02/14/2018	0.912044	1.14	0.885479	1.02	149,572	5,697,790
02/13/2018	0.988988	0.993141	0.826036	0.914742	94,859	6,178,470
02/12/2018	0.896610	1.25	0.873696	0.987309	13,938	5,601,360
02/11/2018	0.944217	0.984532	0.867046	0.895933	45,046	5,898,770
02/10/2018	0.956949	1.01	0.923739	0.945325	13,412	5,978,310
02/09/2018	0.997574	1.02	0.873737	0.956398	96,464	6,232,110
02/08/2018	0.792021	0.991313	0.772133	0.981663	187,640	4,947,970
02/07/2018	0.860591	0.974045	0.728743	0.795114	92,424	5,376,340
02/06/2018	0.852020	1.41	0.403769	0.866851	202,862	5,322,800
02/05/2018	1.09	1.11	0.769097	0.850763	16,610	6,778,550
02/04/2018	1.37	1.37	1.06	1.10	9,311	8,588,950
02/03/2018	1.20	1.55	1.10	1.37	244,375	7,507,420
02/02/2018	1.35	1.35	0.928257	1.20	35,067	8,416,670
02/01/2018	1.56	1.57	1.18	1.35	105,359	9,736,080
01/31/2018	1.54	1.63	1.48	1.55	151,791	9,601,980
01/30/2018	1.71	1.79	1.45	1.53	144,524	10,656,000
01/29/2018	1.88	1.96	1.69	1.71	183,336	11,737,600
01/28/2018	1.66	2.17	1.61	1.87	226,860	10,365,800
01/27/2018	1.41	2.34	1.37	1.67	322,594	8,785,980
01/26/2018	1.51	1.61	1.29	1.41	113,026	9,409,780
01/25/2018	1.68	1.85	1.33	1.51	225,579	10,508,700
01/24/2018	1.44	1.84	1.31	1.66	202,636	9,019,600
01/23/2018	1.77	1.85	1.42	1.44	157,891	11,026,500
01/22/2018	1.66	1.86	1.42	1.77	74,842	10,387,400
01/21/2018	1.99	2.10	1.50	1.65	108,108	12,450,800
01/20/2018	1.85	2.13	1.63	1.99	112,517	11,588,000
01/19/2018	1.94	2.02	1.71	1.83	86,044	12,121,000
01/18/2018	2.20	2.34	1.82	1.96	105,574	13,743,200
01/17/2018	1.95	2.39	1.48	2.19	108,454	12,167,400
01/16/2018	2.01	2.06	1.26	1.96	208,769	12,537,000
01/15/2018	2.52	2.63	1.91	2.00	183,428	15,773,200
01/14/2018	2.75	2.81	1.79	2.46	316,339	17,195,600
01/13/2018	3.24	3.44	2.38	2.75	360,984	20,260,300
01/12/2018	3.20	3.53	2.78	3.25	335,374	19,998,300
01/11/2018	4.46	4.66	3.07	3.17	494,184	27,886,100
01/10/2018	5.32	5.32	3.84	4.47	711,029	33,239,100
01/09/2018	4.73	5.46	4.27	5.27	1,189,610	29,573,100
01/08/2018	3.61	5.48	3.08	4.86	1,714,870	22,531,600
01/07/2018	2.57	3.96	2.42	3.61	1,217,790	16,043,800
01/06/2018	2.19	2.64	1.94	2.57	527,021	13,703,300
01/05/2018	2.56	2.96	0.974587	2.19	1,103,320	16,018,900
01/04/2018	1.70	2.62	1.70	2.54	2,647,370	10,594,700
01/03/2018	1.99	2.38	1.41	1.69	619,334	12,426,700
01/02/2018	2.40	2.51	1.93	1.99	250,155	14,995,800
01/01/2018	1.71	2.69	1.69	2.40	690,205	10,673,700
12/31/2017	1.89	1.92	1.51	1.71	707,952	11,831,800
12/30/2017	2.44	2.77	1.70	1.91	596,062	15,259,000
12/29/2017	3.60	4.38	1.33	2.16	409,285	22,470,200
12/28/2017	3.98	3.98	1.74	3.58	149,953	24,854,200
12/27/2017	4.13	4.50	1.36	3.98	44,287	25,803,100
12/26/2017	1.48	6.49	1.23	4.13	18,393	9,216,360
12/25/2017	1.45	1.62	1.35	1.48	6,686	9,078,040
12/24/2017	1.54	1.60	1.30	1.44	16,311	9,600,440
12/23/2017	1.49	2.03	1.21	1.52	11,770	9,335,480
12/22/2017	1.22	1.60	0.952520	1.48	9,305	7,604,440
12/21/2017	1.19	1.42	1.06	1.21	1,990	7,429,210
12/20/2017	0.896477	1.19	0.794252	1.19	5,865	5,600,530
12/19/2017	0.756212	1.00	0.740180	0.897518	26,597	4,724,260
12/18/2017	0.732603	0.885588	0.698203	0.785358	17,441	4,576,760
12/17/2017	0.708565	0.856036	0.707391	0.733567	22,984	4,426,590
12/16/2017	0.684604	0.722588	0.609149	0.680308	15,907	4,276,900
12/15/2017	0.813369	0.840105	0.430037	0.683323	9,991	5,081,330
12/14/2017	0.876409	1.09	0.776041	0.812877	8,474	5,475,160
12/13/2017	0.925007	1.12	0.739177	0.876865	15,690	5,778,770
12/12/2017	0.977055	1.34	0.779875	0.924374	4,647	6,103,930
12/11/2017	0.832039	1.76	0.831067	0.983362	40,665	5,197,970
12/10/2017	0.670012	0.952639	0.608912	0.831102	8,784	4,185,740
12/09/2017	0.927706	1.01	0.665917	0.946660	3,636	5,795,630
12/08/2017	0.750866	0.932596	0.628462	0.927729	22,360	4,690,860
12/07/2017	0.561072	0.905964	0.512173	0.749776	8,173	3,505,170
12/06/2017	0.618032	0.618032	0.466760	0.563029	680	3,861,010
12/05/2017	0.582984	0.646629	0.576033	0.619120	2,567	3,642,060
12/04/2017	0.509398	0.582685	0.452166	0.582685	10,822	3,182,350
12/03/2017	0.509937	0.597512	0.498389	0.513131	7,471	3,185,710
12/02/2017	0.508026	0.572924	0.504295	0.509764	4,465	3,173,770
12/01/2017	0.567127	0.594689	0.451492	0.508040	4,290	3,542,990
11/30/2017	0.428058	0.580346	0.426046	0.568537	6,901	2,674,190
11/29/2017	0.419626	0.651952	0.377461	0.422646	7,606	2,621,520
11/28/2017	0.612461	0.662563	0.418938	0.419290	15,156	3,826,210
11/27/2017	0.533150	0.702173	0.520506	0.613301	3,167	3,330,730
11/26/2017	0.567336	0.699903	0.514967	0.533282	1,045	3,544,300
11/25/2017	0.704983	0.730887	0.566272	0.567318	9,156	4,404,220
11/24/2017	0.503462	1.20	0.494077	0.705099	10,678	3,145,260
11/23/2017	0.433691	0.616742	0.415256	0.505995	3,739	2,709,380
11/22/2017	0.577583	0.644482	0.416682	0.432696	3,646	3,608,310
11/21/2017	0.562421	0.596849	0.393259	0.576845	3,448	3,513,590
11/20/2017	0.595701	0.730317	0.563307	0.563307	693	3,721,500
11/19/2017	0.558285	0.609082	0.523378	0.596342	5,324	3,487,760
11/18/2017	0.543628	0.598889	0.539021	0.559731	2,902	3,396,190
11/17/2017	0.534348	0.560750	0.523155	0.545103	4,127	3,338,210
11/16/2017	0.720746	0.754913	0.522885	0.534924	3,443	4,502,690
11/15/2017	0.647621	0.722709	0.573405	0.717067	1,909	4,045,860
11/14/2017	0.655881	0.718774	0.594698	0.647180	3,567	4,097,460
11/13/2017	0.627598	0.705499	0.577609	0.654567	5,906	3,920,770
11/12/2017	0.703007	0.709433	0.562256	0.626648	4,324	4,391,870
11/11/2017	0.639155	0.710270	0.598628	0.703503	24,555	3,992,970
11/10/2017	0.627599	0.696989	0.424853	0.604462	15,872	3,920,780
11/09/2017	0.879093	0.879093	0.614181	0.626422	8,961	5,491,930
11/08/2017	0.789343	0.921565	0.738480	0.880456	12,575	4,931,240
11/07/2017	0.630622	0.791166	0.622516	0.791166	3,796	3,939,660
11/06/2017	0.640747	0.798284	0.624448	0.631482	2,821	4,002,920
11/05/2017	0.733185	0.793551	0.632422	0.639341	2,259	4,580,400
11/04/2017	0.781215	0.800680	0.728714	0.734512	3,701	4,880,460
11/03/2017	0.733248	0.857206	0.730985	0.783250	2,002	4,580,800
11/02/2017	0.781456	0.799474	0.628203	0.733215	2,473	4,881,970
11/01/2017	0.772816	0.897057	0.528972	0.780507	5,966	4,827,990
10/31/2017	0.929300	0.985338	0.702733	0.773385	9,589	5,805,590
10/30/2017	0.963457	0.966222	0.887980	0.931998	2,757	6,018,970
10/29/2017	0.881379	0.998035	0.747534	0.968634	2,041	5,506,210
10/28/2017	0.983632	1.04	0.873806	0.882456	12,223	6,145,010
10/27/2017	0.951977	0.983060	0.848724	0.981291	7,558	5,947,250
10/26/2017	1.05	1.07	0.701578	0.951796	12,373	6,560,400
10/25/2017	0.826857	1.05	0.794446	1.05	7,376	5,165,600
10/24/2017	0.819781	0.943777	0.793126	0.826468	10,905	5,121,390
10/23/2017	0.958707	1.02	0.804974	0.821560	8,001	5,989,300
10/22/2017	1.09	1.11	0.707765	0.960332	117,789	6,802,140
10/21/2017	1.13	1.17	1.07	1.09	158,829	7,047,050
10/20/2017	1.02	1.14	1.01	1.12	201,244	6,388,500
10/19/2017	0.955284	1.04	0.941758	1.02	165,085	5,967,910
10/18/2017	0.828877	1.02	0.809114	0.954814	225,456	5,178,210
10/17/2017	0.807553	0.863003	0.784785	0.828834	182,579	5,045,000
10/16/2017	0.807502	0.811752	0.730464	0.807210	9,495	5,044,680
10/15/2017	0.610292	0.819286	0.561334	0.807200	10,961	3,812,660
10/14/2017	0.685358	0.685358	0.508432	0.609201	7,002	4,281,610
10/13/2017	0.840683	0.846144	0.670860	0.685172	43,560	5,251,970
10/12/2017	0.748698	0.838137	0.742083	0.838137	79,251	4,677,320
10/11/2017	0.737739	0.817041	0.718762	0.748113	79,881	4,608,850
10/10/2017	0.717511	1.19	0.717511	0.737861	27,109	4,482,480
10/09/2017	0.663136	0.723968	0.655029	0.717583	11,756	4,142,790
10/08/2017	0.619682	0.702242	0.619587	0.661569	14,445	3,871,320
10/07/2017	0.647048	0.688174	0.610746	0.620769	4,865	4,042,280
10/06/2017	0.648081	0.740356	0.617540	0.639245	20,934	4,048,740
10/05/2017	0.737156	0.902510	0.682206	0.713287	70,747	4,605,210
10/04/2017	0.660038	0.846979	0.656310	0.735515	27,158	4,123,430
10/03/2017	0.680226	2.90	0.619631	0.655410	25,988	4,249,560
10/02/2017	0.640091	1.05	0.639482	0.680108	18,660	3,998,820
10/01/2017	0.629126	0.694984	0.595043	0.640355	3,173	3,930,320
09/30/2017	0.621466	0.679666	0.601337	0.628795	2,352	3,882,460
09/29/2017	0.553971	0.747126	0.529841	0.621384	29,483	3,460,800
09/28/2017	0.501539	0.702523	0.492342	0.554555	9,487	3,133,250
09/27/2017	0.476863	0.570658	0.454497	0.501676	6,298	2,979,090
09/26/2017	0.597649	0.734453	0.388905	0.478160	14,309	3,733,680
09/25/2017	0.571642	0.696959	0.433329	0.597749	8,048	3,571,200
09/24/2017	0.881199	0.925808	0.557261	0.572124	1,753	5,505,080
09/23/2017	0.795136	0.928807	0.591010	0.907547	4,989	4,967,420
09/22/2017	0.780773	1.11	0.653070	0.796957	9,347	4,877,700
09/21/2017	0.933037	1.09	0.781314	0.781765	27,302	5,828,930
09/20/2017	0.951040	1.09	0.752845	1.08	24,024	5,941,400
09/19/2017	0.852240	1.02	0.687136	0.952075	11,635	5,324,170
09/18/2017	0.704230	0.874456	0.694724	0.849796	12,013	4,399,520
09/17/2017	0.698822	0.722510	0.595447	0.704856	667	4,365,730
09/16/2017	0.725993	0.765280	0.670662	0.697731	992	4,535,470
09/15/2017	0.612450	0.759025	0.470190	0.719898	3,863	3,826,140
09/14/2017	0.772920	0.783625	0.473505	0.608151	23,108	4,828,640
09/13/2017	0.766765	0.799288	0.675701	0.773049	5,424	4,790,190
09/12/2017	0.755770	0.845898	0.704784	0.766513	7,173	4,721,490
09/11/2017	0.749307	0.956727	0.602364	0.755921	6,111	4,681,120
09/10/2017	0.958562	0.958562	0.567344	0.747157	240	5,988,390
09/09/2017	0.980658	1.06	0.208993	0.958620	2,775	6,126,430
09/08/2017	0.947636	1.14	0.671399	0.978947	25,178	5,920,140
09/07/2017	1.15	1.15	0.935136	0.948363	6,549	7,193,860
09/06/2017	1.05	1.15	0.955056	1.15	22,030	6,566,210
09/05/2017	1.05	1.14	0.800467	1.06	16,429	6,587,510
09/04/2017	1.11	1.18	1.02	1.06	21,940	6,932,210
09/03/2017	0.949346	1.43	0.949346	1.11	10,439	5,930,820
09/02/2017	1.27	1.37	0.934905	0.947030	18,461	7,949,000
09/01/2017	1.24	1.41	1.24	1.27	31,503	7,744,780
08/31/2017	1.30	1.37	1.21	1.24	22,468	8,148,320
08/30/2017	1.51	1.57	1.17	1.31	15,669	9,428,830
08/29/2017	1.21	1.58	1.16	1.51	33,119	7,578,250
08/28/2017	1.18	1.35	1.15	1.21	20,867	7,381,720
08/27/2017	1.30	1.40	1.13	1.18	46,073	8,130,520
08/26/2017	1.38	1.41	0.771383	1.30	41,551	8,593,500
08/25/2017	1.67	1.67	1.31	1.37	48,458	10,404,000
08/24/2017	1.89	2.37	1.41	1.67	89,721	-
08/23/2017	1.31	2.08	1.29	1.88	133,868	-
