Date	Open	High	Low	Close	Volume	Market Cap
07/15/2018	0.037348	0.037793	0.037256	0.037577	95,009	3,441,550
07/14/2018	0.036875	0.037431	0.036255	0.037364	88,488	3,397,970
07/13/2018	0.036947	0.037069	0.036180	0.036861	111,980	3,404,600
07/12/2018	0.039048	0.039067	0.036601	0.036859	110,824	3,598,210
07/11/2018	0.038008	0.041220	0.037527	0.039050	117,992	3,502,350
07/10/2018	0.041529	0.041726	0.037991	0.037991	107,327	3,826,770
07/09/2018	0.044286	0.044387	0.041497	0.041605	119,738	4,080,850
07/08/2018	0.045186	0.045490	0.044215	0.044285	115,543	4,163,730
07/07/2018	0.043676	0.045144	0.043290	0.045144	117,026	4,024,620
07/06/2018	0.044371	0.044392	0.043154	0.043709	112,743	4,088,660
07/05/2018	0.044228	0.045073	0.043859	0.044378	116,449	4,075,480
07/04/2018	0.046051	0.046174	0.042266	0.044102	105,821	4,243,440
07/03/2018	0.046475	0.047228	0.045902	0.046052	103,767	4,282,560
07/02/2018	0.044583	0.046684	0.044170	0.046538	111,895	4,108,230
07/01/2018	0.044702	0.044960	0.044075	0.044599	102,398	4,119,170
06/30/2018	0.044009	0.046118	0.044009	0.044779	102,520	4,055,350
06/29/2018	0.041662	0.044353	0.041317	0.043976	99,622	3,839,070
06/28/2018	0.044431	0.044565	0.041470	0.041604	100,066	4,094,190
06/27/2018	0.043686	0.044586	0.043274	0.044397	104,522	4,025,560
06/26/2018	0.045957	0.046067	0.043630	0.043665	97,554	4,234,820
06/25/2018	0.046279	0.047329	0.045524	0.045956	111,870	4,264,470
06/24/2018	0.046519	0.046602	0.041893	0.046374	103,052	4,286,580
06/23/2018	0.046010	0.046981	0.045789	0.046531	109,951	4,239,690
06/22/2018	0.049506	0.049506	0.044624	0.045991	115,571	4,561,810
06/21/2018	0.050056	0.050524	0.049380	0.049527	115,628	4,612,530
06/20/2018	0.051050	0.051050	0.048907	0.050064	127,084	4,704,110
06/19/2018	0.050607	0.051682	0.050404	0.050959	123,152	4,663,350
06/18/2018	0.049641	0.050762	0.048718	0.050626	103,347	4,574,300
06/17/2018	0.049976	0.050510	0.049327	0.049772	114,962	4,605,200
06/16/2018	0.049573	0.050352	0.048685	0.049966	121,277	4,568,060
06/15/2018	0.049709	0.050433	0.049275	0.049674	97,761	4,580,550
06/14/2018	0.047294	0.050638	0.047063	0.049737	99,342	4,358,050
06/13/2018	0.050304	0.050592	0.046673	0.047277	124,951	4,635,360
06/12/2018	0.053260	0.053295	0.049743	0.050193	123,915	4,907,730
06/11/2018	0.050842	0.053388	0.050219	0.053238	113,553	4,684,940
06/10/2018	0.061254	0.061254	0.049932	0.050786	141,450	5,644,390
06/09/2018	0.063224	0.063644	0.061119	0.061119	164,978	5,825,900
06/08/2018	0.068784	0.069044	0.061745	0.063230	213,433	6,338,270
06/07/2018	0.072514	0.073691	0.068235	0.068704	201,322	6,681,950
06/06/2018	0.075049	0.075596	0.071441	0.072489	177,988	6,915,610
06/05/2018	0.080900	0.081082	0.070411	0.075093	249,125	7,454,770
06/04/2018	0.078632	0.088305	0.078632	0.080879	252,313	7,245,740
06/03/2018	0.077945	0.082785	0.077780	0.078648	200,361	7,182,430
06/02/2018	0.075121	0.078176	0.074676	0.078176	181,060	6,922,220
06/01/2018	0.080712	0.080824	0.073498	0.075141	191,078	7,437,450
05/31/2018	0.070630	0.081515	0.069927	0.080634	261,369	6,508,380
05/30/2018	0.075426	0.075571	0.068753	0.070163	219,652	6,950,280
05/29/2018	0.078191	0.079306	0.072865	0.075475	235,434	7,205,150
05/28/2018	0.089762	0.089884	0.077029	0.078251	234,693	8,271,370
05/27/2018	0.093310	0.094354	0.087097	0.089631	208,172	8,598,290
05/26/2018	0.099163	0.105456	0.086175	0.092453	710,713	9,137,650
05/25/2018	0.164642	0.166506	0.096632	0.098513	571,021	15,171,400
05/24/2018	0.166035	0.171299	0.159985	0.164559	177,083	15,299,700
05/23/2018	0.185045	0.186140	0.165386	0.167449	165,679	17,051,500
05/22/2018	0.194972	0.195425	0.182983	0.185242	197,465	17,966,200
05/21/2018	0.201811	0.201811	0.194059	0.195080	198,956	18,596,400
05/20/2018	0.197062	0.204152	0.195947	0.200943	229,074	18,158,800
05/19/2018	0.194902	0.199984	0.194024	0.196949	173,189	17,959,700
05/18/2018	0.192341	0.195382	0.189920	0.194897	187,029	17,723,700
05/17/2018	0.202498	0.203839	0.191381	0.192272	195,158	18,659,700
05/16/2018	0.199305	0.203754	0.191286	0.202424	230,715	18,365,400
05/15/2018	0.218731	0.219769	0.197863	0.199691	315,443	20,155,500
05/14/2018	0.216484	0.222206	0.207018	0.218781	223,686	19,948,400
05/13/2018	0.206766	0.222384	0.204311	0.216724	251,831	19,053,000
05/12/2018	0.199796	0.209588	0.191473	0.206920	216,735	18,410,700
05/11/2018	0.219859	0.219859	0.196747	0.200076	308,429	20,259,500
05/10/2018	0.231422	0.247706	0.219247	0.219578	341,793	21,324,900
05/09/2018	0.224483	0.231344	0.220130	0.231341	261,256	20,685,500
05/08/2018	0.246393	0.254170	0.221213	0.225279	440,990	22,704,500
05/07/2018	0.265224	0.266314	0.243796	0.245728	303,705	24,439,700
05/06/2018	0.294297	0.297315	0.258902	0.264066	303,568	27,118,700
05/05/2018	0.284999	0.295671	0.271618	0.294061	695,097	26,261,900
05/04/2018	0.301512	0.312259	0.283254	0.284520	409,099	27,783,600
05/03/2018	0.286223	0.305535	0.286223	0.302466	380,956	26,374,700
05/02/2018	0.272341	0.288087	0.269868	0.287772	309,456	25,095,600
05/01/2018	0.280959	0.280959	0.263967	0.273973	287,652	25,889,700
04/30/2018	0.318112	0.318535	0.272449	0.280627	567,456	29,313,200
04/29/2018	0.315419	0.320373	0.300839	0.318163	296,076	29,065,100
04/28/2018	0.297550	0.322801	0.296706	0.314853	264,504	27,418,500
04/27/2018	0.333274	0.333274	0.299178	0.299178	261,188	30,710,400
04/26/2018	0.297647	0.334691	0.291280	0.318136	431,660	27,427,500
04/25/2018	0.343944	0.343944	0.284743	0.295331	312,717	31,693,600
04/24/2018	0.322131	0.371536	0.318670	0.345869	645,640	29,683,600
04/23/2018	0.279690	0.328109	0.279690	0.320364	581,048	25,772,700
04/22/2018	0.278722	0.284666	0.273125	0.281028	253,379	25,683,500
04/21/2018	0.291879	0.296526	0.273458	0.278618	273,180	26,895,900
04/20/2018	0.272221	0.304841	0.261595	0.291871	498,825	25,084,500
04/19/2018	0.247409	0.281742	0.245079	0.271983	355,731	22,798,100
04/18/2018	0.212556	0.249305	0.211831	0.247260	321,358	19,586,500
04/17/2018	0.222362	0.224993	0.204928	0.212448	293,440	20,490,100
04/16/2018	0.230904	0.233098	0.221377	0.222318	207,678	21,277,200
04/15/2018	0.226415	0.255374	0.224351	0.230622	373,238	20,863,600
04/14/2018	0.211956	0.232587	0.211677	0.226186	227,438	19,531,200
04/13/2018	0.193097	0.238157	0.192363	0.213488	388,008	17,793,400
04/12/2018	0.186081	0.197695	0.178505	0.192225	224,004	17,146,900
04/11/2018	0.177833	0.188907	0.175205	0.186306	211,797	16,386,800
04/10/2018	0.167477	0.182152	0.166914	0.177520	296,037	15,432,500
04/09/2018	0.156010	0.178386	0.156010	0.167495	259,710	14,375,900
04/08/2018	0.150234	0.157260	0.150170	0.155800	154,690	13,843,700
04/07/2018	0.146054	0.152945	0.145940	0.150211	140,740	13,458,500
04/06/2018	0.151799	0.152983	0.145266	0.146012	171,486	13,987,900
04/05/2018	0.151182	0.152975	0.147533	0.152107	161,572	13,931,000
04/04/2018	0.166198	0.167549	0.150081	0.151048	161,093	15,314,800
04/03/2018	0.154326	0.166275	0.153988	0.166180	192,008	14,220,700
04/02/2018	0.147522	0.155115	0.146895	0.154211	171,310	13,593,800
04/01/2018	0.150977	0.152213	0.141926	0.147114	148,724	13,912,200
03/31/2018	0.149711	0.155560	0.149711	0.150955	149,128	13,795,400
03/30/2018	0.154372	0.158369	0.145610	0.149871	154,322	14,225,000
03/29/2018	0.183095	0.183469	0.151761	0.154635	173,510	16,871,800
03/28/2018	0.183688	0.188745	0.182443	0.182908	179,542	16,926,400
03/27/2018	0.199243	0.207662	0.184380	0.184552	194,907	18,359,800
03/26/2018	0.195745	0.216197	0.191715	0.197777	314,150	18,037,400
03/25/2018	0.197195	0.199309	0.193662	0.196189	207,638	18,171,000
03/24/2018	0.196553	0.204757	0.194212	0.199316	211,168	18,111,900
03/23/2018	0.202657	0.202657	0.189695	0.194787	182,510	18,674,400
03/22/2018	0.211756	0.215227	0.197766	0.202664	226,513	19,512,800
03/21/2018	0.219027	0.223854	0.209612	0.211801	211,156	20,182,800
03/20/2018	0.185717	0.220219	0.181376	0.215856	168,144	17,113,400
03/19/2018	0.169959	0.184358	0.169003	0.184006	139,354	15,661,300
03/18/2018	0.166281	0.172836	0.148075	0.170583	185,268	15,322,400
03/17/2018	0.180855	0.180855	0.164689	0.166510	175,782	16,665,300
03/16/2018	0.181901	0.189844	0.173171	0.180790	197,870	16,761,700
03/15/2018	0.189912	0.190953	0.175445	0.182019	209,345	17,499,900
03/14/2018	0.221280	0.224342	0.186194	0.190001	193,023	20,390,400
03/13/2018	0.231546	0.242736	0.214687	0.221778	288,919	21,336,300
03/12/2018	0.243641	0.249136	0.225723	0.231955	257,923	22,450,900
03/11/2018	0.227808	0.244434	0.218889	0.243604	247,974	20,992,000
03/10/2018	0.245970	0.251213	0.225523	0.228459	299,325	22,665,500
03/09/2018	0.267904	0.273957	0.233607	0.246345	214,745	24,686,700
03/08/2018	0.283726	0.296650	0.266027	0.268792	229,900	26,144,700
03/07/2018	0.318137	0.321496	0.279562	0.284328	256,571	29,315,500
03/06/2018	0.352503	0.352503	0.316682	0.318252	215,474	32,482,300
03/05/2018	0.372345	0.373660	0.352194	0.353452	323,932	34,310,600
03/04/2018	0.350903	0.371450	0.343627	0.370627	304,196	32,334,800
03/03/2018	0.344345	0.361139	0.344345	0.351932	241,437	31,730,500
03/02/2018	0.327731	0.347887	0.327731	0.345026	270,548	30,199,600
03/01/2018	0.308937	0.334403	0.301043	0.328241	266,487	28,467,800
02/28/2018	0.327712	0.334780	0.308144	0.308144	292,958	30,197,800
02/27/2018	0.301493	0.330699	0.293476	0.327915	290,257	27,781,800
02/26/2018	0.286161	0.320459	0.285852	0.300680	240,844	26,369,000
02/25/2018	0.286179	0.291011	0.280168	0.286040	193,729	26,370,700
02/24/2018	0.309518	0.322428	0.278886	0.286731	239,960	28,521,400
02/23/2018	0.276537	0.312493	0.269155	0.309781	289,581	25,482,200
02/22/2018	0.292352	0.297496	0.275933	0.277448	191,630	26,939,500
02/21/2018	0.314557	0.318514	0.288644	0.293268	251,564	28,985,600
02/20/2018	0.354006	0.357890	0.313408	0.313408	334,813	32,620,700
02/19/2018	0.329502	0.400338	0.326961	0.353172	289,303	30,362,800
02/18/2018	0.369913	0.382486	0.326043	0.326043	306,143	34,086,600
02/17/2018	0.376888	0.394782	0.354064	0.369485	513,066	34,729,300
02/16/2018	0.373712	0.386616	0.359201	0.376930	122,200	34,436,600
02/15/2018	0.358515	0.380607	0.352814	0.374753	197,636	33,036,300
02/14/2018	0.326256	0.359498	0.326256	0.356494	235,443	30,063,700
02/13/2018	0.365247	0.384893	0.324547	0.325963	299,379	33,656,600
02/12/2018	0.339515	0.377177	0.339421	0.364744	244,570	31,285,400
02/11/2018	0.358037	0.358037	0.323240	0.337448	164,156	32,992,200
02/10/2018	0.387751	0.401110	0.337411	0.358584	282,815	35,730,300
02/09/2018	0.388862	0.402052	0.356670	0.391779	284,774	35,832,700
02/08/2018	0.298380	0.397559	0.298380	0.387711	317,343	27,495,000
02/07/2018	0.298332	0.362353	0.283987	0.300115	253,543	27,490,600
02/06/2018	0.240588	0.303748	0.194998	0.300954	262,996	22,169,600
02/05/2018	0.348840	0.351990	0.234721	0.241237	282,340	32,144,700
02/04/2018	0.451027	0.451743	0.336370	0.355670	200,813	41,561,000
02/03/2018	0.398102	0.453233	0.360306	0.453233	228,749	36,684,100
02/02/2018	0.452055	0.452055	0.338966	0.396619	278,788	41,655,700
02/01/2018	0.572091	0.616188	0.423311	0.452774	453,901	52,716,700
01/31/2018	0.521032	0.572464	0.493844	0.572464	344,287	48,011,800
01/30/2018	0.648472	0.654984	0.488032	0.520430	1,018,620	59,755,100
01/29/2018	0.691751	0.696087	0.629510	0.648289	2,618,720	63,743,100
01/28/2018	0.743437	0.760357	0.692023	0.692023	2,911,620	68,505,800
01/27/2018	0.738172	0.756880	0.716466	0.738431	2,399,480	68,020,700
01/26/2018	0.794439	0.820711	0.710958	0.738096	3,757,120	73,205,600
01/25/2018	0.853144	0.878860	0.755979	0.796157	5,070,600	78,615,000
01/24/2018	0.834614	0.957643	0.816351	0.845507	4,691,290	76,907,600
01/23/2018	0.652305	0.889828	0.630300	0.843476	2,269,650	60,108,300
01/22/2018	0.692313	0.714995	0.609749	0.661311	280,772	63,795,000
01/21/2018	0.785081	0.825005	0.660107	0.684187	492,322	72,343,200
01/20/2018	0.787945	0.842033	0.770466	0.774698	608,951	72,607,200
01/19/2018	0.810223	0.850597	0.734329	0.780629	561,777	74,660,000
01/18/2018	0.817214	0.939371	0.766490	0.811582	1,043,410	75,304,200
01/17/2018	0.764522	0.833413	0.588207	0.799846	838,410	70,448,800
01/16/2018	1.06	1.07	0.612679	0.767374	1,376,050	98,124,000
01/15/2018	1.18	1.23	1.01	1.07	1,665,650	108,595,000
01/14/2018	1.32	1.33	1.17	1.19	1,130,910	121,361,000
01/13/2018	1.23	1.40	1.23	1.33	2,157,650	113,781,000
01/12/2018	1.03	1.25	0.983463	1.22	1,467,230	94,495,900
01/11/2018	1.20	1.25	0.960696	1.02	1,445,910	110,842,000
01/10/2018	1.12	1.20	0.979060	1.20	1,487,720	103,622,000
01/09/2018	1.08	1.20	1.07	1.12	1,535,990	99,764,900
01/08/2018	1.15	1.21	0.952667	1.09	2,262,060	106,239,000
01/07/2018	1.00	1.16	0.964485	1.15	2,338,660	92,581,100
01/06/2018	0.821984	1.08	0.803306	1.03	2,196,850	75,743,800
01/05/2018	0.949932	0.972924	0.742648	0.797471	2,053,300	87,533,800
01/04/2018	0.943766	0.978154	0.846311	0.942645	1,892,080	86,965,700
01/03/2018	0.851283	0.971053	0.753501	0.931612	3,110,360	78,443,600
01/02/2018	0.730163	0.924496	0.721659	0.863044	3,442,280	67,282,700
01/01/2018	0.668718	0.752015	0.629740	0.730214	1,398,870	61,620,700
12/31/2017	0.678979	0.808444	0.660113	0.666026	2,349,740	62,566,200
12/30/2017	0.632659	0.784987	0.486790	0.695520	2,779,250	58,297,900
12/29/2017	0.585787	0.669254	0.573742	0.632329	1,345,770	53,978,800
12/28/2017	0.592230	0.606047	0.513986	0.580904	1,207,430	54,572,500
12/27/2017	0.532842	0.633304	0.530247	0.588842	1,744,190	49,100,100
12/26/2017	0.571613	0.584648	0.480103	0.533425	2,115,630	52,672,700
12/25/2017	0.458919	0.601628	0.457687	0.563776	2,590,260	42,288,200
12/24/2017	0.469655	0.474233	0.399671	0.454183	743,432	43,277,600
12/23/2017	0.424908	0.531485	0.418355	0.464390	1,106,810	39,154,200
12/22/2017	0.559510	0.571039	0.317174	0.415981	1,548,690	51,557,500
12/21/2017	0.499846	0.652269	0.498057	0.558274	3,112,090	46,059,500
12/20/2017	0.542867	0.567488	0.472679	0.498596	1,542,590	50,023,800
12/19/2017	0.557738	0.627218	0.506666	0.543431	2,830,450	51,394,200
12/18/2017	0.444534	0.623073	0.426058	0.554491	3,871,410	40,962,700
12/17/2017	0.417118	0.479843	0.415636	0.441177	1,505,280	38,436,300
12/16/2017	0.458627	0.486058	0.394830	0.410533	2,305,380	42,261,300
12/15/2017	0.528078	0.528150	0.427647	0.456105	1,859,720	48,661,100
12/14/2017	0.534802	0.615155	0.481099	0.521502	2,575,860	49,280,600
12/13/2017	0.499775	0.576335	0.463042	0.532864	1,709,320	46,053,000
12/12/2017	0.461411	0.518828	0.457560	0.499270	1,372,350	42,517,900
12/11/2017	0.429153	0.544295	0.429153	0.455843	1,871,190	39,545,300
12/10/2017	0.549949	0.558420	0.426483	0.437852	1,782,330	50,676,400
12/09/2017	0.475998	0.586801	0.468610	0.540121	2,008,590	43,862,100
12/08/2017	0.361600	0.589880	0.316367	0.464871	3,349,190	33,320,600
12/07/2017	0.485547	0.495951	0.343356	0.360807	1,325,520	44,742,000
12/06/2017	0.501117	0.519646	0.452301	0.482186	1,188,150	46,176,600
12/05/2017	0.451250	0.499222	0.444632	0.492946	847,352	41,581,600
12/04/2017	0.433674	0.462642	0.426530	0.450428	590,066	39,962,000
12/03/2017	0.439449	0.466857	0.413253	0.432279	931,419	40,494,100
12/02/2017	0.366880	0.446185	0.352714	0.444727	1,081,510	33,807,100
12/01/2017	0.366968	0.388022	0.340423	0.367106	798,681	33,815,200
11/30/2017	0.361407	0.400609	0.328523	0.371327	531,388	33,302,700
11/29/2017	0.408145	0.465917	0.346129	0.360008	1,122,520	37,609,500
11/28/2017	0.428182	0.434953	0.399850	0.408489	717,926	39,455,900
11/27/2017	0.413178	0.428834	0.379701	0.425656	745,664	38,073,300
11/26/2017	0.385977	0.436999	0.378596	0.411515	1,354,770	35,566,800
11/25/2017	0.333537	0.414639	0.320228	0.392603	1,312,290	30,734,600
11/24/2017	0.295073	0.336397	0.284603	0.330528	388,087	27,190,200
11/23/2017	0.339151	0.341810	0.286300	0.294363	610,643	31,251,900
11/22/2017	0.294924	0.342439	0.284964	0.339234	593,483	27,176,500
11/21/2017	0.274478	0.319387	0.267450	0.293397	717,247	25,292,500
11/20/2017	0.255031	0.302580	0.249268	0.274091	612,855	23,500,400
11/19/2017	0.263326	0.265637	0.244036	0.255176	316,663	24,264,800
11/18/2017	0.243323	0.267939	0.240036	0.263920	191,361	22,421,600
11/17/2017	0.265519	0.272820	0.241918	0.243964	207,763	24,466,900
11/16/2017	0.269353	0.272731	0.260282	0.267005	322,957	24,820,200
11/15/2017	0.268841	0.273697	0.261032	0.265722	244,607	24,773,000
11/14/2017	0.247413	0.281465	0.242563	0.269248	316,746	22,798,500
11/13/2017	0.208787	0.251638	0.208787	0.244725	280,341	19,239,200
11/12/2017	0.242825	0.242825	0.199884	0.208492	268,945	22,375,700
11/11/2017	0.259966	0.276002	0.232133	0.242298	342,279	23,955,200
11/10/2017	0.302236	0.308913	0.251159	0.257574	304,332	27,850,300
11/09/2017	0.299052	0.325028	0.294578	0.300369	524,629	27,556,900
11/08/2017	0.243831	0.317315	0.243831	0.304470	751,002	22,468,400
11/07/2017	0.253177	0.255385	0.237257	0.244207	132,824	23,329,600
11/06/2017	0.251209	0.259961	0.241523	0.251460	266,785	23,148,300
11/05/2017	0.249838	0.254979	0.242982	0.249526	219,465	23,021,900
11/04/2017	0.249324	0.262458	0.243071	0.250304	250,167	22,974,600
11/03/2017	0.314091	0.314896	0.214051	0.249544	748,034	28,942,700
11/02/2017	0.254435	0.341915	0.212994	0.318040	1,868,090	23,445,600
11/01/2017	0.260275	0.300429	0.241504	0.253363	534,911	23,983,700
10/31/2017	0.285249	0.297364	0.262736	0.263238	317,644	26,285,000
10/30/2017	0.284726	0.290991	0.263242	0.285942	380,390	26,236,800
10/29/2017	0.281468	0.298928	0.274093	0.286055	279,656	25,936,600
10/28/2017	0.285477	0.295728	0.271252	0.280344	245,182	26,306,000
10/27/2017	0.306768	0.317330	0.283508	0.284800	328,262	28,267,900
10/26/2017	0.299438	0.345219	0.291449	0.306788	1,016,260	27,592,500
10/25/2017	0.311279	0.321480	0.289924	0.299477	506,585	28,683,600
10/24/2017	0.276872	0.334517	0.268360	0.317114	774,896	25,513,100
10/23/2017	0.315305	0.315416	0.271991	0.279036	251,896	29,054,600
10/22/2017	0.299843	0.318202	0.292509	0.315587	325,948	27,629,800
10/21/2017	0.310318	0.327746	0.292291	0.299853	296,273	28,595,100
10/20/2017	0.287018	0.363542	0.286753	0.315101	1,303,860	26,448,000
10/19/2017	0.297545	0.304362	0.283906	0.287001	287,488	27,418,000
10/18/2017	0.275733	0.306100	0.267874	0.297374	345,841	25,408,100
10/17/2017	0.285234	0.290620	0.265663	0.275807	298,939	26,283,600
10/16/2017	0.280507	0.291646	0.270416	0.285118	320,387	25,848,000
10/15/2017	0.277467	0.294302	0.262218	0.280729	225,242	25,567,900
10/14/2017	0.273209	0.301486	0.265765	0.276919	272,728	25,175,500
10/13/2017	0.276885	0.299731	0.249656	0.273115	411,983	25,514,200
10/12/2017	0.299838	0.299906	0.265816	0.276258	659,350	27,629,300
10/11/2017	0.304793	0.312811	0.292995	0.301568	333,704	28,085,900
10/10/2017	0.287965	0.314970	0.267640	0.304840	428,925	26,535,200
10/09/2017	0.330691	0.363031	0.272314	0.289645	1,050,950	30,472,400
10/08/2017	0.290936	0.419722	0.283818	0.333688	3,388,000	26,809,000
10/07/2017	0.318485	0.320978	0.277544	0.291346	363,145	29,347,600
10/06/2017	0.340309	0.346117	0.311460	0.318484	263,553	31,358,600
10/05/2017	0.316969	0.354144	0.307044	0.340286	322,967	29,207,900
10/04/2017	0.318768	0.330889	0.308248	0.316741	342,460	29,373,600
10/03/2017	0.342212	0.362129	0.299129	0.318074	568,480	31,533,900
10/02/2017	0.348143	0.390427	0.324797	0.343897	775,855	32,080,500
10/01/2017	0.390427	0.401243	0.342532	0.345894	791,061	35,976,900
09/30/2017	0.385956	0.414750	0.379794	0.390561	735,914	35,564,900
09/29/2017	0.421859	0.435520	0.370895	0.386379	713,850	38,873,200
09/28/2017	0.443937	0.493790	0.401829	0.421298	1,609,840	40,907,700
09/27/2017	0.371709	0.448564	0.361313	0.448564	1,518,940	34,252,100
09/26/2017	0.334439	0.386886	0.327769	0.361958	1,100,750	30,817,700
09/25/2017	0.322700	0.349190	0.311284	0.336496	659,139	29,736,000
09/24/2017	0.349526	0.365750	0.311736	0.322775	678,932	32,207,900
09/23/2017	0.303628	0.360204	0.287397	0.353880	1,214,120	27,978,600
09/22/2017	0.263222	0.370297	0.263089	0.307427	2,253,280	24,255,200
09/21/2017	0.286216	0.299062	0.259602	0.263440	326,893	26,374,100
09/20/2017	0.290916	0.304808	0.284148	0.288121	359,966	26,807,200
09/19/2017	0.322228	0.322350	0.280117	0.291252	807,075	29,692,500
09/18/2017	0.280660	0.348141	0.280660	0.321406	817,175	25,862,100
09/17/2017	0.254162	0.305070	0.240464	0.283551	454,188	23,420,400
09/16/2017	0.272518	0.288684	0.245271	0.254350	363,735	25,111,800
09/15/2017	0.246254	0.298352	0.200574	0.281166	665,819	22,691,700
09/14/2017	0.263733	0.341151	0.224143	0.236375	1,776,270	24,302,300
09/13/2017	0.253158	0.283888	0.221977	0.265601	484,425	23,327,900
09/12/2017	0.235414	0.263586	0.235414	0.252977	286,706	21,692,800
09/11/2017	0.233477	0.245666	0.224263	0.235452	255,337	21,514,300
09/10/2017	0.246391	0.250716	0.226683	0.235434	285,606	22,704,300
09/09/2017	0.236224	0.249686	0.221031	0.246935	328,859	21,767,500
09/08/2017	0.287304	0.291539	0.235613	0.238333	408,450	26,474,300
09/07/2017	0.292048	0.299391	0.279221	0.288078	331,534	26,911,500
09/06/2017	0.276438	0.308084	0.276438	0.286733	403,251	25,473,100
09/05/2017	0.279143	0.285655	0.240814	0.275350	377,022	25,722,300
09/04/2017	0.328874	0.340970	0.244561	0.278750	543,125	30,304,900
09/03/2017	0.343530	0.399118	0.298905	0.336671	1,034,020	31,655,400
09/02/2017	0.424427	0.430293	0.325253	0.342176	2,692,460	39,109,900
09/01/2017	0.266171	0.455897	0.263735	0.418511	3,429,800	24,527,000
08/31/2017	0.262594	0.277629	0.260829	0.266340	355,248	24,197,400
08/30/2017	0.282111	0.284693	0.260445	0.265796	397,242	25,995,800
08/29/2017	0.289117	0.300524	0.256477	0.282449	775,122	26,641,400
08/28/2017	0.276663	0.314346	0.270129	0.287646	671,518	25,493,800
08/27/2017	0.257286	0.281647	0.255318	0.275201	380,863	23,708,300
08/26/2017	0.287404	0.287733	0.250358	0.257206	451,463	26,483,600
08/25/2017	0.248161	0.293764	0.232886	0.286830	786,927	22,867,400
08/24/2017	0.234234	0.248865	0.233297	0.247631	329,413	21,584,100
08/23/2017	0.213794	0.242793	0.213586	0.232491	410,362	19,700,600
08/22/2017	0.230463	0.231358	0.203079	0.214267	224,198	21,236,600
08/21/2017	0.238361	0.240491	0.217359	0.230608	336,923	21,964,400
08/20/2017	0.225860	0.247251	0.215796	0.238873	252,675	20,812,400
08/19/2017	0.218232	0.235925	0.211622	0.223084	258,933	20,109,500
08/18/2017	0.231795	0.261904	0.212388	0.217956	488,797	21,359,300
08/17/2017	0.236798	0.242928	0.217949	0.232422	512,334	21,820,400
08/16/2017	0.242580	0.248876	0.217221	0.237922	554,269	22,353,200
08/15/2017	0.282842	0.335272	0.231147	0.242810	960,621	26,063,200
08/14/2017	0.270108	0.300394	0.230738	0.282052	541,586	24,889,800
08/13/2017	0.313765	0.314550	0.260745	0.269876	430,748	28,912,600
08/12/2017	0.293098	0.359584	0.292818	0.314304	931,732	27,008,200
08/11/2017	0.224002	0.319042	0.219256	0.293360	671,340	20,641,300
08/10/2017	0.265353	0.278492	0.218494	0.225037	657,325	24,451,600
08/09/2017	0.280509	0.290450	0.231871	0.263863	584,446	25,848,200
08/08/2017	0.239324	0.308934	0.225958	0.276975	944,973	22,053,100
08/07/2017	0.172184	0.267455	0.169547	0.231887	515,786	15,866,300
08/06/2017	0.175615	0.178608	0.170437	0.172526	171,799	16,182,500
08/05/2017	0.162391	0.178647	0.162391	0.175215	167,313	14,963,900
08/04/2017	0.154904	0.166917	0.154904	0.162240	169,580	14,274,000
08/03/2017	0.143237	0.155755	0.140920	0.154761	132,865	13,199,000
08/02/2017	0.149600	0.153584	0.135688	0.143194	156,319	13,785,200
08/01/2017	0.128637	0.157755	0.127249	0.151162	173,979	11,853,600
07/31/2017	0.128051	0.129653	0.126610	0.128554	116,785	11,799,600
07/30/2017	0.136658	0.137561	0.127400	0.127919	118,411	12,592,700
07/29/2017	0.143468	0.143756	0.128705	0.136558	121,372	13,220,200
07/28/2017	0.146982	0.148094	0.139418	0.143800	169,739	13,544,000
07/27/2017	0.139307	0.149046	0.135496	0.146689	146,255	12,836,800
07/26/2017	0.147078	0.149554	0.130334	0.138967	156,471	13,552,800
07/25/2017	0.175164	0.175563	0.143347	0.147352	161,812	16,140,900
07/24/2017	0.180810	0.180810	0.171626	0.175128	173,291	16,661,200
07/23/2017	0.183063	0.188501	0.168035	0.180798	179,092	16,868,800
07/22/2017	0.155543	0.185002	0.154910	0.182331	170,728	14,332,900
07/21/2017	0.165789	0.166193	0.153280	0.155524	143,988	15,277,000
07/20/2017	0.138085	0.164607	0.134514	0.164306	170,680	12,724,200
07/19/2017	0.154675	0.157874	0.136365	0.138105	155,644	14,252,900
07/18/2017	0.130030	0.165070	0.120456	0.154043	206,817	11,982,000
07/17/2017	0.104506	0.129841	0.102372	0.129650	165,408	9,629,930
07/16/2017	0.111635	0.112735	0.092774	0.104694	122,400	10,286,900
07/15/2017	0.132922	0.133582	0.111572	0.111922	104,245	12,248,400
07/14/2017	0.145391	0.150285	0.129236	0.133091	145,690	13,397,500
07/13/2017	0.166384	0.173187	0.140466	0.145306	199,925	15,331,900
07/12/2017	0.134066	0.166075	0.129083	0.166075	205,912	12,353,800
07/11/2017	0.140041	0.154743	0.104927	0.134105	216,721	12,904,500
07/10/2017	0.201769	0.202098	0.133017	0.140251	314,668	18,592,500
07/09/2017	0.215580	0.220856	0.201335	0.201335	162,588	19,865,100
07/08/2017	0.211005	0.226662	0.202390	0.215137	193,351	19,443,600
07/07/2017	0.297134	0.297134	0.204025	0.210822	308,839	27,380,200
07/06/2017	0.234734	0.295184	0.227653	0.293512	350,594	21,630,200
07/05/2017	0.237361	0.242721	0.229877	0.234448	166,460	21,872,300
07/04/2017	0.239158	0.251557	0.236751	0.236870	179,548	22,037,800
07/03/2017	0.230485	0.243051	0.224487	0.239817	141,348	21,238,600
07/02/2017	0.222311	0.233199	0.217245	0.231863	183,563	20,485,400
07/01/2017	0.256688	0.259054	0.215496	0.222102	237,014	23,653,200
06/30/2017	0.265170	0.276892	0.243397	0.255140	275,470	24,434,700
06/29/2017	0.299725	0.301108	0.263993	0.263993	235,385	27,618,900
06/28/2017	0.275339	0.307144	0.254062	0.300029	377,183	25,371,800
06/27/2017	0.264282	0.283306	0.224465	0.275827	385,082	24,352,900
06/26/2017	0.307194	0.312437	0.242318	0.254047	389,974	28,307,200
06/25/2017	0.301232	0.313256	0.283711	0.307338	406,811	27,757,800
06/24/2017	0.328270	0.331964	0.293628	0.303895	365,931	30,249,200
06/23/2017	0.314363	0.341615	0.308858	0.328277	348,881	28,967,800
06/22/2017	0.315374	0.324380	0.298732	0.318233	473,584	29,061,000
06/21/2017	0.316074	0.333262	0.296526	0.314844	480,232	29,125,400
06/20/2017	0.284655	0.316369	0.274154	0.316044	565,546	26,230,200
06/19/2017	0.299654	0.314307	0.270002	0.282527	505,211	27,612,400
06/18/2017	0.323248	0.325003	0.294768	0.299919	373,636	29,786,500
06/17/2017	0.337609	0.349267	0.316213	0.323233	326,710	31,109,800
06/16/2017	0.306018	0.355588	0.291768	0.337710	342,729	28,198,800
06/15/2017	0.303292	0.318120	0.252083	0.306026	374,259	27,947,600
06/14/2017	0.375666	0.376088	0.286081	0.302514	421,976	34,616,700
06/13/2017	0.334009	0.411542	0.323268	0.375435	753,738	30,778,100
06/12/2017	0.370857	0.406972	0.310490	0.334737	499,255	34,173,500
06/11/2017	0.374420	0.411448	0.365379	0.371581	541,320	34,501,900
06/10/2017	0.378047	0.469413	0.365887	0.374673	785,440	34,836,100
06/09/2017	0.444444	0.462217	0.376183	0.378310	1,542,910	40,954,400
06/08/2017	0.440220	0.466118	0.397334	0.445008	557,456	40,565,200
06/07/2017	0.491362	0.505638	0.431862	0.439314	690,540	45,277,800
06/06/2017	0.463742	0.503838	0.366019	0.489436	1,366,540	42,732,700
06/05/2017	0.302289	0.455674	0.302289	0.455674	1,170,620	27,855,200
06/04/2017	0.307132	0.314288	0.292157	0.302172	384,829	28,301,400
06/03/2017	0.278629	0.319140	0.265733	0.307921	522,286	25,675,000
06/02/2017	0.237447	0.289173	0.225145	0.278655	458,668	21,880,100
06/01/2017	0.267919	0.267919	0.223105	0.237321	436,972	24,688,100
05/31/2017	0.195781	0.269161	0.182898	0.263328	482,487	18,040,700
05/30/2017	0.211219	0.226262	0.191202	0.194990	374,166	19,463,300
05/29/2017	0.206465	0.231529	0.197698	0.210714	321,872	19,025,200
05/28/2017	0.208788	0.243832	0.191608	0.206786	264,514	19,239,300
05/27/2017	0.265290	0.265290	0.155562	0.207264	364,242	24,445,800
05/26/2017	0.242202	0.306422	0.242202	0.263760	335,931	22,318,300
05/25/2017	0.304387	0.315390	0.233197	0.238850	703,729	28,048,500
05/24/2017	0.262834	0.320248	0.258237	0.302791	1,068,120	24,219,500
05/23/2017	0.179151	0.261665	0.176664	0.250093	748,703	16,508,300
05/22/2017	0.176939	0.197960	0.164096	0.179397	455,321	16,304,500
05/21/2017	0.196088	0.199654	0.175009	0.175238	398,503	18,069,000
05/20/2017	0.186123	0.195782	0.168079	0.195236	361,604	17,150,800
05/19/2017	0.153422	0.198601	0.146046	0.186294	550,644	14,137,500
05/18/2017	0.144547	0.151942	0.137870	0.146537	270,130	13,319,600
05/17/2017	0.137560	0.152838	0.132402	0.144697	246,056	12,675,800
05/16/2017	0.153861	0.156569	0.128542	0.137720	382,512	14,177,900
05/15/2017	0.169587	0.171677	0.149668	0.154015	334,000	15,627,000
05/14/2017	0.179267	0.185959	0.163894	0.169537	311,253	16,519,000
05/13/2017	0.164997	0.187043	0.154249	0.179984	447,291	15,204,100
05/12/2017	0.178238	0.178519	0.158929	0.163272	166,043	16,424,200
05/11/2017	0.161991	0.186856	0.157452	0.177803	260,686	14,927,100
05/10/2017	0.180784	0.183288	0.153173	0.161592	300,676	16,658,800
05/09/2017	0.184061	0.195812	0.154308	0.181546	320,091	16,960,800
05/08/2017	0.190557	0.200851	0.172633	0.184137	497,891	17,559,400
05/07/2017	0.201898	0.216775	0.189704	0.190616	586,479	18,604,400
05/06/2017	0.183225	0.206007	0.178576	0.202905	570,050	16,883,700
05/05/2017	0.173803	0.195086	0.164674	0.183082	544,376	16,015,500
05/04/2017	0.187008	0.191861	0.157558	0.172429	699,922	17,232,300
05/03/2017	0.195172	0.199965	0.178238	0.188461	360,413	17,984,600
05/02/2017	0.202625	0.208027	0.171947	0.195072	419,853	18,671,400
05/01/2017	0.203567	0.208400	0.172276	0.202448	504,140	18,758,200
04/30/2017	0.172142	0.203611	0.171232	0.202172	517,911	15,862,500
04/29/2017	0.177048	0.184363	0.159832	0.172088	390,751	16,314,500
04/28/2017	0.140773	0.187103	0.138655	0.180643	833,163	12,971,900
04/27/2017	0.192143	0.192181	0.130660	0.141033	825,633	15,755,700
04/26/2017	0.148263	0.225666	0.148263	0.200485	2,367,450	12,157,600
04/25/2017	0.071701	0.152454	0.067899	0.145038	1,829,020	5,879,500
04/24/2017	0.078774	0.080948	0.055261	0.073027	271,554	6,459,450
04/23/2017	0.071777	0.088417	0.063802	0.079091	178,275	5,885,710
04/22/2017	0.075212	0.078036	0.069444	0.071833	122,258	6,167,340
04/21/2017	0.078432	0.087303	0.065445	0.075180	185,678	-
04/20/2017	0.075119	0.081401	0.075119	0.078306	165,713	-
