Date	Open	High	Low	Close	Volume	Market Cap
07/15/2018	0.011048	0.011847	0.011018	0.011511	67,676	20,384,300
07/14/2018	0.011085	0.011509	0.010758	0.011054	27,597	20,400,900
07/13/2018	0.010738	0.011427	0.010316	0.011097	46,515	19,762,600
07/12/2018	0.010802	0.011727	0.009934	0.010726	416,229	19,881,300
07/11/2018	0.011187	0.011332	0.010575	0.010805	543,663	20,589,500
07/10/2018	0.011874	0.012617	0.010948	0.010998	542,310	21,854,900
07/09/2018	0.012543	0.012591	0.010416	0.011883	598,925	23,086,000
07/08/2018	0.012913	0.012939	0.012392	0.012546	561,430	23,765,300
07/07/2018	0.012602	0.012997	0.012015	0.012861	523,007	23,194,500
07/06/2018	0.013071	0.013357	0.012311	0.012623	519,501	24,057,900
07/05/2018	0.013317	0.013737	0.012683	0.013009	412,722	24,510,100
07/04/2018	0.013536	0.014043	0.012469	0.013288	516,435	24,912,800
07/03/2018	0.012829	0.014436	0.012705	0.013664	659,123	23,612,300
07/02/2018	0.013329	0.014470	0.012460	0.012830	468,520	24,531,100
07/01/2018	0.013669	0.013909	0.012761	0.013205	353,270	25,157,200
06/30/2018	0.013285	0.013935	0.013103	0.013666	381,981	24,451,600
06/29/2018	0.013206	0.013506	0.012357	0.013146	321,149	24,305,100
06/28/2018	0.013502	0.013937	0.012757	0.013198	380,346	24,849,400
06/27/2018	0.012880	0.013853	0.012796	0.013438	393,390	23,706,400
06/26/2018	0.013044	0.013426	0.012788	0.012888	381,171	24,007,900
06/25/2018	0.012615	0.013141	0.011480	0.013044	447,424	23,218,600
06/24/2018	0.011707	0.012787	0.010713	0.012643	757,976	21,546,500
06/23/2018	0.011092	0.012356	0.010490	0.011709	509,406	20,413,800
06/22/2018	0.012697	0.012783	0.010852	0.011090	511,471	23,368,800
06/21/2018	0.012839	0.012977	0.012301	0.012646	590,895	23,629,500
06/20/2018	0.012905	0.012983	0.012068	0.012837	466,801	23,425,000
06/19/2018	0.012924	0.013055	0.012663	0.012897	773,795	23,460,400
06/18/2018	0.012763	0.013011	0.011423	0.012931	860,411	23,168,900
06/17/2018	0.012601	0.013085	0.012486	0.012806	358,978	22,517,700
06/16/2018	0.012283	0.012767	0.012242	0.012568	489,750	21,949,600
06/15/2018	0.012901	0.012901	0.009601	0.012326	653,466	23,053,700
06/14/2018	0.011579	0.012981	0.011579	0.012921	379,001	20,692,800
06/13/2018	0.012585	0.013109	0.011541	0.011583	540,254	22,490,300
06/12/2018	0.013643	0.013731	0.012349	0.012552	497,387	24,379,600
06/11/2018	0.013356	0.013716	0.012837	0.013649	822,805	23,866,700
06/10/2018	0.015536	0.015602	0.012984	0.013336	920,172	27,762,800
06/09/2018	0.016036	0.016188	0.015594	0.015663	1,069,790	28,656,100
06/08/2018	0.015925	0.016134	0.015121	0.015894	795,851	28,426,700
06/07/2018	0.015243	0.018376	0.015224	0.015985	1,020,070	27,208,100
06/06/2018	0.014794	0.015555	0.014401	0.015229	1,012,330	26,406,800
06/05/2018	0.014630	0.015063	0.014253	0.014798	987,623	26,114,500
06/04/2018	0.015339	0.015867	0.014308	0.014697	1,300,690	27,379,400
06/03/2018	0.014959	0.015867	0.014371	0.015104	1,002,010	26,701,400
06/02/2018	0.014132	0.015054	0.014003	0.014503	1,188,360	25,225,200
06/01/2018	0.013634	0.014231	0.012265	0.014138	1,426,180	24,337,100
05/31/2018	0.013140	0.014922	0.012752	0.013551	1,335,790	23,455,700
05/30/2018	0.013362	0.013633	0.012913	0.013148	123,979	23,851,900
05/29/2018	0.012035	0.014149	0.011914	0.013354	952,587	21,481,700
05/28/2018	0.013367	0.013700	0.011891	0.012039	1,129,520	23,861,000
05/27/2018	0.013569	0.013595	0.013052	0.013364	1,116,150	24,220,500
05/26/2018	0.013595	0.014073	0.013205	0.013563	1,261,580	24,266,100
05/25/2018	0.014289	0.014408	0.013314	0.013460	985,361	25,505,200
05/24/2018	0.013688	0.014568	0.013536	0.014262	911,214	24,432,600
05/23/2018	0.015607	0.015652	0.013385	0.013723	869,118	27,858,400
05/22/2018	0.016982	0.016982	0.015535	0.015623	952,332	30,313,300
05/21/2018	0.017140	0.017277	0.016729	0.016986	1,083,570	30,595,700
05/20/2018	0.016664	0.017252	0.016538	0.017119	999,411	29,710,600
05/19/2018	0.016889	0.017462	0.016609	0.016651	929,502	30,112,700
05/18/2018	0.016805	0.017366	0.016479	0.016892	1,073,610	29,962,700
05/17/2018	0.017123	0.017712	0.016694	0.016790	1,064,620	30,529,900
05/16/2018	0.017310	0.017359	0.015525	0.017112	1,143,710	30,863,000
05/15/2018	0.018307	0.018577	0.016900	0.017320	1,027,500	32,641,300
05/14/2018	0.018418	0.018963	0.017358	0.018339	1,248,730	32,839,400
05/13/2018	0.018037	0.019385	0.017445	0.018422	898,472	32,159,300
05/12/2018	0.017380	0.019267	0.016832	0.018043	1,150,890	30,988,500
05/11/2018	0.018967	0.020160	0.017066	0.017431	1,071,510	33,817,100
05/10/2018	0.019661	0.020164	0.018527	0.019124	996,836	35,054,400
05/09/2018	0.020516	0.020597	0.019476	0.019665	968,532	36,578,900
05/08/2018	0.020138	0.020783	0.018021	0.020547	1,334,640	35,905,100
05/07/2018	0.022194	0.022207	0.019266	0.020092	1,089,930	39,570,500
05/06/2018	0.020915	0.022292	0.020140	0.022178	1,067,150	37,291,600
05/05/2018	0.021530	0.023317	0.019914	0.020902	1,192,760	38,386,700
05/04/2018	0.023863	0.023896	0.020386	0.021539	970,504	42,546,600
05/03/2018	0.022771	0.023973	0.021716	0.023874	818,712	40,027,000
05/02/2018	0.022808	0.023774	0.022105	0.022771	570,518	40,092,200
05/01/2018	0.023745	0.023745	0.021945	0.022844	540,458	41,737,500
04/30/2018	0.023599	0.025765	0.023217	0.023722	548,327	41,481,800
04/29/2018	0.022357	0.024065	0.022357	0.023696	477,287	39,299,300
04/28/2018	0.021931	0.024043	0.021410	0.022366	464,469	38,549,600
04/27/2018	0.023434	0.023817	0.021501	0.022014	173,766	41,192,300
04/26/2018	0.021812	0.023750	0.021577	0.023408	226,536	38,341,000
04/25/2018	0.026011	0.026295	0.019533	0.021657	156,690	45,721,900
04/24/2018	0.020869	0.027061	0.020709	0.026158	216,708	36,683,100
04/23/2018	0.021880	0.023408	0.020467	0.020880	175,893	38,460,700
04/22/2018	0.025074	0.025074	0.021864	0.021927	89,535	44,073,900
04/21/2018	0.023544	0.025087	0.023020	0.025087	84,389	41,384,500
04/20/2018	0.025243	0.025443	0.023332	0.024482	65,568	44,371,400
04/19/2018	0.023825	0.025238	0.022895	0.025238	95,155	41,878,300
04/18/2018	0.024190	0.024612	0.023339	0.023810	23,353	42,520,800
04/17/2018	0.025032	0.025705	0.022929	0.024178	79,760	44,000,000
04/16/2018	0.026194	0.030154	0.024770	0.025028	231,337	46,042,600
04/15/2018	0.027804	0.028127	0.024757	0.026188	104,091	48,873,800
04/14/2018	0.027830	0.031380	0.024325	0.027791	89,327	48,919,300
04/13/2018	0.030646	0.031228	0.026020	0.027823	101,393	53,868,300
04/12/2018	0.024284	0.031396	0.021001	0.031363	213,709	41,548,300
04/11/2018	0.020133	0.024385	0.018657	0.023976	44,787	34,446,800
04/10/2018	0.019416	0.020335	0.018647	0.020110	6,532	33,219,800
04/09/2018	0.018178	0.020404	0.017790	0.019388	12,362	31,102,200
04/08/2018	0.018264	0.020696	0.017486	0.018150	30,505	31,248,700
04/07/2018	0.015536	0.019770	0.015494	0.018287	36,881	26,582,000
04/06/2018	0.015850	0.016010	0.015384	0.015534	11,066	27,118,000
04/05/2018	0.015514	0.016389	0.015203	0.015910	4,538	26,543,000
04/04/2018	0.017420	0.018278	0.015147	0.015516	18,437	29,804,400
04/03/2018	0.015867	0.018293	0.015804	0.017500	27,727	27,147,500
04/02/2018	0.015653	0.016419	0.015475	0.015853	10,911	26,781,200
04/01/2018	0.016073	0.016609	0.015074	0.015620	18,102	27,500,300
03/31/2018	0.016106	0.017638	0.016025	0.016071	14,713	27,557,300
03/30/2018	0.016452	0.017391	0.015236	0.016201	20,674	28,148,900
03/29/2018	0.018769	0.018802	0.016255	0.016493	10,168	32,112,000
03/28/2018	0.018411	0.019519	0.017927	0.018744	7,157	31,500,200
03/27/2018	0.020308	0.020369	0.018221	0.018407	10,204	34,746,200
03/26/2018	0.021251	0.021619	0.019264	0.020345	6,280	36,359,800
03/25/2018	0.019748	0.023372	0.019591	0.021272	8,660	33,788,000
03/24/2018	0.023183	0.023218	0.019973	0.020001	7,911	39,664,300
03/23/2018	0.021356	0.022888	0.019851	0.022888	20,005	36,539,400
03/22/2018	0.022552	0.024015	0.020941	0.021358	19,805	38,585,400
03/21/2018	0.023056	0.024722	0.022273	0.022530	8,434	39,447,700
03/20/2018	0.023406	0.024119	0.021639	0.022968	12,429	40,046,500
03/19/2018	0.022461	0.024480	0.021823	0.023186	18,291	38,429,900
03/18/2018	0.024487	0.024487	0.018415	0.022547	17,977	41,896,700
03/17/2018	0.024143	0.026446	0.021672	0.024532	12,994	41,307,000
03/16/2018	0.024303	0.029241	0.023484	0.024119	27,464	41,580,600
03/15/2018	0.024720	0.025285	0.023208	0.024419	6,322	42,294,600
03/14/2018	0.027382	0.028267	0.023575	0.024709	210,929	46,505,600
03/13/2018	0.027431	0.028569	0.026874	0.027373	204,605	46,588,600
03/12/2018	0.029722	0.030450	0.026808	0.027261	271,102	50,480,500
03/11/2018	0.027055	0.030167	0.026266	0.029781	137,858	45,950,200
03/10/2018	0.029671	0.030242	0.026895	0.027153	167,056	50,392,200
03/09/2018	0.028228	0.029713	0.024238	0.029488	249,376	47,941,700
03/08/2018	0.031291	0.032267	0.027419	0.028220	266,674	53,144,900
03/07/2018	0.034853	0.035372	0.028241	0.031177	553,479	59,193,200
03/06/2018	0.036709	0.039116	0.033803	0.034854	550,656	-
03/05/2018	0.037958	0.039320	0.035914	0.036801	361,588	-
03/04/2018	0.039283	0.039463	0.037238	0.037961	148,505	-
03/03/2018	0.039298	0.040296	0.038974	0.039308	267,520	-
03/02/2018	0.040026	0.041016	0.038000	0.039333	320,738	-
03/01/2018	0.039261	0.046153	0.037347	0.040258	421,510	-
02/28/2018	0.042900	0.043895	0.035898	0.039255	790,721	-
02/27/2018	0.042308	0.044833	0.040988	0.042889	1,919,380	-
02/26/2018	0.040199	0.044030	0.039760	0.042214	1,331,420	-
02/25/2018	0.040997	0.041888	0.039254	0.040291	409,054	-
02/24/2018	0.042384	0.043305	0.039364	0.041089	298,463	-
02/23/2018	0.039813	0.043688	0.039156	0.042427	492,492	-
02/22/2018	0.040744	0.042345	0.038677	0.039861	556,847	-
02/21/2018	0.043419	0.045041	0.031925	0.040606	635,382	-
02/20/2018	0.050555	0.051764	0.043217	0.045081	633,985	-
02/19/2018	0.051116	0.053042	0.048299	0.050540	507,694	-
02/18/2018	0.054128	0.054634	0.049798	0.051305	419,499	-
02/17/2018	0.051611	0.054758	0.050952	0.054042	309,934	-
02/16/2018	0.051513	0.054525	0.049446	0.051885	618,152	-
02/15/2018	0.054122	0.054122	0.051587	0.051606	763,454	-
