Date	Open	High	Low	Close	Volume	Market Cap
07/15/2018	0.387278	0.397703	0.380952	0.392350	70	14,461,700
07/14/2018	0.403329	0.403964	0.387328	0.387397	1,919	15,061,000
07/13/2018	0.402927	0.460625	0.400178	0.402477	2,321	15,046,000
07/12/2018	0.489186	0.490012	0.387835	0.402395	2,228	18,267,100
07/11/2018	0.370331	0.541447	0.343628	0.494164	160,772	13,828,800
07/10/2018	0.456125	0.457516	0.342792	0.370053	34,331	17,032,500
07/09/2018	0.350529	0.477051	0.290613	0.456556	35,230	13,089,400
07/08/2018	0.408601	0.408984	0.270964	0.350422	34,398	15,257,900
07/07/2018	0.384822	0.409196	0.368025	0.408821	1,623	14,370,000
07/06/2018	0.384945	0.396030	0.365313	0.396030	3,006	14,374,600
07/05/2018	0.334305	0.507095	0.333308	0.384917	135,244	-
07/04/2018	0.355364	0.360778	0.327097	0.333950	4,032	-
07/03/2018	0.386732	0.387005	0.354596	0.355286	11	-
07/02/2018	0.316934	0.388974	0.312864	0.386919	518	-
07/01/2018	0.319390	0.321082	0.314592	0.316791	325	-
06/30/2018	0.320135	0.350860	0.316014	0.319311	1,251	-
06/29/2018	0.306408	0.330398	0.288113	0.319942	2,888	-
06/28/2018	0.339359	0.343558	0.304642	0.306373	1,206	-
06/27/2018	0.363046	0.406813	0.339266	0.339266	17,746	-
06/26/2018	0.260673	0.401286	0.260114	0.363191	220,548	-
06/25/2018	0.253482	0.267339	0.232753	0.260673	5,537	-
06/24/2018	0.247581	0.254038	0.241396	0.253580	155	-
06/23/2018	0.258475	0.284543	0.246389	0.247636	370	-
06/22/2018	0.265190	0.278312	0.235648	0.258395	8,024	-
06/21/2018	0.248959	0.275186	0.233418	0.265206	50,204	-
06/20/2018	0.180322	0.249804	0.180000	0.248991	41,610	-
06/19/2018	0.143710	0.188216	0.142813	0.180304	37,335	-
06/18/2018	0.199515	0.199641	0.129989	0.143771	47,841	-
06/17/2018	0.205974	0.247405	0.199149	0.199558	908	-
06/16/2018	0.195385	0.249332	0.194879	0.205990	85	-
06/15/2018	0.203413	0.240754	0.194591	0.195927	478	-
06/14/2018	0.192663	0.251663	0.187634	0.203597	531	-
06/13/2018	0.197509	0.209401	0.185228	0.192628	1,058	-
06/12/2018	0.239847	0.239954	0.196809	0.197325	41,598	-
06/11/2018	0.233730	0.243837	0.227371	0.239538	18,328	-
06/10/2018	0.296470	0.296470	0.232979	0.233671	34,096	-
06/09/2018	0.281198	0.300878	0.229727	0.296095	309	-
06/08/2018	0.253773	0.291335	0.253692	0.281162	2,208	-
06/07/2018	0.303397	0.312166	0.253274	0.253580	5,285	-
06/06/2018	0.331520	0.331963	0.299719	0.303287	20,033	-
06/05/2018	0.368226	0.418009	0.329233	0.331701	425	-
06/04/2018	0.315620	0.370768	0.315620	0.368132	1,482	-
06/03/2018	0.381538	0.446893	0.308719	0.315627	1,494	-
06/02/2018	0.357554	0.381910	0.310015	0.381440	4,566	-
06/01/2018	0.299668	0.373807	0.299589	0.357629	709	-
05/31/2018	0.313594	0.325593	0.294171	0.299461	45	-
05/30/2018	0.339287	0.345391	0.291051	0.307819	283	-
05/29/2018	0.310233	0.340854	0.297733	0.338092	1,074	-
05/28/2018	0.335989	0.337229	0.290340	0.310687	4,871	-
05/27/2018	0.347521	0.347963	0.295152	0.335999	827	-
05/26/2018	0.309008	0.382729	0.300881	0.347417	220	-
05/25/2018	0.302117	0.358837	0.297210	0.309259	1,580	-
05/24/2018	0.314112	0.328447	0.296474	0.301680	964	-
05/23/2018	0.320137	0.387800	0.285366	0.314191	32,569	-
05/22/2018	0.349710	0.350612	0.318723	0.320525	269	-
05/21/2018	0.415865	0.419713	0.341503	0.343019	6,720	-
05/20/2018	0.412208	0.430735	0.330118	0.415339	5,586	-
05/19/2018	0.308646	0.414567	0.281810	0.411900	5,043	-
05/18/2018	0.343893	0.372438	0.303602	0.308650	2,023	-
05/17/2018	0.543042	0.558306	0.312628	0.343871	3,977	-
05/16/2018	0.545642	0.600488	0.485461	0.542453	367	-
05/15/2018	0.368572	0.610997	0.362531	0.545420	413	-
05/14/2018	0.359224	0.429310	0.332079	0.369053	1,280	-
05/13/2018	0.374516	0.407719	0.334941	0.359294	1,204	-
05/12/2018	0.347495	0.375005	0.320596	0.374560	2,873	-
05/11/2018	0.369885	0.397731	0.333460	0.348038	5,925	-
05/10/2018	0.390186	0.458873	0.367083	0.369822	3,750	-
05/09/2018	0.379131	0.430977	0.365033	0.389939	2,073	-
05/08/2018	0.426034	0.461333	0.375167	0.379533	1,884	-
05/07/2018	0.475614	0.476464	0.420754	0.424792	6,165	-
05/06/2018	0.473822	0.484205	0.464486	0.475372	2,554	-
05/05/2018	0.439892	0.493768	0.410695	0.473863	1,996	-
05/04/2018	0.395537	0.447030	0.389212	0.439844	305	-
05/03/2018	0.447488	0.530195	0.375765	0.396189	10,147	-
05/02/2018	0.428913	0.460385	0.424755	0.447503	442	-
05/01/2018	0.422065	0.531187	0.390428	0.429777	7,897	-
04/30/2018	0.388672	0.455126	0.381094	0.421302	234	-
04/29/2018	0.392059	0.478113	0.383894	0.388742	1,077	-
04/28/2018	0.463903	0.514257	0.391284	0.392108	2,697	-
04/27/2018	0.437779	0.491037	0.427884	0.465938	3,600	-
04/26/2018	0.418889	0.460783	0.415244	0.437055	2,030	-
04/25/2018	0.499795	0.499795	0.416238	0.416321	3,588	-
04/24/2018	0.453778	0.508633	0.453778	0.500055	5,733	-
04/23/2018	0.431159	0.453746	0.384000	0.453734	3,146	-
04/22/2018	0.361717	0.448096	0.357338	0.432530	4,435	-
04/21/2018	0.362870	0.398175	0.358920	0.361711	88	-
04/20/2018	0.404354	0.415814	0.343996	0.362993	1,979	-
04/19/2018	0.365949	0.404519	0.364384	0.404519	2,191	-
04/18/2018	0.348164	0.365366	0.347602	0.364800	6,317	-
04/17/2018	0.398690	0.412418	0.354183	0.354650	1,255	-
04/16/2018	0.433173	0.446763	0.392990	0.398733	12,803	-
04/15/2018	0.399504	0.469272	0.381558	0.432723	8,160	-
04/14/2018	0.332994	0.457239	0.328828	0.399554	11,614	-
04/13/2018	0.378177	0.380605	0.321022	0.332994	1,138	-
04/12/2018	0.300091	0.379206	0.291762	0.377657	1,237	-
04/11/2018	0.333177	0.347550	0.279265	0.301147	651	-
04/10/2018	0.324524	0.334782	0.288718	0.332807	1,334	-
04/09/2018	0.320382	0.328387	0.262216	0.323336	964	-
04/08/2018	0.302572	0.321073	0.271056	0.319810	1,631	-
04/07/2018	0.324577	0.337998	0.270024	0.302514	515	-
04/06/2018	0.247283	0.331374	0.238050	0.324266	4,482	-
04/05/2018	0.262635	0.307377	0.237988	0.247871	2,572	-
04/04/2018	0.296970	0.329736	0.239768	0.262739	1,317	-
04/03/2018	0.292076	0.325037	0.284859	0.296684	27,027	-
04/02/2018	0.304962	0.323338	0.290469	0.291901	1,707	-
04/01/2018	0.328756	0.345888	0.265535	0.304346	8,522	-
03/31/2018	0.300048	0.344301	0.300048	0.328736	693	-
03/30/2018	0.337698	0.344691	0.288508	0.300177	1,001	-
03/29/2018	0.376252	0.377310	0.289839	0.338524	3,194	-
03/28/2018	0.397142	0.404333	0.343663	0.375907	3,921	-
03/27/2018	0.388931	0.403107	0.351700	0.397091	2,869	-
03/26/2018	0.394633	0.397917	0.350819	0.389059	1,828	-
03/25/2018	0.391799	0.426076	0.370376	0.395147	2,745	-
03/24/2018	0.410360	0.426800	0.364903	0.393492	13,258	-
03/23/2018	0.392799	0.449420	0.351021	0.408854	639	-
03/22/2018	0.442846	0.446526	0.363264	0.392799	998	-
03/21/2018	0.448866	0.465396	0.366783	0.442813	3,645	-
03/20/2018	0.434935	0.549921	0.426870	0.447235	10,375	-
03/19/2018	0.490128	0.559928	0.429082	0.430411	1,141	-
03/18/2018	0.505370	0.528446	0.430055	0.490466	10,890	-
03/17/2018	0.545746	0.578169	0.488926	0.505683	1,961	-
03/16/2018	0.531353	0.602037	0.500555	0.545621	5,964	-
03/15/2018	0.496050	0.582856	0.458751	0.531657	4,611	-
03/14/2018	0.543247	0.557136	0.483384	0.496226	1,177	-
03/13/2018	0.633838	0.638195	0.494263	0.543150	2,370	-
03/12/2018	0.581850	0.657771	0.564005	0.634416	2,611	-
03/11/2018	0.600738	0.636053	0.571217	0.582778	2,297	-
03/10/2018	0.608858	0.669034	0.582858	0.597692	4,029	-
03/09/2018	0.574160	0.658084	0.560704	0.615799	2,565	-
03/08/2018	0.692765	0.695763	0.575381	0.575381	788	-
03/07/2018	0.669418	0.751828	0.632570	0.693123	6,895	-
03/06/2018	0.791218	0.791631	0.667120	0.669004	1,489	-
03/05/2018	0.830353	0.844170	0.705736	0.792632	2,970	-
03/04/2018	0.822857	0.853112	0.731214	0.830383	2,115	-
03/03/2018	0.805590	0.859844	0.805590	0.823994	3,225	-
03/02/2018	0.786493	0.904918	0.777857	0.805646	11,425	-
03/01/2018	0.861752	0.861759	0.765465	0.787016	3,755	-
02/28/2018	0.856087	0.963331	0.811827	0.861413	4,306	-
02/27/2018	0.801743	0.878999	0.732447	0.856161	5,562	-
02/26/2018	0.674877	0.814583	0.674305	0.800324	1,818	-
02/25/2018	0.808840	0.808840	0.663627	0.674502	2,989	-
02/24/2018	0.814041	0.840754	0.678722	0.810214	2,275	-
02/23/2018	0.773328	0.870398	0.709000	0.814958	1,405	-
02/22/2018	0.838672	0.946757	0.773735	0.773735	5,277	-
02/21/2018	0.796035	0.903052	0.775826	0.839442	4,031	-
02/20/2018	0.963244	1.01	0.793932	0.796963	19,861	-
02/19/2018	0.978811	1.05	0.923359	0.962985	15,417	-
02/18/2018	1.07	1.15	0.952018	0.996665	30,600	-
02/17/2018	0.639192	1.43	0.634952	1.07	297,059	-
02/16/2018	0.674502	0.718667	0.616340	0.639171	3,770	-
02/15/2018	0.724532	0.757182	0.640718	0.675715	7,592	-
02/14/2018	0.612438	0.731579	0.600144	0.724242	12,847	-
02/13/2018	0.620885	0.714714	0.611888	0.613338	3,980	-
02/12/2018	0.730449	0.757799	0.619840	0.619840	6,480	-
02/11/2018	0.762829	0.762829	0.629293	0.727446	1,656	-
02/10/2018	0.739129	0.857863	0.708432	0.763574	8,571	-
02/09/2018	0.741775	0.830290	0.707499	0.738997	6,212	-
02/08/2018	0.696243	0.780697	0.662317	0.740161	5,957	-
02/07/2018	0.744735	0.763241	0.659407	0.697974	10,118	-
02/06/2018	0.588893	0.778739	0.569989	0.749365	3,373	-
02/05/2018	0.735781	0.793555	0.559847	0.588145	4,480	-
02/04/2018	0.758676	0.802086	0.676664	0.741551	4,252	-
02/03/2018	0.760891	0.885967	0.730383	0.758681	6,216	-
02/02/2018	0.819843	0.830272	0.648474	0.758668	12,794	-
02/01/2018	0.904055	0.921694	0.796018	0.824004	13,799	-
01/31/2018	0.912061	1.00	0.825413	0.902279	20,251	-
01/30/2018	0.927455	1.05	0.866317	0.910789	4,505	-
01/29/2018	1.01	1.02	0.819406	0.904092	10,897	-
01/28/2018	1.06	1.07	0.890311	1.01	7,616	-
01/27/2018	0.875657	1.10	0.810888	1.05	33,395	-
01/26/2018	0.895334	1.05	0.862020	0.875908	6,860	-
01/25/2018	0.952646	1.07	0.894222	0.897109	23,443	-
01/24/2018	1.07	1.11	0.936186	1.04	7,195	-
01/23/2018	1.08	1.12	0.936074	1.07	18,354	-
01/22/2018	1.12	1.28	0.999129	1.08	10,357	-
01/21/2018	1.38	1.52	1.05	1.11	22,502	-
01/20/2018	1.18	1.67	1.12	1.38	112,841	-
01/19/2018	1.00	1.35	0.925212	1.19	77,034	-
01/18/2018	1.01	1.10	0.827911	1.01	42,655	-
01/17/2018	1.06	1.10	0.635374	0.979340	123,372	-
01/16/2018	1.51	1.58	0.859254	1.09	88,985	-
01/15/2018	1.79	2.02	1.30	1.51	85,182	-
01/14/2018	2.32	2.40	1.64	1.74	143,164	-
01/13/2018	2.38	2.58	1.95	2.30	230,857	-
01/12/2018	1.83	2.45	1.70	2.44	305,128	-
01/11/2018	1.63	2.16	1.63	1.82	178,412	-
