Date	Open	High	Low	Close	Volume	Market Cap
07/15/2018	0.039531	0.041059	0.039434	0.040749	281	2,292,200
07/14/2018	0.037536	0.039840	0.037536	0.039565	2,072	2,176,520
07/13/2018	0.037229	0.037717	0.033527	0.037554	2,088	2,158,740
07/12/2018	0.046336	0.051557	0.036550	0.037173	13,575	2,686,780
07/11/2018	0.050566	0.051277	0.041296	0.046340	3,282	2,932,070
07/10/2018	0.053330	0.055659	0.037360	0.050564	13,189	3,092,340
07/09/2018	0.048495	0.053300	0.045390	0.053248	5,465	2,811,960
07/08/2018	0.040551	0.054885	0.040407	0.051273	4,645	2,351,370
07/07/2018	0.040635	0.041719	0.039218	0.040597	5	2,356,200
07/06/2018	0.039077	0.046765	0.038755	0.040677	4,718	2,265,870
07/05/2018	0.044675	0.045812	0.037406	0.039162	5,488	2,590,450
07/04/2018	0.040470	0.046103	0.037888	0.044347	4,759	2,346,640
07/03/2018	0.041595	0.049375	0.036862	0.040475	5,213	2,411,900
07/02/2018	0.038173	0.042016	0.037772	0.041754	4,266	1,969,090
07/01/2018	0.040509	0.040660	0.036204	0.038170	5,906	2,089,590
06/30/2018	0.043016	0.045088	0.039103	0.040473	2,039	2,218,920
06/29/2018	0.040275	0.043435	0.035919	0.042972	32,477	2,077,510
06/28/2018	0.040711	0.041966	0.040024	0.040258	1,171	2,100,010
06/27/2018	0.036668	0.045525	0.036432	0.040663	2,634	1,891,430
06/26/2018	0.035571	0.037684	0.035435	0.036712	1,883	1,834,840
06/25/2018	0.032465	0.036156	0.032007	0.035571	2,732	1,674,640
06/24/2018	0.031617	0.032680	0.029304	0.032556	1,093	1,630,890
06/23/2018	0.032740	0.033668	0.029934	0.031646	325	1,688,840
06/22/2018	0.036514	0.036564	0.031979	0.032791	5,347	1,883,490
06/21/2018	0.038178	0.047613	0.032124	0.036551	17,752	1,969,320
06/20/2018	0.041585	0.041605	0.037981	0.038182	1,216	2,145,060
06/19/2018	0.040188	0.042787	0.040158	0.041558	2,034	2,073,010
06/18/2018	0.038697	0.040498	0.038312	0.040210	645	1,996,100
06/17/2018	0.038754	0.039193	0.038388	0.038750	2,117	1,999,040
06/16/2018	0.037475	0.039009	0.037297	0.038698	2,459	1,933,070
06/15/2018	0.039070	0.039144	0.037082	0.037578	489	2,015,330
06/14/2018	0.036292	0.039828	0.036048	0.039191	1,011	1,872,050
06/13/2018	0.043312	0.043362	0.034911	0.036262	2,560	2,234,150
06/12/2018	0.048509	0.048509	0.036384	0.043848	2,276	2,502,230
06/11/2018	0.045532	0.048525	0.040118	0.048525	4,191	2,348,670
06/10/2018	0.056051	0.057381	0.044224	0.045458	2,774	2,891,300
06/09/2018	0.053602	0.057862	0.053590	0.055962	3,558	2,764,950
06/08/2018	0.054859	0.055045	0.051808	0.053606	2,092	2,829,790
06/07/2018	0.059543	0.061234	0.052130	0.054801	2,889	3,071,430
06/06/2018	0.050447	0.059979	0.048826	0.059557	23,229	2,602,210
06/05/2018	0.049461	0.050548	0.048325	0.050503	1,885	2,551,380
06/04/2018	0.063271	0.067397	0.046860	0.049457	3,727	3,263,700
06/03/2018	0.041440	0.068705	0.041422	0.063347	4,332	2,137,590
06/02/2018	0.067808	0.076398	0.041482	0.041482	6,034	3,497,720
06/01/2018	0.065183	0.071709	0.064413	0.067831	6,267	3,301,210
05/31/2018	0.060635	0.068739	0.054255	0.065054	7,774	3,070,910
05/30/2018	0.057911	0.070595	0.057911	0.060658	9,932	2,924,310
05/29/2018	0.059035	0.584663	0.048276	0.057874	29,004	2,981,070
05/28/2018	0.053807	0.060765	0.049716	0.059087	4,767	2,717,060
05/27/2018	0.055162	0.055528	0.052879	0.053804	2,731	2,785,490
05/26/2018	0.054956	0.056939	0.051976	0.055097	102	2,775,090
05/25/2018	0.059553	0.060576	0.053956	0.054988	2,527	3,007,230
05/24/2018	0.061720	0.062320	0.055819	0.059475	6,584	3,116,640
05/23/2018	0.053559	0.065924	0.053394	0.061932	6,873	2,704,540
05/22/2018	0.054814	0.057143	0.053332	0.053675	4,216	2,767,930
05/21/2018	0.061449	0.061489	0.054109	0.054895	3,195	3,102,980
05/20/2018	0.065118	0.065767	0.058229	0.061371	6,258	3,288,260
05/19/2018	0.081370	0.081587	0.064851	0.065109	6,365	4,108,890
05/18/2018	0.076789	0.090611	0.073784	0.081378	7,453	3,877,600
05/17/2018	0.080245	0.087264	0.076711	0.076753	6,897	4,052,080
05/16/2018	0.061854	0.083576	0.061251	0.080171	20,111	3,123,390
05/15/2018	0.069967	0.072670	0.061488	0.061852	3,346	3,533,110
05/14/2018	0.072611	0.073296	0.062250	0.070077	8,129	3,666,610
05/13/2018	0.066190	0.073066	0.064912	0.072298	6,490	3,342,370
05/12/2018	0.060592	0.067037	0.059948	0.066263	3,149	3,059,680
05/11/2018	0.078431	0.081674	0.059818	0.060726	7,781	3,960,480
05/10/2018	0.070835	0.080528	0.070835	0.078349	10,635	3,576,920
05/09/2018	0.059662	0.070841	0.056780	0.070841	10,622	3,012,730
05/08/2018	0.066372	0.069906	0.057332	0.059742	1,961	3,351,580
05/07/2018	0.073971	0.074208	0.064344	0.066059	6,302	3,735,270
05/06/2018	0.076471	0.077554	0.072317	0.073927	2,955	3,861,500
05/05/2018	0.060981	0.080155	0.060884	0.076451	7,138	3,079,320
05/04/2018	0.067037	0.068558	0.058318	0.061175	3,169	3,384,450
05/03/2018	0.068089	0.073291	0.066853	0.067185	4,202	3,436,900
05/02/2018	0.075568	0.075780	0.067159	0.068086	11,143	3,772,840
05/01/2018	0.075082	0.077563	0.068774	0.075703	9,267	3,630,030
04/30/2018	0.072531	0.079995	0.070673	0.074888	10,695	3,506,720
04/29/2018	0.086792	0.087949	0.066163	0.072516	9,063	4,196,170
04/28/2018	0.061166	0.102397	0.060046	0.086810	14,272	2,957,230
04/27/2018	0.066925	0.066925	0.060361	0.062324	17,293	3,210,580
04/26/2018	0.089702	0.090232	0.061948	0.066820	14,748	4,303,220
04/25/2018	0.096376	0.096958	0.087398	0.088918	17,167	4,623,410
04/24/2018	0.086309	0.098036	0.086309	0.096793	9,414	4,140,460
04/23/2018	0.086620	0.088869	0.080876	0.086269	4,434	4,155,370
04/22/2018	0.087449	0.092177	0.086054	0.086874	6,132	4,195,160
04/21/2018	0.096516	0.096516	0.084993	0.087447	4,569	4,630,120
04/20/2018	0.088637	0.100650	0.088620	0.096530	13,426	4,248,600
04/19/2018	0.060034	0.088508	0.059922	0.088508	8,918	2,877,590
04/18/2018	0.062549	0.063242	0.058090	0.058834	2,162	2,970,010
04/17/2018	0.094281	0.104618	0.062513	0.062513	2,883	4,476,670
04/16/2018	0.066149	0.094223	0.063513	0.094114	5,915	3,140,270
04/15/2018	0.061480	0.072366	0.057995	0.066115	8,196	2,918,620
04/14/2018	0.057392	0.062080	0.057042	0.061491	986	2,724,540
04/13/2018	0.060116	0.067031	0.056727	0.057392	1,317	2,846,580
04/12/2018	0.051331	0.060242	0.050159	0.060025	455	2,430,540
04/11/2018	0.052132	0.058427	0.049334	0.051540	2,754	2,468,480
04/10/2018	0.058164	0.062517	0.051401	0.052045	1,769	2,754,090
04/09/2018	0.059184	0.061953	0.056572	0.058000	1,470	2,802,430
04/08/2018	0.048476	0.065874	0.047027	0.059069	16,832	2,295,370
04/07/2018	0.039256	0.066647	0.039174	0.048361	7,036	1,858,820
04/06/2018	0.041084	0.047647	0.038437	0.039216	32,780	1,945,340
04/05/2018	0.062647	0.062824	0.040791	0.041314	28,020	2,966,370
04/04/2018	0.070838	0.092608	0.057342	0.062674	8,139	3,343,730
04/03/2018	0.057009	0.079670	0.056758	0.070867	15,543	2,690,970
04/02/2018	0.067829	0.069866	0.055203	0.056959	3,665	3,201,680
04/01/2018	0.079419	0.080468	0.067120	0.067510	8,375	3,748,760
03/31/2018	0.075990	0.082497	0.075990	0.079416	6,443	3,289,400
03/30/2018	0.088400	0.088775	0.073181	0.076003	3,911	3,826,600
03/29/2018	0.093875	0.094343	0.083331	0.088642	2,603	4,063,580
03/28/2018	0.089833	0.094156	0.084667	0.093734	2,396	3,888,610
03/27/2018	0.100241	0.116377	0.089279	0.089814	4,209	4,339,170
03/26/2018	0.094364	0.110802	0.094364	0.100335	3,430	4,084,750
03/25/2018	0.094739	0.120748	0.090653	0.094577	2,225	4,101,010
03/24/2018	0.089113	0.112674	0.087356	0.096020	7,400	3,857,450
03/23/2018	0.084511	0.091715	0.081938	0.088101	12,678	3,658,250
03/22/2018	0.088279	0.097832	0.079726	0.084505	8,270	3,805,800
03/21/2018	0.079772	0.094456	0.079675	0.088141	1,980	3,439,060
03/20/2018	0.068534	0.080612	0.056741	0.077090	1,804	2,952,510
03/19/2018	0.083111	0.085255	0.076239	0.077876	5,115	3,580,480
03/18/2018	0.093017	0.093017	0.065499	0.083115	7,740	4,007,260
03/17/2018	0.095496	0.104202	0.092784	0.093267	1,989	4,114,080
03/16/2018	0.107003	0.107525	0.095237	0.095445	1,517	4,609,800
03/15/2018	0.101360	0.143704	0.096646	0.107180	1,492	4,366,670
03/14/2018	0.126459	0.128781	0.098826	0.101400	15,518	5,447,970
03/13/2018	0.140830	0.144964	0.096679	0.126432	4,141	6,067,100
03/12/2018	0.137274	0.151034	0.137215	0.140997	997	5,913,920
03/11/2018	0.133484	0.162775	0.125560	0.137135	7,256	5,750,630
03/10/2018	0.159320	0.164363	0.133200	0.133884	9,064	6,863,650
03/09/2018	0.117714	0.158788	0.104278	0.157989	20,446	5,071,220
03/08/2018	0.125989	0.154792	0.117867	0.118310	34,278	5,427,740
03/07/2018	0.152298	0.176907	0.120470	0.126164	31,014	6,561,170
03/06/2018	0.169194	0.169194	0.152532	0.152712	9,262	-
03/05/2018	0.145540	0.169358	0.145276	0.169358	13,541	-
03/04/2018	0.149249	0.149626	0.144332	0.145607	1,976	-
03/03/2018	0.154542	0.185623	0.148312	0.149347	3,216	-
03/02/2018	0.149265	0.164085	0.149265	0.155571	5,177	-
03/01/2018	0.144962	0.158282	0.138203	0.149439	15,903	-
02/28/2018	0.157728	0.159517	0.144985	0.144985	8,175	-
02/27/2018	0.173212	0.180776	0.149830	0.157657	13,828	-
02/26/2018	0.196713	0.197572	0.146124	0.172797	15,642	-
02/25/2018	0.151401	0.196915	0.149883	0.196158	47,776	-
02/24/2018	0.215128	0.218977	0.142187	0.151688	45,953	-
02/23/2018	0.191465	0.226139	0.180342	0.212820	12,539	-
02/22/2018	0.188760	0.212550	0.179437	0.191715	54,886	-
02/21/2018	0.200603	0.229073	0.185508	0.188938	26,304	-
02/20/2018	0.243050	0.243050	0.194057	0.200908	14,463	-
02/19/2018	0.207267	0.238250	0.202055	0.237745	27,299	-
02/18/2018	0.225724	0.229783	0.203519	0.208469	8,957	-
02/17/2018	0.185467	0.222824	0.184772	0.222824	7,612	-
02/16/2018	0.205785	0.216727	0.185416	0.185416	16,906	-
02/15/2018	0.209503	0.226160	0.198370	0.206106	35,330	-
02/14/2018	0.206104	0.229486	0.159001	0.209780	507,375	-
02/13/2018	0.244627	0.276857	0.206199	0.209229	823,752	-
02/12/2018	0.211619	0.251759	0.202792	0.244338	270,666	-
02/11/2018	0.207896	0.227154	0.158750	0.208297	124,998	-
02/10/2018	0.240034	0.243836	0.209696	0.210001	84,085	-
02/09/2018	0.229772	0.248812	0.208228	0.211363	154,728	-
02/08/2018	0.227195	0.255426	0.176358	0.229423	106,791	-
02/07/2018	0.243395	0.273693	0.220191	0.227892	42,805	-
02/06/2018	0.214728	0.247549	0.178726	0.244192	51,519	-
02/05/2018	0.259486	0.280164	0.202564	0.214189	58,798	-
02/04/2018	0.306056	0.317042	0.245365	0.261961	71,896	-
02/03/2018	0.271038	0.309847	0.245200	0.306145	91,926	-
02/02/2018	0.321461	0.321461	0.238055	0.269903	64,650	-
02/01/2018	0.354604	0.374711	0.299408	0.322938	85,478	-
01/31/2018	0.330034	0.354630	0.313453	0.354054	79,462	-
01/30/2018	0.383029	0.394373	0.303539	0.329169	62,955	-
01/29/2018	0.419430	0.426858	0.377067	0.383056	62,994	-
01/28/2018	0.432715	0.467280	0.412068	0.420173	199,091	-
01/27/2018	0.387641	0.469079	0.386788	0.430035	89,624	-
01/26/2018	0.357874	0.422720	0.344094	0.387636	149,632	-
01/25/2018	0.430120	0.439212	0.362593	0.365010	75,970	-
01/24/2018	0.532309	0.548996	0.393675	0.428087	167,420	-
01/23/2018	0.576070	0.579313	0.495690	0.532297	71,218	-
01/22/2018	0.616169	0.651578	0.514100	0.576387	62,931	-
01/21/2018	0.679792	0.721976	0.584842	0.611082	101,845	-
01/20/2018	0.656991	0.739623	0.649575	0.678917	108,384	-
01/19/2018	0.758334	0.822705	0.634373	0.644361	129,442	-
01/18/2018	0.754156	0.841942	0.719872	0.771747	108,524	-
01/17/2018	0.689441	0.770746	0.553586	0.745366	127,181	-
01/16/2018	1.12	1.24	0.580810	0.689268	304,292	-
01/15/2018	1.16	1.34	1.05	1.12	202,018	-
01/14/2018	1.51	1.86	1.13	1.17	211,871	-
01/13/2018	2.99	4.22	0.790460	1.51	843,525	-
01/12/2018	1.57	4.36	1.16	3.16	2,379,180	-
