Date	Open	High	Low	Close	Volume	Market Cap
07/15/2018	0.068482	0.069901	0.061276	0.061276	29	2,286,650
07/14/2018	0.061059	0.069039	0.060894	0.068499	1	2,038,790
07/13/2018	0.062739	0.071868	0.059859	0.061229	774	2,094,870
07/12/2018	0.071821	0.071821	0.061555	0.062677	5	2,398,160
07/11/2018	0.067551	0.078469	0.065746	0.071837	6,870	2,255,560
07/10/2018	0.080151	0.080670	0.067522	0.067548	186	2,676,280
07/09/2018	0.080084	0.116684	0.079864	0.080207	6,134	2,674,030
07/08/2018	0.097797	0.099143	0.079963	0.080101	4,950	3,265,480
07/07/2018	0.094568	0.098235	0.094115	0.097907	103	3,157,690
07/06/2018	0.116330	0.116395	0.089341	0.094729	1,506	3,884,320
07/05/2018	0.079441	0.193062	0.076386	0.116349	19,423	2,652,580
07/04/2018	0.078523	0.081903	0.077751	0.079272	48	2,621,930
07/03/2018	0.063852	0.099549	0.063847	0.078553	571	2,132,050
07/02/2018	0.062514	0.064553	0.061451	0.064152	3	2,087,370
07/01/2018	0.066939	0.067316	0.061908	0.062507	66	2,235,130
06/30/2018	0.060125	0.073924	0.060122	0.066924	9,523	2,007,610
06/29/2018	0.060141	0.060141	0.060044	0.060044	6	2,008,140
06/28/2018	0.064345	0.064534	0.063820	0.064213	1,005	2,148,500
06/27/2018	0.063783	0.064630	0.063100	0.064322	1,007	2,129,750
06/26/2018	0.061419	0.065371	0.061007	0.063809	1,003	2,050,810
06/25/2018	0.061998	0.064698	0.059934	0.061419	32	2,070,150
06/24/2018	0.059817	0.063069	0.058234	0.062118	64	1,997,310
06/23/2018	0.063424	0.064572	0.063314	0.063900	21	2,117,770
06/22/2018	0.069295	0.069414	0.062302	0.063416	21	2,313,790
06/21/2018	0.069067	0.079547	0.064838	0.069372	2,172	2,306,200
06/20/2018	0.068225	0.069277	0.066523	0.069053	119	2,278,080
06/19/2018	0.073965	0.074724	0.067702	0.068183	4	2,469,730
06/18/2018	0.074423	0.075220	0.070905	0.074005	669	2,485,010
06/17/2018	0.062015	0.077971	0.061897	0.074678	6,904	2,070,720
06/16/2018	0.060431	0.065195	0.060327	0.061851	189	2,017,840
06/15/2018	0.064444	0.073201	0.059083	0.060653	4,297	2,151,830
06/14/2018	0.061108	0.067246	0.060984	0.064551	96	2,040,440
06/13/2018	0.066883	0.067287	0.060172	0.061136	523	2,233,270
06/12/2018	0.069357	0.079773	0.066711	0.066711	1,316	2,315,880
06/11/2018	0.068499	0.078878	0.067248	0.069395	2,483	2,287,210
06/10/2018	0.078957	0.078957	0.067400	0.068401	370	2,636,400
06/09/2018	0.085576	0.086208	0.078857	0.078857	12	2,857,430
06/08/2018	0.084066	0.087989	0.083916	0.085613	339	2,807,010
06/07/2018	0.084224	0.085229	0.084224	0.084713	2	2,812,290
06/06/2018	0.083863	0.086045	0.082683	0.084147	753	2,800,220
06/05/2018	0.082300	0.084037	0.079550	0.083885	346	2,748,050
06/04/2018	0.082639	0.084787	0.072332	0.082261	932	2,759,370
06/03/2018	0.064667	0.086369	0.064380	0.082601	5,058	2,159,270
06/02/2018	0.061636	0.066353	0.061291	0.064650	17	2,058,070
06/01/2018	0.065926	0.066806	0.061268	0.061663	1,456	2,201,310
05/31/2018	0.064303	0.071118	0.063998	0.065878	424	2,147,110
05/30/2018	0.076885	0.082802	0.064276	0.064315	1,827	2,567,240
05/29/2018	0.059582	0.084027	0.056773	0.076834	8,579	1,989,470
05/28/2018	0.074335	0.077504	0.057719	0.059601	2,733	2,482,100
05/27/2018	0.074265	0.074503	0.074205	0.074318	150	2,479,750
05/26/2018	0.079982	0.081645	0.079157	0.080646	674	2,670,630
05/25/2018	0.075779	0.081492	0.074365	0.080087	1,023	2,530,290
05/24/2018	0.077301	0.080037	0.074801	0.075637	1,594	2,581,110
05/23/2018	0.089398	0.089942	0.076727	0.077496	2,931	2,985,060
05/22/2018	0.093830	0.097286	0.086498	0.089491	3,775	3,133,020
05/21/2018	0.095507	0.101821	0.089542	0.093846	18,108	3,189,030
05/20/2018	0.094493	0.096126	0.092267	0.095388	5,690	3,155,150
05/19/2018	0.091535	0.095457	0.090814	0.094422	42	3,056,390
05/18/2018	0.094432	0.102390	0.089168	0.091549	11,298	3,153,140
05/17/2018	0.105940	0.106532	0.093809	0.094350	49	3,537,400
05/16/2018	0.105144	0.105885	0.093035	0.105876	3,476	3,510,800
05/15/2018	0.095419	0.105533	0.091648	0.105204	10,636	3,186,090
05/14/2018	0.098635	0.101092	0.087206	0.095583	4,721	3,293,470
05/13/2018	0.091113	0.109616	0.088626	0.098653	12,480	3,042,300
05/12/2018	0.091925	0.112179	0.088906	0.091144	13,185	3,069,400
05/11/2018	0.108455	0.108455	0.091588	0.092195	386	3,621,380
05/10/2018	0.104036	0.112377	0.103635	0.108326	904	3,473,800
05/09/2018	0.101557	0.104235	0.099277	0.104065	700	3,391,020
05/08/2018	0.116992	0.118072	0.101284	0.101712	1,278	3,906,430
05/07/2018	0.103635	0.118009	0.097796	0.116745	6,180	3,460,440
05/06/2018	0.107624	0.114848	0.101887	0.103561	5,551	3,593,620
05/05/2018	0.115633	0.117769	0.106368	0.107551	257	3,861,040
05/04/2018	0.106152	0.121687	0.097026	0.115688	12,766	3,544,460
05/03/2018	0.097263	0.106702	0.094172	0.106193	13,410	3,247,640
05/02/2018	0.095465	0.099821	0.094451	0.097259	106	3,187,640
05/01/2018	0.105161	0.105161	0.093623	0.095609	552	3,511,360
04/30/2018	0.102477	0.109963	0.099728	0.105069	7,876	3,421,740
04/29/2018	0.105215	0.107482	0.100830	0.102511	4,456	3,513,170
04/28/2018	0.102084	0.107941	0.101822	0.107225	177	3,408,630
04/27/2018	0.106452	0.107300	0.102435	0.102435	169	3,554,480
04/26/2018	0.110207	0.111287	0.102055	0.106305	628	3,679,870
04/25/2018	0.120702	0.121286	0.109148	0.109301	5,670	4,030,300
04/24/2018	0.108856	0.121528	0.108807	0.121528	8,672	3,634,750
04/23/2018	0.100365	0.109082	0.096790	0.108763	5,743	3,351,230
04/22/2018	0.104104	0.108971	0.094984	0.100568	9,790	3,476,080
04/21/2018	0.100356	0.107404	0.091815	0.104104	14,600	3,350,920
04/20/2018	0.097911	0.102629	0.096187	0.100321	12,194	3,269,310
04/19/2018	0.097810	0.103728	0.097390	0.097847	4,258	3,265,920
04/18/2018	0.096885	0.106521	0.093591	0.094638	36,362	3,235,040
04/17/2018	0.099821	0.117096	0.093782	0.096795	58,367	3,333,070
04/16/2018	0.100375	0.101665	0.097113	0.099771	1,145	3,351,560
04/15/2018	0.098735	0.108514	0.098735	0.100417	9,670	3,296,820
04/14/2018	0.097014	0.108494	0.095375	0.098629	9,344	3,239,340
04/13/2018	0.097312	0.102313	0.095529	0.097014	319	3,249,280
04/12/2018	0.093707	0.105251	0.085055	0.097189	10,256	3,128,910
04/11/2018	0.088766	0.098935	0.079829	0.093933	33,636	2,963,960
04/10/2018	0.088587	0.095147	0.079977	0.088681	16,972	2,957,970
04/09/2018	0.095971	0.107403	0.087189	0.088985	17,449	3,204,510
04/08/2018	0.093276	0.097541	0.093276	0.095815	230	3,114,550
04/07/2018	0.087138	0.104908	0.087008	0.093192	10,951	2,909,570
04/06/2018	0.093679	0.099328	0.086271	0.087034	9,385	3,128,000
04/05/2018	0.100261	0.100636	0.065859	0.094159	776	3,347,750
04/04/2018	0.117575	0.117575	0.085509	0.100219	394	3,925,880
04/03/2018	0.102168	0.117932	0.101839	0.117656	1,461	3,411,440
04/02/2018	0.088454	0.122155	0.083305	0.102095	34,695	2,953,520
04/01/2018	0.084959	0.101278	0.078930	0.088021	13,231	2,836,830
03/31/2018	0.083603	0.098720	0.078683	0.084962	10,757	2,791,560
03/30/2018	0.097669	0.098133	0.075710	0.083590	7,396	3,261,220
03/29/2018	0.108123	0.108290	0.089947	0.097912	2,233	3,610,290
03/28/2018	0.115194	0.132347	0.107202	0.107997	1,426	3,846,380
03/27/2018	0.110637	0.118508	0.104369	0.115220	1,397	3,694,230
03/26/2018	0.113136	0.121776	0.106390	0.110805	10,140	3,777,670
03/25/2018	0.123333	0.128024	0.112714	0.113223	14,323	4,118,140
03/24/2018	0.124989	0.133009	0.121943	0.124521	2,800	4,173,430
03/23/2018	0.116179	0.131434	0.111623	0.123195	12,246	3,879,260
03/22/2018	0.127291	0.129372	0.114608	0.116182	4,748	4,250,300
03/21/2018	0.123586	0.137951	0.119727	0.127523	17,676	4,126,600
03/20/2018	0.120724	0.127545	0.115029	0.123363	829	4,031,020
03/19/2018	0.106718	0.133897	0.106636	0.119392	42,595	3,563,380
03/18/2018	0.109705	0.112594	0.098381	0.107170	25,256	3,663,100
03/17/2018	0.118295	0.119283	0.109287	0.109972	60	3,949,930
03/16/2018	0.110817	0.138248	0.106753	0.118101	12,647	3,700,240
03/15/2018	0.106886	0.118593	0.100286	0.110880	1,260	3,568,960
03/14/2018	0.146356	0.152978	0.106934	0.106934	5,624	4,886,900
03/13/2018	0.143521	0.154448	0.124180	0.154448	7,664	4,792,240
03/12/2018	0.129322	0.146245	0.129223	0.144350	4,790	4,318,120
03/11/2018	0.119867	0.154663	0.105167	0.129731	15,362	4,002,420
03/10/2018	0.131547	0.151453	0.099304	0.120282	34,633	4,392,410
03/09/2018	0.130815	0.132358	0.117811	0.131490	4,956	4,367,990
03/08/2018	0.137175	0.148635	0.130472	0.131649	2,571	4,580,330
03/07/2018	0.149710	0.166659	0.136491	0.137369	43,930	4,998,890
03/06/2018	0.157016	0.185344	0.147754	0.149905	27,099	5,242,830
03/05/2018	0.165442	0.170618	0.141020	0.157451	33,324	5,524,200
03/04/2018	0.146147	0.209767	0.128662	0.165564	37,354	4,879,920
03/03/2018	0.155916	0.159015	0.134756	0.146400	17,608	5,206,110
03/02/2018	0.152630	0.191146	0.138920	0.156107	26,881	5,096,380
03/01/2018	0.122090	0.187274	0.121139	0.153023	13,462	4,076,660
02/28/2018	0.126764	0.135298	0.120778	0.121911	92	4,232,710
02/27/2018	0.117922	0.145878	0.110112	0.126913	35,477	3,937,490
02/26/2018	0.115133	0.131534	0.100953	0.117583	2,474	3,844,350
02/25/2018	0.116516	0.154626	0.104097	0.114986	16,293	3,890,520
02/24/2018	0.124394	0.128505	0.113535	0.116692	98	4,153,560
02/23/2018	0.116506	0.154248	0.105670	0.124551	2,918	3,890,180
02/22/2018	0.135980	0.158487	0.117893	0.117893	17,857	4,540,450
02/21/2018	0.158104	0.158391	0.134096	0.136119	2,568	5,279,180
02/20/2018	0.169013	0.193125	0.148907	0.158301	8,948	5,643,440
02/19/2018	0.163606	0.192331	0.154274	0.168860	22,081	5,462,890
02/18/2018	0.171653	0.200740	0.157927	0.164361	15,272	5,731,580
02/17/2018	0.158518	0.173760	0.156478	0.171128	325	5,293,000
02/16/2018	0.142179	0.190982	0.136715	0.158555	11,151	4,747,410
02/15/2018	0.141855	0.185075	0.139535	0.142789	15,885	4,736,610
02/14/2018	0.139830	0.178708	0.132169	0.141778	20,743	4,668,990
02/13/2018	0.181850	0.182737	0.127225	0.140248	611	6,072,060
02/12/2018	0.131118	0.183553	0.126758	0.181520	9,960	4,378,090
02/11/2018	0.142719	0.192821	0.107915	0.130287	42,272	4,765,450
02/10/2018	0.152585	0.158048	0.114696	0.142841	1,608	5,094,900
02/09/2018	0.111141	0.152946	0.104667	0.152474	208	3,711,070
02/08/2018	0.162031	0.240952	0.108565	0.110801	22,137	5,410,300
02/07/2018	0.099051	0.165677	0.092733	0.162682	86	3,307,360
02/06/2018	0.093830	0.101557	0.080307	0.100052	23	3,133,040
02/05/2018	0.128457	0.130816	0.090111	0.093712	23,081	4,289,240
02/04/2018	0.107636	0.192538	0.104795	0.129715	34,971	3,594,010
02/03/2018	0.106370	0.118591	0.098433	0.107581	974	3,551,750
02/02/2018	0.138402	0.138402	0.096409	0.106008	992	4,621,310
02/01/2018	0.153953	0.153953	0.111274	0.138688	16,763	5,140,550
01/31/2018	0.144356	0.238073	0.136611	0.153596	17,679	4,820,110
01/30/2018	0.186236	0.186495	0.141567	0.145686	1,581	6,218,520
01/29/2018	0.249169	0.249169	0.146852	0.186175	6,980	8,319,860
01/28/2018	0.182962	0.251194	0.174563	0.249407	27,411	6,109,180
01/27/2018	0.189240	0.284967	0.129971	0.182030	43,685	6,318,820
01/26/2018	0.250971	0.263469	0.178177	0.189366	11,121	8,380,040
01/25/2018	0.284170	0.304237	0.205587	0.251640	47,808	9,488,570
01/24/2018	0.200234	0.286779	0.177516	0.279570	47,270	6,685,900
01/23/2018	0.194911	0.322688	0.170743	0.200348	32,606	6,508,170
01/22/2018	0.232139	0.249228	0.183114	0.195428	48	7,751,240
01/21/2018	0.238869	0.238869	0.205572	0.229009	3,290	7,975,950
01/20/2018	0.288378	0.292876	0.238157	0.238314	2,324	9,629,090
01/19/2018	0.273440	0.308408	0.213786	0.285278	26,956	9,130,280
01/18/2018	0.206641	0.302532	0.180275	0.276345	41,690	6,899,840
01/17/2018	0.204073	0.299508	0.160384	0.205846	39,123	6,814,110
01/16/2018	0.406287	0.406287	0.168175	0.205114	26,238	13,566,100
01/15/2018	0.254514	0.439504	0.254368	0.405782	32,637	8,498,340
01/14/2018	0.351648	0.428372	0.251807	0.256373	36,090	11,741,700
01/13/2018	0.332822	0.471485	0.289683	0.351419	52,228	11,113,100
01/12/2018	0.399796	0.412807	0.203195	0.333202	48,365	13,349,400
01/11/2018	0.434181	0.435764	0.236161	0.397173	14,376	14,497,500
01/10/2018	0.438936	0.439706	0.275097	0.434355	17,273	14,656,300
01/09/2018	0.292226	0.441999	0.291253	0.437941	8,444	9,757,580
01/08/2018	0.513259	0.513259	0.293057	0.293057	29,715	17,138,000
01/07/2018	0.510212	0.554313	0.405044	0.524440	3,612	17,036,200
01/06/2018	0.406968	0.560406	0.389776	0.510600	16,258	13,588,900
01/05/2018	0.300891	0.580920	0.288265	0.406644	21,078	10,046,900
01/04/2018	0.297783	0.301110	0.262396	0.300831	3,158	9,943,140
01/03/2018	0.264824	0.509959	0.219156	0.296161	42,210	8,842,620
01/02/2018	0.221819	0.269323	0.197933	0.265768	29,173	7,406,640
01/01/2018	0.198524	0.260227	0.170046	0.221836	37,180	6,628,810
12/31/2017	0.178737	0.238020	0.176961	0.197759	24,289	5,968,130
12/30/2017	0.231887	0.231964	0.169341	0.180689	16,769	7,742,810
12/29/2017	0.231616	0.247043	0.208487	0.232471	6,971	7,733,780
12/28/2017	0.194094	0.234968	0.178262	0.229243	6,726	6,480,900
12/27/2017	0.219706	0.262077	0.170593	0.194502	14,097	7,336,110
12/26/2017	0.158363	0.225705	0.151026	0.219548	25,456	5,287,830
12/25/2017	0.181282	0.236122	0.158388	0.158525	20,641	6,053,100
12/24/2017	0.171085	0.226999	0.156518	0.179419	20,162	5,712,600
12/23/2017	0.165889	0.291758	0.164735	0.169216	17,111	5,539,120
12/22/2017	0.203629	0.237191	0.137349	0.164337	31,596	6,799,280
12/21/2017	0.242043	0.251686	0.201453	0.202926	12,093	8,081,940
12/20/2017	0.208077	0.247344	0.177416	0.241411	9,073	6,947,790
12/19/2017	0.221879	0.272861	0.201377	0.208282	14,462	7,408,660
12/18/2017	0.263348	0.269797	0.209241	0.221692	8,015	8,793,330
12/17/2017	0.175662	0.269444	0.165141	0.261039	36,834	5,865,440
12/16/2017	0.206753	0.211447	0.175389	0.175639	5,804	6,903,590
12/15/2017	0.198290	0.213168	0.178951	0.206463	7,032	6,620,980
12/14/2017	0.194602	0.232001	0.158435	0.197992	45,071	6,497,870
12/13/2017	0.231353	0.234423	0.166638	0.182518	16,540	7,724,980
12/12/2017	0.166487	0.239043	0.161785	0.231159	33,144	5,559,070
12/11/2017	0.140916	0.215185	0.133087	0.165954	26,608	4,705,260
12/10/2017	0.150425	0.166660	0.135261	0.141941	635	5,022,760
12/09/2017	0.154608	0.198352	0.134174	0.149818	15,718	5,162,440
12/08/2017	0.181197	0.183899	0.125697	0.154764	17,534	6,050,250
12/07/2017	0.130423	0.180771	0.122148	0.180771	13,943	4,354,900
12/06/2017	0.106357	0.154611	0.104826	0.130648	3,849	3,551,320
12/05/2017	0.090136	0.118174	0.079833	0.106593	9,228	3,009,680
12/04/2017	0.050787	0.114320	0.050731	0.089959	15,231	1,695,800
12/03/2017	0.095335	0.132869	0.050619	0.050619	25,446	3,183,280
12/02/2017	0.126069	0.141291	0.094625	0.095244	26,537	4,209,490
12/01/2017	0.103451	0.129703	0.088781	0.126176	22,252	3,454,280
11/30/2017	0.115923	0.139074	0.092370	0.103966	37,749	3,870,740
11/29/2017	0.123896	0.135164	0.107532	0.114170	2,197	4,136,960
11/28/2017	0.116708	0.138725	0.098823	0.124020	22,174	3,896,930
11/27/2017	0.122758	0.155095	0.088022	0.116407	16,989	4,098,940
11/26/2017	0.102139	0.123672	0.101341	0.122699	5,003	3,410,470
11/25/2017	0.105949	0.106366	0.099997	0.102153	178,437	3,537,690
11/24/2017	0.106652	0.110659	0.104727	0.106054	202,044	3,561,150
11/23/2017	0.097194	0.109046	0.096447	0.106837	205,851	3,245,350
11/22/2017	0.093941	0.097266	0.092316	0.097131	194,474	3,136,740
11/21/2017	0.097301	0.097662	0.092029	0.093780	177,417	3,248,920
11/20/2017	0.094701	0.098809	0.094505	0.097311	199,391	3,162,110
11/19/2017	0.090950	0.098027	0.090761	0.094752	228,641	3,036,860
11/18/2017	0.088650	0.091295	0.087366	0.091089	201,090	2,960,080
11/17/2017	0.089044	0.090647	0.087007	0.088833	209,783	2,973,230
11/16/2017	0.090150	0.090281	0.086323	0.088775	213,328	3,010,160
11/15/2017	0.085767	0.090480	0.085767	0.089997	156,696	2,863,820
11/14/2017	0.083429	0.087974	0.083093	0.085669	121,201	2,785,750
11/13/2017	0.080089	0.105223	0.078891	0.083347	87,252	2,674,190
11/12/2017	0.089568	0.314887	0.079625	0.080004	159,972	2,990,730
11/11/2017	0.149794	0.149794	0.086957	0.089568	337,467	5,001,710
11/10/2017	0.172068	0.178242	0.145565	0.150180	274,717	5,745,420
11/09/2017	0.177647	0.186591	0.170502	0.172145	364,503	5,931,720
11/08/2017	0.198580	0.202280	0.166292	0.178113	401,861	6,630,680
11/07/2017	0.186227	0.203013	0.184597	0.198979	136,599	6,218,210
11/06/2017	0.164145	0.192784	0.162777	0.186389	264,743	5,480,880
11/05/2017	0.167261	0.179354	0.162507	0.163943	398,697	5,584,930
11/04/2017	0.159229	0.168191	0.157906	0.167039	220,241	5,316,740
11/03/2017	0.151786	0.174757	0.150057	0.159379	303,922	5,068,210
11/02/2017	0.165229	0.166361	0.150811	0.150811	261,145	5,517,090
11/01/2017	0.181259	0.181259	0.160623	0.166257	343,407	6,052,320
10/31/2017	0.199465	0.200368	0.180887	0.181409	246,318	6,660,220
10/30/2017	0.200623	0.202750	0.196903	0.199626	205,112	6,698,920
10/29/2017	0.195966	0.203861	0.191221	0.201468	214,645	6,543,390
10/28/2017	0.200057	0.201420	0.194687	0.196070	215,418	6,680,020
10/27/2017	0.203981	0.206468	0.198541	0.199808	221,338	6,811,030
10/26/2017	0.200044	0.208706	0.199716	0.204266	298,736	6,679,560
10/25/2017	0.200329	0.200743	0.191018	0.200300	243,217	6,689,090
10/24/2017	0.207360	0.210582	0.200529	0.200814	239,221	6,923,840
10/23/2017	0.203702	0.208604	0.199098	0.207570	221,800	6,801,710
10/22/2017	0.202844	0.203986	0.199123	0.203865	223,762	6,773,060
10/21/2017	0.236075	0.245421	0.199225	0.202472	297,658	7,882,650
10/20/2017	0.236536	0.240468	0.232243	0.236349	239,946	7,898,050
10/19/2017	0.233614	0.241869	0.228549	0.236568	264,734	7,800,490
10/18/2017	0.234004	0.234004	0.215667	0.233202	250,314	7,813,510
10/17/2017	0.236520	0.236856	0.231191	0.233305	443,508	7,897,520
10/16/2017	0.245067	0.261992	0.235642	0.236370	395,967	8,182,900
10/15/2017	0.241363	0.246612	0.234818	0.244710	124,963	8,059,230
10/14/2017	0.236030	0.262982	0.235196	0.240921	155,939	7,881,160
10/13/2017	0.243477	0.248118	0.228502	0.236579	180,226	8,129,820
10/12/2017	0.270520	0.270520	0.233732	0.243004	257,725	9,032,810
10/11/2017	0.332282	0.335980	0.270133	0.270436	223,853	11,095,000
10/10/2017	0.355181	0.356708	0.332201	0.332695	177,313	11,859,700
10/09/2017	0.397291	0.399817	0.353646	0.354627	219,167	13,265,700
10/08/2017	0.405513	0.406730	0.385306	0.397866	195,884	13,540,300
10/07/2017	0.491716	0.494434	0.384970	0.405859	234,600	16,418,600
10/06/2017	0.516747	0.593302	0.479886	0.491855	336,935	17,254,400
10/05/2017	0.576339	0.585043	0.517663	0.517663	216,670	19,244,300
10/04/2017	0.603553	0.613512	0.575101	0.577260	163,205	20,152,900
10/03/2017	0.629716	0.630599	0.599177	0.603263	139,535	21,026,500
10/02/2017	0.635975	0.643089	0.618404	0.629567	170,049	21,235,500
10/01/2017	0.652555	0.654279	0.621608	0.636094	187,693	21,789,100
09/30/2017	0.624825	0.655486	0.624825	0.652357	196,720	20,863,200
09/29/2017	0.626068	0.636058	0.602506	0.624746	188,364	20,904,700
09/28/2017	0.682160	0.804769	0.623534	0.626642	338,463	22,777,600
09/27/2017	0.709108	0.737108	0.676875	0.682269	204,210	23,677,500
09/26/2017	0.636740	0.744866	0.628505	0.708669	215,190	21,261,100
09/25/2017	0.504855	0.688219	0.504781	0.636831	373,497	16,857,400
09/24/2017	0.554621	0.572096	0.505217	0.505275	196,683	18,519,100
09/23/2017	0.519381	0.687096	0.515962	0.555739	315,839	17,342,400
09/22/2017	0.564020	0.613402	0.510821	0.521593	195,815	18,832,900
09/21/2017	0.643391	0.645788	0.562703	0.564312	203,192	21,483,100
09/20/2017	0.565681	0.658585	0.558666	0.645336	242,107	18,888,400
09/19/2017	0.690884	0.692346	0.565979	0.566146	251,737	23,069,000
09/18/2017	0.666321	0.729337	0.666321	0.689582	226,732	22,248,800
09/17/2017	0.639811	0.678285	0.593030	0.666901	209,477	21,363,600
09/16/2017	0.588890	0.719404	0.588890	0.640281	310,153	19,663,300
09/15/2017	0.521544	0.597028	0.454454	0.587808	233,559	17,414,600
09/14/2017	0.729403	0.731141	0.519329	0.519329	171,293	24,355,100
09/13/2017	0.801627	0.802460	0.702246	0.729172	183,279	26,766,700
09/12/2017	0.828261	0.868379	0.801694	0.803326	194,764	27,656,000
09/11/2017	0.918119	0.941491	0.765686	0.827541	234,703	30,656,500
09/10/2017	1.04	1.04	0.917070	0.919000	223,054	34,869,700
09/09/2017	0.921589	1.05	0.897781	1.05	384,747	30,772,300
09/08/2017	1.01	1.02	0.894490	0.921295	282,311	33,571,800
09/07/2017	1.03	1.03	0.994153	1.01	333,091	34,284,800
09/06/2017	0.900544	1.07	0.900544	1.03	378,621	30,069,600
09/05/2017	0.850265	0.914763	0.796585	0.898749	199,328	28,390,800
09/04/2017	0.951707	0.951860	0.783803	0.849804	205,338	31,778,000
09/03/2017	0.935928	0.965219	0.934463	0.950595	176,567	31,251,100
09/02/2017	1.01	1.01	0.909176	0.936351	161,668	33,747,500
09/01/2017	1.08	1.09	1.01	1.01	173,256	36,054,500
08/31/2017	1.01	1.10	0.989524	1.08	297,712	33,695,600
08/30/2017	1.08	1.08	1.01	1.01	171,824	35,906,900
08/29/2017	0.971086	1.15	0.966920	1.08	313,381	32,425,000
08/28/2017	0.970985	0.978532	0.937936	0.970620	146,502	32,421,700
08/27/2017	1.04	1.04	0.959286	0.972453	159,195	34,699,800
08/26/2017	1.07	1.08	0.984492	1.04	110,928	35,721,900
08/25/2017	0.946390	1.15	0.938533	1.07	197,364	31,600,400
08/24/2017	0.960705	0.969618	0.944134	0.947677	131,324	32,078,400
08/23/2017	0.930639	0.983346	0.811271	0.960377	305,485	31,074,500
08/22/2017	1.02	1.02	0.871176	0.932317	196,588	33,975,400
08/21/2017	1.04	1.04	0.947008	1.02	205,429	34,818,700
08/20/2017	0.997239	1.06	0.943801	1.04	219,888	33,298,300
08/19/2017	0.929550	1.04	0.850419	0.998979	249,381	31,038,100
08/18/2017	1.02	1.06	0.919677	0.931091	195,760	34,094,700
08/17/2017	1.05	1.07	0.886766	1.07	375,000	35,166,300
08/16/2017	0.876299	1.07	0.872632	1.05	370,142	29,260,000
08/15/2017	0.950780	0.986130	0.835568	0.875147	193,904	31,747,000
08/14/2017	0.954514	1.03	0.783605	0.949046	315,360	31,871,700
08/13/2017	1.09	1.10	0.931212	0.950948	268,827	36,369,600
08/12/2017	1.14	1.27	1.05	1.09	377,206	37,942,000
08/11/2017	1.17	1.20	1.13	1.14	186,655	38,900,400
08/10/2017	1.11	1.17	1.10	1.17	146,650	37,178,500
08/09/2017	1.06	1.13	1.05	1.12	156,219	35,468,100
08/08/2017	1.05	1.08	0.985456	1.06	177,803	35,158,700
08/07/2017	0.992408	1.07	0.962145	1.05	168,059	33,137,000
08/06/2017	1.01	1.09	0.923080	0.992100	159,584	33,746,200
08/05/2017	0.915858	1.09	0.798846	1.02	308,433	30,580,900
08/04/2017	0.931733	0.977371	0.880304	0.918590	188,840	31,111,000
08/03/2017	0.878488	0.999902	0.869663	0.933809	258,698	29,333,200
08/02/2017	0.906877	0.919817	0.810641	0.877184	163,289	30,281,100
08/01/2017	0.902819	0.931819	0.860878	0.907693	130,232	30,145,600
07/31/2017	0.909510	0.909510	0.830667	0.900082	142,012	30,369,000
07/30/2017	0.888122	0.954600	0.812759	0.908592	159,971	29,654,800
07/29/2017	0.920951	0.924224	0.830604	0.887938	110,530	30,751,000
07/28/2017	0.936666	0.961541	0.897160	0.923320	241,569	31,275,800
07/27/2017	0.903663	1.06	0.897802	0.934519	299,019	30,173,800
07/26/2017	0.865305	0.940778	0.814314	0.900692	188,817	28,893,000
07/25/2017	1.01	1.09	0.834212	0.863238	155,723	33,766,700
07/24/2017	0.843889	1.06	0.842009	1.01	339,097	28,177,900
07/23/2017	0.851418	0.901107	0.816643	0.846547	152,852	28,429,300
07/22/2017	0.670235	0.860453	0.667750	0.851996	233,236	22,379,500
07/21/2017	0.630500	0.739568	0.614998	0.670110	132,574	21,052,700
07/20/2017	0.482066	0.634942	0.474559	0.626332	193,729	16,096,400
07/19/2017	0.535832	0.542437	0.477368	0.481973	118,456	17,891,700
07/18/2017	0.514398	0.574186	0.480280	0.534857	137,915	17,176,000
07/17/2017	0.373964	0.515056	0.372787	0.514672	198,411	12,486,800
07/16/2017	0.467548	0.472291	0.372610	0.375413	102,393	15,611,700
07/15/2017	0.528918	0.546295	0.468386	0.468386	86,582	17,660,800
07/14/2017	0.572256	0.575508	0.475690	0.530002	172,805	19,107,900
07/13/2017	0.547150	0.617194	0.546244	0.572645	184,931	18,269,600
07/12/2017	0.519080	0.550243	0.502269	0.542630	104,544	17,332,300
07/11/2017	0.542639	0.555143	0.476568	0.520959	95,858	18,119,000
07/10/2017	0.756253	0.795210	0.523342	0.543912	129,300	25,251,700
07/09/2017	0.786291	0.790216	0.755775	0.755775	103,641	26,254,600
07/08/2017	0.784936	0.831988	0.752345	0.785316	133,196	26,209,400
07/07/2017	0.967637	1.03	0.736216	0.782210	241,510	32,309,900
07/06/2017	0.949138	1.09	0.839898	0.966825	595,145	31,692,200
07/05/2017	1.04	1.07	0.935700	0.948867	211,001	34,835,700
07/04/2017	1.04	1.11	1.01	1.05	206,532	34,638,000
07/03/2017	1.03	1.08	0.962013	1.04	142,170	34,294,100
07/02/2017	0.935775	1.05	0.929176	1.03	343,548	31,246,000
07/01/2017	1.01	1.01	0.927118	0.934832	156,841	33,575,000
06/30/2017	1.04	1.06	0.981317	0.992161	171,205	34,750,800
06/29/2017	0.944339	1.04	0.864610	1.04	267,114	31,531,900
06/28/2017	0.851379	0.969402	0.817202	0.950178	272,284	28,428,000
06/27/2017	0.694285	0.963464	0.690867	0.851081	295,780	23,182,500
06/26/2017	0.823510	0.946906	0.587592	0.635678	322,426	27,497,400
06/25/2017	0.834211	0.920466	0.748727	0.822442	384,914	27,854,700
06/24/2017	0.951744	0.968844	0.803499	0.836280	240,055	31,779,200
06/23/2017	0.899000	0.957001	0.822625	0.951744	236,741	30,018,100
06/22/2017	0.885365	0.921970	0.799720	0.898680	283,978	29,562,800
06/21/2017	0.876960	1.02	0.872268	0.881444	294,155	29,282,100
06/20/2017	0.908409	0.951835	0.843629	0.861932	219,490	30,332,200
06/19/2017	0.974893	0.985795	0.764745	0.905522	538,365	32,552,200
06/18/2017	0.790154	0.979995	0.784962	0.971079	424,616	26,383,600
06/17/2017	0.749779	0.812223	0.737257	0.792918	148,457	25,035,500
06/16/2017	0.629284	0.799309	0.560773	0.747979	304,670	21,012,100
06/15/2017	0.527376	0.686847	0.466298	0.629990	351,056	17,609,300
06/14/2017	0.498364	0.711638	0.491561	0.527012	701,675	16,640,600
06/13/2017	0.373042	0.561392	0.373042	0.501912	467,150	12,456,100
06/12/2017	0.365529	0.418425	0.309096	0.371936	471,021	12,205,200
06/11/2017	0.374488	0.379817	0.349647	0.365665	165,441	12,504,300
06/10/2017	0.358930	0.388241	0.357994	0.377910	284,093	11,984,800
06/09/2017	0.355524	0.391504	0.343961	0.358673	185,381	11,871,100
06/08/2017	0.375374	0.379707	0.342179	0.357117	155,356	12,533,900
06/07/2017	0.411938	0.412145	0.369877	0.374025	227,363	13,754,800
06/06/2017	0.329478	0.412073	0.327160	0.411905	225,844	11,001,400
06/05/2017	0.300834	0.333467	0.288491	0.329066	217,897	10,045,000
06/04/2017	0.250811	0.308638	0.248712	0.301813	168,924	8,374,700
06/03/2017	0.281841	0.284571	0.245544	0.251218	153,710	9,410,810
06/02/2017	0.269694	0.284427	0.262564	0.281840	132,756	9,005,220
06/01/2017	0.295550	0.300659	0.248913	0.268760	198,988	9,868,560
05/31/2017	0.270653	0.317094	0.221410	0.296370	311,499	9,037,240
05/30/2017	0.298994	0.299265	0.246072	0.270132	162,213	9,983,560
05/29/2017	0.269857	0.306592	0.261482	0.298711	161,505	9,010,660
05/28/2017	0.248680	0.282215	0.248680	0.270213	154,985	8,303,550
05/27/2017	0.268234	0.282492	0.223809	0.247207	136,870	8,956,470
05/26/2017	0.315409	0.343542	0.257269	0.269658	272,381	10,531,700
05/25/2017	0.343140	0.359661	0.225126	0.316724	248,994	11,457,600
05/24/2017	0.333566	0.362863	0.329205	0.345305	1,130,730	11,137,900
05/23/2017	0.318368	0.335646	0.318368	0.334569	139,694	10,630,500
05/22/2017	0.309323	0.332191	0.299651	0.316467	239,357	10,328,400
05/21/2017	0.298453	0.317121	0.290398	0.309010	239,057	9,965,490
05/20/2017	0.301499	0.319005	0.293028	0.298646	200,324	10,067,200
05/19/2017	0.283075	0.314563	0.278595	0.301966	202,166	9,452,020
05/18/2017	0.267886	0.283316	0.265374	0.279491	140,945	8,944,850
05/17/2017	0.265619	0.277360	0.252636	0.268581	116,710	8,869,150
05/16/2017	0.258657	0.272514	0.246305	0.265859	121,708	8,636,690
05/15/2017	0.270145	0.290167	0.251822	0.262111	139,564	9,020,280
05/14/2017	0.302114	0.318919	0.262206	0.270105	148,367	10,087,700
05/13/2017	0.317242	0.317708	0.272433	0.315445	118,145	10,592,900
05/12/2017	0.271519	0.317249	0.249455	0.317249	143,900	9,066,150
05/11/2017	0.247248	0.290686	0.246835	0.272162	132,135	8,255,730
05/10/2017	0.238360	0.246855	0.229256	0.246020	107,632	7,958,960
05/09/2017	0.236559	0.245605	0.232589	0.237930	111,263	7,898,820
05/08/2017	0.230558	0.243396	0.221060	0.236458	148,528	7,698,450
05/07/2017	0.222996	0.238889	0.218583	0.233353	115,497	7,445,950
05/06/2017	0.207364	0.237782	0.203612	0.222496	158,111	6,923,990
05/05/2017	0.217196	0.237984	0.206503	0.207034	132,671	7,252,280
05/04/2017	0.222741	0.235052	0.201002	0.217981	178,092	7,437,430
05/03/2017	0.212353	0.245898	0.208745	0.222486	223,722	7,090,570
05/02/2017	0.209365	0.224574	0.189161	0.211749	100,302	6,990,800
05/01/2017	0.204119	0.222016	0.204119	0.209329	71,039	6,815,630
04/30/2017	0.201400	0.211294	0.187181	0.203831	51,704	6,724,850
04/29/2017	0.205019	0.210533	0.196219	0.203357	39,968	6,845,690
04/28/2017	0.192393	0.210613	0.184426	0.204388	43,723	6,424,100
04/27/2017	0.188541	0.216563	0.184451	0.192491	60,528	6,295,480
04/26/2017	0.203874	0.206683	0.188383	0.189466	30,264	6,807,450
04/25/2017	0.199129	0.212021	0.188293	0.203806	37,325	6,649,020
04/24/2017	0.197753	0.211110	0.186280	0.200945	33,563	6,603,070
04/23/2017	0.201519	0.201521	0.177237	0.197308	37,314	6,728,820
04/22/2017	0.176163	0.228017	0.175985	0.201486	40,001	5,882,170
04/21/2017	0.211064	0.261016	0.175627	0.176112	130,902	7,047,530
04/20/2017	0.158985	0.238937	0.151990	0.211021	161,553	5,308,590
04/19/2017	0.173273	0.173273	0.152314	0.159143	43,513	5,785,670
04/18/2017	0.142511	0.180823	0.142349	0.176760	84,948	4,758,510
04/17/2017	0.134205	0.147361	0.132959	0.142744	50,559	4,481,170
04/16/2017	0.141897	0.146007	0.132802	0.133884	35,567	4,738,010
04/15/2017	0.130842	0.148548	0.130686	0.141926	57,720	4,368,880
04/14/2017	0.120935	0.163265	0.117813	0.130847	65,569	4,038,080
04/13/2017	0.128621	0.159146	0.103731	0.121234	48,463	4,294,720
04/12/2017	0.142901	0.160177	0.125050	0.128567	50,692	4,771,540
04/11/2017	0.137164	0.143202	0.116158	0.143023	46,524	4,579,970
04/10/2017	0.105976	0.142189	0.102661	0.137104	45,853	3,538,590
04/09/2017	0.075439	0.107691	0.074320	0.105944	74,526	2,518,950
04/08/2017	0.069544	0.081728	0.069422	0.075430	20,622	2,322,120
04/07/2017	0.066142	0.084558	0.065696	0.069854	7,562	2,208,510
04/06/2017	0.060994	0.067365	0.060749	0.066403	4,025	2,036,630
04/05/2017	0.056772	0.061262	0.056210	0.060994	1,662	1,895,640
04/04/2017	0.060465	0.060635	0.056066	0.057058	2,482	2,018,940
04/03/2017	0.079117	0.079689	0.058537	0.060392	9,308	2,641,770
04/02/2017	0.069513	0.109846	0.061443	0.079050	5,907	2,321,090
04/01/2017	0.060485	0.075364	0.054348	0.069503	6,440	2,019,640
03/31/2017	0.054843	0.065509	0.053158	0.060490	4,939	1,831,240
03/30/2017	0.047760	0.058663	0.044924	0.054832	4,055	1,594,740
03/29/2017	0.051481	0.054466	0.041215	0.048444	9,003	1,718,970
03/28/2017	0.052093	0.055157	0.046958	0.051534	5,212	1,739,400
03/27/2017	0.055236	0.055432	0.046235	0.052152	10,887	1,844,370
03/26/2017	0.051719	0.058752	0.043282	0.054933	2,177	1,726,930
03/25/2017	0.046799	0.068184	0.042453	0.051654	9,712	1,562,640
03/24/2017	0.051538	0.051558	0.046230	0.046848	1,920	1,720,890
03/23/2017	0.050497	0.059813	0.044652	0.051545	1,569	1,686,120
03/22/2017	0.059007	0.059007	0.046023	0.050453	3,654	1,970,290
03/21/2017	0.055290	0.064057	0.052269	0.059002	2,327	1,846,160
03/20/2017	0.050843	0.063589	0.050375	0.055230	3,589	1,697,690
03/19/2017	0.044055	0.052034	0.038354	0.050819	3,487	1,471,040
03/18/2017	0.052853	0.066001	0.043195	0.043924	498	1,764,780
03/17/2017	0.076567	0.076567	0.049317	0.052896	1,180	2,556,620
03/16/2017	0.053065	0.083282	0.040998	0.072728	6,808	1,771,850
03/15/2017	0.040883	0.052992	0.031336	0.052992	3,701	1,365,100
03/14/2017	0.041895	0.247274	0.007152	0.040877	4,667	1,398,890
03/13/2017	0.046329	0.052297	0.036882	0.041891	2,557	1,546,960
03/12/2017	0.042172	0.052258	0.040553	0.046314	218	1,408,150
03/11/2017	0.051756	0.057203	0.035060	0.042144	577	1,728,170
03/10/2017	0.049758	0.113602	0.047015	0.051775	115	1,661,440
03/09/2017	0.043048	0.054669	0.038773	0.049721	383	1,437,400
03/08/2017	0.051863	0.052352	0.042963	0.043035	323	1,731,720
03/07/2017	0.049301	0.053100	0.000741	0.051876	585	1,646,190
03/06/2017	0.053545	0.055689	0.046087	0.049286	1,491	1,787,890
03/05/2017	0.048290	0.057663	0.047253	0.053530	231	1,612,430
03/04/2017	0.055610	0.057648	0.043903	0.048323	56	1,856,840
03/03/2017	0.052230	0.055510	0.045046	0.055504	1,094	1,743,970
03/02/2017	0.053549	0.054398	0.046969	0.052242	3,079	1,788,010
03/01/2017	0.050595	0.059186	0.049785	0.053453	178	1,689,390
02/28/2017	0.054097	0.055316	0.050582	0.050592	1,074	1,806,340
02/27/2017	0.052183	0.058782	0.049422	0.054063	829	1,742,420
02/26/2017	0.051965	0.061105	0.050659	0.052247	385	1,735,130
02/25/2017	0.058857	0.059361	0.048754	0.051945	1,336	1,965,270
02/24/2017	0.057749	0.060461	0.047666	0.059022	1,997	1,928,260
02/23/2017	0.051560	0.057941	0.051560	0.057454	220	1,721,600
02/22/2017	0.064810	0.064876	0.050672	0.051567	773	2,164,020
02/21/2017	0.057361	0.064855	0.053155	0.064839	323	1,915,300
02/20/2017	0.061873	0.063392	0.052234	0.057398	557	2,065,960
02/19/2017	0.051672	0.062853	0.051040	0.061824	651	1,725,340
02/18/2017	0.054851	0.054875	0.046665	0.051655	1,176	1,831,520
02/17/2017	0.060987	0.063150	0.048217	0.054695	376	2,036,370
02/16/2017	0.068547	0.068588	0.046115	0.061065	976	2,288,830
02/15/2017	0.060151	0.078079	0.055732	0.068536	92	2,008,470
02/14/2017	0.053991	0.079554	0.045554	0.060053	3,843	1,802,780
02/13/2017	0.062679	0.065252	0.052670	0.052699	365	2,092,890
02/12/2017	0.060889	0.065570	0.053314	0.062698	210	2,033,110
02/11/2017	0.061463	0.061463	0.059768	0.060945	892	2,052,270
02/10/2017	0.061379	0.063859	0.058494	0.061449	185	2,049,490
02/09/2017	0.065948	0.075067	0.059871	0.061302	83	2,202,020
02/08/2017	0.068955	0.069971	0.063445	0.065847	409	2,302,450
02/07/2017	0.070472	0.071582	0.064039	0.068892	1,077	2,353,110
02/06/2017	0.071628	0.073254	0.062688	0.070338	1,509	2,391,700
02/05/2017	0.073386	0.074949	0.067870	0.071554	838	2,450,400
02/04/2017	0.075311	0.075505	0.066485	0.073342	3,542	2,514,670
02/03/2017	0.070798	0.075207	0.069713	0.075207	299	2,363,970
02/02/2017	0.069880	0.075368	0.067309	0.070822	1,234	2,333,310
02/01/2017	0.064477	0.069817	0.063681	0.069817	3,944	2,152,930
01/31/2017	0.062396	0.068713	0.060231	0.064441	790	2,083,440
01/30/2017	0.064886	0.072214	0.058119	0.062357	4,205	2,166,570
01/29/2017	0.065844	0.075887	0.057479	0.064840	4,623	2,198,570
01/28/2017	0.058557	0.082908	0.056408	0.065810	1,198	1,955,240
01/27/2017	0.060735	0.116708	0.055573	0.058554	14,485	2,027,970
01/26/2017	0.049131	0.063614	0.049122	0.060736	5,140	1,640,510
01/25/2017	0.044353	0.052256	0.040395	0.048653	11,604	1,480,990
01/24/2017	0.045032	0.049012	0.041512	0.044391	10,799	1,503,650
01/23/2017	0.046284	0.046994	0.045095	0.045543	2,818	1,545,450
01/22/2017	0.045712	0.048390	0.044851	0.046243	2,791	1,526,340
01/21/2017	0.044386	0.046705	0.044346	0.045692	185	1,482,060
01/20/2017	0.043329	0.052332	0.042835	0.044386	3,534	1,446,770
01/19/2017	0.044193	0.052738	0.033263	0.043372	6,006	1,475,640
01/18/2017	0.050798	0.053248	0.039600	0.044108	6,336	1,696,160
01/17/2017	0.049010	0.053161	0.046633	0.050717	5,432	1,636,480
01/16/2017	0.042742	0.049508	0.042742	0.049045	2,372	1,427,170
01/15/2017	0.042654	0.047115	0.040655	0.042744	7,165	1,424,250
01/14/2017	0.049533	0.053960	0.041635	0.042888	10,186	1,653,940
01/13/2017	0.054495	0.057426	0.044547	0.049464	5,101	1,819,620
01/12/2017	0.059483	0.062902	0.048181	0.048303	3,431	1,986,170
01/11/2017	0.055381	0.066188	0.049931	0.059644	1,214	1,849,200
01/10/2017	0.054142	0.067028	0.045337	0.066879	8,264	1,807,830
01/09/2017	0.044674	0.059593	0.036375	0.054165	6,743	1,491,680
01/08/2017	0.036403	0.049643	0.035930	0.044574	3,120	1,215,500
01/07/2017	0.038128	0.058016	0.036032	0.036418	16,808	1,273,120
01/06/2017	0.055815	0.070792	0.031948	0.038074	12,620	1,863,700
01/05/2017	0.057617	0.083005	0.040388	0.055768	12,777	1,923,840
01/04/2017	0.062811	0.080909	0.042868	0.057517	17,077	2,097,290
01/03/2017	0.068402	0.082521	0.062329	0.062777	15,117	2,283,980
01/02/2017	0.087808	0.093936	0.059090	0.077368	19,971	2,931,960
01/01/2017	0.082758	0.093301	0.072198	0.081857	10,513	2,763,330
12/31/2016	0.076870	0.141105	0.067059	0.082765	47,740	2,566,720
12/30/2016	0.048675	0.065432	0.045681	0.065432	14,140	1,625,280
12/29/2016	0.040955	0.048720	0.038747	0.048675	7,204	1,367,510
12/28/2016	0.051276	0.051974	0.037003	0.040989	5,712	1,712,110
12/27/2016	0.042658	0.057041	0.035522	0.051186	2,822	1,424,360
12/26/2016	0.033185	0.058050	0.033185	0.042658	9,350	1,108,080
12/25/2016	0.029985	0.039243	0.029340	0.033159	6,507	-
12/24/2016	0.052564	0.052636	0.027916	0.029958	6,955	-
12/23/2016	0.032866	0.053853	0.031569	0.052553	9,651	-
12/22/2016	0.047131	0.086159	0.031143	0.032951	7,800	-
12/21/2016	0.086470	0.086478	0.040144	0.047137	5,760	-
12/20/2016	0.110883	0.110945	0.053732	0.086495	64	-
12/19/2016	0.110920	0.110974	0.110864	0.110948	2,145	-
