Date	Open	High	Low	Close	Volume	Market Cap
07/15/2018	0.127694	0.129357	0.115648	0.115648	23,869	23,368,000
07/14/2018	0.123468	0.128171	0.109678	0.127728	25,248	22,594,600
07/13/2018	0.118710	0.128128	0.118622	0.123801	8,906	21,723,900
07/12/2018	0.136155	0.136155	0.116496	0.118575	9,350	24,916,400
07/11/2018	0.133909	0.141028	0.120222	0.136181	27,076	24,505,300
07/10/2018	0.133347	0.140532	0.122721	0.133917	23,642	24,402,500
07/09/2018	0.139684	0.142646	0.132434	0.133000	18,467	25,562,200
07/08/2018	0.138489	0.139711	0.137764	0.138302	7,172	25,343,500
07/07/2018	0.125207	0.132323	0.120365	0.129606	19,308	22,912,900
07/06/2018	0.125829	0.134831	0.107583	0.125507	12,857	23,026,700
07/05/2018	0.133003	0.145597	0.123906	0.125828	19,129	24,339,500
07/04/2018	0.139829	0.143304	0.131937	0.132725	12,819	25,588,700
07/03/2018	0.133714	0.145503	0.133705	0.139466	15,785	24,469,700
07/02/2018	0.140788	0.148771	0.121645	0.134238	21,045	25,764,200
07/01/2018	0.140456	0.141559	0.129309	0.140451	16,929	25,703,400
06/30/2018	0.127504	0.144962	0.127413	0.140354	7,613	23,333,200
06/29/2018	0.135470	0.136189	0.123694	0.127382	19,321	24,791,000
06/28/2018	0.136502	0.143570	0.131610	0.135384	15,556	24,979,800
06/27/2018	0.147224	0.147790	0.130481	0.136429	20,801	26,942,000
06/26/2018	0.143327	0.147781	0.136778	0.147270	11,480	26,228,900
06/25/2018	0.158479	0.158800	0.142611	0.143327	8,963	29,001,600
06/24/2018	0.153337	0.159265	0.131539	0.158795	36,974	28,060,700
06/23/2018	0.144042	0.162611	0.143444	0.153319	20,541	26,359,700
06/22/2018	0.178511	0.179178	0.139226	0.144009	40,301	32,667,500
06/21/2018	0.173029	0.183047	0.169501	0.178678	22,768	31,664,300
06/20/2018	0.173832	0.179363	0.168607	0.173038	43,151	31,811,300
06/19/2018	0.180027	0.181014	0.171808	0.173817	16,228	32,944,900
06/18/2018	0.173455	0.180218	0.166512	0.179828	16,955	31,742,300
06/17/2018	0.183511	0.185324	0.167856	0.174031	14,825	33,582,600
06/16/2018	0.175864	0.184595	0.168052	0.183132	37,849	32,183,100
06/15/2018	0.185388	0.187683	0.159549	0.176483	56,882	33,926,100
06/14/2018	0.180887	0.202261	0.176319	0.185525	140,772	33,102,300
06/13/2018	0.178606	0.195873	0.168297	0.180720	45,644	32,685,000
06/12/2018	0.212989	0.213055	0.176657	0.178113	70,694	38,977,000
06/11/2018	0.196000	0.213843	0.194810	0.213138	34,251	35,867,900
06/10/2018	0.218731	0.222236	0.192203	0.195756	63,650	40,027,800
06/09/2018	0.233579	0.249358	0.216276	0.218854	37,553	42,745,000
06/08/2018	0.224227	0.259397	0.219635	0.233754	105,931	41,033,500
06/07/2018	0.203095	0.224064	0.199258	0.224064	68,127	37,166,300
06/06/2018	0.198124	0.204166	0.195812	0.202951	66,397	36,256,700
06/05/2018	0.185924	0.201898	0.184357	0.198178	65,137	34,024,200
06/04/2018	0.198240	0.198988	0.182297	0.185835	56,244	36,277,800
06/03/2018	0.193492	0.198784	0.186365	0.198171	66,959	35,409,100
06/02/2018	0.189592	0.198508	0.182268	0.193552	70,254	34,695,300
06/01/2018	0.198690	0.199265	0.180493	0.189681	55,191	36,360,300
05/31/2018	0.189757	0.202253	0.186162	0.198554	90,596	34,725,500
05/30/2018	0.183127	0.189700	0.155349	0.189700	93,685	33,512,300
05/29/2018	0.172606	0.188753	0.170623	0.182951	24,807	31,586,900
05/28/2018	0.174858	0.182453	0.170195	0.172418	16,443	31,999,100
05/27/2018	0.170109	0.182896	0.167771	0.174830	43,156	31,130,000
05/26/2018	0.186645	0.188626	0.169585	0.170000	10,150	34,156,100
05/25/2018	0.186118	0.195089	0.171630	0.186841	15,882	34,059,500
05/24/2018	0.166554	0.198388	0.165871	0.185778	120,714	30,479,500
05/23/2018	0.174814	0.177196	0.152738	0.166996	53,481	31,990,900
05/22/2018	0.173291	0.190627	0.164677	0.175005	49,585	31,712,300
05/21/2018	0.197913	0.201903	0.169862	0.170867	138,755	36,218,200
05/20/2018	0.213445	0.213445	0.182942	0.197436	84,827	39,060,400
05/19/2018	0.201256	0.216659	0.197583	0.213295	22,569	36,829,800
05/18/2018	0.191933	0.209422	0.188805	0.201297	48,185	35,123,700
05/17/2018	0.203707	0.206822	0.190758	0.191563	22,827	37,278,400
05/16/2018	0.197766	0.206780	0.188360	0.203575	41,087	36,191,200
05/15/2018	0.215170	0.220301	0.196635	0.197908	60,125	39,376,000
05/14/2018	0.206445	0.219249	0.191506	0.215538	28,798	37,779,500
05/13/2018	0.207756	0.207756	0.194396	0.206444	48,418	38,019,400
05/12/2018	0.198033	0.209797	0.183320	0.207770	53,971	36,240,000
05/11/2018	0.226994	0.226994	0.198638	0.198638	26,228	41,539,900
05/10/2018	0.238361	0.240091	0.220780	0.227000	35,182	43,620,100
05/09/2018	0.236501	0.240556	0.221944	0.238966	68,288	43,279,600
05/08/2018	0.233123	0.243322	0.218311	0.237061	68,089	42,661,600
05/07/2018	0.239071	0.240627	0.218088	0.232663	15,991	43,750,000
05/06/2018	0.254453	0.260713	0.225086	0.239216	59,476	46,564,900
05/05/2018	0.206181	0.259196	0.204445	0.254525	54,260	37,731,000
05/04/2018	0.287757	0.289342	0.221301	0.221301	292,124	52,659,600
05/03/2018	0.232340	0.289895	0.231700	0.288027	79,003	42,518,200
05/02/2018	0.248226	0.274691	0.217088	0.232229	212,892	45,425,300
05/01/2018	0.252451	0.252451	0.214055	0.248555	52,409	46,198,500
04/30/2018	0.249979	0.261759	0.224490	0.252231	71,387	45,746,200
04/29/2018	0.242712	0.263061	0.232310	0.250340	63,024	44,416,200
04/28/2018	0.258898	0.266136	0.202104	0.243425	123,052	47,378,200
04/27/2018	0.273718	0.278437	0.257507	0.259867	45,706	50,090,400
04/26/2018	0.269608	0.273690	0.238769	0.273389	59,237	49,338,300
04/25/2018	0.282477	0.291855	0.238886	0.267605	38,367	51,693,300
04/24/2018	0.273484	0.291191	0.262583	0.284264	73,148	50,047,500
04/23/2018	0.208393	0.336412	0.192059	0.273394	98,287	38,135,900
04/22/2018	0.182788	0.211014	0.177174	0.208687	45,569	33,450,200
04/21/2018	0.171524	0.182779	0.165724	0.182779	25,342	31,388,900
04/20/2018	0.151768	0.179071	0.151701	0.171482	83,183	27,773,600
04/19/2018	0.164701	0.172833	0.143104	0.151629	63,778	30,140,400
04/18/2018	0.162333	0.177401	0.155283	0.164583	51,069	29,707,000
04/17/2018	0.176470	0.176825	0.155545	0.162215	21,023	32,294,000
04/16/2018	0.183546	0.184573	0.171564	0.176435	18,105	33,588,900
04/15/2018	0.180387	0.190076	0.176089	0.183599	30,511	33,010,900
04/14/2018	0.178158	0.182592	0.170161	0.180375	14,190	32,603,000
04/13/2018	0.166409	0.186593	0.163579	0.178210	38,679	30,452,900
04/12/2018	0.148607	0.166944	0.135543	0.166201	77,110	27,195,100
04/11/2018	0.137415	0.150619	0.137415	0.148971	43,762	25,146,900
04/10/2018	0.137562	0.140740	0.133856	0.139827	29,744	25,173,900
04/09/2018	0.146105	0.147501	0.133000	0.137366	31,204	26,737,200
04/08/2018	0.144632	0.148460	0.139949	0.145868	18,988	26,467,700
04/07/2018	0.140340	0.147739	0.138798	0.144511	21,570	25,682,200
04/06/2018	0.147597	0.148501	0.132548	0.140178	5,488	27,010,300
04/05/2018	0.138371	0.149667	0.135088	0.148166	12,090	25,322,000
04/04/2018	0.165225	0.170219	0.137068	0.138328	65,311	30,236,200
04/03/2018	0.152221	0.172618	0.150527	0.165333	75,419	27,856,500
04/02/2018	0.143703	0.158677	0.142878	0.152109	33,884	26,297,700
04/01/2018	0.156139	0.156684	0.140412	0.143109	55,840	28,573,500
03/31/2018	0.153813	0.160468	0.146397	0.156096	29,847	28,147,800
03/30/2018	0.153796	0.160368	0.131669	0.153817	18,755	28,144,700
03/29/2018	0.182979	0.183405	0.141087	0.153790	25,050	33,485,200
03/28/2018	0.177552	0.188674	0.170527	0.182839	12,603	32,492,000
03/27/2018	0.172861	0.182555	0.166295	0.177535	20,451	31,633,500
03/26/2018	0.173920	0.181929	0.161400	0.173112	51,336	31,827,400
03/25/2018	0.169895	0.187073	0.169220	0.174051	19,008	31,090,800
03/24/2018	0.228119	0.241570	0.141199	0.172284	88,691	41,745,800
03/23/2018	0.226225	0.237295	0.211328	0.225249	66,056	41,399,200
03/22/2018	0.251187	0.255863	0.217769	0.226165	77,639	45,967,200
03/21/2018	0.256349	0.268539	0.247658	0.251444	52,699	46,911,800
03/20/2018	0.252524	0.260569	0.242203	0.255909	10,398	46,211,800
03/19/2018	0.241291	0.255508	0.233861	0.249870	35,862	44,156,300
03/18/2018	0.240749	0.243386	0.211941	0.241573	75,248	44,057,000
03/17/2018	0.248627	0.251349	0.234026	0.240002	18,270	45,498,700
03/16/2018	0.247902	0.259821	0.238827	0.248672	94,295	45,366,000
03/15/2018	0.246110	0.251012	0.225905	0.248073	64,009	45,038,200
03/14/2018	0.269856	0.275310	0.232642	0.246152	42,645	49,383,600
03/13/2018	0.270958	0.278767	0.262524	0.269817	39,980	49,585,300
03/12/2018	0.283831	0.291895	0.260945	0.272201	45,551	51,941,000
03/11/2018	0.273732	0.301033	0.256778	0.283844	27,918	50,092,900
03/10/2018	0.286184	0.302047	0.262713	0.274693	79,702	52,371,700
03/09/2018	0.271316	0.306070	0.243723	0.286281	79,509	49,650,900
03/08/2018	0.322686	0.325985	0.270666	0.272992	148,860	59,051,600
03/07/2018	0.345821	0.365280	0.308315	0.326962	74,878	63,285,300
03/06/2018	0.363588	0.383956	0.337821	0.346070	81,540	66,536,600
03/05/2018	0.377158	0.400462	0.359399	0.364407	150,619	69,019,800
03/04/2018	0.396185	0.396359	0.361845	0.377228	27,409	72,501,900
03/03/2018	0.392612	0.406664	0.358879	0.396660	108,685	71,848,000
03/02/2018	0.392366	0.411541	0.347957	0.392956	207,368	71,803,000
03/01/2018	0.358774	0.412210	0.355562	0.393345	128,582	65,655,700
02/28/2018	0.406479	0.416686	0.358279	0.358389	161,371	74,385,700
02/27/2018	0.428708	0.430866	0.385820	0.406998	167,934	78,453,600
02/26/2018	0.386492	0.434727	0.386492	0.427981	85,258	70,728,100
02/25/2018	0.420978	0.424919	0.370541	0.386520	294,204	77,038,900
02/24/2018	0.445019	0.455005	0.389689	0.421576	173,471	81,438,400
02/23/2018	0.440035	0.458962	0.422709	0.445619	248,809	80,526,400
02/22/2018	0.475248	0.485834	0.426064	0.432410	327,283	86,970,300
02/21/2018	0.436172	0.513513	0.427603	0.475836	187,883	79,819,500
02/20/2018	0.544323	0.556925	0.436472	0.436472	378,846	99,611,200
02/19/2018	0.509385	0.586647	0.501441	0.543846	858,494	93,217,500
02/18/2018	0.518063	0.562444	0.491244	0.511750	448,048	94,805,500
02/17/2018	0.411175	0.598155	0.382906	0.508641	883,578	75,245,000
02/16/2018	0.404485	0.423663	0.348960	0.410523	361,782	74,020,700
02/15/2018	0.394602	0.422287	0.359689	0.405553	278,697	72,212,100
02/14/2018	0.405081	0.421531	0.348836	0.381361	321,451	74,129,700
02/13/2018	0.418615	0.423241	0.381279	0.405787	261,951	76,606,500
02/12/2018	0.324028	0.436780	0.318442	0.417937	447,271	59,297,100
02/11/2018	0.315426	0.341809	0.297593	0.322396	108,038	57,722,900
02/10/2018	0.308361	0.335462	0.294266	0.315557	63,931	56,430,100
02/09/2018	0.343832	0.343832	0.303025	0.310364	140,304	62,921,200
02/08/2018	0.310294	0.347469	0.310294	0.343643	123,433	56,783,800
02/07/2018	0.320221	0.358876	0.293620	0.311669	139,876	58,600,400
02/06/2018	0.212966	0.324442	0.176372	0.310661	508,314	38,972,800
02/05/2018	0.287983	0.304092	0.198912	0.212383	136,378	52,701,000
02/04/2018	0.333339	0.341253	0.277858	0.290646	137,426	61,001,000
02/03/2018	0.316421	0.336949	0.292340	0.332833	103,009	57,905,000
02/02/2018	0.301321	0.340164	0.255694	0.315379	337,037	55,141,800
02/01/2018	0.286639	0.347764	0.177670	0.298209	1,564,230	52,454,900
01/31/2018	0.338380	0.359077	0.165888	0.286473	1,097,800	61,923,600
01/30/2018	0.371021	0.397089	0.324744	0.337841	179,257	67,896,800
01/29/2018	0.408273	0.408889	0.347187	0.370794	225,392	74,714,000
01/28/2018	0.455597	0.457337	0.384023	0.408782	220,910	83,374,200
01/27/2018	0.451766	0.491926	0.378912	0.453420	240,210	82,673,200
01/26/2018	0.492138	0.498959	0.398384	0.452022	313,955	90,061,300
01/25/2018	0.529108	0.543474	0.388375	0.493268	636,368	96,826,700
01/24/2018	0.481644	0.569502	0.436263	0.521210	344,620	88,140,900
01/23/2018	0.458839	0.520591	0.428918	0.481707	303,200	83,967,600
01/22/2018	0.501869	0.540095	0.381211	0.474191	504,634	91,842,100
01/21/2018	0.604702	0.604716	0.477194	0.498910	211,643	110,660,000
01/20/2018	0.584774	0.651899	0.571384	0.608324	387,867	107,014,000
01/19/2018	0.588764	0.625072	0.538247	0.578376	455,622	107,744,000
01/18/2018	0.578223	0.745657	0.550464	0.593547	626,170	105,815,000
01/17/2018	0.517522	0.589691	0.420935	0.589691	582,507	94,706,500
01/16/2018	0.744241	0.781560	0.328775	0.529379	2,411,310	136,196,000
01/15/2018	0.879845	0.903580	0.669290	0.793252	1,684,640	161,012,000
01/14/2018	0.936193	0.957865	0.711510	0.900375	1,347,700	171,323,000
01/13/2018	0.929437	0.953334	0.878377	0.935611	1,029,610	170,087,000
01/12/2018	0.883117	0.936217	0.851436	0.930686	1,048,620	161,610,000
01/11/2018	0.956717	0.981091	0.750661	0.877527	1,070,420	175,079,000
01/10/2018	0.750090	1.03	0.711464	0.942990	2,126,720	137,267,000
01/09/2018	0.656790	0.766205	0.636093	0.748817	1,055,040	120,192,000
01/08/2018	0.700524	0.717076	0.584872	0.658425	782,231	128,196,000
01/07/2018	0.631573	0.715970	0.631573	0.711143	723,127	115,578,000
01/06/2018	0.596305	0.688420	0.530825	0.633217	935,139	109,124,000
01/05/2018	0.599149	0.664794	0.546954	0.611763	609,276	109,644,000
01/04/2018	0.627409	0.635041	0.558846	0.593909	828,279	114,816,000
01/03/2018	0.593104	0.664358	0.580576	0.604551	629,227	108,538,000
01/02/2018	0.524849	0.594076	0.498514	0.594076	516,556	96,047,300
01/01/2018	0.517180	0.556149	0.470321	0.522862	316,066	94,643,900
12/31/2017	0.488673	0.546523	0.483273	0.516592	155,545	89,427,100
12/30/2017	0.560088	0.561984	0.447051	0.491852	511,578	102,496,000
12/29/2017	0.549587	0.583016	0.507833	0.568759	454,862	100,574,000
12/28/2017	0.565429	0.599183	0.475706	0.546266	454,056	103,474,000
12/27/2017	0.607604	0.635110	0.515279	0.570353	547,181	111,192,000
12/26/2017	0.519674	0.729250	0.509036	0.590445	948,154	95,100,400
12/25/2017	0.382824	0.544623	0.376059	0.529409	518,638	70,056,800
12/24/2017	0.344576	0.409262	0.316956	0.379664	355,201	63,057,400
12/23/2017	0.288883	0.456665	0.288883	0.325640	304,457	52,865,600
12/22/2017	0.341866	0.345913	0.221188	0.285867	217,716	62,561,500
12/21/2017	0.326603	0.386552	0.299515	0.340782	445,481	59,768,300
12/20/2017	0.349494	0.367834	0.291650	0.332020	444,772	63,957,300
12/19/2017	0.267887	0.368442	0.256201	0.347239	576,678	49,023,300
12/18/2017	0.237327	0.267540	0.228154	0.267540	219,038	43,430,800
12/17/2017	0.212640	0.263867	0.198983	0.236738	229,049	38,913,100
12/16/2017	0.211727	0.225919	0.190237	0.212623	197,102	38,746,000
12/15/2017	0.217046	0.231006	0.208097	0.211991	120,344	39,719,500
12/14/2017	0.209661	0.223977	0.204932	0.216981	167,817	38,368,000
12/13/2017	0.211724	0.234835	0.202077	0.209147	174,395	38,745,500
12/12/2017	0.199422	0.211724	0.171344	0.211718	135,248	36,494,200
12/11/2017	0.193557	0.219089	0.180337	0.187156	247,368	35,420,900
12/10/2017	0.190042	0.224284	0.155908	0.194210	276,943	34,777,600
12/09/2017	0.156277	0.190970	0.144599	0.173222	230,972	28,598,600
12/08/2017	0.139115	0.158750	0.120903	0.156479	176,608	25,458,100
12/07/2017	0.126768	0.143522	0.108756	0.138875	171,330	23,198,500
12/06/2017	0.110088	0.132261	0.107047	0.131425	121,014	20,146,000
12/05/2017	0.109296	0.117572	0.104907	0.110089	72,525	20,001,200
12/04/2017	0.106037	0.114789	0.100789	0.109055	69,204	19,404,700
12/03/2017	0.107680	0.115966	0.089362	0.105827	106,864	19,705,400
12/02/2017	0.098621	0.110378	0.095811	0.108632	30,494	18,047,700
12/01/2017	0.084927	0.118557	0.082551	0.098394	101,091	15,541,700
11/30/2017	0.062608	0.088120	0.060010	0.085313	77,827	11,457,300
11/29/2017	0.069801	0.074302	0.059216	0.061952	50,263	12,773,600
11/28/2017	0.070166	0.075653	0.068546	0.069645	42,668	12,840,400
11/27/2017	0.073225	0.076292	0.066037	0.070023	58,352	13,400,100
11/26/2017	0.069338	0.075516	0.069338	0.073186	34,086	12,688,900
11/25/2017	0.064215	0.069699	0.062456	0.069270	31,531	11,751,300
11/24/2017	0.070792	0.071199	0.060885	0.064326	32,167	12,954,900
11/23/2017	0.064754	0.072382	0.064750	0.070820	23,612	11,850,100
11/22/2017	0.061922	0.073251	0.061115	0.064803	58,745	11,331,600
11/21/2017	0.060839	0.062343	0.053446	0.061219	37,561	11,133,600
11/20/2017	0.056958	0.060838	0.056465	0.060838	55,915	10,423,300
11/19/2017	0.058797	0.058797	0.053087	0.057015	41,621	10,759,900
11/18/2017	0.054003	0.059770	0.049566	0.058899	29,280	9,882,550
11/17/2017	0.052649	0.054666	0.050564	0.054113	29,727	9,634,810
11/16/2017	0.049618	0.053883	0.048358	0.052753	29,996	9,080,040
11/15/2017	0.049770	0.052220	0.048935	0.049391	17,229	9,107,840
11/14/2017	0.047139	0.051364	0.046051	0.049736	32,363	8,626,490
11/13/2017	0.043656	0.051862	0.043181	0.047148	22,596	7,988,980
11/12/2017	0.048964	0.048964	0.040745	0.043391	12,198	8,960,420
11/11/2017	0.048693	0.050590	0.045266	0.048981	35,415	8,910,860
11/10/2017	0.050422	0.053930	0.046914	0.048843	32,444	9,227,300
11/09/2017	0.049462	0.053363	0.047044	0.050204	40,332	9,051,600
11/08/2017	0.047168	0.051228	0.046143	0.049523	16,387	8,631,780
11/07/2017	0.045723	0.048795	0.044691	0.047348	18,531	8,367,330
11/06/2017	0.045603	0.049642	0.045359	0.045785	18,481	8,345,360
11/05/2017	0.047017	0.052903	0.046465	0.047293	16,312	8,604,030
11/04/2017	0.050784	0.053340	0.046140	0.047110	26,605	9,293,480
11/03/2017	0.049819	0.054520	0.048891	0.050936	54,726	9,116,840
11/02/2017	0.048697	0.060293	0.047681	0.049680	63,890	8,911,600
11/01/2017	0.052549	0.053126	0.045721	0.049045	30,800	9,616,520
10/31/2017	0.050901	0.053916	0.050648	0.052577	37,787	9,314,930
10/30/2017	0.056030	0.056226	0.049427	0.051041	118,143	10,253,600
10/29/2017	0.053159	0.057645	0.051807	0.056296	58,799	9,728,060
10/28/2017	0.049635	0.057299	0.049635	0.053278	24,833	9,083,270
10/27/2017	0.050713	0.052340	0.046787	0.049509	21,919	9,280,500
10/26/2017	0.049424	0.051451	0.048168	0.050717	40,630	9,044,580
10/25/2017	0.049704	0.049801	0.043787	0.049529	48,780	9,095,900
10/24/2017	0.047844	0.050494	0.045632	0.049635	23,718	8,755,460
10/23/2017	0.048398	0.052547	0.046195	0.047988	52,323	8,856,890
10/22/2017	0.049577	0.050532	0.047707	0.048474	36,259	9,072,610
10/21/2017	0.059118	0.059501	0.049520	0.049584	37,859	10,818,600
10/20/2017	0.055540	0.062285	0.055540	0.059263	25,419	10,163,800
10/19/2017	0.052655	0.056981	0.052181	0.055562	21,265	9,635,920
10/18/2017	0.058768	0.058784	0.051810	0.051985	29,085	10,754,500
10/17/2017	0.052139	0.058937	0.051448	0.058754	39,294	9,541,450
10/16/2017	0.048960	0.053311	0.048600	0.052182	42,172	8,959,670
10/15/2017	0.049154	0.053919	0.046608	0.048957	26,766	8,995,240
10/14/2017	0.048422	0.055536	0.045749	0.049092	43,626	8,861,300
10/13/2017	0.052930	0.052962	0.045324	0.048320	132,096	9,686,290
10/12/2017	0.051403	0.055038	0.050053	0.052815	17,838	9,406,850
10/11/2017	0.048226	0.054877	0.041230	0.051367	27,233	8,825,280
10/10/2017	0.050757	0.055065	0.040230	0.048223	84,190	9,288,590
10/09/2017	0.052182	0.054489	0.050313	0.050768	67,758	9,549,320
10/08/2017	0.050998	0.054342	0.050998	0.052171	30,763	9,332,600
10/07/2017	0.050568	0.055799	0.049340	0.055266	64,351	9,253,990
10/06/2017	0.050542	0.053465	0.048797	0.050559	30,734	9,249,210
10/05/2017	0.054607	0.054911	0.050544	0.050561	29,414	9,993,010
10/04/2017	0.058360	0.059363	0.051091	0.054568	31,033	10,679,800
10/03/2017	0.058225	0.063005	0.057051	0.058235	34,266	10,655,100
10/02/2017	0.057008	0.064239	0.053560	0.058234	53,387	10,432,600
10/01/2017	0.064448	0.068278	0.047028	0.057035	282,936	11,793,900
09/30/2017	0.062775	0.075608	0.062731	0.064412	21,033	11,487,900
09/29/2017	0.070152	0.072841	0.057246	0.062769	59,391	12,837,800
09/28/2017	0.071934	0.075521	0.069368	0.070200	36,992	13,163,900
09/27/2017	0.069730	0.075489	0.069465	0.072002	30,015	12,760,600
09/26/2017	0.067269	0.075624	0.064433	0.069881	28,889	12,310,200
09/25/2017	0.065417	0.070529	0.063727	0.067327	24,863	11,971,400
09/24/2017	0.064322	0.071883	0.061827	0.065368	32,595	11,770,900
09/23/2017	0.064996	0.073471	0.063874	0.064335	33,214	11,894,300
09/22/2017	0.065169	0.069475	0.061920	0.065163	13,371	11,926,000
09/21/2017	0.065440	0.075428	0.064284	0.065231	15,560	11,975,600
09/20/2017	0.067973	0.075529	0.064783	0.065730	18,196	12,439,000
09/19/2017	0.082541	0.082930	0.068066	0.068066	54,543	15,104,900
09/18/2017	0.079298	0.088625	0.077791	0.082307	78,649	14,511,500
09/17/2017	0.079024	0.083047	0.074125	0.079447	69,593	14,461,400
09/16/2017	0.092321	0.092321	0.071340	0.078986	51,879	16,894,700
09/15/2017	0.068911	0.095909	0.067049	0.092252	83,159	12,610,800
09/14/2017	0.090429	0.092789	0.068422	0.068422	54,563	16,548,400
09/13/2017	0.083810	0.114441	0.072139	0.090431	110,017	15,337,200
09/12/2017	0.077949	0.086583	0.072246	0.083707	36,822	14,264,600
09/11/2017	0.078303	0.083287	0.075102	0.076099	32,528	14,329,400
09/10/2017	0.074454	0.082679	0.069934	0.078007	36,185	13,625,000
09/09/2017	0.078605	0.083009	0.069038	0.074375	82,024	14,384,700
09/08/2017	0.079987	0.082170	0.070399	0.078441	47,057	14,637,500
09/07/2017	0.075683	0.083646	0.074154	0.079956	32,931	13,849,900
09/06/2017	0.082603	0.084207	0.068775	0.075771	47,383	15,116,400
09/05/2017	0.076681	0.083714	0.072702	0.082535	80,401	14,032,600
09/04/2017	0.082359	0.091782	0.071310	0.076921	68,034	15,071,800
09/03/2017	0.089501	0.099296	0.079423	0.083728	74,746	16,378,600
09/02/2017	0.085926	0.091881	0.081679	0.084105	112,342	15,724,400
09/01/2017	0.088756	0.093572	0.077940	0.082500	132,836	16,242,300
08/31/2017	0.099442	0.161270	0.060690	0.088753	431,503	18,197,900
08/30/2017	0.115076	0.119457	0.088157	0.099673	187,878	21,058,900
08/29/2017	0.105343	0.126122	0.105343	0.115139	105,759	19,277,700
08/28/2017	0.115116	0.119181	0.105097	0.105341	65,936	21,066,200
08/27/2017	0.144189	0.144189	0.114604	0.115012	134,404	26,386,500
08/26/2017	0.121597	0.144678	0.119608	0.144408	226,503	22,252,200
08/25/2017	0.124213	0.133323	0.118849	0.121369	128,374	22,731,000
08/24/2017	0.101964	0.125052	0.101601	0.124359	173,696	18,659,400
08/23/2017	0.082629	0.111508	0.082467	0.101924	46,889	15,121,200
08/22/2017	0.093701	0.109954	0.082120	0.082777	52,775	17,147,300
08/21/2017	0.099048	0.105981	0.093393	0.093393	101,263	18,125,700
08/20/2017	0.110607	0.115497	0.097657	0.099443	81,129	20,241,200
08/19/2017	0.115582	0.117625	0.092613	0.111098	101,703	21,151,600
08/18/2017	0.119964	0.122155	0.104010	0.115635	71,481	21,953,400
08/17/2017	0.109819	0.124461	0.108285	0.117214	100,551	20,096,800
08/16/2017	0.103779	0.116750	0.098114	0.109902	80,301	18,991,600
08/15/2017	0.101938	0.107544	0.094491	0.103673	130,638	18,654,700
08/14/2017	0.099496	0.111228	0.092964	0.101696	125,851	18,207,700
08/13/2017	0.105670	0.109283	0.090086	0.093590	130,489	19,337,600
08/12/2017	0.088144	0.105934	0.080753	0.105765	128,603	16,130,300
08/11/2017	0.092862	0.092966	0.054798	0.088264	117,426	16,993,800
08/10/2017	0.085041	0.093421	0.084489	0.092865	43,290	15,562,600
08/09/2017	0.094718	0.099324	0.082860	0.085085	47,388	17,333,400
08/08/2017	0.095745	0.104421	0.090247	0.094762	47,391	17,521,400
08/07/2017	0.097793	0.103388	0.083779	0.095637	78,333	17,896,000
08/06/2017	0.087156	0.113757	0.082274	0.097897	53,971	15,949,500
08/05/2017	0.073752	0.092337	0.073279	0.087137	43,933	13,496,600
08/04/2017	0.073930	0.081617	0.068334	0.073843	44,503	13,529,200
08/03/2017	0.072109	0.079723	0.068041	0.075360	24,363	13,195,900
08/02/2017	0.079543	0.081441	0.068204	0.072000	30,321	14,556,300
08/01/2017	0.071025	0.080369	0.065620	0.079506	26,209	12,997,500
07/31/2017	0.068855	0.074096	0.065656	0.071001	18,705	12,600,500
07/30/2017	0.071253	0.074793	0.066840	0.068793	42,768	13,039,200
07/29/2017	0.064309	0.075124	0.060466	0.070465	14,483	11,768,500
07/28/2017	0.075873	0.079041	0.061655	0.064286	52,290	13,884,800
07/27/2017	0.066983	0.076527	0.066833	0.075685	29,996	12,258,000
07/26/2017	0.069499	0.073098	0.061096	0.066832	44,502	12,718,300
07/25/2017	0.074794	0.078892	0.060438	0.068919	81,353	13,687,300
07/24/2017	0.080398	0.088048	0.052221	0.074789	99,045	4,710,210
07/23/2017	0.075018	0.092703	0.065821	0.080337	89,324	4,395,010
07/22/2017	0.074546	0.082172	0.050506	0.075011	105,781	4,367,370
07/21/2017	0.084987	0.086529	0.070393	0.073001	50,151	4,979,060
07/20/2017	0.069790	0.087161	0.069790	0.084884	58,370	4,088,690
07/19/2017	0.076820	0.076820	0.065266	0.070016	40,332	4,500,590
07/18/2017	0.072233	0.080034	0.066860	0.076753	72,193	12,279,600
07/17/2017	0.055997	0.072311	0.053855	0.071940	79,016	9,519,520
07/16/2017	0.058220	0.065052	0.055184	0.057376	61,325	9,897,460
07/15/2017	0.062709	0.069776	0.057809	0.058369	50,391	10,660,600
07/14/2017	0.069962	0.076565	0.060087	0.062796	50,926	11,893,600
07/13/2017	0.080784	0.080784	0.067479	0.069992	57,130	13,733,200
07/12/2017	0.067428	0.080729	0.061480	0.080729	54,363	11,462,700
07/11/2017	0.070528	0.077523	0.054981	0.067489	80,490	11,989,800
07/10/2017	0.095539	0.097649	0.064576	0.070646	70,008	16,241,600
07/09/2017	0.096171	0.098859	0.084363	0.095620	45,002	16,349,100
07/08/2017	0.090113	0.099969	0.080810	0.096078	42,631	15,319,300
07/07/2017	0.081535	0.121562	0.081520	0.090064	138,625	13,860,900
07/06/2017	0.067102	0.082964	0.060903	0.081483	94,470	11,407,400
07/05/2017	0.056624	0.082633	0.051260	0.068437	120,805	9,626,110
