Date	Open	High	Low	Close	Volume	Market Cap
07/15/2018	0.038203	0.040527	0.037834	0.040222	346,599	17,082,700
07/14/2018	0.038321	0.039243	0.037775	0.038146	188,100	17,135,700
07/13/2018	0.039061	0.039857	0.037834	0.038354	450,645	17,466,600
07/12/2018	0.041421	0.041608	0.038343	0.038874	314,877	18,521,600
07/11/2018	0.040324	0.041760	0.039313	0.041329	363,736	18,031,400
07/10/2018	0.045352	0.046534	0.040361	0.040361	528,042	20,279,600
07/09/2018	0.046795	0.046978	0.045139	0.045402	408,531	20,924,600
07/08/2018	0.047466	0.048014	0.046411	0.046937	350,687	21,215,400
07/07/2018	0.045077	0.047568	0.044947	0.047483	489,959	20,102,500
07/06/2018	0.045782	0.045835	0.043226	0.045094	580,158	20,416,900
07/05/2018	0.047211	0.050526	0.044582	0.045788	997,362	21,054,200
07/04/2018	0.045457	0.054776	0.044039	0.047094	1,548,890	20,271,200
07/03/2018	0.047626	0.049510	0.045283	0.045355	1,023,620	21,238,500
07/02/2018	0.043229	0.049552	0.043184	0.048093	1,703,600	19,276,900
07/01/2018	0.041569	0.043704	0.040448	0.042916	732,045	18,656,300
06/30/2018	0.038875	0.042938	0.038875	0.041631	690,346	17,447,300
06/29/2018	0.036543	0.039665	0.036342	0.038672	853,091	16,400,800
06/28/2018	0.036648	0.041470	0.036268	0.036578	755,255	16,448,100
06/27/2018	0.036977	0.037038	0.035611	0.036601	361,230	16,595,500
06/26/2018	0.039444	0.039591	0.036984	0.036987	318,229	17,703,000
06/25/2018	0.037070	0.039692	0.036732	0.039448	378,365	16,637,400
06/24/2018	0.040613	0.040774	0.033921	0.037127	620,697	18,227,600
06/23/2018	0.039997	0.041209	0.039707	0.040711	303,869	17,950,100
06/22/2018	0.047317	0.047475	0.038891	0.039992	667,584	21,235,400
06/21/2018	0.049725	0.049818	0.046695	0.047334	1,112,530	22,316,300
06/20/2018	0.050340	0.050340	0.048344	0.049817	497,980	22,592,000
06/19/2018	0.050645	0.051628	0.049754	0.050308	541,667	22,728,900
06/18/2018	0.048513	0.051143	0.046870	0.050718	520,783	21,771,900
06/17/2018	0.049745	0.050533	0.048234	0.048662	561,542	22,325,000
06/16/2018	0.049874	0.050677	0.048453	0.049680	470,011	22,383,000
06/15/2018	0.053264	0.054541	0.049763	0.049947	640,953	23,904,300
06/14/2018	0.047721	0.054296	0.047412	0.053157	1,208,050	21,329,500
06/13/2018	0.051746	0.052359	0.045169	0.047797	1,031,890	23,128,400
06/12/2018	0.057643	0.057860	0.050936	0.051535	881,498	25,728,300
06/11/2018	0.056861	0.057988	0.055219	0.057586	744,208	25,379,200
06/10/2018	0.067852	0.067852	0.055869	0.056955	1,483,780	30,284,400
06/09/2018	0.071633	0.071823	0.067343	0.067343	1,050,200	31,971,700
06/08/2018	0.073753	0.074416	0.070629	0.071818	964,450	32,917,100
06/07/2018	0.075082	0.078417	0.073230	0.073640	1,063,870	33,510,400
06/06/2018	0.077136	0.077348	0.073212	0.074798	1,037,980	34,427,000
06/05/2018	0.077761	0.078821	0.072842	0.077180	1,388,850	34,706,100
06/04/2018	0.081948	0.082490	0.075298	0.077849	2,405,670	36,574,800
06/03/2018	0.084129	0.085403	0.081948	0.082643	2,797,740	37,548,100
06/02/2018	0.082351	0.086618	0.081325	0.084257	2,548,790	36,754,400
06/01/2018	0.083470	0.085238	0.080122	0.082396	3,644,430	37,252,900
05/31/2018	0.082116	0.091880	0.082116	0.083352	6,441,430	36,566,400
05/30/2018	0.075334	0.084396	0.074444	0.082495	4,651,950	33,546,200
05/29/2018	0.067650	0.077155	0.067173	0.075389	2,791,340	30,124,400
05/28/2018	0.075692	0.076469	0.067403	0.067795	2,144,540	33,490,000
05/27/2018	0.077046	0.077855	0.075157	0.075805	2,121,220	34,088,400
05/26/2018	0.077845	0.084300	0.076697	0.076790	2,290,220	34,442,000
05/25/2018	0.082648	0.083074	0.076784	0.078128	1,071,320	36,567,000
05/24/2018	0.077492	0.082824	0.073840	0.082477	1,438,970	34,174,500
05/23/2018	0.089574	0.090972	0.075012	0.077741	2,137,310	39,502,600
05/22/2018	0.101330	0.101330	0.087934	0.090121	1,872,820	44,573,700
05/21/2018	0.105364	0.106040	0.101330	0.101440	1,711,470	46,348,100
05/20/2018	0.102302	0.109304	0.101129	0.105126	1,754,900	45,001,300
05/19/2018	0.101370	0.106295	0.099944	0.101856	1,297,700	44,287,300
05/18/2018	0.099814	0.101517	0.096992	0.101517	1,467,600	43,607,600
05/17/2018	0.108289	0.110208	0.098961	0.099426	1,980,010	47,309,100
05/16/2018	0.112605	0.113427	0.105889	0.108128	2,531,650	49,194,600
05/15/2018	0.112719	0.117375	0.109552	0.112718	2,953,530	49,236,000
05/14/2018	0.113873	0.116839	0.104943	0.113025	2,644,600	49,723,600
05/13/2018	0.108071	0.115425	0.105097	0.113889	2,181,250	47,190,000
05/12/2018	0.104322	0.111688	0.097213	0.106977	2,356,080	45,553,200
05/11/2018	0.118667	0.118667	0.101476	0.104444	3,220,090	51,607,200
05/10/2018	0.127680	0.132686	0.118387	0.118387	3,768,790	54,446,500
05/09/2018	0.136511	0.136701	0.124720	0.127533	4,122,780	58,183,200
05/08/2018	0.144106	0.145593	0.133528	0.136466	4,931,810	61,412,300
05/07/2018	0.149904	0.149904	0.138929	0.143571	6,505,410	63,419,600
05/06/2018	0.151732	0.158531	0.143986	0.149676	8,006,600	64,193,000
05/05/2018	0.148040	0.154309	0.145793	0.151082	4,402,720	62,631,000
05/04/2018	0.157734	0.160780	0.143764	0.148705	5,137,690	66,729,000
05/03/2018	0.156960	0.161558	0.153782	0.157758	8,047,300	64,332,500
05/02/2018	0.151777	0.160065	0.149630	0.157380	8,208,500	61,993,300
05/01/2018	0.156760	0.156760	0.142220	0.152230	6,652,820	64,028,600
04/30/2018	0.167659	0.167659	0.153102	0.156099	9,937,850	68,300,600
04/29/2018	0.159194	0.168322	0.150404	0.168322	8,474,220	64,852,200
04/28/2018	0.146374	0.163691	0.146188	0.159156	6,433,950	59,629,500
04/27/2018	0.154119	0.160259	0.147093	0.147137	5,526,920	62,784,700
04/26/2018	0.141339	0.154809	0.135613	0.153852	7,083,300	57,578,500
04/25/2018	0.159808	0.161026	0.136398	0.140772	9,015,260	65,101,900
04/24/2018	0.155979	0.165887	0.153873	0.161041	9,266,660	63,539,400
04/23/2018	0.141570	0.165883	0.141097	0.155901	13,806,600	57,668,600
04/22/2018	0.134345	0.147203	0.128777	0.141864	8,666,490	54,725,400
04/21/2018	0.140973	0.141241	0.125117	0.134844	7,448,970	57,425,300
04/20/2018	0.139777	0.144504	0.132807	0.141459	9,938,980	56,938,200
04/19/2018	0.129125	0.142173	0.127833	0.139709	11,483,700	52,599,100
04/18/2018	0.122979	0.129790	0.122921	0.128917	8,928,240	50,095,200
04/17/2018	0.127987	0.138265	0.122904	0.123268	12,411,000	51,676,200
04/16/2018	0.125304	0.131978	0.118521	0.128595	14,422,900	50,482,100
04/15/2018	0.109118	0.125951	0.108658	0.125738	10,865,600	43,961,200
04/14/2018	0.103768	0.115179	0.102713	0.108957	6,363,610	41,804,700
04/13/2018	0.100729	0.114160	0.098088	0.104031	9,369,840	40,578,400
04/12/2018	0.087174	0.100735	0.084806	0.100502	7,097,210	35,094,500
04/11/2018	0.083809	0.088448	0.083108	0.087549	5,481,560	33,739,900
04/10/2018	0.080042	0.085977	0.078977	0.083762	4,711,500	32,223,400
04/09/2018	0.083546	0.087983	0.078565	0.079913	3,859,040	33,634,000
04/08/2018	0.083562	0.085388	0.082092	0.083459	3,943,700	33,640,500
04/07/2018	0.082444	0.085909	0.080355	0.083726	5,278,340	33,190,200
04/06/2018	0.078480	0.084854	0.075094	0.082484	8,470,350	31,594,400
04/05/2018	0.083131	0.083882	0.077315	0.078834	4,677,110	33,467,000
04/04/2018	0.097994	0.098969	0.081743	0.083304	5,144,870	39,450,400
04/03/2018	0.089371	0.099843	0.088324	0.097974	7,546,570	35,979,100
04/02/2018	0.087967	0.091273	0.086033	0.089101	4,744,630	35,403,500
04/01/2018	0.091768	0.094013	0.080712	0.087603	4,744,920	36,933,100
03/31/2018	0.089926	0.095606	0.086429	0.091037	6,653,470	36,190,300
03/30/2018	0.097114	0.103990	0.087098	0.090195	8,504,710	39,081,000
03/29/2018	0.107225	0.130432	0.095004	0.097282	30,265,400	43,150,100
03/28/2018	0.089007	0.108700	0.088907	0.107231	5,950,790	35,818,700
03/27/2018	0.097201	0.098556	0.082249	0.088763	3,611,520	39,111,300
03/26/2018	0.078100	0.111636	0.077640	0.097117	10,508,400	31,418,000
03/25/2018	0.080284	0.082281	0.077666	0.078160	3,415,750	32,296,600
03/24/2018	0.082475	0.086090	0.079843	0.080872	3,489,390	33,175,300
03/23/2018	0.086265	0.086265	0.077067	0.081312	3,668,820	34,125,100
03/22/2018	0.085462	0.091818	0.081035	0.086639	3,311,800	33,806,700
03/21/2018	0.090563	0.096262	0.082538	0.085265	3,635,860	35,824,500
03/20/2018	0.085741	0.092843	0.080908	0.090265	3,710,900	33,756,400
03/19/2018	0.075713	0.086619	0.073376	0.084532	3,657,130	29,808,100
03/18/2018	0.081882	0.081882	0.061906	0.075960	4,341,310	32,236,900
03/17/2018	0.095080	0.095080	0.079614	0.082597	3,425,340	37,433,000
03/16/2018	0.090907	0.097381	0.087390	0.094956	3,986,700	35,749,400
03/15/2018	0.096955	0.098236	0.080636	0.090849	4,303,040	38,056,300
03/14/2018	0.116905	0.119032	0.094129	0.097154	4,354,020	41,582,700
03/13/2018	0.115770	0.119874	0.109477	0.116871	3,045,620	41,179,000
03/12/2018	0.127184	0.128748	0.111179	0.116154	7,991,990	45,238,800
03/11/2018	0.117526	0.129390	0.114956	0.127454	4,322,590	41,803,600
03/10/2018	0.127386	0.132752	0.117327	0.117922	4,312,380	45,310,700
03/09/2018	0.118466	0.127638	0.098824	0.127454	5,481,660	42,137,800
03/08/2018	0.126089	0.133664	0.108806	0.119200	6,596,780	44,849,400
03/07/2018	0.163996	0.163996	0.119805	0.125926	6,250,690	58,332,600
03/06/2018	0.173287	0.183821	0.153076	0.165128	8,244,990	61,637,400
03/05/2018	0.209875	0.216002	0.169735	0.173522	12,092,400	74,651,700
03/04/2018	0.213310	0.218675	0.206835	0.208093	8,147,870	75,873,500
03/03/2018	0.200428	0.218091	0.200428	0.213169	9,386,090	71,291,400
03/02/2018	0.173641	0.218685	0.171063	0.202189	10,760,300	61,763,500
03/01/2018	0.170499	0.180013	0.169475	0.174185	5,939,700	60,645,700
02/28/2018	0.177509	0.183515	0.166591	0.170137	6,210,440	63,139,300
02/27/2018	0.179969	0.180940	0.163131	0.177357	5,835,030	64,014,300
02/26/2018	0.187097	0.193309	0.164261	0.178260	5,475,420	66,549,600
02/25/2018	0.194623	0.196896	0.170100	0.187226	9,003,840	69,226,400
02/24/2018	0.185022	0.289834	0.171626	0.193879	30,239,500	65,811,600
02/23/2018	0.170733	0.189690	0.154234	0.185896	10,541,300	60,729,000
02/22/2018	0.175331	0.175331	0.139883	0.169266	10,188,300	62,364,300
02/21/2018	0.127412	0.183735	0.124131	0.177021	11,097,700	45,319,700
02/20/2018	0.149339	0.155541	0.124236	0.125841	4,510,330	53,119,400
02/19/2018	0.157280	0.161929	0.148115	0.149256	4,401,480	55,943,900
02/18/2018	0.177444	0.178868	0.149655	0.156644	4,753,970	63,116,000
02/17/2018	0.174629	0.179048	0.166775	0.177233	5,282,950	62,114,700
02/16/2018	0.166339	0.187067	0.164466	0.174475	6,215,690	-
02/15/2018	0.139038	0.167423	0.138158	0.166566	5,135,090	-
02/14/2018	0.117396	0.153777	0.117067	0.138806	4,657,300	-
02/13/2018	0.129298	0.129376	0.112915	0.119292	3,793,690	-
02/12/2018	0.133259	0.141544	0.115110	0.129597	4,781,780	-
02/11/2018	0.146988	0.147180	0.121954	0.132654	4,372,860	-
02/10/2018	0.175484	0.195901	0.129117	0.147007	5,671,120	-
02/09/2018	0.207098	0.213819	0.145000	0.175546	782,690	-
