Date	Open	High	Low	Close	Volume	Market Cap
07/15/2018	0.039214	0.040849	0.038066	0.040693	4,435	4,985,350
07/14/2018	0.038358	0.039813	0.036911	0.039224	11,707	4,876,600
07/13/2018	0.038224	0.039773	0.037494	0.038448	12,048	4,859,490
07/12/2018	0.041427	0.041427	0.036690	0.038183	13,144	5,266,770
07/11/2018	0.040214	0.042265	0.038238	0.041433	15,037	5,112,550
07/10/2018	0.047636	0.047641	0.035685	0.040213	10,020	6,056,130
07/09/2018	0.052155	0.052274	0.046155	0.047670	4,235	6,630,660
07/08/2018	0.048794	0.052245	0.048499	0.052167	2,772	6,203,310
07/07/2018	0.045599	0.049287	0.044860	0.048849	4,186	5,797,140
07/06/2018	0.046619	0.046805	0.045415	0.045668	9,216	5,926,810
07/05/2018	0.046261	0.047311	0.045950	0.046627	4,317	5,881,320
07/04/2018	0.046662	0.049065	0.045235	0.046214	7,808	5,932,300
07/03/2018	0.046952	0.052396	0.046451	0.046683	3,790	5,969,130
07/02/2018	0.047430	0.049440	0.044974	0.047169	12,756	6,029,890
07/01/2018	0.045487	0.047606	0.043355	0.047423	3,936	5,782,850
06/30/2018	0.043767	0.049822	0.043144	0.045476	6,377	5,564,250
06/29/2018	0.042620	0.044693	0.040069	0.043711	8,956	5,418,370
06/28/2018	0.042202	0.046104	0.039603	0.042594	7,559	5,365,210
06/27/2018	0.042004	0.042642	0.040173	0.042171	7,225	5,340,110
06/26/2018	0.040279	0.043116	0.039996	0.042029	7,068	5,120,790
06/25/2018	0.040473	0.043759	0.040219	0.040279	7,725	5,145,440
06/24/2018	0.044284	0.044593	0.037726	0.040556	11,725	5,629,950
06/23/2018	0.042538	0.044550	0.041021	0.044290	6,121	5,407,960
06/22/2018	0.047955	0.048293	0.041873	0.042532	11,750	6,096,620
06/21/2018	0.047932	0.049195	0.046526	0.048000	10,245	6,093,710
06/20/2018	0.045465	0.048560	0.042619	0.047922	10,533	5,780,110
06/19/2018	0.044664	0.046045	0.042800	0.045437	6,206	5,678,260
06/18/2018	0.044857	0.049767	0.040282	0.044688	12,009	5,702,760
06/17/2018	0.043755	0.046538	0.041593	0.045009	4,548	5,562,760
06/16/2018	0.039915	0.048204	0.039845	0.043716	29,469	5,074,470
06/15/2018	0.045518	0.049649	0.039935	0.040060	5,189	5,786,830
06/14/2018	0.044644	0.047913	0.042947	0.045584	14,502	5,675,720
06/13/2018	0.046239	0.046799	0.042615	0.044625	23,513	5,878,550
06/12/2018	0.049231	0.049480	0.045761	0.046119	20,102	6,258,840
06/11/2018	0.048292	0.049459	0.047348	0.049250	3,021	6,139,560
06/10/2018	0.053507	0.053507	0.046276	0.048223	12,861	6,802,530
06/09/2018	0.053220	0.055249	0.053121	0.053440	11,954	6,765,970
06/08/2018	0.053518	0.054458	0.052124	0.053226	7,251	6,803,890
06/07/2018	0.055593	0.055928	0.052709	0.053474	6,039	7,067,650
06/06/2018	0.051551	0.056277	0.051293	0.055548	14,176	6,553,800
06/05/2018	0.052660	0.052660	0.048316	0.051567	7,555	6,694,800
06/04/2018	0.055007	0.055007	0.050658	0.052670	24,193	6,993,260
06/03/2018	0.052846	0.054961	0.052485	0.054917	5,858	6,718,450
06/02/2018	0.049246	0.055122	0.047942	0.052832	23,368	6,260,780
06/01/2018	0.047904	0.049801	0.046568	0.049267	8,354	6,090,140
05/31/2018	0.046199	0.052326	0.043448	0.047864	22,621	5,873,430
05/30/2018	0.047135	0.050369	0.043815	0.044224	5,359	5,992,420
05/29/2018	0.043232	0.051548	0.043126	0.047104	9,914	5,496,200
05/28/2018	0.052174	0.054060	0.040642	0.043252	29,214	6,633,010
05/27/2018	0.051853	0.057764	0.051028	0.052163	18,890	6,592,280
05/26/2018	0.048688	0.054533	0.046919	0.051819	26,885	6,189,860
05/25/2018	0.049654	0.051629	0.047008	0.048749	7,940	6,312,620
05/24/2018	0.051733	0.053151	0.048675	0.049561	12,832	6,576,960
05/23/2018	0.058616	0.058727	0.051013	0.051867	15,725	7,452,090
05/22/2018	0.059375	0.061929	0.058046	0.058690	18,551	7,548,580
05/21/2018	0.062860	0.063516	0.058318	0.059388	13,680	7,991,670
05/20/2018	0.063648	0.064641	0.062098	0.062782	18,313	8,091,840
05/19/2018	0.062820	0.066160	0.056633	0.063599	19,805	7,986,530
05/18/2018	0.059312	0.064414	0.057582	0.062828	24,027	7,540,520
05/17/2018	0.061778	0.064302	0.058939	0.059265	32,020	7,854,040
05/16/2018	0.056614	0.062748	0.054275	0.062047	37,869	7,197,590
05/15/2018	0.055389	0.058256	0.054624	0.056642	17,189	7,041,810
05/14/2018	0.055751	0.058833	0.052152	0.055988	37,518	7,087,850
05/13/2018	0.052931	0.057183	0.050643	0.055761	14,194	6,729,300
05/12/2018	0.053073	0.053868	0.049480	0.052951	7,996	6,747,340
05/11/2018	0.054164	0.058310	0.049286	0.053225	18,217	6,886,040
05/10/2018	0.046965	0.062260	0.044491	0.054167	39,164	5,970,760
05/09/2018	0.047857	0.047877	0.041806	0.046973	31,954	6,084,160
05/08/2018	0.051318	0.052707	0.039381	0.048166	32,376	6,524,200
05/07/2018	0.054982	0.058568	0.030334	0.051192	55,098	6,990,080
05/06/2018	0.060754	0.062688	0.048735	0.054903	15,571	7,723,860
05/05/2018	0.061888	0.068039	0.054511	0.060717	16,901	7,868,110
05/04/2018	0.072106	0.073409	0.060204	0.061911	47,915	9,167,040
05/03/2018	0.067930	0.074081	0.066817	0.072146	75,590	8,636,190
05/02/2018	0.066060	0.068193	0.062788	0.067928	52,410	8,398,480
05/01/2018	0.067825	0.068219	0.058279	0.066167	18,533	8,622,780
04/30/2018	0.074452	0.076415	0.059662	0.067724	13,593	9,465,390
04/29/2018	0.067907	0.074536	0.067907	0.074477	18,652	8,633,280
04/28/2018	0.065392	0.071297	0.064191	0.067930	18,137	8,313,540
04/27/2018	0.073875	0.074425	0.065685	0.065685	14,582	9,391,970
04/26/2018	0.067068	0.073938	0.065446	0.073773	26,969	8,526,650
04/25/2018	0.079098	0.079459	0.063271	0.066504	27,456	10,056,000
04/24/2018	0.076407	0.081469	0.073675	0.079636	42,391	9,713,860
04/23/2018	0.073750	0.076585	0.070140	0.076343	41,220	9,376,140
04/22/2018	0.077323	0.080089	0.071940	0.073903	39,311	9,830,310
04/21/2018	0.074437	0.078269	0.070879	0.077323	36,500	9,463,420
04/20/2018	0.080358	0.083897	0.071254	0.074412	68,106	10,216,200
04/19/2018	0.076668	0.083315	0.074746	0.080306	66,367	9,747,080
04/18/2018	0.069758	0.077703	0.067151	0.076611	42,122	8,868,610
04/17/2018	0.077854	0.078140	0.067379	0.069696	82,306	9,897,910
04/16/2018	0.079100	0.082385	0.074676	0.077816	47,478	10,056,200
04/15/2018	0.079606	0.084391	0.074986	0.079130	60,255	10,120,700
04/14/2018	0.077452	0.083686	0.075977	0.079524	42,974	9,846,710
04/13/2018	0.081985	0.085281	0.071898	0.077452	81,952	10,423,000
04/12/2018	0.079975	0.094732	0.079509	0.081866	91,498	10,167,500
04/11/2018	0.077825	0.081762	0.077668	0.080316	51,997	9,894,160
04/10/2018	0.080523	0.080625	0.075067	0.077517	49,302	10,237,200
04/09/2018	0.084275	0.087554	0.075970	0.080517	73,399	10,714,200
04/08/2018	0.082153	0.084956	0.079253	0.084305	47,270	10,444,500
04/07/2018	0.082021	0.086266	0.081689	0.082007	69,337	10,427,700
04/06/2018	0.083461	0.084401	0.078753	0.081950	49,457	10,610,700
04/05/2018	0.081493	0.086515	0.076023	0.083862	56,672	10,360,500
04/04/2018	0.085057	0.090029	0.078545	0.081414	95,624	10,813,600
04/03/2018	0.084198	0.089320	0.082961	0.085853	62,004	10,704,400
04/02/2018	0.080385	0.084859	0.079858	0.083836	35,414	10,219,700
04/01/2018	0.082004	0.083195	0.074777	0.080004	53,998	10,425,500
03/31/2018	0.086818	0.087014	0.079694	0.081592	58,579	11,037,400
03/30/2018	0.079530	0.091028	0.074284	0.085336	93,897	10,111,000
03/29/2018	0.089702	0.089850	0.074750	0.079905	75,836	11,404,200
03/28/2018	0.089750	0.096673	0.086948	0.089602	73,998	11,410,200
03/27/2018	0.097194	0.097668	0.085954	0.089600	81,345	12,356,700
03/26/2018	0.106442	0.106928	0.090496	0.097494	121,721	13,532,400
03/25/2018	0.106897	0.113315	0.105872	0.106487	72,960	13,590,200
03/24/2018	0.114249	0.120301	0.108386	0.108415	122,983	14,525,000
03/23/2018	0.097195	0.117271	0.092191	0.111778	181,032	12,356,700
03/22/2018	0.098795	0.102755	0.093608	0.097235	150,015	12,560,200
03/21/2018	0.097615	0.102023	0.095564	0.098894	30,365	12,410,200
03/20/2018	0.096304	0.098671	0.091512	0.097428	51,615	12,243,500
03/19/2018	0.090389	0.096834	0.088902	0.095546	52,046	11,491,600
03/18/2018	0.083239	0.091824	0.076623	0.090679	97,928	10,582,500
03/17/2018	0.086529	0.089878	0.083070	0.084048	20,128	11,000,800
03/16/2018	0.082287	0.098184	0.078671	0.085105	38,797	10,461,400
03/15/2018	0.086527	0.087117	0.073145	0.082707	40,483	11,000,500
03/14/2018	0.091380	0.092943	0.075249	0.086591	50,791	11,617,600
03/13/2018	0.094085	0.095880	0.086889	0.091360	5,258	11,961,400
03/12/2018	0.102206	0.104762	0.089368	0.094051	21,859	12,993,900
03/11/2018	0.091447	0.105033	0.089000	0.102525	30,662	11,626,100
03/10/2018	0.106094	0.107893	0.089865	0.091202	32,652	13,488,200
03/09/2018	0.095812	0.107098	0.087643	0.106683	32,808	12,181,000
03/08/2018	0.102114	0.109179	0.095415	0.095415	35,095	12,982,100
03/07/2018	0.108699	0.112098	0.099196	0.102252	67,071	13,819,400
03/06/2018	0.115722	0.119588	0.107921	0.108605	23,896	14,712,200
03/05/2018	0.108656	0.120047	0.106514	0.115910	34,914	13,813,900
03/04/2018	0.111727	0.113895	0.106649	0.108822	26,971	14,204,300
03/03/2018	0.116508	0.121721	0.108526	0.111861	36,222	14,812,200
03/02/2018	0.115103	0.129058	0.110995	0.116957	35,370	14,633,600
03/01/2018	0.110577	0.119562	0.105520	0.117335	29,608	14,058,100
02/28/2018	0.116996	0.121862	0.107876	0.109165	32,785	14,874,200
02/27/2018	0.112262	0.138459	0.111924	0.117577	68,921	14,272,400
02/26/2018	0.100251	0.117093	0.096177	0.110173	65,123	12,745,400
02/25/2018	0.106016	0.109082	0.097129	0.100186	86,469	13,478,200
02/24/2018	0.105697	0.111285	0.099562	0.106061	45,315	13,437,700
02/23/2018	0.112530	0.114806	0.101074	0.105956	54,691	14,306,400
02/22/2018	0.107921	0.122397	0.103008	0.111798	47,876	13,720,500
02/21/2018	0.115571	0.115571	0.103428	0.108064	45,830	14,693,100
02/20/2018	0.119293	0.123030	0.112056	0.115793	54,216	15,166,300
02/19/2018	0.115145	0.127698	0.114696	0.118100	83,960	14,638,900
02/18/2018	0.121372	0.126816	0.111539	0.114672	72,564	15,430,600
02/17/2018	0.117645	0.124357	0.114896	0.121213	104,498	14,956,800
02/16/2018	0.116947	0.124553	0.109285	0.117523	90,562	14,868,000
02/15/2018	0.117483	0.128375	0.108632	0.115521	78,741	14,936,200
02/14/2018	0.128238	0.136240	0.117580	0.118258	140,451	16,303,400
02/13/2018	0.130960	0.133121	0.123290	0.128510	112,521	16,649,500
02/12/2018	0.125198	0.136919	0.121642	0.130750	71,810	15,917,000
02/11/2018	0.123851	0.135198	0.119447	0.124515	63,735	15,745,700
02/10/2018	0.131583	0.135504	0.120743	0.124564	59,126	16,725,800
02/09/2018	0.126818	0.140450	0.116823	0.131892	101,696	16,119,300
02/08/2018	0.124425	0.140605	0.124080	0.126541	63,041	15,815,100
02/07/2018	0.129008	0.144056	0.119463	0.124876	53,669	16,397,600
02/06/2018	0.121783	0.147297	0.103774	0.128527	116,829	15,479,300
02/05/2018	0.128458	0.141942	0.115343	0.121470	138,974	16,327,700
02/04/2018	0.146814	0.151468	0.125655	0.129971	73,353	18,660,800
02/03/2018	0.152492	0.162544	0.130794	0.146616	68,238	19,382,600
02/02/2018	0.124655	0.152760	0.107027	0.146939	141,592	15,844,400
02/01/2018	0.119334	0.144715	0.110427	0.125424	317,318	15,168,000
01/31/2018	0.128004	0.160664	0.116077	0.118548	195,783	16,270,100
01/30/2018	0.133668	0.140392	0.117701	0.127552	159,241	16,989,900
01/29/2018	0.123083	0.147798	0.121568	0.133166	81,087	15,644,500
01/28/2018	0.148362	0.154054	0.119167	0.123322	88,278	18,857,700
01/27/2018	0.137343	0.151279	0.135022	0.147483	62,929	17,457,100
01/26/2018	0.160532	0.174476	0.126220	0.138686	79,157	20,404,500
01/25/2018	0.156817	0.164665	0.130462	0.162835	135,291	19,932,300
01/24/2018	0.146671	0.163611	0.135085	0.153364	78,478	18,642,800
01/23/2018	0.169267	0.171856	0.131130	0.146362	134,807	21,514,800
01/22/2018	0.182532	0.184223	0.136118	0.167612	140,562	23,200,900
01/21/2018	0.214847	0.214847	0.165973	0.181085	106,870	27,308,300
01/20/2018	0.197004	0.222612	0.194174	0.213994	151,061	25,040,400
01/19/2018	0.189601	0.213117	0.182340	0.195457	176,479	24,099,500
01/18/2018	0.189272	0.202620	0.178546	0.191296	111,913	24,057,600
01/17/2018	0.190986	0.198647	0.140589	0.185109	112,015	24,275,600
01/16/2018	0.214960	0.215684	0.168968	0.193480	208,345	27,322,700
01/15/2018	0.218051	0.248821	0.211786	0.214233	202,788	27,715,700
01/14/2018	0.231512	0.241799	0.206672	0.218763	205,893	29,426,600
01/13/2018	0.221992	0.263645	0.204917	0.234767	414,214	28,216,600
01/12/2018	0.243288	0.275078	0.181531	0.222221	724,391	30,923,500
01/11/2018	0.142766	0.243639	0.124400	0.241601	360,070	18,146,500
01/10/2018	0.136265	0.142570	0.126107	0.140198	257,030	17,320,200
01/09/2018	0.144525	0.152334	0.131194	0.136096	292,166	18,370,100
01/08/2018	0.140232	0.151900	0.130192	0.148269	345,878	17,824,400
01/07/2018	0.145993	0.153762	0.127916	0.140914	238,341	18,556,600
01/06/2018	0.153578	0.153578	0.121916	0.146089	175,566	19,520,700
01/05/2018	0.143760	0.164243	0.142370	0.153014	295,163	18,272,800
01/04/2018	0.146266	0.154485	0.139493	0.143740	336,493	18,591,400
01/03/2018	0.154675	0.163414	0.141081	0.144296	189,882	19,660,200
01/02/2018	0.154243	0.163335	0.144960	0.155271	302,142	19,605,200
01/01/2018	0.152583	0.158990	0.139616	0.147631	113,765	19,394,200
12/31/2017	0.129124	0.157303	0.128855	0.151977	279,970	16,412,500
12/30/2017	0.164199	0.164479	0.130565	0.130569	271,142	20,870,800
12/29/2017	0.148644	0.166297	0.140065	0.164605	490,657	18,893,600
12/28/2017	0.157495	0.158605	0.130088	0.146859	338,574	20,018,600
12/27/2017	0.175392	0.183552	0.151169	0.156685	311,285	22,293,400
12/26/2017	0.155178	0.181834	0.152555	0.175263	250,659	19,724,200
12/25/2017	0.154368	0.160034	0.124018	0.155274	370,983	19,621,200
12/24/2017	0.155576	0.159405	0.130943	0.152759	448,481	19,774,700
12/23/2017	0.145786	0.170639	0.132141	0.153983	942,976	18,530,400
12/22/2017	0.148528	0.176499	0.116684	0.144486	582,487	18,878,900
12/21/2017	0.154184	0.170064	0.142837	0.147506	558,488	19,597,800
12/20/2017	0.156354	0.167232	0.142002	0.154861	399,348	19,873,700
12/19/2017	0.164295	0.173248	0.150579	0.156425	490,565	20,883,100
12/18/2017	0.169133	0.171262	0.149369	0.165279	576,133	21,498,000
12/17/2017	0.189774	0.189774	0.132908	0.168710	1,250,970	24,121,700
12/16/2017	0.234636	0.271112	0.178796	0.195141	3,033,990	29,824,100
12/15/2017	0.241010	0.271475	0.211796	0.262387	1,074,060	30,634,200
12/14/2017	0.225673	0.246289	0.209391	0.240816	1,464,440	28,684,800
12/13/2017	0.217102	0.224644	0.200845	0.224644	419,438	27,595,400
12/12/2017	0.205796	0.242135	0.197982	0.216755	1,205,140	26,158,300
12/11/2017	0.182635	0.222890	0.180949	0.203466	455,535	23,214,400
12/10/2017	0.220869	0.220869	0.158753	0.187183	443,090	28,074,200
12/09/2017	0.218638	0.318417	0.178853	0.221283	1,797,370	27,790,700
12/08/2017	0.192182	0.219065	0.165952	0.219065	232,525	24,427,800
12/07/2017	0.248874	0.252967	0.185294	0.191122	457,368	31,633,900
12/06/2017	0.232417	0.276716	0.215995	0.248877	1,125,220	29,542,000
12/05/2017	0.229125	0.252958	0.218961	0.232553	473,888	29,123,600
12/04/2017	0.196741	0.252787	0.193638	0.228989	744,692	25,007,400
12/03/2017	0.199895	0.210488	0.188332	0.196411	165,923	25,408,300
12/02/2017	0.200582	0.213887	0.191664	0.199785	196,652	25,495,600
12/01/2017	0.189508	0.203334	0.177817	0.201097	149,077	24,088,000
11/30/2017	0.170126	0.201701	0.164659	0.190459	160,730	21,624,400
11/29/2017	0.191470	0.274428	0.166594	0.166594	2,054,110	24,337,400
11/28/2017	0.202375	0.207944	0.189028	0.192432	230,662	25,723,500
11/27/2017	0.202716	0.213455	0.193162	0.206673	225,923	25,766,900
11/26/2017	0.180715	0.220145	0.180715	0.202366	741,662	22,970,400
11/25/2017	0.174389	0.191485	0.171427	0.180741	221,370	22,166,300
11/24/2017	0.164120	0.199318	0.163670	0.174884	478,381	20,861,000
11/23/2017	0.175170	0.199622	0.164533	0.165316	206,509	22,265,600
11/22/2017	0.167838	0.187229	0.165609	0.175699	122,146	21,333,600
11/21/2017	0.170167	0.176684	0.159469	0.167240	85,483	21,629,700
11/20/2017	0.163733	0.183395	0.161200	0.169087	112,937	20,811,900
11/19/2017	0.169630	0.175113	0.149923	0.167936	145,565	21,561,400
11/18/2017	0.166641	0.188574	0.156081	0.170101	162,352	21,181,500
11/17/2017	0.162869	0.172738	0.154577	0.167023	105,531	20,702,000
11/16/2017	0.176535	0.180211	0.157384	0.163480	98,037	22,439,100
11/15/2017	0.167378	0.179863	0.167378	0.175428	79,503	21,275,200
11/14/2017	0.168326	0.173456	0.164345	0.167298	65,778	21,395,600
11/13/2017	0.157320	0.179723	0.152645	0.167354	78,874	19,996,700
11/12/2017	0.162213	0.168997	0.139377	0.158428	108,836	20,618,700
11/11/2017	0.164751	0.177618	0.154064	0.163860	60,986	20,941,200
11/10/2017	0.186496	0.193047	0.159621	0.162215	104,840	23,705,300
11/09/2017	0.182844	0.201440	0.177000	0.184146	274,383	23,241,100
11/08/2017	0.180735	0.190097	0.173568	0.185258	165,654	22,973,000
11/07/2017	0.178026	0.195654	0.176905	0.179953	68,018	22,628,700
11/06/2017	0.182411	0.187610	0.168689	0.178128	96,967	23,186,100
11/05/2017	0.193902	0.201988	0.179099	0.181277	61,876	24,646,700
11/04/2017	0.166877	0.199197	0.161941	0.194908	117,684	21,211,500
11/03/2017	0.182132	0.193855	0.160044	0.168018	91,208	23,150,600
11/02/2017	0.188621	0.195526	0.154242	0.182336	159,687	23,975,400
11/01/2017	0.212149	0.212149	0.185805	0.186496	119,922	26,966,000
10/31/2017	0.203550	0.216029	0.202492	0.212429	100,606	25,873,000
10/30/2017	0.200991	0.205996	0.195692	0.203707	92,733	25,547,700
10/29/2017	0.191966	0.209720	0.190447	0.202388	91,694	24,400,700
10/28/2017	0.188068	0.194001	0.182236	0.192522	84,203	23,905,200
10/27/2017	0.192350	0.197236	0.183067	0.190317	83,449	24,449,400
10/26/2017	0.194775	0.198496	0.188918	0.192388	89,732	24,757,700
10/25/2017	0.185244	0.195527	0.180091	0.195179	75,511	23,546,100
10/24/2017	0.180518	0.196703	0.173349	0.184998	155,662	22,945,500
10/23/2017	0.179379	0.193832	0.169945	0.180823	158,050	22,800,700
10/22/2017	0.192342	0.194637	0.176509	0.179265	108,602	24,448,400
10/21/2017	0.194939	0.208136	0.190424	0.192642	67,058	24,778,600
10/20/2017	0.187438	0.208423	0.181817	0.200009	153,846	23,825,100
10/19/2017	0.184474	0.207074	0.170843	0.192999	239,891	23,448,400
10/18/2017	0.151026	0.196401	0.143514	0.185270	203,351	19,196,800
10/17/2017	0.146987	0.154393	0.140874	0.152670	84,921	18,683,400
10/16/2017	0.154421	0.159586	0.143881	0.146963	135,662	19,628,300
10/15/2017	0.154645	0.164262	0.144653	0.155515	72,603	19,656,900
10/14/2017	0.161234	0.173850	0.154224	0.154563	96,669	20,494,400
10/13/2017	0.169721	0.207064	0.157065	0.162300	96,059	21,573,100
10/12/2017	0.159061	0.178166	0.158206	0.169194	165,532	20,218,100
10/11/2017	0.155893	0.164704	0.150661	0.158459	93,264	19,815,500
10/10/2017	0.161819	0.167461	0.155289	0.155889	108,206	20,568,700
10/09/2017	0.153255	0.174772	0.152032	0.161943	96,379	19,480,200
10/08/2017	0.169500	0.169722	0.152893	0.153350	87,663	21,545,000
10/07/2017	0.164823	0.169619	0.155820	0.166269	104,827	20,950,500
10/06/2017	0.170047	0.176065	0.162425	0.165096	113,889	21,614,500
10/05/2017	0.162899	0.174170	0.157882	0.170817	104,385	20,706,100
10/04/2017	0.168195	0.170514	0.161065	0.162232	96,737	21,379,200
10/03/2017	0.176924	0.181709	0.165769	0.167806	118,785	22,488,800
10/02/2017	0.181720	0.190552	0.174578	0.177896	124,946	23,098,400
10/01/2017	0.187252	0.189154	0.173332	0.182103	129,390	23,801,500
09/30/2017	0.187878	0.193262	0.185421	0.187151	109,949	23,881,100
09/29/2017	0.186288	0.193252	0.175590	0.188253	115,204	23,678,900
09/28/2017	0.195651	0.197368	0.182205	0.184690	161,257	24,869,100
09/27/2017	0.181324	0.200831	0.179974	0.195629	163,450	23,048,000
09/26/2017	0.186092	0.188644	0.179855	0.181503	85,269	23,654,100
09/25/2017	0.177587	0.189684	0.174977	0.183788	132,161	22,573,100
09/24/2017	0.185573	0.188753	0.175705	0.177728	110,584	23,588,200
09/23/2017	0.174202	0.196427	0.171648	0.186960	157,523	22,142,800
09/22/2017	0.160872	0.176163	0.154298	0.174263	90,621	20,448,400
09/21/2017	0.178447	0.181221	0.158285	0.161709	101,072	22,682,400
09/20/2017	0.183869	0.194840	0.169895	0.180499	109,403	23,371,600
09/19/2017	0.194643	0.197067	0.178093	0.182935	71,139	24,741,100
09/18/2017	0.198134	0.220132	0.190209	0.195393	85,639	25,184,800
09/17/2017	0.177078	0.218260	0.172936	0.198578	120,172	22,508,300
09/16/2017	0.164732	0.184458	0.163854	0.176773	62,288	20,939,000
09/15/2017	0.135731	0.169361	0.131038	0.164083	151,173	17,252,700
09/14/2017	0.156245	0.161969	0.135381	0.135381	108,202	19,860,200
09/13/2017	0.166431	0.168701	0.149548	0.155775	109,257	21,155,000
09/12/2017	0.168090	0.193798	0.166237	0.168377	160,691	21,365,900
09/11/2017	0.170713	0.177154	0.163602	0.168156	140,266	21,699,300
09/10/2017	0.173595	0.174256	0.158351	0.170411	72,089	22,065,600
09/09/2017	0.168988	0.177789	0.163579	0.172731	91,377	21,480,100
09/08/2017	0.187425	0.195463	0.161699	0.168469	174,386	23,823,600
09/07/2017	0.189011	0.195102	0.175988	0.186555	166,320	24,025,100
09/06/2017	0.191261	0.209075	0.186803	0.188601	225,939	24,311,100
09/05/2017	0.170117	0.202245	0.158454	0.191587	606,117	21,623,600
09/04/2017	0.190977	0.192962	0.164417	0.170291	87,043	24,275,100
09/03/2017	0.193009	0.208919	0.182317	0.191185	126,388	24,533,400
09/02/2017	0.197379	0.204622	0.179437	0.189931	95,463	25,088,800
09/01/2017	0.190863	0.210398	0.185722	0.194105	173,474	24,260,600
08/31/2017	0.186574	0.197745	0.177104	0.189021	134,019	23,715,400
08/30/2017	0.191356	0.196222	0.183730	0.186918	107,252	24,323,200
08/29/2017	0.189484	0.196479	0.181969	0.190356	141,318	24,085,300
08/28/2017	0.181714	0.197846	0.173461	0.187245	200,317	23,097,700
08/27/2017	0.179236	0.183053	0.176958	0.181904	99,477	22,782,700
08/26/2017	0.179050	0.182456	0.172015	0.179276	74,211	22,759,100
08/25/2017	0.180289	0.191190	0.175533	0.178996	209,869	22,916,600
08/24/2017	0.166657	0.203849	0.163841	0.179584	165,960	21,183,800
08/23/2017	0.162214	0.173393	0.152590	0.166630	186,675	20,619,100
08/22/2017	0.162643	0.176959	0.129595	0.162546	96,134	20,673,600
08/21/2017	0.175936	0.179949	0.161315	0.161889	151,523	22,363,300
08/20/2017	0.168230	0.197117	0.163848	0.177328	177,855	21,383,800
08/19/2017	0.168404	0.179180	0.159860	0.170590	111,200	21,405,900
08/18/2017	0.201024	0.205915	0.160231	0.167344	152,540	25,552,300
08/17/2017	0.240482	0.285694	0.199718	0.200238	570,016	30,567,800
08/16/2017	0.171809	0.337072	0.171809	0.240280	1,763,130	21,838,700
08/15/2017	0.205039	0.205039	0.146583	0.176913	210,820	26,062,600
08/14/2017	0.166798	0.245500	0.160475	0.191978	374,031	21,201,700
08/13/2017	0.177141	0.190793	0.157471	0.167515	154,653	22,516,500
08/12/2017	0.186681	0.196695	0.172854	0.178678	106,569	23,729,100
08/11/2017	0.183530	0.192792	0.172435	0.185651	137,634	23,328,600
08/10/2017	0.190191	0.191797	0.169668	0.172028	107,766	24,175,300
08/09/2017	0.184492	0.199717	0.180777	0.193937	108,012	23,450,900
08/08/2017	0.206031	0.210673	0.173454	0.182105	176,765	26,188,700
08/07/2017	0.206697	0.220921	0.201203	0.206265	136,695	26,273,400
08/06/2017	0.210617	0.228304	0.200983	0.209744	142,668	26,771,700
08/05/2017	0.220372	0.235214	0.205902	0.211443	175,340	28,011,700
08/04/2017	0.218442	0.227037	0.211896	0.215840	106,220	27,766,300
08/03/2017	0.207243	0.230917	0.207243	0.224696	183,411	26,342,800
08/02/2017	0.218180	0.226146	0.194737	0.213039	240,892	27,733,000
08/01/2017	0.220655	0.230065	0.203949	0.217791	168,754	28,047,600
07/31/2017	0.216270	0.228024	0.209579	0.222309	154,542	27,490,300
07/30/2017	0.209757	0.218371	0.197388	0.215819	117,545	26,662,400
07/29/2017	0.227372	0.231371	0.210224	0.215660	106,209	28,901,500
07/28/2017	0.225687	0.242454	0.222047	0.226616	127,774	28,687,300
07/27/2017	0.216585	0.225457	0.213317	0.218325	53,239	27,530,300
07/26/2017	0.220482	0.224311	0.206308	0.215102	154,934	28,025,600
07/25/2017	0.233320	0.236805	0.204910	0.218845	130,643	29,657,500
07/24/2017	0.230001	0.238594	0.218918	0.233121	110,135	29,235,700
07/23/2017	0.244113	0.250878	0.222447	0.229836	97,605	31,029,400
07/22/2017	0.220935	0.252918	0.220578	0.247693	113,299	28,083,300
07/21/2017	0.247222	0.248535	0.217356	0.223709	100,502	31,424,600
07/20/2017	0.194310	0.252862	0.194310	0.245402	158,898	24,698,900
07/19/2017	0.209176	0.218556	0.192778	0.194246	120,715	26,588,600
07/18/2017	0.222908	0.248867	0.200453	0.208843	146,312	28,334,100
07/17/2017	0.199488	0.240451	0.189751	0.217322	162,840	25,357,200
07/16/2017	0.200195	0.213600	0.189885	0.199095	114,347	25,447,000
07/15/2017	0.206507	0.217888	0.193341	0.201469	171,364	26,249,300
07/14/2017	0.212929	0.223777	0.199200	0.207317	177,981	27,065,600
07/13/2017	0.204021	0.226061	0.201493	0.215302	160,105	25,933,400
07/12/2017	0.159898	0.216748	0.149310	0.203218	399,205	20,324,800
07/11/2017	0.209560	0.212109	0.144262	0.162734	767,592	26,637,400
07/10/2017	0.203344	0.222164	0.194117	0.212787	116,498	25,847,300
07/09/2017	0.213299	0.227225	0.203309	0.204826	102,526	27,112,700
07/08/2017	0.233392	0.234941	0.212299	0.215760	105,617	29,666,800
07/07/2017	0.238490	0.245441	0.227764	0.234605	104,430	30,314,900
07/06/2017	0.236172	0.246809	0.229001	0.239965	117,906	30,020,200
07/05/2017	0.248019	0.249939	0.227207	0.237005	83,176	31,526,000
07/04/2017	0.252323	0.264700	0.234952	0.246817	142,603	32,073,200
07/03/2017	0.238311	0.259475	0.208972	0.251077	410,464	30,292,100
07/02/2017	0.244375	0.262907	0.224262	0.236198	114,417	31,063,000
07/01/2017	0.239603	0.267519	0.229917	0.238093	71,169	30,456,300
06/30/2017	0.256172	0.259209	0.231174	0.234538	91,219	32,562,500
06/29/2017	0.263148	0.274150	0.243780	0.255671	110,324	33,449,100
06/28/2017	0.267315	0.278413	0.249616	0.262662	133,326	33,978,900
06/27/2017	0.244818	0.278215	0.224172	0.266201	243,760	30,917,900
06/26/2017	0.251199	0.272756	0.225805	0.244818	134,470	31,723,700
06/25/2017	0.258170	0.321781	0.237909	0.251309	87,867	32,604,100
06/24/2017	0.270027	0.275152	0.247445	0.256622	83,255	34,101,500
06/23/2017	0.246814	0.291580	0.244886	0.271096	141,836	31,170,000
06/22/2017	0.254173	0.280832	0.233561	0.246785	96,448	32,099,400
06/21/2017	0.267668	0.279517	0.251633	0.260111	125,327	33,803,700
06/20/2017	0.265341	0.298529	0.252956	0.267404	111,798	33,509,800
06/19/2017	0.291177	0.303228	0.262339	0.270960	141,398	36,772,600
06/18/2017	0.278055	0.299691	0.260816	0.289605	117,525	35,115,400
06/17/2017	0.285468	0.288880	0.256413	0.267861	95,624	36,051,600
06/16/2017	0.258371	0.300610	0.255876	0.283730	142,170	32,250,100
06/15/2017	0.239767	0.279033	0.212074	0.262915	161,296	29,927,900
06/14/2017	0.269080	0.275832	0.231174	0.239080	109,299	33,586,800
06/13/2017	0.280804	0.290601	0.251362	0.265562	100,395	34,200,900
06/12/2017	0.260609	0.340335	0.228042	0.286029	224,336	31,741,200
06/11/2017	0.234673	0.277377	0.228357	0.259999	83,012	28,582,300
06/10/2017	0.261475	0.279358	0.233429	0.245879	153,589	31,846,700
06/09/2017	0.240167	0.284401	0.240167	0.267654	149,839	29,251,500
06/08/2017	0.234392	0.250164	0.214697	0.242289	88,786	28,548,100
06/07/2017	0.266396	0.268626	0.227225	0.234444	157,731	32,446,100
06/06/2017	0.258587	0.276641	0.241853	0.258965	165,303	31,495,000
06/05/2017	0.243500	0.260151	0.226057	0.257808	124,834	29,657,500
06/04/2017	0.265493	0.270134	0.213613	0.246536	148,261	32,336,200
06/03/2017	0.266603	0.281480	0.250132	0.262303	140,148	30,313,900
06/02/2017	0.247533	0.287994	0.234831	0.269045	320,845	28,145,600
06/01/2017	0.247442	0.279370	0.238351	0.246081	160,305	28,135,200
05/31/2017	0.223372	0.270727	0.223372	0.253042	241,886	25,398,400
05/30/2017	0.230863	0.244420	0.221757	0.224419	141,852	26,250,100
05/29/2017	0.212612	0.252486	0.187549	0.230595	125,908	24,174,900
05/28/2017	0.218599	0.226953	0.200185	0.212823	77,001	24,855,700
05/27/2017	0.208890	0.296438	0.170315	0.212090	121,557	23,751,700
05/26/2017	0.188045	0.218584	0.180335	0.208198	59,679	21,381,600
05/25/2017	0.207359	0.226935	0.184463	0.189435	83,030	23,577,700
05/24/2017	0.201814	0.219892	0.195413	0.207750	96,820	22,947,200
05/23/2017	0.166880	0.209319	0.164992	0.201571	93,536	18,633,200
05/22/2017	0.189028	0.202351	0.159275	0.167124	59,767	21,106,100
05/21/2017	0.192846	0.198133	0.167800	0.188394	70,672	21,532,400
05/20/2017	0.184639	0.207427	0.156217	0.192944	84,133	20,616,100
05/19/2017	0.194065	0.196198	0.179878	0.184839	66,988	21,668,600
05/18/2017	0.191069	0.195366	0.169361	0.193953	78,870	21,334,000
05/17/2017	0.190001	0.195023	0.177796	0.191172	81,885	21,214,800
05/16/2017	0.175283	0.200842	0.167372	0.190052	100,281	19,333,500
05/15/2017	0.190271	0.198192	0.167495	0.175543	78,658	20,986,700
05/14/2017	0.192870	0.197385	0.184984	0.190159	68,839	21,273,400
05/13/2017	0.180934	0.193874	0.172873	0.192255	89,500	19,956,800
05/12/2017	0.201683	0.205268	0.178577	0.181270	60,938	22,245,400
05/11/2017	0.185539	0.206750	0.185218	0.201431	87,204	20,464,800
05/10/2017	0.181477	0.197901	0.177268	0.185427	53,986	20,016,700
05/09/2017	0.181932	0.196519	0.179448	0.181357	95,793	18,920,800
05/08/2017	0.172809	0.184965	0.170374	0.181875	83,095	17,972,000
05/07/2017	0.175733	0.177145	0.157629	0.172786	71,050	18,276,100
05/06/2017	0.168163	0.175652	0.165445	0.175652	49,662	17,488,900
05/05/2017	0.166530	0.176300	0.160279	0.169197	76,240	17,319,000
05/04/2017	0.175988	0.178711	0.161644	0.166185	60,129	18,302,700
05/03/2017	0.170388	0.188025	0.167582	0.175914	44,168	17,720,300
05/02/2017	0.165901	0.172425	0.164568	0.170275	56,300	17,253,600
05/01/2017	0.154452	0.171901	0.154452	0.165968	61,259	16,063,000
04/30/2017	0.145124	0.154405	0.144394	0.154405	57,419	15,092,800
04/29/2017	0.153550	0.155710	0.145085	0.145115	60,205	15,969,100
04/28/2017	0.148751	0.153485	0.143733	0.153446	64,679	14,661,400
04/27/2017	0.149250	0.155705	0.143918	0.148175	53,242	14,710,600
04/26/2017	0.147530	0.154351	0.139731	0.149197	59,380	14,541,100
04/25/2017	0.139404	0.147714	0.137350	0.147472	56,087	13,740,100
04/24/2017	0.138179	0.141782	0.133557	0.139370	50,473	13,619,400
04/23/2017	0.141288	0.143477	0.137509	0.138179	53,004	13,925,800
04/22/2017	0.139545	0.146221	0.134116	0.141264	62,435	13,754,000
04/21/2017	0.138699	0.145376	0.134965	0.139470	45,810	13,670,700
04/20/2017	0.136379	0.145856	0.130247	0.138656	52,804	13,442,000
04/19/2017	0.121578	0.139616	0.119931	0.139616	81,755	11,285,500
04/18/2017	0.121052	0.126302	0.120399	0.121827	58,477	11,236,700
04/17/2017	0.113505	0.128425	0.110022	0.121066	58,355	10,536,200
04/16/2017	0.110116	0.117548	0.107856	0.113475	53,571	10,221,600
04/15/2017	0.116887	0.119031	0.104031	0.110111	44,977	10,850,100
04/14/2017	0.116846	0.125707	0.110259	0.116269	46,527	10,846,300
04/13/2017	0.118452	0.123260	0.112303	0.116742	54,153	10,995,400
04/12/2017	0.110790	0.123074	0.106848	0.118388	58,451	10,005,500
04/11/2017	0.102478	0.114419	0.102478	0.110808	75,424	9,254,820
04/10/2017	0.101127	0.108139	0.099785	0.102448	39,752	9,098,500
04/09/2017	0.099368	0.107318	0.098697	0.101381	52,098	8,940,240
04/08/2017	0.101897	0.107221	0.097170	0.099316	37,867	9,167,780
04/07/2017	0.105630	0.107744	0.101131	0.102266	42,060	9,503,640
04/06/2017	0.104193	0.106836	0.100421	0.105965	35,481	9,374,360
04/05/2017	0.106153	0.107672	0.098393	0.104105	46,363	9,550,700
04/04/2017	0.099970	0.112303	0.095218	0.106070	45,890	8,994,360
04/03/2017	0.097107	0.100838	0.093956	0.099781	44,776	8,736,850
04/02/2017	0.095529	0.102475	0.090529	0.096976	29,539	8,594,870
04/01/2017	0.097362	0.101013	0.094293	0.095519	44,505	8,759,730
03/31/2017	0.087654	0.099854	0.082163	0.097372	45,596	7,886,290
03/30/2017	0.094052	0.098012	0.085387	0.087843	35,154	8,461,980
03/29/2017	0.098412	0.100793	0.088416	0.093827	39,634	8,839,790
03/28/2017	0.095522	0.110114	0.083150	0.098506	51,666	8,580,210
03/27/2017	0.089214	0.103973	0.081663	0.103806	58,222	8,013,550
03/26/2017	0.081010	0.088665	0.079014	0.088050	43,914	7,276,620
03/25/2017	0.074780	0.082839	0.069937	0.080922	45,091	6,717,050
03/24/2017	0.075688	0.079216	0.071544	0.074858	43,099	6,798,600
03/23/2017	0.076463	0.079913	0.073473	0.075633	32,255	6,868,190
03/22/2017	0.080034	0.081321	0.070904	0.076396	38,720	7,188,950
03/21/2017	0.077641	0.082413	0.076249	0.080026	24,988	6,974,060
03/20/2017	0.076464	0.082291	0.075912	0.077558	27,326	6,868,330
03/19/2017	0.073204	0.079674	0.070302	0.076427	19,104	6,575,510
03/18/2017	0.080599	0.083634	0.072313	0.072986	15,869	7,239,700
03/17/2017	0.082487	0.083374	0.076591	0.080638	32,600	7,409,350
03/16/2017	0.085811	0.090758	0.079798	0.083022	57,455	7,707,860
03/15/2017	0.087692	0.091316	0.079935	0.085693	21,534	7,876,820
03/14/2017	0.090314	0.090314	0.085439	0.087680	37,898	8,112,400
03/13/2017	0.085337	0.091155	0.082962	0.090297	48,860	7,665,330
03/12/2017	0.081157	0.091074	0.079110	0.085309	34,943	7,289,880
03/11/2017	0.079641	0.087288	0.079161	0.081103	35,703	7,153,710
03/10/2017	0.085755	0.094545	0.076193	0.079670	18,918	7,702,830
03/09/2017	0.080744	0.092424	0.080161	0.085692	38,673	7,252,720
03/08/2017	0.092060	0.092238	0.080653	0.080719	32,514	8,269,210
03/07/2017	0.094119	0.095889	0.087414	0.092083	45,447	8,454,190
03/06/2017	0.093762	0.099640	0.090513	0.094092	44,069	8,422,120
03/05/2017	0.097461	0.100057	0.087242	0.094579	36,169	8,754,380
03/04/2017	0.094665	0.099341	0.091374	0.097528	34,770	8,503,160
03/03/2017	0.104617	0.106686	0.092994	0.094484	28,759	9,397,130
03/02/2017	0.093915	0.105468	0.092727	0.104586	41,627	8,435,870
03/01/2017	0.092430	0.103002	0.091999	0.093748	34,816	8,302,460
02/28/2017	0.098134	0.099208	0.091422	0.092425	48,263	8,814,780
02/27/2017	0.097629	0.098548	0.090893	0.098072	31,860	8,769,450
02/26/2017	0.091001	0.097779	0.090075	0.097748	73,614	8,116,590
02/25/2017	0.096329	0.104412	0.087679	0.090967	94,126	8,591,780
02/24/2017	0.096450	0.097745	0.091306	0.096597	24,782	8,602,610
02/23/2017	0.090049	0.096773	0.085552	0.094755	27,113	8,031,660
02/22/2017	0.089036	0.090703	0.085767	0.090063	28,845	7,941,340
02/21/2017	0.080923	0.091201	0.079961	0.089076	20,334	7,217,660
02/20/2017	0.087141	0.087915	0.076982	0.080975	24,897	7,772,330
02/19/2017	0.087686	0.090685	0.079378	0.087073	24,237	7,820,890
02/18/2017	0.088635	0.091265	0.082688	0.087658	24,307	7,905,520
02/17/2017	0.089114	0.090744	0.082181	0.088381	37,572	7,948,290
02/16/2017	0.087782	0.089794	0.087282	0.089229	22,473	7,829,460
02/15/2017	0.083948	0.087882	0.083948	0.087767	32,829	7,487,530
02/14/2017	0.082866	0.090624	0.082441	0.083810	27,032	7,391,030
02/13/2017	0.090432	0.090634	0.081927	0.082775	31,764	8,065,830
02/12/2017	0.091252	0.091252	0.083030	0.090459	37,829	8,139,000
02/11/2017	0.081867	0.091935	0.081365	0.091337	39,723	7,301,900
02/10/2017	0.085671	0.087990	0.080476	0.081849	11,348	7,641,160
02/09/2017	0.096789	0.098865	0.079541	0.085563	14,986	8,632,800
02/08/2017	0.096509	0.100781	0.085748	0.096526	25,602	8,607,890
02/07/2017	0.098416	0.100673	0.088485	0.096416	35,167	8,777,960
02/06/2017	0.097611	0.098563	0.087678	0.098246	49,968	8,706,100
02/05/2017	0.090530	0.101443	0.083834	0.096378	57,941	8,074,570
02/04/2017	0.099970	0.100910	0.090400	0.090476	9,613	8,916,550
02/03/2017	0.087863	0.103025	0.082800	0.099832	22,150	7,836,660
02/02/2017	0.086157	0.096786	0.080789	0.087892	31,225	7,684,520
02/01/2017	0.082985	0.086165	0.082985	0.086165	13,018	7,401,630
01/31/2017	0.077824	0.095718	0.077243	0.082998	39,434	6,941,300
01/30/2017	0.079608	0.080429	0.076166	0.077853	8,444	7,100,380
01/29/2017	0.077121	0.081198	0.076825	0.079609	5,516	6,878,630
01/28/2017	0.080801	0.081170	0.076975	0.077121	7,024	7,206,810
01/27/2017	0.081060	0.081492	0.075256	0.080802	6,027	7,229,930
01/26/2017	0.078649	0.081614	0.074917	0.081057	17,436	7,014,910
01/25/2017	0.076160	0.081882	0.073536	0.078628	10,373	6,792,880
01/24/2017	0.087123	0.087123	0.074284	0.076126	7,122	7,770,740
01/23/2017	0.088555	0.089771	0.079333	0.087179	6,204	7,898,450
01/22/2017	0.092408	0.093474	0.080852	0.088453	8,640	8,242,150
01/21/2017	0.085143	0.094488	0.085143	0.092411	10,294	7,594,160
01/20/2017	0.093298	0.093298	0.077027	0.085145	6,337	8,321,460
01/19/2017	0.092193	0.093790	0.079780	0.093336	9,224	8,222,960
01/18/2017	0.094951	0.095952	0.082545	0.091814	5,240	8,468,920
01/17/2017	0.093035	0.099993	0.080639	0.094889	6,461	8,298,010
01/16/2017	0.086155	0.093371	0.085995	0.093011	7,134	7,684,400
01/15/2017	0.097699	0.098238	0.081660	0.086158	5,086	8,714,010
01/14/2017	0.088598	0.099349	0.077769	0.097736	37,358	7,876,150
01/13/2017	0.088485	0.089204	0.067616	0.088543	7,527	7,866,190
01/12/2017	0.067073	0.094970	0.062040	0.088540	15,878	5,962,680
01/11/2017	0.077339	0.077570	0.062642	0.067170	7,833	6,875,320
01/10/2017	0.072780	0.081115	0.072714	0.077332	7,383	6,470,040
01/09/2017	0.071075	0.080692	0.068477	0.072819	13,102	6,318,480
01/08/2017	0.073731	0.076500	0.070481	0.070976	5,027	6,554,580
01/07/2017	0.074096	0.074452	0.065161	0.073730	5,302	6,586,970
01/06/2017	0.079952	0.082576	0.064770	0.073990	9,658	7,107,620
01/05/2017	0.102171	0.102348	0.068665	0.079735	5,226	9,082,820
01/04/2017	0.102116	0.106927	0.090657	0.102066	14,390	9,077,930
01/03/2017	0.100312	0.102618	0.091778	0.102140	8,101	8,917,560
01/02/2017	0.099787	0.101638	0.083559	0.100316	11,603	8,870,910
01/01/2017	0.088667	0.100253	0.087640	0.099732	7,872	7,882,310
12/31/2016	0.084150	0.093202	0.072955	0.088653	5,764	7,480,770
12/30/2016	0.075882	0.089788	0.067874	0.084138	6,097	6,745,760
12/29/2016	0.087379	0.088236	0.069574	0.075889	7,302	7,767,840
12/28/2016	0.072041	0.125744	0.061442	0.087366	23,131	6,404,290
12/27/2016	0.074413	0.074468	0.069758	0.071999	23,815	6,615,230
12/26/2016	0.061109	0.074748	0.061109	0.074367	14,945	5,432,510
12/25/2016	0.089818	0.089901	0.046701	0.061137	26,402	7,984,650
12/24/2016	0.093590	0.093742	0.083181	0.089787	9,286	8,320,040
12/23/2016	0.086540	0.095868	0.081519	0.093538	24,800	7,693,290
12/22/2016	0.085323	0.089572	0.071319	0.086572	28,848	7,585,080
12/21/2016	0.088215	0.089035	0.070719	0.085096	6,725	7,842,210
12/20/2016	0.085119	0.090500	0.084287	0.088250	17,142	7,566,930
12/19/2016	0.089072	0.091501	0.084190	0.085131	14,737	7,918,340
12/18/2016	0.095155	0.095624	0.087940	0.089040	12,644	8,459,150
12/17/2016	0.089196	0.095291	0.085191	0.095153	21,076	7,929,430
12/16/2016	0.094449	0.095441	0.083587	0.089196	8,034	8,396,370
12/15/2016	0.097011	0.098890	0.085466	0.094471	31,820	8,624,140
12/14/2016	0.100354	0.102281	0.090262	0.096976	23,376	8,921,330
12/13/2016	0.099407	0.102511	0.097011	0.100486	13,905	8,837,180
12/12/2016	0.098311	0.102429	0.098257	0.099419	16,345	8,739,730
12/11/2016	0.101177	0.103018	0.097475	0.098281	5,093	8,994,490
12/10/2016	0.102611	0.104735	0.100228	0.101177	12,690	9,121,970
12/09/2016	0.103911	0.103949	0.097298	0.102587	17,572	9,237,540
12/08/2016	0.101993	0.104921	0.099552	0.103932	14,288	9,067,040
12/07/2016	0.104726	0.105199	0.098708	0.101997	12,909	9,310,000
12/06/2016	0.104029	0.105305	0.100815	0.104894	24,549	9,248,040
12/05/2016	0.101488	0.105710	0.095750	0.104025	14,552	9,022,140
12/04/2016	0.106971	0.108549	0.099993	0.101442	16,306	9,509,580
12/03/2016	0.102369	0.107016	0.096743	0.106965	27,336	9,100,470
12/02/2016	0.107003	0.112205	0.098881	0.102345	32,651	9,512,420
12/01/2016	0.101059	0.111113	0.099721	0.105610	37,449	8,984,010
11/30/2016	0.103499	0.103679	0.094332	0.101059	22,884	9,200,930
11/29/2016	0.110849	0.111112	0.098389	0.103513	33,520	9,645,020
11/28/2016	0.100942	0.118579	0.094175	0.110843	91,795	8,783,010
11/27/2016	0.100733	0.101058	0.093164	0.100935	9,855	8,764,830
11/26/2016	0.103032	0.103081	0.096501	0.100765	16,821	8,964,870
11/25/2016	0.098047	0.103520	0.097983	0.103028	22,363	8,531,090
11/24/2016	0.103399	0.103710	0.097954	0.098068	20,397	8,996,800
11/23/2016	0.102182	0.103572	0.099614	0.103397	14,141	8,890,910
11/22/2016	0.099963	0.103125	0.096943	0.102183	8,515	8,697,800
11/21/2016	0.100519	0.102865	0.097703	0.100008	27,359	8,746,210
11/20/2016	0.103215	0.105315	0.093431	0.100515	20,935	8,980,790
11/19/2016	0.103163	0.105390	0.098989	0.103197	11,329	8,976,270
11/18/2016	0.102147	0.104504	0.098845	0.103190	16,006	8,887,860
11/17/2016	0.103401	0.105934	0.099625	0.102199	24,847	8,996,980
11/16/2016	0.101630	0.103439	0.094066	0.103413	24,164	8,842,880
11/15/2016	0.098723	0.102345	0.086194	0.101690	26,110	8,589,920
11/14/2016	0.095205	0.100184	0.091717	0.098668	8,558	8,283,880
11/13/2016	0.101379	0.101408	0.093685	0.095213	18,366	8,821,050
11/12/2016	0.102619	0.103918	0.097218	0.101216	24,343	8,928,940
11/11/2016	0.097554	0.105313	0.097541	0.102620	17,775	8,488,220
11/10/2016	0.095315	0.099374	0.095174	0.097544	23,473	8,293,440
11/09/2016	0.100318	0.101526	0.094884	0.095299	21,526	8,728,730
11/08/2016	0.101373	0.101572	0.094971	0.100350	24,536	8,820,530
11/07/2016	0.102848	0.103067	0.095899	0.101337	33,051	8,948,870
11/06/2016	0.095577	0.103017	0.094729	0.102881	27,345	8,316,220
11/05/2016	0.098564	0.099107	0.094069	0.095582	16,849	8,576,160
11/04/2016	0.095395	0.099283	0.092925	0.098582	27,778	8,300,380
11/03/2016	0.101341	0.101767	0.091687	0.095349	11,359	8,817,750
11/02/2016	0.094952	0.101116	0.092074	0.101116	24,949	8,261,810
11/01/2016	0.094629	0.101811	0.092690	0.094926	30,144	8,233,720
10/31/2016	0.095981	0.097910	0.092606	0.094635	25,233	8,351,380
10/30/2016	0.097418	0.098023	0.094219	0.095980	18,780	8,476,430
10/29/2016	0.096402	0.100267	0.095329	0.097446	23,298	8,388,010
10/28/2016	0.104648	0.104648	0.094140	0.096386	25,763	9,105,500
10/27/2016	0.096551	0.115936	0.091522	0.104591	70,348	8,223,340
10/26/2016	0.093898	0.098541	0.087631	0.096577	26,094	7,997,350
10/25/2016	0.090873	0.094874	0.085638	0.093849	24,428	7,739,740
10/24/2016	0.088436	0.090952	0.082817	0.090899	24,256	7,532,170
10/23/2016	0.089581	0.093464	0.085117	0.088413	19,955	7,629,710
10/22/2016	0.088509	0.094132	0.084873	0.089516	21,168	7,538,400
10/21/2016	0.088932	0.090801	0.087518	0.088519	23,648	7,574,380
10/20/2016	0.089926	0.090535	0.087263	0.088950	17,707	7,659,080
10/19/2016	0.088961	0.091589	0.087325	0.089930	18,296	7,576,880
10/18/2016	0.089469	0.091883	0.088852	0.088957	28,007	7,620,090
10/17/2016	0.089388	0.091651	0.086947	0.089469	25,228	7,613,240
10/16/2016	0.093629	0.093940	0.086271	0.089356	13,161	7,974,410
10/15/2016	0.094408	0.094782	0.085955	0.093603	13,157	8,040,800
10/14/2016	0.091169	0.094398	0.086852	0.094398	31,665	7,764,940
10/13/2016	0.093444	0.094012	0.089578	0.091154	23,556	7,958,680
10/12/2016	0.096281	0.096562	0.092551	0.093448	26,943	7,950,780
10/11/2016	0.090761	0.096461	0.090743	0.096347	26,187	7,494,940
10/10/2016	0.094954	0.096354	0.089606	0.090731	20,285	7,841,220
10/09/2016	0.091792	0.094994	0.089696	0.094932	36,452	7,580,040
10/08/2016	0.090560	0.092800	0.089398	0.091786	30,137	7,478,350
10/07/2016	0.090468	0.094174	0.089025	0.090543	36,272	7,470,730
10/06/2016	0.093466	0.095260	0.089745	0.090636	36,442	7,718,320
10/05/2016	0.090731	0.093579	0.088218	0.093470	48,073	7,492,410
10/04/2016	0.092323	0.092442	0.088462	0.090724	39,882	7,623,870
10/03/2016	0.091993	0.092763	0.088683	0.092313	45,071	7,596,620
10/02/2016	0.092972	0.093884	0.090060	0.091999	47,987	7,677,550
10/01/2016	0.094794	0.097685	0.091038	0.092970	51,297	7,827,980
09/30/2016	0.093856	0.097664	0.091451	0.094784	58,053	7,750,530
09/29/2016	0.093963	0.100881	0.093489	0.093842	35,377	7,759,360
09/28/2016	0.097439	0.100175	0.091551	0.093974	58,587	8,046,380
09/27/2016	0.100926	0.103184	0.092758	0.097434	54,963	8,334,340
09/26/2016	0.102128	0.104379	0.098415	0.100942	44,045	8,433,600
09/25/2016	0.095504	0.104272	0.093414	0.102134	41,007	7,886,610
09/24/2016	0.094200	0.095543	0.090916	0.095495	50,209	7,778,930
09/23/2016	0.093464	0.094263	0.090284	0.094203	61,128	7,718,120
09/22/2016	0.095538	0.095635	0.089617	0.093456	57,406	7,889,410
09/21/2016	0.103413	0.103413	0.088853	0.095526	42,192	8,539,730
09/20/2016	0.094333	0.112580	0.088918	0.103546	61,193	7,789,890
09/19/2016	0.095964	0.099565	0.067008	0.094331	57,442	7,924,570
09/18/2016	0.095267	0.095986	0.093120	0.095969	49,335	7,867,020
09/17/2016	0.098330	0.100589	0.093124	0.095291	49,896	8,119,950
09/16/2016	0.097679	0.100470	0.092367	0.098328	59,767	8,066,230
09/15/2016	0.096610	0.100454	0.092107	0.097696	60,081	7,977,960
09/14/2016	0.092300	0.110042	0.087108	0.096621	37,057	7,622,030
09/13/2016	0.094624	0.097349	0.085998	0.092276	44,418	7,813,980
09/12/2016	0.096171	0.097626	0.094234	0.094594	80,343	7,941,700
09/11/2016	0.097891	0.101869	0.093703	0.096135	80,550	8,083,720
09/10/2016	0.101526	0.106154	0.092291	0.097899	124,563	8,383,910
09/09/2016	0.110733	0.110824	0.084053	0.101536	36,409	9,144,210
09/08/2016	0.101824	0.110775	0.100944	0.110753	117,521	8,408,520
09/07/2016	0.108505	0.108552	0.100700	0.101824	66,446	8,960,230
09/06/2016	0.106153	0.109306	0.098567	0.108498	115,626	8,766,000
09/05/2016	0.098057	0.109022	0.097503	0.106144	106,269	8,097,450
09/04/2016	0.097503	0.105953	0.093771	0.098032	66,640	8,051,660
09/03/2016	0.097818	0.098018	0.089603	0.097455	75,978	8,077,740
09/02/2016	0.092942	0.097824	0.089730	0.097819	33,402	7,675,060
09/01/2016	0.085740	0.092933	0.079722	0.092933	27,576	7,080,300
08/31/2016	0.091245	0.091347	0.082972	0.085718	31,671	7,534,970
08/30/2016	0.086219	0.103363	0.080879	0.091225	32,896	7,119,920
08/29/2016	0.094351	0.099029	0.085183	0.086216	56,777	7,791,450
08/28/2016	0.099182	0.103050	0.083234	0.084960	48,881	8,190,400
08/27/2016	0.106650	0.110020	0.097731	0.099220	53,476	8,807,090
08/26/2016	0.103991	0.110080	0.095413	0.107217	49,592	8,587,510
08/25/2016	0.081806	0.110736	0.075077	0.103992	63,336	6,745,330
08/24/2016	0.095097	0.112153	0.081797	0.081797	48,146	7,841,240
08/23/2016	0.102388	0.113863	0.084639	0.107961	83,571	8,442,450
08/22/2016	697.57	702.36	0.058857	0.102403	78,966	5,222,380
08/21/2016	617.69	712.51	479.90	697.70	164	4,624,380
08/20/2016	826.14	834.50	825.90	834.50	1	6,184,950
08/19/2016	860.90	862.86	679.74	826.26	914	6,445,180
08/18/2016	1318.40	1320.39	690.63	860.70	1,652	9,870,240
08/17/2016	1039.45	1388.34	723.53	1318.73	2,826	7,781,880
08/16/2016	1531.55	1534.46	911.21	1039.29	1,466	11,466,000
08/15/2016	684.57	1717.72	569.37	1531.20	12,071	5,125,040
08/14/2016	702.71	702.80	569.63	684.47	285	5,260,830
08/13/2016	705.07	706.80	526.48	702.65	182	5,278,540
08/12/2016	706.95	707.89	700.57	705.16	282	5,292,570
08/11/2016	709.91	771.68	535.90	707.23	327	5,314,740
08/10/2016	761.68	770.55	528.45	709.60	247	5,702,340
08/09/2016	741.77	765.37	471.95	761.97	743	5,553,310
08/08/2016	545.27	770.10	402.59	741.67	2,623	4,082,210
08/07/2016	540.75	549.71	418.80	545.22	611	4,048,380
08/06/2016	414.62	541.32	405.12	540.74	44	3,104,050
08/05/2016	549.26	549.26	411.48	414.76	323	4,112,040
08/04/2016	537.47	550.40	407.94	549.25	353	4,023,790
08/03/2016	468.69	539.91	395.75	537.54	344	3,508,900
08/02/2016	504.88	576.78	428.15	465.68	195	3,779,820
08/01/2016	484.73	520.67	478.20	504.63	1,954	3,628,920
07/31/2016	454.76	491.25	435.15	485.00	135	3,404,560
07/30/2016	492.74	495.84	452.86	454.77	341	3,688,890
07/29/2016	450.20	493.34	450.06	492.70	134	3,370,410
07/28/2016	492.58	496.48	445.49	450.25	1,448	3,687,720
07/27/2016	492.59	496.25	490.07	492.55	2,199	3,687,780
07/26/2016	451.23	496.71	445.69	492.84	2,179	3,378,130
07/25/2016	486.33	496.85	418.20	451.13	4,523	3,640,960
07/24/2016	482.95	487.36	471.17	486.28	360	3,615,610
07/23/2016	479.15	483.44	436.08	482.99	1,178	3,587,160
07/22/2016	494.24	510.37	468.89	479.08	1,047	3,700,150
07/21/2016	455.79	494.58	450.13	494.32	2,026	3,412,260
07/20/2016	458.86	523.77	455.26	455.88	1,371	3,435,270
07/19/2016	460.45	467.84	403.07	458.89	2,670	3,447,180
07/18/2016	446.47	461.29	431.89	460.65	4,374	3,342,510
07/17/2016	427.54	448.06	427.54	446.06	7,055	3,200,750
07/16/2016	480.15	482.48	411.89	428.47	4,537	3,594,680
07/15/2016	423.84	483.96	408.44	480.58	8,768	3,173,060
07/14/2016	409.66	424.97	401.78	423.65	5,267	3,066,920
07/13/2016	428.29	429.46	401.85	410.41	3,948	3,206,440
07/12/2016	420.42	435.19	418.15	428.29	3,410	3,147,450
07/11/2016	445.22	445.36	406.17	420.43	5,348	3,333,130
07/10/2016	489.84	495.38	440.88	445.47	4,122	3,667,190
07/09/2016	599.58	599.58	416.30	489.80	5,435	4,488,770
07/08/2016	350.83	599.74	342.82	599.74	14,816	2,626,540
07/07/2016	375.31	378.14	334.93	350.35	6,580	2,809,790
07/06/2016	387.18	393.68	374.55	375.15	999	2,898,610
07/05/2016	378.64	407.16	344.76	387.13	6,742	2,834,720
07/04/2016	413.02	426.80	335.05	378.47	3,344	3,092,060
07/03/2016	463.84	464.68	354.28	412.19	3,424	3,472,580
07/02/2016	452.42	463.57	444.99	463.57	2,975	3,387,060
07/01/2016	465.14	474.20	444.99	452.20	5,865	3,482,280
06/30/2016	412.06	467.39	412.06	465.62	4,814	3,084,860
06/29/2016	446.12	446.12	411.75	411.96	4,367	3,339,880
06/28/2016	455.15	457.81	386.80	446.20	5,446	3,407,520
06/27/2016	439.21	453.63	433.04	450.89	5,580	3,288,200
06/26/2016	464.57	465.17	431.24	439.70	2,082	3,478,010
06/25/2016	464.85	484.00	451.86	464.72	1,473	3,480,080
06/24/2016	436.78	468.38	422.98	466.00	2,972	3,270,000
06/23/2016	417.28	440.53	390.70	436.70	1,959	3,123,990
06/22/2016	466.50	475.00	411.24	411.75	1,516	3,492,490
06/21/2016	466.09	490.59	386.24	465.98	3,387	3,489,380
06/20/2016	496.28	496.37	87.69	466.15	1,933	3,715,390
06/19/2016	498.60	524.24	491.09	496.02	1,650	3,732,780
06/18/2016	507.89	528.82	491.81	498.77	1,595	3,802,330
06/17/2016	530.16	535.93	368.08	508.19	2,004	3,969,070
06/16/2016	526.80	555.33	509.29	530.05	2,887	3,943,930
06/15/2016	529.20	529.30	490.56	526.49	1,337	3,961,900
06/14/2016	492.07	538.21	478.72	529.41	5,242	3,683,940
06/13/2016	481.22	500.65	395.57	492.02	2,061	3,602,690
06/12/2016	478.55	501.61	333.15	480.87	2,986	3,582,670
06/11/2016	452.35	478.86	451.68	478.86	1,961	3,386,560
06/10/2016	485.48	514.64	397.68	452.43	2,832	3,634,580
06/09/2016	517.02	517.51	393.42	485.50	1,626	3,870,660
06/08/2016	512.53	518.08	509.45	517.15	2,562	3,837,070
06/07/2016	515.11	519.26	493.72	512.47	998	3,856,370
06/06/2016	509.52	521.31	509.19	515.06	3,320	3,814,560
06/05/2016	502.41	516.01	502.41	509.58	1,177	3,761,340
06/04/2016	505.95	524.56	284.46	502.81	1,646	3,787,810
06/03/2016	478.20	510.79	477.26	505.87	1,546	3,580,040
06/02/2016	477.26	480.31	473.85	478.24	983	3,573,040
06/01/2016	472.34	482.74	467.23	478.10	1,787	3,536,210
05/31/2016	473.68	485.88	273.06	472.38	1,650	3,546,230
05/30/2016	451.81	482.98	390.44	474.42	1,544	3,382,490
05/29/2016	506.17	511.85	253.74	451.25	1,421	3,789,430
05/28/2016	438.44	509.44	327.79	506.72	2,599	3,282,370
05/27/2016	439.37	465.33	377.82	438.68	6,766	3,289,390
05/26/2016	443.84	446.88	429.77	439.37	1,797	3,322,830
05/25/2016	439.97	445.80	398.98	443.78	2,318	3,293,870
05/24/2016	435.60	441.08	316.04	440.03	1,569	3,261,110
05/23/2016	418.03	446.43	417.58	435.72	1,291	3,129,560
05/22/2016	456.38	456.63	412.53	418.14	2,650	3,416,730
05/21/2016	441.98	457.34	425.06	456.43	1,228	3,303,230
05/20/2016	449.28	457.08	338.72	441.75	1,835	3,357,800
05/19/2016	445.43	461.53	445.09	450.22	1,391	3,329,030
05/18/2016	465.63	466.63	412.09	445.50	1,774	3,480,000
05/17/2016	448.72	466.63	412.70	465.57	2,934	3,353,560
05/16/2016	482.24	483.07	449.30	449.30	2,591	3,604,080
05/15/2016	482.33	485.88	479.06	482.33	1,490	3,587,160
05/14/2016	484.31	503.35	471.81	482.33	1,548	3,601,870
05/13/2016	475.52	487.41	473.64	484.32	1,674	3,536,470
05/12/2016	477.03	495.62	463.49	475.48	1,637	3,547,700
05/11/2016	474.53	484.98	474.50	476.96	1,904	3,529,150
05/10/2016	481.11	483.92	473.49	474.27	1,738	3,578,060
05/09/2016	476.25	483.20	473.50	481.08	1,181	3,541,900
05/08/2016	485.28	521.32	473.65	476.30	1,870	3,609,070
05/07/2016	483.37	488.08	459.17	485.16	1,535	3,594,890
05/06/2016	464.73	484.84	463.79	483.51	2,186	3,456,260
05/05/2016	458.57	481.58	451.26	464.74	2,020	3,410,410
05/04/2016	466.10	466.17	458.35	458.57	1,802	3,466,420
05/03/2016	462.46	467.73	460.32	466.11	2,019	3,439,340
05/02/2016	469.95	470.54	459.45	462.38	1,328	3,495,070
05/01/2016	471.89	475.47	468.14	469.75	1,168	3,500,450
04/30/2016	477.94	478.46	471.06	471.62	2,927	3,545,320
04/29/2016	458.61	478.24	455.55	478.08	1,143	3,401,930
04/28/2016	466.02	483.35	427.10	458.66	1,609	3,456,860
04/27/2016	462.10	512.42	422.24	465.44	2,221	3,427,790
04/26/2016	523.14	524.33	460.74	462.19	1,686	3,880,620
04/25/2016	524.42	532.10	518.05	524.13	1,310	3,890,120
04/24/2016	492.39	526.26	445.79	524.55	3,017	3,554,340
04/23/2016	494.78	508.33	453.80	492.25	2,751	3,571,600
04/22/2016	450.87	502.87	439.82	494.71	1,738	3,254,570
04/21/2016	431.52	473.14	425.55	450.75	2,227	3,114,930
04/20/2016	385.34	433.08	384.38	431.50	2,023	2,781,580
04/19/2016	374.26	426.02	369.69	385.38	1,856	2,701,620
04/18/2016	448.81	450.77	373.69	374.20	2,404	3,239,700
04/17/2016	453.18	469.76	448.03	448.67	1,716	3,271,290
04/16/2016	462.40	495.47	399.74	453.02	2,513	3,337,820
04/15/2016	598.56	623.30	448.56	462.44	5,116	3,933,530
04/14/2016	228.02	598.38	216.09	598.38	60,864	1,498,440
04/13/2016	232.65	233.45	227.93	228.03	381	1,528,860
04/12/2016	225.64	232.78	225.55	232.72	3,216	1,482,860
04/11/2016	225.83	225.83	199.12	225.59	1,381	1,484,070
04/10/2016	218.13	226.54	218.13	225.82	1,251	1,433,500
04/09/2016	220.06	220.34	217.99	217.99	769	1,446,160
04/08/2016	219.29	222.63	201.26	220.01	1,748	1,441,100
04/07/2016	219.52	220.33	201.23	219.24	2,008	1,442,590
04/06/2016	221.09	221.89	217.85	219.44	983	1,452,960
04/05/2016	215.46	221.21	215.03	221.08	1,415	1,415,920
04/04/2016	215.51	216.36	201.33	215.48	902	1,416,280
04/03/2016	216.09	216.34	214.38	215.49	1,105	1,420,070
04/02/2016	215.93	218.06	193.67	216.07	1,926	1,419,050
04/01/2016	215.34	216.08	214.77	215.86	1,233	1,415,120
03/31/2016	212.22	216.18	212.22	215.36	2,584	1,394,610
03/30/2016	213.71	215.07	211.60	212.24	2,331	1,404,420
03/29/2016	217.81	220.25	211.72	213.68	1,826	1,431,350
03/28/2016	221.03	221.08	211.65	217.74	1,323	1,452,530
03/27/2016	213.18	221.67	213.06	221.06	2,132	1,400,960
03/26/2016	213.63	214.56	212.77	213.18	2,626	1,403,920
03/25/2016	214.07	215.19	208.62	213.66	2,350	1,406,770
03/24/2016	212.74	215.79	211.06	214.06	2,037	1,398,080
03/23/2016	194.93	218.47	194.68	212.73	1,757	1,281,010
03/22/2016	216.06	219.04	194.60	194.90	2	1,419,850
03/21/2016	220.00	220.00	207.55	216.06	1,296	1,445,750
03/20/2016	213.01	220.76	192.05	220.13	795	1,399,840
03/19/2016	215.90	218.32	206.11	213.05	1,051	1,397,150
03/18/2016	211.11	217.25	198.29	216.10	845	1,366,160
03/17/2016	199.30	212.97	197.08	211.13	1,466	1,289,750
03/16/2016	198.65	211.91	198.22	199.34	788	1,285,540
03/15/2016	208.60	218.51	198.56	198.59	2,299	1,349,880
03/14/2016	216.57	219.68	195.11	208.57	4,652	1,399,440
03/13/2016	209.99	216.59	208.89	216.59	2,019	1,356,930
03/12/2016	225.68	225.73	209.79	210.08	2,092	1,458,300
03/11/2016	221.43	225.92	217.08	225.61	2,831	1,412,270
03/10/2016	221.00	226.67	218.34	221.43	2,670	1,409,510
03/09/2016	221.30	223.30	189.28	220.97	2,167	1,408,910
03/08/2016	222.96	223.31	218.05	221.34	3,204	1,419,430
03/07/2016	216.71	224.85	215.97	223.04	3,894	1,379,680
03/06/2016	216.13	219.98	213.54	216.66	947	1,375,660
03/05/2016	215.15	218.54	203.48	216.28	2,184	1,331,330
03/04/2016	217.69	220.45	215.16	215.35	1,130	1,347,060
03/03/2016	219.49	220.91	213.75	217.62	1,158	1,358,190
03/02/2016	222.83	226.31	219.79	219.79	1,201	1,375,370
03/01/2016	225.21	228.49	222.04	222.82	1,787	1,390,030
02/29/2016	216.73	225.58	214.43	225.44	3,225	1,336,420
02/28/2016	225.65	225.70	211.03	216.75	1,496	1,389,730
02/27/2016	226.27	227.89	217.78	225.69	1,158	1,393,550
02/26/2016	179.40	225.79	171.19	225.79	4,040	934,910
02/25/2016	174.62	181.03	168.09	179.42	2,683	909,985
02/24/2016	154.80	177.28	145.45	174.68	1,973	805,644
02/23/2016	161.09	161.81	144.15	154.80	2,107	838,020
02/22/2016	166.82	166.82	150.22	160.86	1,570	867,802
02/21/2016	151.03	179.22	150.70	166.74	715	784,277
02/20/2016	138.86	182.81	138.86	150.82	5,270	721,065
02/19/2016	151.93	153.85	138.36	138.86	382	784,257
02/18/2016	149.88	155.29	138.37	151.90	1,602	773,665
02/17/2016	135.83	155.83	134.44	149.87	2,686	584,711
02/16/2016	133.28	158.67	133.28	135.84	363	573,721
02/15/2016	158.95	160.05	125.98	133.34	439	684,255
02/14/2016	133.23	160.62	121.08	158.79	1,331	573,536
02/13/2016	147.52	155.82	128.03	132.88	1,125	631,066
02/12/2016	143.87	147.48	132.86	147.48	1,289	615,469
02/11/2016	129.76	143.84	113.82	143.84	710	555,104
02/10/2016	112.81	128.87	100.15	127.80	1,213	277,115
02/09/2016	125.06	126.34	111.89	112.83	523	306,385
02/08/2016	112.99	126.82	112.99	125.05	253	275,333
02/07/2016	112.96	126.22	109.09	112.97	339	273,677
02/06/2016	129.46	129.48	112.26	112.94	237	312,433
02/05/2016	124.67	141.97	111.82	129.33	567	300,885
02/04/2016	122.09	147.55	122.09	124.67	854	292,520
02/03/2016	131.06	143.94	121.46	122.10	443	307,479
02/02/2016	130.57	131.56	130.52	131.06	153	306,327
02/01/2016	141.60	143.78	108.52	130.53	827	328,704
01/31/2016	113.86	141.56	105.70	141.56	664	260,755
01/30/2016	110.05	146.43	105.91	113.83	409	247,584
01/29/2016	152.12	152.12	108.34	110.17	652	342,231
01/28/2016	153.48	168.87	134.10	152.13	2,113	344,203
01/27/2016	121.57	153.84	121.46	153.53	401	272,629
01/26/2016	117.60	123.31	117.17	121.65	475	259,210
01/25/2016	113.91	118.00	109.94	117.52	147	251,081
01/24/2016	128.07	177.74	105.74	113.98	1,190	274,258
01/23/2016	126.22	130.20	113.51	127.87	648	270,292
01/22/2016	141.04	141.09	114.78	126.22	811	294,073
01/21/2016	159.46	184.75	122.53	140.59	758	162,011
01/20/2016	193.87	193.87	121.23	159.69	2,436	196,974
01/19/2016	93.62	198.46	90.44	194.15	3,105	95,120
01/18/2016	110.46	112.10	92.68	93.60	415	112,231
01/17/2016	116.26	117.29	110.59	110.60	139	118,121
01/16/2016	109.52	117.17	103.03	116.31	494	111,274
01/15/2016	116.17	116.17	84.58	109.70	418	118,028
01/14/2016	111.98	116.75	110.81	116.20	52	113,776
01/13/2016	110.06	112.37	107.21	111.98	71	111,816
01/12/2016	114.09	120.78	111.02	111.02	65	115,916
01/11/2016	114.87	115.37	113.65	114.82	11	116,705
01/10/2016	121.02	121.04	111.08	114.61	146	122,960
01/09/2016	130.63	130.99	120.68	120.85	7	132,715
01/08/2016	131.82	133.16	129.06	130.58	18	133,931
01/07/2016	123.89	132.18	123.62	131.97	22	125,873
01/06/2016	124.45	124.45	115.63	123.95	64	126,443
01/05/2016	116.94	140.81	116.01	124.45	155	118,806
01/04/2016	123.79	124.35	110.97	111.02	30	125,775
01/03/2016	111.13	130.26	109.53	123.78	67	112,912
01/02/2016	109.77	141.92	108.93	111.10	441	111,522
01/01/2016	108.81	140.64	108.26	109.77	22	110,556
12/31/2015	138.59	138.59	108.66	108.81	130	140,803
12/30/2015	140.93	141.39	120.98	138.50	167	143,189
12/29/2015	126.05	140.73	118.85	140.73	686	128,067
12/28/2015	126.21	128.29	124.92	126.07	136	128,232
12/27/2015	136.45	137.38	117.37	126.03	76	138,632
12/26/2015	131.69	147.19	131.66	136.64	306	133,794
12/25/2015	133.98	148.00	114.31	131.66	452	136,120
12/24/2015	141.34	145.92	117.30	134.01	68	143,603
12/23/2015	134.08	144.61	134.05	141.25	4	136,223
12/22/2015	128.93	143.77	126.17	134.25	111	130,993
12/21/2015	128.24	142.74	123.78	128.91	705	130,288
12/20/2015	138.18	151.92	136.99	145.54	1	140,387
12/19/2015	152.53	153.20	137.79	138.12	815	154,970
12/18/2015	146.22	152.61	136.98	152.55	1	148,558
12/17/2015	147.19	150.40	144.26	146.29	318	149,541
12/16/2015	151.25	151.25	144.31	147.19	344	153,673
12/15/2015	129.27	151.29	129.18	151.29	883	131,340
12/14/2015	132.16	133.10	128.38	129.27	296	134,272
12/13/2015	143.55	145.52	140.67	144.94	0	145,846
12/12/2015	149.14	154.39	135.75	143.55	0	151,526
12/11/2015	128.27	148.86	128.27	148.72	43	130,323
12/10/2015	137.43	142.34	115.36	128.31	814	139,625
12/09/2015	138.34	153.61	124.49	137.32	301	140,553
12/08/2015	147.28	150.60	38.29	137.52	456	149,641
12/07/2015	147.30	163.10	145.89	147.34	218	149,655
12/06/2015	145.49	150.86	144.56	148.38	134	147,818
12/05/2015	138.01	149.30	126.41	145.46	845	140,218
12/04/2015	101.09	138.09	99.61	138.01	119	102,710
12/03/2015	100.84	101.28	100.84	101.11	1	102,459
12/02/2015	147.22	156.02	141.93	155.40	18	149,574
12/01/2015	126.77	156.81	98.46	147.18	175	128,794
11/30/2015	114.15	165.18	112.84	126.77	438	115,977
11/29/2015	148.48	153.06	147.76	152.99	130	150,854
11/28/2015	96.43	148.29	95.09	148.29	379	97,971
11/27/2015	95.00	97.42	92.26	96.77	0	96,523
11/26/2015	100.01	111.38	92.57	95.22	3	101,611
11/25/2015	107.89	136.38	99.72	100.04	271	109,621
11/24/2015	135.32	135.33	95.75	107.89	611	137,489
11/23/2015	114.34	135.94	113.20	135.32	188	116,169
11/22/2015	100.22	114.47	96.50	114.23	370	101,818
11/21/2015	83.33	104.73	83.10	100.11	0	84,667
11/20/2015	84.80	84.88	81.53	83.67	0	86,156
11/19/2015	100.79	101.01	84.57	84.77	8	102,405
11/18/2015	100.79	101.36	99.60	100.79	73	102,406
11/17/2015	97.57	101.49	80.71	100.93	23	99,133
11/16/2015	104.39	105.00	94.58	97.56	11	106,063
11/15/2015	98.25	109.81	97.95	104.56	370	99,822
11/14/2015	112.81	113.29	97.68	98.17	0	114,616
11/13/2015	126.95	127.86	94.89	112.81	267	128,983
11/12/2015	93.80	127.08	93.80	127.08	24	95,298
11/11/2015	77.81	139.17	69.49	93.77	262	79,057
11/10/2015	123.61	167.12	70.59	77.77	136	125,589
11/09/2015	113.01	142.37	106.58	123.61	209	114,817
11/08/2015	123.97	179.13	30.60	112.40	323	125,959
11/07/2015	90.73	150.32	90.28	124.12	621	92,179
11/06/2015	119.59	132.76	88.91	90.63	94	121,506
11/05/2015	120.08	131.44	99.09	119.99	788	122,004
11/04/2015	163.46	180.18	111.98	120.32	579	166,075
11/03/2015	115.64	163.14	114.50	162.54	747	117,485
11/02/2015	128.44	147.89	105.93	115.46	1,550	130,492
11/01/2015	107.91	128.78	82.62	128.24	761	109,636
10/31/2015	110.26	152.03	106.23	107.58	189	112,026
10/30/2015	118.54	136.80	98.62	110.26	788	120,436
10/29/2015	82.97	124.29	79.05	118.49	1,207	84,299
10/28/2015	97.34	97.44	82.07	83.04	271	98,896
10/27/2015	96.95	107.77	90.70	97.32	798	98,505
10/26/2015	88.05	101.75	70.69	96.95	1,001	89,458
10/25/2015	109.84	111.93	81.35	87.87	2,776	111,603
10/24/2015	127.34	127.52	107.05	109.86	239	129,378
10/23/2015	125.84	137.75	112.17	127.35	969	127,855
10/22/2015	126.94	130.26	108.65	125.78	1,094	128,968
10/21/2015	128.75	144.72	107.92	126.96	2,024	130,811
10/20/2015	134.59	142.22	127.97	128.75	276	136,744
10/19/2015	128.70	149.32	112.63	134.61	2,635	130,755
10/18/2015	132.00	136.64	114.55	128.72	2,542	134,112
10/17/2015	136.20	139.83	126.97	132.22	1,525	138,376
10/16/2015	133.95	151.08	128.61	136.06	1,807	136,089
10/15/2015	136.07	146.13	133.53	133.98	4,618	138,251
10/14/2015	135.47	136.74	126.64	136.12	539	137,643
10/13/2015	142.09	142.43	129.38	135.38	104	144,369
10/12/2015	136.85	143.98	125.34	142.10	2,597	139,039
10/11/2015	141.41	143.29	133.70	136.89	2,412	143,678
10/10/2015	137.97	144.35	135.58	141.38	1,030	140,172
10/09/2015	136.17	141.79	132.18	137.98	1,814	138,351
10/08/2015	133.25	144.86	130.22	136.17	7,946	135,382
10/07/2015	134.10	144.98	133.04	133.20	150	136,250
10/06/2015	146.56	146.93	132.65	134.09	1,669	148,906
10/05/2015	141.97	147.52	131.91	146.47	2,976	144,243
10/04/2015	138.46	147.94	131.01	141.94	5,234	140,678
10/03/2015	144.75	145.88	138.34	138.50	139	147,065
10/02/2015	142.44	148.72	138.07	144.76	6,854	144,717
10/01/2015	143.22	147.95	141.62	142.61	7,428	145,516
09/30/2015	139.67	140.28	139.04	139.66	1,853	141,904
09/29/2015	145.88	146.27	139.59	139.59	1,868	148,211
09/28/2015	140.06	146.00	139.88	145.88	5,096	142,304
09/27/2015	141.01	141.13	137.37	140.06	5,789	143,271
09/26/2015	138.76	141.19	137.71	141.04	3,785	140,978
09/25/2015	140.80	142.35	138.50	138.80	3,806	143,053
09/24/2015	136.00	141.47	134.09	140.80	4,755	138,172
09/23/2015	133.77	140.71	133.38	136.01	223	135,906
09/22/2015	138.56	141.80	133.32	133.75	136	140,778
09/21/2015	136.57	142.84	135.06	138.44	10,595	138,754
09/20/2015	134.01	141.31	130.27	136.53	3,206	136,155
09/19/2015	132.11	134.12	130.10	134.01	226	134,223
09/18/2015	133.29	161.58	131.95	132.14	584	135,423
09/17/2015	129.58	133.29	129.38	133.29	339	131,655
09/16/2015	133.58	141.51	129.51	129.57	1,372	135,713
09/15/2015	134.65	148.93	129.82	133.62	133	136,804
09/14/2015	129.85	136.94	128.41	134.66	96	131,925
09/13/2015	138.07	147.78	129.38	130.01	551	140,279
09/12/2015	154.39	154.40	129.37	138.04	776	156,857
09/11/2015	155.36	156.82	137.51	154.43	22	157,844
09/10/2015	148.42	155.69	138.01	155.44	92	150,797
09/09/2015	154.67	157.20	136.06	148.38	855	157,142
09/08/2015	150.50	155.67	150.43	154.67	521	152,909
09/07/2015	144.33	156.03	143.08	150.50	1,180	146,640
09/06/2015	150.57	156.43	144.17	144.33	2,986	152,980
09/05/2015	147.37	153.56	138.21	150.59	1,401	149,729
09/04/2015	132.77	147.82	127.67	147.44	1,806	134,897
09/03/2015	131.00	132.77	127.31	132.77	274	133,091
09/02/2015	150.31	150.71	128.50	130.96	1,363	152,719
09/01/2015	181.56	182.46	139.86	150.38	874	184,467
08/31/2015	161.16	182.40	138.84	181.66	436	163,736
08/30/2015	150.61	161.40	137.35	160.96	349	153,017
08/29/2015	136.97	151.13	136.77	150.62	338	139,159
08/28/2015	157.34	160.61	130.94	136.97	284	159,855
08/27/2015	148.26	159.31	147.57	157.19	277	150,636
08/26/2015	131.03	155.92	118.10	148.12	547	133,121
08/25/2015	120.98	133.53	114.93	130.75	65	122,913
08/24/2015	122.94	127.44	117.79	121.22	1,345	124,908
08/23/2015	126.48	127.74	121.29	122.97	190	128,500
08/22/2015	111.02	127.37	108.01	126.53	193	112,791
08/21/2015	111.79	114.83	110.59	111.02	681	113,581
08/20/2015	113.58	130.31	110.55	111.82	100	115,400
08/19/2015	106.27	114.25	105.62	113.58	888	107,970
08/18/2015	124.19	124.23	99.40	99.40	164	126,181
08/17/2015	125.50	126.94	123.86	124.21	281	127,505
08/16/2015	128.38	128.99	123.51	125.51	263	130,437
08/15/2015	129.04	130.94	127.32	128.23	158	131,108
08/14/2015	120.81	131.59	119.60	129.12	268	122,743
08/13/2015	125.06	125.06	119.42	120.79	255	127,060
08/12/2015	118.04	138.18	106.58	125.06	185	119,925
08/11/2015	126.82	132.37	117.19	118.04	250	128,848
08/10/2015	109.91	130.28	109.48	126.85	229	111,663
08/09/2015	129.79	130.70	108.81	109.91	113	131,864
08/08/2015	118.69	133.39	117.96	129.61	252	120,592
08/07/2015	131.77	131.93	118.42	118.63	410	133,875
08/06/2015	139.31	139.33	131.71	131.81	447	141,544
08/05/2015	130.91	146.08	129.48	139.31	79	133,010
08/04/2015	128.48	137.47	126.19	130.95	50	130,533
08/03/2015	131.79	131.82	118.59	128.48	1,035	133,903
08/02/2015	135.01	139.73	131.32	131.80	390	137,174
08/01/2015	138.14	138.26	124.77	135.77	1,138	140,347
07/31/2015	125.37	141.17	122.98	138.12	901	127,373
07/30/2015	137.15	144.01	119.03	125.38	1,391	139,340
07/29/2015	134.85	139.43	123.53	137.15	419	137,005
07/28/2015	125.78	136.95	125.00	134.81	674	127,796
07/27/2015	144.79	145.79	122.43	125.78	749	147,105
07/26/2015	127.66	144.81	121.24	144.81	296	129,707
07/25/2015	130.91	135.21	125.78	127.66	827	133,002
07/24/2015	126.07	136.07	125.72	131.02	918	128,084
07/23/2015	125.98	127.39	121.20	126.09	1,063	127,993
07/22/2015	128.61	131.99	124.85	125.92	1,015	130,666
07/21/2015	118.69	148.65	117.16	128.61	458	120,590
07/20/2015	125.77	125.85	117.86	118.73	1,530	127,784
07/19/2015	119.99	126.42	114.91	125.82	841	121,908
07/18/2015	128.31	129.97	117.31	120.05	1,818	130,364
07/17/2015	116.82	128.90	114.30	128.38	1,753	118,689
07/16/2015	125.24	128.18	115.72	116.82	1,068	127,247
07/15/2015	162.62	164.04	124.95	125.15	4,162	165,222
07/14/2015	130.63	166.21	123.61	162.45	16,117	132,722
07/13/2015	137.44	174.53	127.03	130.64	3,944	139,637
07/12/2015	142.49	147.07	132.29	137.46	1,852	144,770
07/11/2015	136.86	151.36	136.20	142.49	1,641	139,046
07/10/2015	151.23	152.12	127.65	136.86	5,050	153,649
07/09/2015	138.68	165.95	136.77	151.27	896	140,903
07/08/2015	171.54	183.89	136.58	138.66	1,187	174,289
07/07/2015	177.74	178.65	149.82	171.69	341	180,586
07/06/2015	169.26	185.44	152.38	177.13	613	171,970
07/05/2015	175.30	184.96	159.41	169.76	673	178,107
07/04/2015	170.41	182.85	168.89	175.41	667	173,137
07/03/2015	175.97	183.77	168.01	170.31	954	178,790
07/02/2015	171.75	181.90	171.45	175.94	1,779	174,502
07/01/2015	174.41	175.62	167.60	171.80	996	177,195
06/30/2015	155.79	177.24	155.13	174.22	1,166	158,283
06/29/2015	165.91	170.23	146.22	155.81	918	168,560
06/28/2015	148.51	166.46	145.58	166.10	1,236	150,887
06/27/2015	143.06	163.35	137.34	148.53	945	145,346
06/26/2015	121.60	143.12	120.81	143.08	1,281	123,542
06/25/2015	117.78	121.72	117.78	121.69	2,124	119,663
06/24/2015	119.35	119.56	117.85	117.85	707	121,259
06/23/2015	121.11	121.30	113.14	119.36	315	123,052
06/22/2015	109.07	121.60	109.04	121.14	775	110,819
06/21/2015	114.59	121.89	106.78	109.06	600	116,422
06/20/2015	118.98	125.59	102.99	114.64	2,623	120,883
06/19/2015	123.33	125.80	114.37	119.02	1,249	125,300
06/18/2015	126.66	126.66	109.00	123.31	1,622	128,689
06/17/2015	130.19	131.08	113.11	126.59	309	132,275
06/16/2015	113.95	130.23	113.64	130.23	241	115,770
06/15/2015	119.88	123.67	113.97	113.97	646	121,802
06/14/2015	111.38	119.95	106.00	119.95	1,088	113,161
06/13/2015	103.47	132.36	103.15	111.36	568	105,122
06/12/2015	110.07	137.99	103.50	103.50	266	111,828
06/11/2015	107.56	112.55	105.25	110.07	1,051	109,279
06/10/2015	110.11	114.23	107.51	107.53	0	111,868
06/09/2015	110.21	111.11	95.33	110.13	1,311	111,975
06/08/2015	100.71	110.81	98.81	110.19	714	102,319
06/07/2015	99.14	106.65	96.34	100.71	577	100,730
06/06/2015	101.91	112.09	98.71	99.15	623	103,536
06/05/2015	104.85	109.47	97.13	101.88	522	106,524
06/04/2015	108.38	111.62	102.82	104.93	906	110,111
06/03/2015	101.18	110.81	101.18	108.38	1,105	102,796
06/02/2015	108.76	108.88	100.83	101.21	736	110,501
06/01/2015	107.88	111.11	104.56	108.78	763	109,604
05/31/2015	112.50	112.55	107.53	107.86	1,330	114,295
05/30/2015	115.56	117.20	108.47	112.60	659	117,407
05/29/2015	104.73	115.62	104.35	115.56	752	106,404
05/28/2015	116.40	118.22	102.97	104.74	444	118,260
05/27/2015	116.46	130.14	114.78	116.41	1,298	118,319
05/26/2015	136.56	144.72	99.81	116.48	1,059	138,741
05/25/2015	126.03	143.58	125.44	136.55	921	128,049
05/24/2015	115.99	141.16	115.90	126.05	1,080	117,845
05/23/2015	102.80	116.15	100.92	115.94	2,568	104,444
05/22/2015	110.89	111.37	99.24	102.83	1,900	112,662
05/21/2015	115.94	116.13	98.09	110.90	1,590	117,790
05/20/2015	102.95	117.92	87.04	115.94	3,728	104,596
05/19/2015	107.47	114.04	105.48	110.69	3,308	109,193
05/18/2015	109.39	119.00	98.71	107.52	3,570	111,139
05/17/2015	109.34	122.26	100.91	109.35	3,200	111,089
05/16/2015	111.70	124.34	102.33	109.34	3,321	113,492
05/15/2015	140.76	141.55	105.25	111.69	5,320	143,012
05/14/2015	137.13	140.74	115.82	140.74	2,643	139,322
05/13/2015	152.31	156.90	127.46	137.22	5,086	154,749
05/12/2015	119.88	160.53	119.86	152.13	4,005	121,798
05/11/2015	148.43	149.19	119.77	119.89	5,838	150,804
05/10/2015	144.82	149.22	130.69	148.43	5,178	147,135
05/09/2015	166.70	166.81	140.34	144.88	4,904	169,367
05/08/2015	165.14	168.80	147.03	166.86	15,125	167,778
05/07/2015	139.56	168.64	106.05	166.56	20,287	141,796
05/06/2015	172.25	174.21	112.44	139.64	7,108	175,005
05/05/2015	133.29	183.34	129.28	172.15	4,611	135,426
05/04/2015	176.99	189.79	103.44	133.33	2,700	179,825
05/03/2015	153.60	303.50	120.46	177.00	3,029	156,060
05/02/2015	136.98	153.79	119.88	153.63	1,715	139,173
05/01/2015	101.16	142.36	94.06	136.83	1,192	102,776
04/30/2015	97.94	102.50	89.42	101.25	2,237	99,506
04/29/2015	91.72	99.53	86.03	97.99	3,121	93,186
04/28/2015	85.62	91.94	81.86	91.83	3,522	86,989
04/27/2015	81.77	96.75	81.53	85.74	2,559	-
04/26/2015	64.32	96.31	52.03	81.77	1,808	-
04/25/2015	54.13	64.71	52.38	64.31	6,267	-
04/24/2015	94.30	94.44	49.69	54.14	5,332	-
04/23/2015	55.00	95.48	51.96	94.49	13,160	-
04/22/2015	55.60	68.96	51.74	55.03	4,394	-
04/21/2015	53.00	65.02	44.93	55.52	3,753	-
