Date	Open	High	Low	Close	Volume	Market Cap
07/15/2018	0.004551	0.004713	0.003855	0.003985	768	1,365,310
07/14/2018	0.005083	0.005102	0.004116	0.004554	980	1,524,920
07/13/2018	0.004313	0.005554	0.002881	0.005088	905	1,293,860
07/12/2018	0.004003	0.004418	0.002813	0.004305	1,086	1,200,870
07/11/2018	0.003883	0.004697	0.003341	0.004003	888	1,165,000
07/10/2018	0.004044	0.004683	0.002849	0.003867	1,190	1,213,070
07/09/2018	0.003991	0.005855	0.003988	0.004511	632	1,197,340
07/08/2018	0.005479	0.006781	0.003561	0.003992	1,164	1,643,720
07/07/2018	0.004562	0.007224	0.003316	0.005484	1,281	1,368,600
07/06/2018	0.004066	0.004569	0.003931	0.004565	964	1,219,900
07/05/2018	0.005840	0.006162	0.004057	0.004067	1,059	1,751,950
07/04/2018	0.003673	0.006491	0.003480	0.005821	978	1,101,830
07/03/2018	0.005163	0.005382	0.003663	0.003672	858	1,549,050
07/02/2018	0.004490	0.005361	0.003667	0.005170	882	1,347,140
07/01/2018	0.005061	0.005081	0.004256	0.004488	676	1,518,250
06/30/2018	0.003729	0.005381	0.003176	0.005057	1,124	1,118,790
06/29/2018	0.002962	0.003765	0.002167	0.003725	749	888,654
06/28/2018	0.003953	0.004128	0.002943	0.002961	776	1,185,810
06/27/2018	0.003083	0.004147	0.003017	0.004063	858	924,821
06/26/2018	0.003104	0.004867	0.002837	0.004029	625	931,066
06/25/2018	0.003930	0.004420	0.002973	0.003104	1,140	1,179,120
06/24/2018	0.003973	0.004440	0.003680	0.003943	1,300	1,192,020
06/23/2018	0.004293	0.004686	0.002940	0.003974	922	1,287,880
06/22/2018	0.005018	0.005046	0.004137	0.004291	679	1,505,350
06/21/2018	0.005383	0.005572	0.005010	0.005021	1,257	1,614,970
06/20/2018	0.004974	0.005385	0.004633	0.005385	1,314	1,492,150
06/19/2018	0.005058	0.006232	0.004808	0.004971	1,464	1,517,500
06/18/2018	0.005436	0.005444	0.004332	0.005061	618	1,630,800
06/17/2018	0.004308	0.006191	0.004307	0.005441	691	1,292,270
06/16/2018	0.005223	0.006377	0.004290	0.004305	1,407	1,567,010
06/15/2018	0.005546	0.005561	0.004754	0.005241	842	1,663,660
06/14/2018	0.004790	0.005744	0.004754	0.005550	534	1,436,950
06/13/2018	0.005353	0.005704	0.004400	0.004784	1,331	1,606,000
06/12/2018	0.006476	0.006476	0.005081	0.005336	1,299	1,942,830
06/11/2018	0.005672	0.006612	0.005156	0.006475	1,416	1,701,730
06/10/2018	0.005404	0.007671	0.005215	0.005663	1,689	1,621,190
06/09/2018	0.006483	0.007457	0.005337	0.005394	1,241	1,944,990
06/08/2018	0.005980	0.007738	0.005220	0.006483	771	1,793,970
06/07/2018	0.008206	0.008411	0.005608	0.005973	1,258	2,461,920
06/06/2018	0.007687	0.008239	0.005593	0.008205	1,536	2,306,100
06/05/2018	0.007201	0.008778	0.006022	0.007698	1,968	2,160,200
06/04/2018	0.009121	0.009535	0.006989	0.007199	1,051	2,736,230
06/03/2018	0.007197	0.010099	0.007193	0.009131	2,112	2,158,970
06/02/2018	0.008423	0.008496	0.006873	0.007198	895	2,526,890
06/01/2018	0.007574	0.010495	0.007574	0.008426	1,357	2,272,270
05/31/2018	0.005666	0.009300	0.005643	0.007562	1,684	1,699,690
05/30/2018	0.013030	0.013442	0.005613	0.005670	1,226	3,908,880
05/29/2018	0.011467	0.013646	0.006044	0.013022	185	3,440,010
05/28/2018	0.008295	0.011524	0.007868	0.011499	67	2,488,520
05/27/2018	0.010566	0.010641	0.008143	0.008296	3	3,169,910
05/26/2018	0.012469	0.012572	0.008596	0.010548	86	3,740,790
05/25/2018	0.009907	0.014993	0.006736	0.012468	138	2,972,170
05/24/2018	0.008463	0.010120	0.008463	0.009889	37	2,538,880
05/23/2018	0.007152	0.012286	0.006982	0.008501	1	2,145,590
05/22/2018	0.010605	0.010892	0.007131	0.007166	336	3,181,430
05/21/2018	0.014155	0.014165	0.010525	0.010616	1,268	4,246,650
05/20/2018	0.011156	0.014247	0.011083	0.014138	83	3,346,640
05/19/2018	0.011249	0.011443	0.011108	0.011147	13	3,374,780
05/18/2018	0.011074	0.011257	0.010445	0.011250	8	3,322,320
05/17/2018	0.011290	0.011666	0.010988	0.011084	86	3,387,110
05/16/2018	0.011707	0.013123	0.010628	0.011281	495	3,511,990
05/15/2018	0.011827	0.014331	0.011638	0.011712	27	3,547,940
05/14/2018	0.011798	0.018079	0.010669	0.011846	38	3,539,560
05/13/2018	0.013664	0.015622	0.010634	0.011803	801	4,099,120
05/12/2018	0.013071	0.014805	0.012591	0.013691	73	3,921,430
05/11/2018	0.013750	0.020369	0.012816	0.013104	369	4,125,010
05/10/2018	0.012670	0.020734	0.012640	0.013677	412	3,800,980
05/09/2018	0.015689	0.019163	0.012337	0.014478	219	4,706,580
05/08/2018	0.012947	0.017942	0.012625	0.015712	72	3,884,040
05/07/2018	0.016943	0.018996	0.012662	0.012872	202	5,083,010
05/06/2018	0.017632	0.017635	0.014034	0.016934	1,076	5,289,650
05/05/2018	0.017720	0.018669	0.016788	0.017635	59	5,316,000
05/04/2018	0.024162	0.024162	0.016362	0.017701	56	7,248,610
05/03/2018	0.017104	0.024390	0.016363	0.024241	16	5,131,160
05/02/2018	0.016698	0.023211	0.014243	0.017104	693	5,009,320
05/01/2018	0.016730	0.018403	0.015441	0.016730	65	5,019,150
04/30/2018	0.024612	0.024700	0.013540	0.016690	290	7,383,460
04/29/2018	0.015028	0.025204	0.012445	0.024609	161	4,508,420
04/28/2018	0.017708	0.020552	0.012029	0.015032	261	5,312,290
04/27/2018	0.021085	0.022931	0.012681	0.017769	238	6,325,600
04/26/2018	0.024415	0.026582	0.009547	0.021052	2,827	7,324,510
04/25/2018	0.025198	0.025321	0.014781	0.024185	451	7,559,370
04/24/2018	0.018595	0.030266	0.018595	0.025225	789	5,578,460
04/23/2018	0.022309	0.028623	0.017028	0.018594	616	6,692,770
04/22/2018	0.017349	0.022973	0.012493	0.022388	163	5,204,800
04/21/2018	0.020522	0.025818	0.017154	0.017349	191	6,156,620
04/20/2018	0.019631	0.020663	0.014881	0.020522	232	5,889,300
04/19/2018	0.018874	0.024110	0.015797	0.019625	89	5,662,330
04/18/2018	0.026754	0.027285	0.006754	0.018864	454	8,026,250
04/17/2018	0.016980	0.026879	0.013602	0.026741	399	5,094,090
04/16/2018	0.023919	0.024054	0.013046	0.016973	68	7,175,800
04/15/2018	0.016676	0.023889	0.016676	0.023889	648	5,002,920
04/14/2018	0.016961	0.017658	0.015019	0.016685	88	5,088,260
04/13/2018	0.016081	0.018069	0.012912	0.013026	110	4,824,180
04/12/2018	0.012867	0.016096	0.009469	0.016053	21	3,860,160
04/11/2018	0.011971	0.012899	0.010616	0.012899	88	3,591,290
04/10/2018	0.011298	0.012033	0.011220	0.011954	4	3,389,370
04/09/2018	0.011028	0.011288	0.010322	0.011288	134	3,308,400
04/08/2018	0.012533	0.012646	0.010738	0.011009	156	3,759,820
04/07/2018	0.010764	0.012826	0.010753	0.012538	18	3,229,280
04/06/2018	0.012451	0.012566	0.008912	0.010759	18	3,735,320
04/05/2018	0.012511	0.012713	0.012165	0.012499	0	3,753,230
04/04/2018	0.013741	0.013769	0.008192	0.012526	5	4,122,200
04/03/2018	0.012067	0.013811	0.011980	0.013714	0	3,619,980
04/02/2018	0.011603	0.012084	0.011527	0.012053	1	3,480,840
04/01/2018	0.007949	0.011820	0.007319	0.011546	58	2,384,590
03/31/2018	0.013042	0.013752	0.007879	0.007946	24	3,912,530
03/30/2018	0.012920	0.013721	0.012299	0.013054	2	3,875,860
03/29/2018	0.010128	0.013822	0.009495	0.012957	86	3,038,340
03/28/2018	0.015214	0.015747	0.009543	0.010115	143	4,564,260
03/27/2018	0.008506	0.015945	0.008048	0.015211	99	2,551,900
03/26/2018	0.018646	0.018668	0.008510	0.008513	111	5,593,810
03/25/2018	0.011882	0.019859	0.011822	0.019709	13	3,564,670
03/24/2018	0.015267	0.018643	0.012019	0.012047	143	4,580,190
03/23/2018	0.014053	0.017971	0.013998	0.015091	103	4,215,970
03/22/2018	0.017581	0.017963	0.013723	0.014056	13	5,274,350
03/21/2018	0.018301	0.023738	0.017430	0.017601	28	5,490,370
03/20/2018	0.019745	0.019791	0.016226	0.018265	63	5,923,380
03/19/2018	0.016544	0.020291	0.016443	0.019529	161	4,963,320
03/18/2018	0.016540	0.016787	0.014769	0.016614	122	4,962,020
03/17/2018	0.017254	0.019193	0.013738	0.016575	75	5,176,300
03/16/2018	0.017236	0.017930	0.016586	0.017233	19	5,170,840
03/15/2018	0.017176	0.017569	0.016133	0.017247	418	5,152,740
03/14/2018	0.018626	0.019373	0.016716	0.017180	87	5,587,830
03/13/2018	0.020296	0.021913	0.018307	0.018622	50	6,088,900
03/12/2018	0.018457	0.021427	0.018235	0.020385	52	5,537,040
03/11/2018	0.018691	0.020717	0.018053	0.018480	12	5,607,400
03/10/2018	0.022434	0.024342	0.018341	0.018756	67	6,730,120
03/09/2018	0.021293	0.022513	0.018204	0.022432	106	6,387,990
03/08/2018	0.021873	0.022576	0.021042	0.021390	132	6,561,770
03/07/2018	0.022637	0.034830	0.019855	0.021904	395	6,791,070
03/06/2018	0.024494	0.024494	0.022450	0.022657	14	7,348,220
03/05/2018	0.030538	0.033813	0.024527	0.024530	461	9,161,340
03/04/2018	0.028828	0.034575	0.026135	0.030549	165	8,648,490
03/03/2018	0.033116	0.036424	0.027946	0.028857	189	9,934,670
03/02/2018	0.029807	0.037321	0.023937	0.037128	296	8,941,980
03/01/2018	0.020736	0.034591	0.020585	0.029836	284	6,220,670
02/28/2018	0.023651	0.032782	0.020235	0.020708	763	7,095,360
02/27/2018	0.023163	0.033143	0.020528	0.023667	252	6,949,020
02/26/2018	0.023142	0.023481	0.018139	0.023100	440	6,942,540
02/25/2018	0.028985	0.029455	0.022049	0.023124	791	8,695,420
02/24/2018	0.026415	0.031356	0.024602	0.029043	487	7,924,540
02/23/2018	0.025497	0.035897	0.024872	0.026448	317	7,649,240
02/22/2018	0.028520	0.037932	0.025031	0.025521	569	8,556,000
02/21/2018	0.030114	0.043988	0.025780	0.028553	970	9,034,350
02/20/2018	0.021575	0.031525	0.018697	0.030152	407	6,472,630
02/19/2018	0.037947	0.047078	0.021453	0.021566	46	11,384,000
02/18/2018	0.029548	0.047206	0.018689	0.038091	468	8,864,270
02/17/2018	0.032657	0.043669	0.018932	0.029462	444	9,797,040
02/16/2018	0.039139	0.059270	0.032633	0.032656	677	11,741,700
02/15/2018	0.041591	0.043237	0.038473	0.039217	88	12,477,200
02/14/2018	0.050613	0.065882	0.040751	0.041568	386	15,184,000
02/13/2018	0.037159	0.057026	0.035673	0.050667	115	11,147,600
02/12/2018	0.041626	0.063648	0.036574	0.037094	830	12,487,900
02/11/2018	0.044614	0.060678	0.041366	0.041366	404	13,384,100
02/10/2018	0.068973	0.079578	0.043236	0.044668	1,099	20,692,000
02/09/2018	0.054012	0.075852	0.051429	0.068924	1,049	16,203,800
02/08/2018	0.046721	0.062905	0.046149	0.053925	336	14,016,400
02/07/2018	0.054299	0.062660	0.040788	0.046814	6,216	16,289,800
02/06/2018	0.047843	0.067067	0.044314	0.054518	1,246	14,352,800
02/05/2018	0.059686	0.062658	0.043776	0.047686	4,635	17,905,800
02/04/2018	0.071838	0.082048	0.055684	0.060270	1,648	21,551,500
02/03/2018	0.055689	0.071818	0.050636	0.071818	1,650	16,706,800
02/02/2018	0.060648	0.071333	0.046135	0.055430	963	18,194,300
02/01/2018	0.064258	0.080775	0.056534	0.060856	745	19,277,300
01/31/2018	0.070043	0.093685	0.061468	0.064133	2,861	21,012,900
01/30/2018	0.069423	0.072856	0.063927	0.069822	2,942	20,826,900
01/29/2018	0.075008	0.089372	0.066625	0.069436	6,288	22,502,400
01/28/2018	0.089882	0.090173	0.060899	0.075115	7,050	26,964,600
01/27/2018	0.105965	0.113853	0.088785	0.089263	7,075	31,789,600
01/26/2018	0.120697	0.120798	0.100124	0.105963	6,048	36,209,000
01/25/2018	0.109899	0.122350	0.104638	0.121097	9,315	32,969,600
01/24/2018	0.102333	0.110623	0.100003	0.109059	10,937	30,699,900
01/23/2018	0.139522	0.143318	0.099132	0.102337	4,387	41,856,600
01/22/2018	0.138788	0.150627	0.098870	0.150627	10,086	41,636,400
01/21/2018	0.136558	0.159733	0.121978	0.137606	15,182	40,967,500
01/20/2018	0.136058	0.153995	0.121907	0.136263	13,704	40,817,400
01/19/2018	0.132277	0.135380	0.111443	0.135140	8,806	39,683,200
01/18/2018	0.200760	0.229179	0.127448	0.133430	9,171	60,228,100
01/17/2018	0.205568	0.250233	0.154906	0.199503	47,318	61,670,400
01/16/2018	0.162846	0.333012	0.130621	0.206945	39,366	48,853,900
01/15/2018	0.164800	0.185353	0.130909	0.163198	11,123	49,439,900
01/14/2018	0.170301	0.216619	0.150465	0.165062	37,149	51,090,200
01/13/2018	0.246294	0.301079	0.170153	0.170153	37,819	73,888,100
01/12/2018	0.212857	0.273409	0.193624	0.239449	31,426	63,857,000
01/11/2018	0.318800	0.321257	0.195068	0.205716	19,251	95,639,900
01/10/2018	0.429657	0.716111	0.240410	0.319255	85,761	128,897,000
01/09/2018	0.132984	1.24	0.116159	0.424925	105,980	39,895,300
01/08/2018	0.123799	0.146561	0.094771	0.133356	11,520	37,139,600
01/07/2018	0.102495	0.144540	0.102204	0.123106	11,439	30,748,400
01/06/2018	0.170990	0.170990	0.100545	0.102543	10,092	51,297,100
01/05/2018	0.093648	0.176701	0.093088	0.170545	6,296	28,094,600
01/04/2018	0.080327	0.107113	0.078650	0.094342	6,240	24,098,000
01/03/2018	0.096056	0.103843	0.068515	0.080199	18,081	28,816,800
01/02/2018	0.074950	0.112656	0.074950	0.095793	59,133	22,485,000
01/01/2018	0.099487	0.132156	0.072867	0.072867	48,128	29,846,200
12/31/2017	0.092965	0.131676	0.085894	0.099435	46,682	27,889,400
12/30/2017	0.098243	0.111669	0.067241	0.102313	41,340	29,473,000
12/29/2017	0.059634	0.929564	0.059634	0.096938	80,014	17,890,100
12/28/2017	0.052772	0.070176	0.045849	0.059166	48,624	15,831,600
12/27/2017	0.052951	0.064237	0.047008	0.052872	40,817	15,885,200
12/26/2017	0.048160	0.054349	0.042550	0.052869	46,491	14,448,100
12/25/2017	0.042245	0.052019	0.033978	0.048168	39,516	12,673,600
12/24/2017	0.048379	0.054296	0.031293	0.041906	41,328	14,513,600
12/23/2017	0.045503	0.066973	0.029767	0.045230	41,269	13,650,800
12/22/2017	0.052226	0.052226	0.026327	0.045101	36,115	15,667,900
12/21/2017	0.036982	0.060629	0.030553	0.052036	25,919	11,094,700
12/20/2017	0.035591	0.043686	0.028194	0.036919	43,606	10,677,200
12/19/2017	0.035363	0.047729	0.028097	0.035585	47,934	10,608,900
12/18/2017	0.027175	0.041063	0.024144	0.035419	14,061	8,152,440
12/17/2017	0.037508	0.044679	0.025743	0.027136	30,161	11,252,500
12/16/2017	0.030800	0.044737	0.027660	0.037508	41,965	9,239,860
12/15/2017	0.034365	0.035533	0.027038	0.028675	24,614	10,309,500
12/14/2017	0.035291	0.047185	0.033611	0.034325	41,228	10,587,300
12/13/2017	0.043117	0.047568	0.033543	0.035014	17,341	12,935,200
12/12/2017	0.037713	0.046931	0.029821	0.043086	37,404	11,313,800
12/11/2017	0.044787	0.051182	0.030830	0.037895	35,803	13,436,100
12/10/2017	0.050379	0.052903	0.041262	0.044902	32,205	15,113,700
12/09/2017	0.060576	0.066846	0.043648	0.052487	33,252	18,172,800
12/08/2017	0.066445	0.076960	0.045024	0.060606	33,037	19,933,500
12/07/2017	0.065378	0.087098	0.041047	0.066303	33,372	19,613,300
12/06/2017	0.057322	0.076324	0.044648	0.065397	25,588	17,196,700
12/05/2017	0.050111	0.071322	0.034364	0.060812	28,574	15,033,300
12/04/2017	0.039380	0.055119	0.030029	0.050047	29,342	11,814,000
12/03/2017	0.042485	0.053297	0.032683	0.039298	31,182	12,745,400
12/02/2017	0.046971	0.067565	0.037533	0.043209	34,294	14,091,200
12/01/2017	0.034754	0.069753	0.031023	0.052951	31,530	10,426,300
11/30/2017	0.041577	0.044458	0.022752	0.037070	27,079	12,473,100
11/29/2017	0.020656	0.046000	0.020044	0.037052	18,318	6,196,780
11/28/2017	0.020785	0.029569	0.017898	0.020644	18,238	6,235,520
11/27/2017	0.016450	0.021205	0.015419	0.018843	27,497	4,934,900
11/26/2017	0.016191	0.017703	0.014681	0.016639	24,009	4,857,150
11/25/2017	0.015779	0.017626	0.015104	0.016193	25,794	4,733,790
11/24/2017	0.015107	0.017565	0.014394	0.015790	25,854	4,532,070
11/23/2017	0.014741	0.016601	0.013022	0.015513	22,547	4,422,460
11/22/2017	0.014160	0.015867	0.012234	0.014723	21,645	4,248,150
11/21/2017	0.014590	0.017532	0.012817	0.015312	19,654	-
11/20/2017	0.015576	0.016135	0.012689	0.014296	21,753	-
11/19/2017	0.013027	0.016661	0.012175	0.014158	21,395	-
11/18/2017	0.013134	0.014250	0.011780	0.013057	19,739	-
11/17/2017	0.013765	0.015391	0.012244	0.013166	18,110	-
11/16/2017	0.014072	0.015750	0.012193	0.013779	20,720	-
11/15/2017	0.015737	0.018048	0.013614	0.014039	18,545	-
11/14/2017	0.014682	0.019990	0.013393	0.017742	18,092	-
11/13/2017	0.016596	0.019812	0.013078	0.014665	14,966	-
11/12/2017	0.015162	0.018391	0.012401	0.016960	15,489	-
11/11/2017	0.012532	0.016209	0.010793	0.015321	14,968	-
11/10/2017	0.015445	0.016716	0.009992	0.013189	15,751	-
11/09/2017	0.014435	0.016671	0.011968	0.015422	15,826	-
11/08/2017	0.014953	0.016169	0.012243	0.014493	14,714	-
11/07/2017	0.017154	0.018360	0.011981	0.015814	17,254	-
11/06/2017	0.015365	0.020758	0.015365	0.017819	15,628	-
11/05/2017	0.016858	0.024267	0.015271	0.015345	16,551	-
11/04/2017	0.018034	0.022869	0.012740	0.016846	12,480	-
11/03/2017	0.017102	0.026804	0.012549	0.019279	14,519	-
11/02/2017	0.012957	0.024940	0.008735	0.017076	12,082	-
11/01/2017	0.007787	0.016971	0.005802	0.012770	11,471	-
10/31/2017	0.015066	0.017378	0.007764	0.007795	12,647	-
10/30/2017	0.020259	0.021361	0.011056	0.015083	12,079	-
10/29/2017	0.014144	0.034327	0.014144	0.020823	11,486	-
10/28/2017	0.035028	0.069598	0.012975	0.014154	13,250	-
10/27/2017	0.010451	0.066462	0.008396	0.035248	15,384	-
