Date	Open	High	Low	Close	Volume	Market Cap
07/15/2018	0.001960	0.002088	0.001877	0.002046	11,048	8,928,970
07/14/2018	0.002081	0.002090	0.001438	0.001961	8,923	9,479,410
07/13/2018	0.001866	0.002147	0.001398	0.002077	61,055	8,498,210
07/12/2018	0.002059	0.002192	0.001769	0.001861	39,763	9,367,050
07/11/2018	0.001956	0.002117	0.001809	0.002117	12,006	8,894,960
07/10/2018	0.002168	0.002177	0.001772	0.001956	34,638	9,856,980
07/09/2018	0.002179	0.002596	0.002040	0.002170	15,168	9,898,530
07/08/2018	0.002364	0.002391	0.002162	0.002179	19,895	10,738,300
07/07/2018	0.002198	0.002367	0.002105	0.002363	7,948	9,980,010
07/06/2018	0.002275	0.002337	0.002131	0.002198	12,884	10,330,000
07/05/2018	0.002092	0.002327	0.002089	0.002276	20,295	9,493,600
07/04/2018	0.002203	0.002256	0.002037	0.002084	18,139	9,999,560
07/03/2018	0.002208	0.002359	0.002166	0.002202	13,411	-
07/02/2018	0.002349	0.002400	0.002063	0.002206	14,760	-
07/01/2018	0.002302	0.002442	0.002070	0.002348	46,932	-
06/30/2018	0.002175	0.002385	0.002173	0.002300	25,742	-
06/29/2018	0.001922	0.002219	0.001920	0.002173	44,985	-
06/28/2018	0.002261	0.002765	0.001740	0.001920	88,967	-
06/27/2018	0.002948	0.003126	0.001326	0.002226	67,742	-
06/26/2018	0.003155	0.003202	0.002875	0.002958	11,107	-
06/25/2018	0.003332	0.003332	0.002922	0.003155	33,652	-
06/24/2018	0.003187	0.003417	0.002721	0.003346	18,512	-
06/23/2018	0.003555	0.003555	0.003026	0.003189	8,626	-
06/22/2018	0.003707	0.003953	0.003114	0.003288	30,558	-
06/21/2018	0.004010	0.004202	0.003701	0.003708	21,484	-
06/20/2018	0.003873	0.004187	0.003660	0.004012	18,643	-
06/19/2018	0.004097	0.004397	0.003745	0.003870	43,631	-
06/18/2018	0.004257	0.004260	0.003979	0.004099	26,426	-
06/17/2018	0.004246	0.004369	0.003932	0.004258	23,604	-
06/16/2018	0.003820	0.004291	0.003812	0.004247	18,052	-
06/15/2018	0.004339	0.004538	0.003796	0.003830	15,926	-
06/14/2018	0.004241	0.004570	0.003934	0.004340	47,237	-
06/13/2018	0.004308	0.004443	0.003869	0.004231	34,380	-
06/12/2018	0.004490	0.004518	0.004050	0.004291	42,430	-
06/11/2018	0.004337	0.005315	0.004099	0.004488	167,929	-
06/10/2018	0.004858	0.004943	0.004067	0.004330	78,731	-
06/09/2018	0.004107	0.005982	0.004105	0.004849	125,962	-
06/08/2018	0.004127	0.004818	0.004087	0.004164	69,812	-
06/07/2018	0.004813	0.004877	0.003650	0.004120	66,279	-
06/06/2018	0.004739	0.005116	0.004446	0.004815	47,422	-
06/05/2018	0.004246	0.005177	0.004153	0.004749	47,652	-
06/04/2018	0.005619	0.005633	0.003967	0.004230	73,953	-
06/03/2018	0.004189	0.006344	0.003973	0.005634	166,438	-
06/02/2018	0.004363	0.004722	0.003893	0.004194	77,251	-
06/01/2018	0.004401	0.004766	0.004064	0.004365	50,899	-
05/31/2018	0.004823	0.004823	0.002733	0.004392	51,966	-
05/30/2018	0.004738	0.005377	0.003648	0.004827	143,318	-
05/29/2018	0.004131	0.005410	0.003991	0.005129	156,176	-
05/28/2018	0.003923	0.005229	0.002734	0.004148	137,957	-
05/27/2018	0.004307	0.004512	0.003557	0.003889	78,963	-
05/26/2018	0.004555	0.004822	0.004183	0.004377	109,559	-
05/25/2018	0.005526	0.005526	0.004033	0.004555	104,412	-
05/24/2018	0.004653	0.006459	0.004166	0.005520	153,558	-
05/23/2018	0.006006	0.006058	0.004310	0.004674	144,667	-
05/22/2018	0.007475	0.007900	0.005426	0.006018	245,464	-
