Date	Open	High	Low	Close	Volume	Market Cap
07/15/2018	0.052082	0.055740	0.051458	0.054489	154,093	14,227,500
07/14/2018	0.051648	0.053390	0.050627	0.052050	213,481	14,109,000
07/13/2018	0.050541	0.054293	0.050541	0.051622	572,801	13,806,500
07/12/2018	0.054922	0.054961	0.049238	0.050245	297,611	15,003,200
07/11/2018	0.055837	0.056924	0.052952	0.054932	273,236	15,253,200
07/10/2018	0.061444	0.062136	0.055716	0.055841	600,554	16,784,900
07/09/2018	0.064432	0.072321	0.062119	0.062321	1,922,790	17,601,200
07/08/2018	0.063924	0.067141	0.063439	0.064175	372,687	17,462,400
07/07/2018	0.064373	0.064759	0.060906	0.064258	201,737	17,585,000
07/06/2018	0.062516	0.064197	0.060334	0.063927	345,123	17,077,600
07/05/2018	0.069295	0.070839	0.061746	0.062442	738,092	18,929,600
07/04/2018	0.062371	0.081553	0.061859	0.070043	3,672,130	17,038,100
07/03/2018	0.066452	0.068184	0.061717	0.062302	465,876	18,153,000
07/02/2018	0.060324	0.070094	0.057620	0.066729	938,398	16,418,600
07/01/2018	0.056951	0.061918	0.056294	0.060858	319,655	15,500,500
06/30/2018	0.055896	0.061741	0.055382	0.057063	560,130	15,213,400
06/29/2018	0.056551	0.056651	0.050690	0.055493	769,207	15,391,700
06/28/2018	0.060158	0.060268	0.055756	0.056447	259,659	16,373,400
06/27/2018	0.058583	0.061734	0.057449	0.060193	365,549	15,944,800
06/26/2018	0.063533	0.063738	0.058432	0.058643	530,462	17,292,000
06/25/2018	0.063102	0.064863	0.061244	0.063510	506,656	17,174,600
06/24/2018	0.066123	0.066204	0.058353	0.063161	698,575	17,996,800
06/23/2018	0.064308	0.066942	0.063654	0.066102	311,557	17,502,800
06/22/2018	0.076953	0.077261	0.063111	0.064292	935,772	20,944,600
06/21/2018	0.074147	0.079310	0.073930	0.076932	1,447,560	20,181,000
06/20/2018	0.077168	0.077681	0.072023	0.074310	352,587	21,003,200
06/19/2018	0.077778	0.080183	0.076389	0.077296	389,922	21,169,100
06/18/2018	0.073734	0.078376	0.072577	0.077777	312,245	20,068,500
06/17/2018	0.074869	0.076944	0.073607	0.073965	386,552	20,377,400
06/16/2018	0.075380	0.075893	0.073670	0.074785	529,927	20,516,300
06/15/2018	0.079125	0.079643	0.074257	0.075299	274,153	21,535,600
06/14/2018	0.072584	0.079749	0.070729	0.079308	1,069,530	19,755,500
06/13/2018	0.076296	0.076407	0.069790	0.072600	918,190	20,765,700
06/12/2018	0.080093	0.083506	0.075728	0.076006	601,150	21,799,300
06/11/2018	0.080902	0.083046	0.077233	0.080163	764,331	22,019,400
06/10/2018	0.094035	0.094035	0.079402	0.080274	1,074,140	25,593,700
06/09/2018	0.097765	0.098303	0.094054	0.094054	434,839	26,609,100
06/08/2018	0.096453	0.106783	0.095701	0.097483	3,572,240	26,251,900
06/07/2018	0.097355	0.099008	0.094577	0.095652	597,330	26,497,500
06/06/2018	0.097399	0.098350	0.093888	0.097098	469,211	26,509,500
06/05/2018	0.097152	0.099135	0.093051	0.097449	991,576	25,633,000
06/04/2018	0.106478	0.107408	0.096143	0.097197	1,075,400	28,093,600
06/03/2018	0.103237	0.107404	0.102881	0.106703	1,329,580	27,238,400
06/02/2018	0.099730	0.103413	0.098551	0.102983	1,001,070	26,313,000
06/01/2018	0.096137	0.101794	0.095695	0.099431	1,221,720	25,365,000
05/31/2018	0.091787	0.097330	0.091314	0.096156	930,657	24,217,500
05/30/2018	0.091959	0.097472	0.090094	0.092013	739,928	24,262,800
05/29/2018	0.084627	0.093701	0.084233	0.092147	1,254,900	22,328,200
05/28/2018	0.092609	0.093815	0.083124	0.084688	1,340,340	24,434,200
05/27/2018	0.094422	0.094422	0.091082	0.092427	836,000	24,912,600
05/26/2018	0.098860	0.098860	0.093770	0.094555	745,786	26,083,500
05/25/2018	0.100931	0.102578	0.097154	0.098917	1,524,030	26,629,900
05/24/2018	0.098706	0.100669	0.093052	0.100617	1,126,620	26,043,000
05/23/2018	0.107677	0.108341	0.096082	0.098962	721,159	28,409,800
05/22/2018	0.121379	0.122656	0.107585	0.107822	1,464,920	31,964,400
05/21/2018	0.130976	0.131348	0.120619	0.121798	1,317,090	34,491,700
05/20/2018	0.125987	0.133664	0.124143	0.131156	834,486	33,177,900
05/19/2018	0.126468	0.128891	0.124309	0.126204	787,132	33,304,600
05/18/2018	0.121319	0.127745	0.120163	0.126401	1,412,790	31,948,500
05/17/2018	0.130716	0.135292	0.121113	0.121456	2,071,140	34,423,100
05/16/2018	0.129160	0.134351	0.122321	0.130706	2,479,610	34,013,300
05/15/2018	0.138835	0.141507	0.128760	0.129519	1,210,700	36,561,300
05/14/2018	0.141288	0.143706	0.131538	0.138939	1,847,970	37,207,200
05/13/2018	0.133453	0.149792	0.130153	0.141611	4,526,580	35,143,900
05/12/2018	0.137645	0.162245	0.127788	0.132914	17,755,200	36,248,000
05/11/2018	0.142445	0.144219	0.122458	0.137559	1,922,070	37,512,100
05/10/2018	0.151581	0.164044	0.142501	0.142583	2,552,300	39,917,800
05/09/2018	0.162427	0.162427	0.146714	0.151622	2,666,340	42,774,000
05/08/2018	0.173663	0.181845	0.155531	0.162635	3,381,750	45,733,000
05/07/2018	0.168171	0.181072	0.150859	0.172711	5,306,170	44,286,600
05/06/2018	0.189266	0.190793	0.164184	0.168258	2,718,290	49,841,900
05/05/2018	0.204914	0.205517	0.183918	0.188797	4,179,560	53,962,800
05/04/2018	0.195192	0.223119	0.193268	0.205837	5,266,390	51,402,600
05/03/2018	0.206142	0.206508	0.188954	0.193978	7,013,140	54,286,000
05/02/2018	0.191086	0.223289	0.179734	0.205741	20,505,900	50,321,300
05/01/2018	0.157305	0.194380	0.138663	0.189512	21,801,200	41,425,100
04/30/2018	0.138272	0.171383	0.137939	0.158366	11,670,400	36,413,000
04/29/2018	0.139436	0.142547	0.127222	0.137823	3,307,520	36,719,700
04/28/2018	0.120459	0.149760	0.120459	0.139190	2,965,990	31,722,100
04/27/2018	0.126128	0.129751	0.120934	0.120934	2,280,140	32,962,800
04/26/2018	0.114592	0.126398	0.113025	0.126364	2,027,030	29,947,900
04/25/2018	0.143970	0.143970	0.110364	0.113685	4,357,290	37,625,500
04/24/2018	0.131302	0.147321	0.131302	0.144845	4,250,320	34,314,800
04/23/2018	0.126820	0.137458	0.126017	0.130978	3,017,050	33,143,500
04/22/2018	0.117824	0.139619	0.115418	0.127358	5,453,970	30,792,600
04/21/2018	0.125544	0.126837	0.110573	0.118345	3,340,230	32,810,200
04/20/2018	0.113970	0.132840	0.108827	0.125263	6,269,550	29,785,200
04/19/2018	0.107965	0.114165	0.107128	0.114082	2,068,010	28,215,900
04/18/2018	0.099097	0.110144	0.098735	0.107871	2,815,880	25,898,400
04/17/2018	0.098587	0.103571	0.096900	0.099008	3,418,850	25,765,000
04/16/2018	0.102726	0.104102	0.096037	0.098662	1,537,040	26,846,700
04/15/2018	0.098215	0.103968	0.098215	0.102716	1,862,690	25,667,800
04/14/2018	0.097371	0.101366	0.096476	0.098313	1,708,320	25,452,700
04/13/2018	0.096332	0.104268	0.093024	0.097588	2,691,360	25,190,900
04/12/2018	0.088861	0.096759	0.084353	0.096248	2,886,350	23,237,200
04/11/2018	0.085759	0.090426	0.083948	0.088630	2,393,140	22,426,000
04/10/2018	0.081954	0.087579	0.081528	0.085908	1,398,040	21,431,000
04/09/2018	0.088361	0.089907	0.080619	0.081875	2,529,820	22,974,000
04/08/2018	0.087597	0.090694	0.086776	0.088233	1,503,230	22,337,300
04/07/2018	0.085317	0.094802	0.083397	0.087437	5,435,830	21,755,900
04/06/2018	0.075894	0.097643	0.074266	0.085257	10,928,200	19,352,800
04/05/2018	0.070691	0.076296	0.068300	0.076296	2,394,060	18,026,300
04/04/2018	0.081941	0.082079	0.069745	0.070787	2,382,540	20,895,000
04/03/2018	0.071392	0.083153	0.070616	0.081873	1,779,740	18,205,100
04/02/2018	0.066822	0.071880	0.066667	0.071456	1,963,170	17,039,600
04/01/2018	0.071034	0.071716	0.062324	0.066689	1,949,850	17,758,600
03/31/2018	0.068741	0.074059	0.068741	0.070705	1,581,490	17,185,400
03/30/2018	0.072445	0.074331	0.065948	0.068657	2,211,300	18,111,100
03/29/2018	0.085798	0.086424	0.071397	0.072425	2,228,410	21,449,400
03/28/2018	0.080538	0.096643	0.079169	0.085890	4,098,440	20,134,600
03/27/2018	0.082887	0.088802	0.076791	0.081558	3,642,350	20,721,800
03/26/2018	0.091677	0.093354	0.076299	0.081909	2,087,160	22,919,200
03/25/2018	0.093341	0.096372	0.088396	0.092115	2,430,900	23,335,100
03/24/2018	0.089904	0.099579	0.089769	0.094868	1,923,050	22,476,000
03/23/2018	0.092196	0.095675	0.085292	0.089057	3,033,570	23,049,100
03/22/2018	0.089048	0.102832	0.088691	0.092224	3,667,790	22,261,900
03/21/2018	0.084927	0.112180	0.081111	0.088957	4,524,020	21,231,900
03/20/2018	0.076956	0.088581	0.073926	0.084902	1,030,420	19,238,900
03/19/2018	0.070201	0.078091	0.070201	0.076229	1,169,540	17,550,300
03/18/2018	0.068670	0.071872	0.059671	0.070468	1,440,690	17,167,400
03/17/2018	0.075429	0.075588	0.067898	0.068634	439,004	18,857,200
03/16/2018	0.075188	0.078972	0.071231	0.075321	965,686	18,797,000
03/15/2018	0.072291	0.088412	0.067872	0.074589	3,153,490	18,072,700
03/14/2018	0.082724	0.086313	0.070248	0.072255	1,013,980	20,681,000
03/13/2018	0.082485	0.085511	0.080310	0.083172	1,082,410	20,621,200
03/12/2018	0.087717	0.093105	0.079614	0.083462	985,242	21,929,200
03/11/2018	0.079624	0.088631	0.074735	0.087896	2,098,090	19,906,000
03/10/2018	0.084664	0.093878	0.079798	0.079870	2,844,450	21,166,000
03/09/2018	0.085524	0.085817	0.072846	0.084599	1,298,050	21,381,100
03/08/2018	0.091956	0.099636	0.084795	0.086003	2,369,130	22,988,900
03/07/2018	0.106076	0.109652	0.085860	0.092088	3,193,580	26,519,000
03/06/2018	0.123055	0.123055	0.104845	0.105782	6,033,280	30,075,800
03/05/2018	0.124837	0.126575	0.121646	0.123440	505,971	30,511,400
03/04/2018	0.126358	0.128660	0.123140	0.124103	616,210	30,882,900
03/03/2018	0.125573	0.130166	0.125159	0.126647	456,672	30,691,200
03/02/2018	0.131976	0.134317	0.122761	0.125657	645,579	32,256,200
03/01/2018	0.122119	0.133271	0.120955	0.132027	1,181,760	29,846,900
02/28/2018	0.127025	0.132309	0.121157	0.121396	1,250,630	31,046,100
02/27/2018	0.128097	0.132910	0.126100	0.127578	1,192,740	31,308,100
02/26/2018	0.128840	0.131100	0.120782	0.128247	1,418,230	31,489,600
02/25/2018	0.137749	0.143618	0.124127	0.128298	6,172,840	33,667,100
02/24/2018	0.123465	0.152005	0.116571	0.141509	4,674,360	30,176,000
02/23/2018	0.120744	0.156467	0.117061	0.123788	3,514,270	29,511,000
02/22/2018	0.129731	0.140979	0.116405	0.120392	1,046,330	31,707,400
02/21/2018	0.139610	0.142459	0.124175	0.129627	755,623	34,122,000
02/20/2018	0.157851	0.160003	0.138037	0.138037	1,740,210	36,532,500
02/19/2018	0.152016	0.163368	0.149831	0.157310	1,543,630	35,182,100
02/18/2018	0.178330	0.180989	0.152559	0.152559	3,471,530	41,271,900
02/17/2018	0.167667	0.188707	0.164547	0.178318	3,196,760	38,804,200
02/16/2018	0.161998	0.168818	0.153839	0.167717	1,338,010	37,492,100
02/15/2018	0.154128	0.165005	0.151615	0.162048	1,629,580	35,670,700
02/14/2018	0.143657	0.155645	0.143116	0.154153	1,012,940	33,247,400
02/13/2018	0.155642	0.155642	0.141826	0.144011	1,120,140	36,021,200
02/12/2018	0.144049	0.158929	0.144049	0.155645	1,628,870	33,338,200
02/11/2018	0.166319	0.167728	0.143545	0.143545	5,865,610	38,492,300
02/10/2018	0.153681	0.203709	0.150896	0.166187	11,862,400	35,567,400
02/09/2018	0.136629	0.153718	0.129683	0.153658	590,217	31,621,000
02/08/2018	0.126748	0.141559	0.126748	0.136976	796,435	29,334,000
02/07/2018	0.134494	0.145904	0.124688	0.127890	1,000,540	31,126,700
02/06/2018	0.120293	0.137673	0.094727	0.135429	1,818,080	27,840,100
02/05/2018	0.159707	0.161176	0.111111	0.119675	1,086,640	36,962,100
02/04/2018	0.177800	0.181019	0.147222	0.160857	1,857,290	41,149,400
02/03/2018	0.164184	0.184353	0.154697	0.176741	1,004,930	37,998,100
02/02/2018	0.167231	0.175714	0.134429	0.163979	2,369,580	38,703,200
02/01/2018	0.204279	0.213929	0.160691	0.167003	2,074,380	47,277,500
01/31/2018	0.198714	0.205923	0.185996	0.203642	1,412,170	45,989,500
01/30/2018	0.234386	0.235690	0.187856	0.198103	2,707,280	54,245,300
01/29/2018	0.260658	0.262028	0.223281	0.234243	3,893,270	60,325,800
01/28/2018	0.248881	0.282621	0.247860	0.261116	9,330,500	57,600,000
01/27/2018	0.232343	0.253518	0.225894	0.247530	2,366,360	53,772,600
01/26/2018	0.229337	0.242195	0.206046	0.232757	3,591,230	53,076,900
01/25/2018	0.230314	0.241768	0.221179	0.229644	4,192,260	53,302,900
01/24/2018	0.223275	0.239980	0.215512	0.225662	2,802,750	51,673,800
01/23/2018	0.218274	0.236623	0.198000	0.223164	3,970,310	50,516,400
01/22/2018	0.233006	0.254671	0.196612	0.218935	3,223,790	53,925,900
01/21/2018	0.278793	0.278793	0.215835	0.232026	3,695,380	64,522,800
01/20/2018	0.270435	0.286238	0.265787	0.277803	5,565,200	62,588,500
01/19/2018	0.218700	0.285497	0.211555	0.267002	7,275,380	50,615,200
01/18/2018	0.225638	0.253283	0.206449	0.220003	5,578,440	52,220,800
01/17/2018	0.204618	0.249306	0.152978	0.225881	7,786,990	47,356,100
01/16/2018	0.304324	0.304324	0.166001	0.201874	7,050,980	70,431,500
01/15/2018	0.347912	0.355686	0.301669	0.304443	5,873,850	80,519,400
01/14/2018	0.396845	0.403051	0.339894	0.349738	7,963,510	91,844,300
01/13/2018	0.413360	0.460781	0.388155	0.396760	9,990,940	95,666,500
01/12/2018	0.352269	0.465645	0.338826	0.409983	14,392,300	81,527,800
01/11/2018	0.425441	0.430982	0.327846	0.347609	6,157,730	98,462,600
01/10/2018	0.425408	0.428693	0.350776	0.423376	8,905,240	98,454,800
01/09/2018	0.440331	0.476143	0.421652	0.425765	10,479,600	101,909,000
01/08/2018	0.513992	0.514688	0.399674	0.438857	12,705,500	118,956,000
01/07/2018	0.562352	0.562352	0.498921	0.515536	15,909,800	130,149,000
01/06/2018	0.500719	0.607859	0.500719	0.562147	22,686,100	115,885,000
01/05/2018	0.405477	0.619764	0.391681	0.507032	43,461,500	85,732,400
01/04/2018	0.412395	0.446845	0.370281	0.406734	18,175,900	87,195,200
01/03/2018	0.327085	0.493728	0.324253	0.413791	34,606,000	69,157,700
01/02/2018	0.299057	0.341376	0.293305	0.327982	8,808,830	63,231,400
01/01/2018	0.286816	0.309528	0.275870	0.298886	5,507,410	60,643,300
12/31/2017	0.261146	0.305346	0.253543	0.287257	6,949,090	55,215,600
12/30/2017	0.289582	0.289582	0.244948	0.262230	4,499,190	61,228,100
12/29/2017	0.284044	0.306251	0.263415	0.290340	6,810,460	60,057,100
12/28/2017	0.293232	0.344723	0.260325	0.283805	7,680,170	61,999,900
12/27/2017	0.303966	0.317194	0.278325	0.294211	5,590,380	64,269,400
12/26/2017	0.300859	0.315440	0.293568	0.302321	4,771,580	63,612,600
12/25/2017	0.302207	0.331025	0.289120	0.301359	5,239,180	63,897,600
12/24/2017	0.311578	0.316151	0.263669	0.302101	6,435,540	65,878,800
12/23/2017	0.308577	0.351638	0.302855	0.311541	6,370,000	65,244,300
12/22/2017	0.432229	0.433887	0.238600	0.303107	13,161,100	91,388,800
12/21/2017	0.400160	0.485886	0.388423	0.428692	19,033,300	84,608,300
12/20/2017	0.378578	0.419109	0.337313	0.397606	17,911,000	80,045,200
12/19/2017	0.381970	0.417826	0.363612	0.377639	19,667,300	80,762,300
12/18/2017	0.376510	0.387833	0.339991	0.380539	15,726,600	79,607,800
12/17/2017	0.416066	0.452497	0.364336	0.380142	18,386,100	87,971,500
12/16/2017	0.312635	0.431202	0.311644	0.419351	32,263,900	66,102,300
12/15/2017	0.326355	0.333103	0.282946	0.312392	15,089,500	69,003,400
12/14/2017	0.294240	0.354821	0.289808	0.329613	41,512,600	62,213,100
12/13/2017	0.302572	0.317652	0.283331	0.294712	39,245,400	63,974,700
12/12/2017	0.294445	0.363939	0.276824	0.302970	40,065,900	62,256,300
12/11/2017	0.291876	0.314303	0.282614	0.293517	28,896,000	61,713,100
12/10/2017	0.308061	0.308445	0.263446	0.291785	11,211,000	65,135,200
12/09/2017	0.347955	0.387014	0.267309	0.306086	22,448,800	73,570,300
12/08/2017	0.258485	0.349969	0.225233	0.349969	28,711,500	54,653,000
12/07/2017	0.295275	0.359508	0.245485	0.259475	26,834,400	62,431,900
12/06/2017	0.326537	0.508198	0.286835	0.299285	78,149,500	67,083,500
12/05/2017	0.225444	0.335164	0.192046	0.317576	73,632,300	41,805,800
12/04/2017	0.125682	0.267331	0.124273	0.225461	39,160,800	23,306,200
12/03/2017	0.131149	0.133409	0.119819	0.125382	8,233,120	24,319,900
12/02/2017	0.136854	0.147150	0.124723	0.129486	9,950,810	25,377,800
12/01/2017	0.089760	0.170583	0.086677	0.139015	12,259,800	15,091,100
11/30/2017	0.064381	0.099462	0.063511	0.089000	2,933,280	10,824,300
11/29/2017	0.063066	0.078419	0.059440	0.064154	1,303,560	10,603,100
11/28/2017	0.065845	0.068265	0.061211	0.063099	975,656	11,070,300
11/27/2017	0.056663	0.066970	0.056110	0.066382	812,909	9,526,610
11/26/2017	0.061558	0.063875	0.055177	0.056168	790,340	10,349,600
11/25/2017	0.060092	0.064609	0.058088	0.061760	1,050,470	10,103,200
11/24/2017	0.056867	0.062397	0.055100	0.060276	1,056,310	-
11/23/2017	0.058455	0.096996	0.055746	0.056681	627,485	-
11/22/2017	0.058762	0.060380	0.055119	0.058708	890,027	-
11/21/2017	0.060756	0.065030	0.057820	0.058492	1,522,010	-
11/20/2017	0.056923	0.086478	0.056489	0.063743	14,809,900	-
11/19/2017	0.057480	0.061187	0.056622	0.057175	3,225,600	-
11/18/2017	0.054208	0.057723	0.052702	0.057485	3,377,100	-
11/17/2017	0.061416	0.061713	0.053737	0.054157	3,224,010	-
11/16/2017	0.057843	0.062673	0.057401	0.061737	6,381,640	-
11/15/2017	0.057684	0.061676	0.056840	0.057779	4,296,580	-
11/14/2017	0.058818	0.060677	0.055764	0.057631	4,953,160	-
11/13/2017	0.051610	0.060841	0.051610	0.058811	4,325,370	-
11/12/2017	0.059473	0.059473	0.046439	0.051544	4,882,910	-
11/11/2017	0.061032	0.065045	0.056761	0.059396	3,472,180	-
11/10/2017	0.075202	0.076647	0.059824	0.061604	5,725,650	-
11/09/2017	0.079610	0.084585	0.070164	0.075062	5,765,090	-
11/08/2017	0.086800	0.088504	0.066790	0.079690	4,494,650	-
11/07/2017	0.092293	0.110980	0.087453	0.087453	7,490,330	-
11/06/2017	0.050717	0.102455	0.050717	0.092920	4,616,630	-
11/05/2017	0.047973	0.053504	0.046938	0.050305	388,346	-
11/04/2017	0.042483	0.050370	0.040918	0.047304	475,794	-
11/03/2017	0.045095	0.045748	0.039038	0.043247	590,216	-
11/02/2017	0.041027	0.049660	0.039323	0.046433	329,087	-
11/01/2017	0.038994	0.042557	0.038256	0.040983	146,419	-
10/31/2017	0.035138	0.040257	0.035037	0.039050	121,205	-
10/30/2017	0.036459	0.039041	0.033037	0.035242	150,048	-
10/29/2017	0.035001	0.038574	0.032765	0.036664	147,977	-
10/28/2017	0.038171	0.038600	0.032821	0.033369	137,759	-
10/27/2017	0.034920	0.038264	0.034908	0.036508	120,996	-
10/26/2017	0.036641	0.037782	0.029515	0.037110	152,033	-
10/25/2017	0.038737	0.040157	0.035071	0.036646	195,416	-
10/24/2017	0.031400	0.041316	0.029792	0.038212	81,458	-
10/23/2017	0.032344	0.033118	0.029377	0.031483	92,926	-
10/22/2017	0.030102	0.035057	0.029621	0.032395	184,342	-
10/21/2017	0.035995	0.036114	0.030096	0.030096	285,461	-
10/20/2017	0.034240	0.037552	0.033183	0.036074	282,208	-
10/19/2017	0.034958	0.037077	0.033143	0.034232	393,513	-
10/18/2017	0.033628	0.036381	0.032589	0.034945	102,971	-
10/17/2017	0.035092	0.037291	0.033077	0.033077	140,454	-
10/16/2017	0.034159	0.036939	0.033633	0.035087	100,849	-
10/15/2017	0.033552	0.037753	0.032403	0.034155	95,177	-
10/14/2017	0.039980	0.040789	0.031549	0.033492	108,013	-
10/13/2017	0.040497	0.044009	0.035239	0.039478	120,324	-
10/12/2017	0.039680	0.041032	0.037344	0.040381	81,077	-
10/11/2017	0.034025	0.040829	0.033746	0.039648	72,162	-
10/10/2017	0.030654	0.041695	0.029303	0.034028	106,054	-
10/09/2017	0.037374	0.039752	0.028910	0.030656	26,587	-
10/08/2017	0.038711	0.042998	0.035767	0.037369	12,737	-
10/07/2017	0.044079	0.045236	0.037668	0.038722	25,991	-
10/06/2017	0.039909	0.046710	0.039587	0.044069	24,730	-
10/05/2017	0.039309	0.043705	0.037964	0.039910	13,852	-
10/04/2017	0.040993	0.044190	0.039289	0.039289	20,518	-
10/03/2017	0.050418	0.051554	0.040858	0.040962	18,737	-
10/02/2017	0.044648	0.065942	0.044648	0.050418	26,394	-
10/01/2017	0.043225	0.047761	0.042024	0.044657	28,964	-
09/30/2017	0.043268	0.046257	0.036186	0.043410	22,347	-
09/29/2017	0.047257	0.051169	0.041048	0.043267	23,240	-
09/28/2017	0.046201	0.056185	0.043035	0.047259	21,801	-
09/27/2017	0.051380	0.054984	0.044936	0.046207	22,463	-
09/26/2017	0.050131	0.057057	0.044108	0.051381	31,986	-
09/25/2017	0.031309	0.050535	0.031308	0.050131	49,090	-
09/24/2017	0.031333	0.031333	0.031302	0.031310	14,894	-
09/23/2017	0.031296	0.031339	0.031289	0.031333	14,906	-
09/22/2017	0.031298	0.031325	0.031281	0.031297	14,887	-
09/21/2017	0.032150	0.036989	0.031293	0.031298	14,888	-
09/17/2017	0.031935	0.031947	0.031561	0.031561	32,224	-
09/16/2017	0.031428	0.036597	0.028945	0.031927	32,610	-
09/15/2017	0.026407	0.036458	0.021197	0.031409	15,023	-
09/14/2017	0.031816	0.032435	0.025788	0.026416	9,007	-
09/13/2017	0.035551	0.038993	0.031225	0.031816	15,663	-
09/12/2017	0.035543	0.035993	0.035537	0.035796	3,793	-
09/11/2017	0.032170	0.038836	0.031532	0.035551	3,774	-
09/10/2017	0.034218	0.040548	0.031221	0.032178	3,057	-
09/09/2017	0.037287	0.041724	0.026841	0.034217	11,566	-
09/08/2017	0.043925	0.045392	0.032565	0.037290	25,484	-
09/07/2017	0.023350	0.045728	0.022904	0.043936	47,303	-
09/06/2017	0.031935	0.034339	0.018415	0.023336	1,129,190	-
09/05/2017	0.035816	0.047579	0.024061	0.032167	835,316	-
09/04/2017	0.076225	0.078553	0.022963	0.038302	1,731,490	-
09/03/2017	0.111131	0.118261	0.049864	0.075778	6,087,350	-
09/02/2017	0.109757	0.117306	0.084043	0.111101	42,210	-
09/01/2017	0.112554	0.118126	0.081508	0.109751	119,331	-
08/31/2017	0.105205	0.131446	0.105205	0.112559	75,476	-
08/30/2017	0.103962	0.119690	0.083886	0.105204	40,656	-
08/29/2017	0.078180	0.110330	0.076451	0.103965	41,776	-
08/28/2017	0.080695	0.084645	0.071474	0.078178	20,752	-
08/27/2017	0.082889	0.084840	0.077245	0.080696	4,172	-
08/26/2017	0.081235	0.084565	0.072132	0.082890	11,164	-
08/25/2017	0.071104	0.087612	0.071104	0.081215	10,712	-
08/24/2017	0.098756	0.098756	0.071092	0.071114	19,785	-
08/23/2017	0.127805	0.127805	0.092817	0.098774	13,465	-
08/22/2017	0.099440	0.129500	0.091667	0.127805	2,410	-
08/21/2017	0.103308	0.110615	0.098573	0.099440	6,864	-
08/20/2017	0.123073	0.123319	0.091396	0.103308	3,128	-
08/19/2017	0.101731	0.123073	0.099998	0.123073	8,194	-
