Date	Open	High	Low	Close	Volume	Market Cap
07/15/2018	0.051532	0.053259	0.044443	0.044443	2,507	5,874,830
07/14/2018	0.040871	0.059758	0.040871	0.051545	14,588	4,655,150
07/13/2018	0.038357	0.043814	0.038320	0.040983	5,098	4,368,800
07/12/2018	0.041025	0.041355	0.037649	0.038319	4,019	4,672,680
07/11/2018	0.041003	0.044649	0.037857	0.041033	3,748	4,670,220
07/10/2018	0.043526	0.044105	0.040280	0.041002	4,970	4,957,580
07/09/2018	0.043315	0.046416	0.043242	0.043557	2,927	4,933,560
07/08/2018	0.040928	0.056103	0.040348	0.043325	15,955	4,661,680
07/07/2018	0.042633	0.045101	0.039662	0.040970	5,154	4,855,840
07/06/2018	0.043539	0.043562	0.041392	0.042691	873	4,958,960
07/05/2018	0.043784	0.044374	0.041107	0.043546	7,224	4,986,960
07/04/2018	0.044714	0.044785	0.042678	0.043691	2,163	5,014,630
07/03/2018	0.043946	0.048268	0.043122	0.044731	3,153	4,928,470
07/02/2018	0.040136	0.044170	0.038972	0.044151	3,557	4,501,210
07/01/2018	0.042500	0.042915	0.039399	0.040131	4,731	4,766,260
06/30/2018	0.038968	0.043652	0.038968	0.042489	9,649	4,370,210
06/29/2018	0.042335	0.045577	0.037491	0.038916	10,307	4,747,830
06/28/2018	0.038445	0.048729	0.038288	0.042311	13,927	4,311,540
06/27/2018	0.038388	0.041640	0.036107	0.038431	13,696	4,305,180
06/26/2018	0.036783	0.040950	0.035740	0.038405	7,848	4,125,110
06/25/2018	0.037964	0.039488	0.035776	0.036786	21,010	4,257,620
06/24/2018	0.043660	0.044065	0.036261	0.037827	26,652	4,896,420
06/23/2018	0.043217	0.046517	0.039715	0.043666	24,321	4,835,990
06/22/2018	0.048915	0.048956	0.038344	0.043211	16,185	5,473,570
06/21/2018	0.053971	0.054095	0.048968	0.048968	31,668	6,039,320
06/20/2018	0.056345	0.056410	0.048723	0.053960	71,078	6,283,350
06/19/2018	0.057346	0.062074	0.053854	0.056310	26,081	6,395,000
06/18/2018	0.061021	0.067453	0.053765	0.057377	69,513	6,804,860
06/17/2018	0.053970	0.066811	0.050916	0.061228	93,605	6,018,480
06/16/2018	0.093627	0.094147	0.051731	0.053835	92,854	10,440,800
06/15/2018	0.067016	0.093626	0.058574	0.093626	125,326	7,473,380
06/14/2018	0.064034	0.071767	0.062869	0.067584	12,142	7,140,800
06/13/2018	0.069390	0.071117	0.063895	0.064034	21,525	7,738,050
06/12/2018	0.074382	0.077415	0.067300	0.069211	16,377	8,294,770
06/11/2018	0.087287	0.087287	0.068239	0.074415	49,837	9,297,380
06/10/2018	0.089645	0.125080	0.073533	0.087161	97,685	9,548,580
06/09/2018	0.096287	0.096808	0.088548	0.089536	2,985	10,256,100
06/08/2018	0.101259	0.103782	0.085194	0.096326	32,296	10,785,700
06/07/2018	0.099322	0.103346	0.094220	0.101181	8,323	10,579,400
06/06/2018	0.111815	0.117372	0.099234	0.099254	55,669	11,910,100
06/05/2018	0.117151	0.117971	0.098933	0.111978	50,068	12,478,400
06/04/2018	0.112296	0.127102	0.110067	0.117111	32,221	11,961,300
06/03/2018	0.108353	0.132485	0.095896	0.111335	28,329	11,541,300
06/02/2018	0.094364	0.117079	0.091580	0.108331	19,300	10,051,200
06/01/2018	0.089746	0.101080	0.087816	0.094403	3,003	9,559,310
05/31/2018	0.090398	0.099922	0.085961	0.089707	31,589	9,628,840
05/30/2018	0.086791	0.090230	0.081053	0.090222	12,079	9,244,580
05/29/2018	0.077232	0.088998	0.072096	0.086773	33,779	8,226,400
05/28/2018	0.089667	0.091466	0.075462	0.077162	38,406	9,550,970
05/27/2018	0.102549	0.103329	0.085364	0.089650	21,052	10,923,100
05/26/2018	0.101575	0.114348	0.093977	0.102354	62,657	10,819,300
05/25/2018	0.110013	0.110091	0.099543	0.101680	7,558	11,718,100
05/24/2018	0.115206	0.117642	0.100997	0.109873	9,483	12,271,200
05/23/2018	0.125461	0.130545	0.099240	0.115501	49,922	13,324,200
05/22/2018	0.141817	0.145107	0.128970	0.132170	16,580	15,061,200
05/21/2018	0.126658	0.144160	0.123862	0.141847	27,322	13,451,300
05/20/2018	0.112761	0.126650	0.112432	0.126502	8,995	11,975,500
05/19/2018	0.121893	0.126651	0.106779	0.112678	34,915	12,945,300
05/18/2018	0.113304	0.122297	0.107042	0.121909	21,209	12,033,100
05/17/2018	0.125978	0.148113	0.110122	0.113208	56,675	13,379,100
05/16/2018	0.130661	0.130661	0.112554	0.125901	44,277	13,921,000
05/15/2018	0.138514	0.140910	0.125657	0.130719	36,986	14,748,600
05/14/2018	0.145250	0.151128	0.126243	0.138587	110,909	15,465,700
05/13/2018	0.153574	0.163033	0.139314	0.145275	131,044	16,352,100
05/12/2018	0.148959	0.153968	0.139542	0.153591	45,484	15,860,700
05/11/2018	0.169935	0.169935	0.142338	0.149393	22,120	18,063,500
05/10/2018	0.170136	0.172585	0.161219	0.169778	31,787	18,084,900
05/09/2018	0.169553	0.173532	0.157236	0.170145	115,514	18,022,900
05/08/2018	0.161374	0.170470	0.153463	0.169678	42,129	17,153,600
05/07/2018	0.173259	0.175060	0.156960	0.160932	20,313	18,416,800
05/06/2018	0.176848	0.178439	0.155187	0.173139	23,468	18,789,000
05/05/2018	0.171960	0.181027	0.169790	0.176829	22,593	18,269,700
05/04/2018	0.162437	0.175356	0.157676	0.172035	17,160	17,258,000
05/03/2018	0.155906	0.177660	0.153758	0.162247	111,900	16,466,600
05/02/2018	0.150417	0.165095	0.145324	0.155901	40,886	16,808,900
05/01/2018	0.155392	0.166312	0.142103	0.150671	43,664	17,364,900
04/30/2018	0.158904	0.161000	0.143782	0.155244	59,973	17,757,300
04/29/2018	0.150224	0.176351	0.140362	0.158992	54,627	16,787,400
04/28/2018	0.135204	0.163556	0.134914	0.150561	24,963	15,106,200
04/27/2018	0.160662	0.161711	0.134227	0.138613	27,718	17,950,600
04/26/2018	0.166940	0.167612	0.135126	0.160525	82,435	18,652,000
04/25/2018	0.177125	0.209502	0.145733	0.166446	146,322	19,790,000
04/24/2018	0.143676	0.185865	0.141893	0.178033	95,223	16,052,700
04/23/2018	0.136142	0.157516	0.129002	0.143591	44,386	15,211,000
04/22/2018	0.141188	0.146933	0.127875	0.136417	37,036	15,767,000
04/21/2018	0.150545	0.158934	0.137228	0.141188	30,551	16,811,900
04/20/2018	0.105520	0.155643	0.102721	0.150484	120,380	11,783,800
04/19/2018	0.108650	0.112008	0.098446	0.102232	34,563	12,133,300
04/18/2018	0.107924	0.108685	0.098073	0.108579	27,356	12,052,300
04/17/2018	0.106351	0.109959	0.098205	0.107840	34,808	11,876,600
04/16/2018	0.112544	0.122472	0.102387	0.106301	20,581	12,568,200
04/15/2018	0.119841	0.121740	0.103397	0.112581	11,843	13,383,100
04/14/2018	0.106505	0.121384	0.104179	0.119722	101,176	11,893,800
04/13/2018	0.090407	0.108789	0.086425	0.106567	20,962	10,096,100
04/12/2018	0.080859	0.094624	0.076924	0.090289	21,306	9,029,870
04/11/2018	0.083373	0.088812	0.072001	0.081059	68,497	9,310,520
04/10/2018	0.087909	0.087909	0.068625	0.083278	36,588	9,817,160
04/09/2018	0.089450	0.093004	0.076840	0.088246	15,565	9,988,760
04/08/2018	0.080222	0.114560	0.080222	0.089304	51,527	8,958,300
04/07/2018	0.099409	0.100562	0.078130	0.080159	29,502	11,100,900
04/06/2018	0.120961	0.121018	0.094665	0.099300	35,122	13,507,600
04/05/2018	0.103897	0.121396	0.100461	0.121396	6,934	11,602,000
04/04/2018	0.129575	0.145749	0.093979	0.103858	41,621	14,469,400
04/03/2018	0.135385	0.331374	0.095259	0.129611	37,260	15,118,300
04/02/2018	0.133295	0.139417	0.117712	0.135282	2,694	14,884,900
04/01/2018	0.132222	0.152797	0.121493	0.132782	3,667	14,765,100
03/31/2018	0.120523	0.132262	0.113780	0.132225	12,928	13,458,700
03/30/2018	0.126052	0.129462	0.099491	0.120510	10,249	14,076,100
03/29/2018	0.158037	0.158472	0.115587	0.126364	35,859	17,647,800
03/28/2018	0.156190	0.161990	0.148039	0.157852	8,596	17,436,300
03/27/2018	0.146798	0.163508	0.136722	0.156222	6,907	16,387,900
03/26/2018	0.171757	0.177099	0.138313	0.146921	31,655	19,174,200
03/25/2018	0.167494	0.198491	0.156470	0.171935	17,980	18,698,300
03/24/2018	0.175136	0.182456	0.159619	0.169738	14,554	18,938,400
03/23/2018	0.174834	0.207976	0.155151	0.172651	25,315	18,905,800
03/22/2018	0.194799	0.200408	0.159279	0.174837	36,393	21,064,700
03/21/2018	0.202978	0.211470	0.166316	0.195125	27,508	21,949,100
03/20/2018	0.171724	0.204482	0.169899	0.202720	24,274	18,569,400
03/19/2018	0.175299	0.184034	0.167447	0.174905	9,739	18,956,000
03/18/2018	0.179724	0.183603	0.150776	0.176035	62,040	19,434,500
03/17/2018	0.185257	0.186367	0.170024	0.180141	9,265	20,032,900
03/16/2018	0.190258	0.203837	0.175572	0.184967	67,005	20,573,600
03/15/2018	0.193438	0.199170	0.172472	0.190365	51,671	20,917,500
03/14/2018	0.218164	0.223175	0.187808	0.193524	3,139	23,591,200
03/13/2018	0.226999	0.233947	0.207575	0.218134	18,476	24,546,700
03/12/2018	0.240804	0.260128	0.217220	0.228310	35,124	26,039,400
03/11/2018	0.201956	0.261475	0.191948	0.241541	32,993	21,838,600
03/10/2018	0.221965	0.227246	0.201343	0.202344	2,426	24,001,500
03/09/2018	0.236142	0.239872	0.188296	0.221870	49,778	25,534,400
03/08/2018	0.228422	0.280540	0.201805	0.237656	48,316	24,699,700
03/07/2018	0.246394	0.289950	0.193948	0.217909	14,380	26,643,000
03/06/2018	0.289827	0.289827	0.234529	0.246714	14,734	-
03/05/2018	0.313066	0.315467	0.263788	0.290630	21,618	-
03/04/2018	0.308586	0.313295	0.272489	0.313295	19,158	-
03/03/2018	0.274590	0.340778	0.256621	0.309119	36,834	-
03/02/2018	0.298437	0.310527	0.255306	0.274926	10,199	-
03/01/2018	0.245140	0.321091	0.235657	0.299206	15,821	-
02/28/2018	0.268285	0.308096	0.241924	0.244780	5,777	-
02/27/2018	0.246376	0.335228	0.226951	0.268601	32,772	-
02/26/2018	0.193716	0.254604	0.188334	0.245666	8,283	-
02/25/2018	0.203091	0.214312	0.189371	0.193468	2,744	-
02/24/2018	0.194829	0.207232	0.188102	0.203399	8,142	-
02/23/2018	0.193080	0.213765	0.187975	0.195075	7,723	-
02/22/2018	0.212797	0.222202	0.186498	0.193261	9,265	-
02/21/2018	0.235036	0.329088	0.187631	0.213013	19,226	-
02/20/2018	0.244060	0.294637	0.232813	0.235329	9,212	-
02/19/2018	0.233429	0.292719	0.232709	0.243838	18,943	-
02/18/2018	0.281186	0.286276	0.233958	0.234507	2,833	-
02/17/2018	0.253241	0.281980	0.232614	0.280327	11,578	-
02/16/2018	0.220009	0.258028	0.208661	0.253299	14,777	-
02/15/2018	0.255340	0.284326	0.209413	0.220953	36,437	-
02/14/2018	0.230934	0.276801	0.178839	0.255202	59,022	-
02/13/2018	0.253060	0.280045	0.226976	0.231624	22,971	-
02/12/2018	0.278427	0.293038	0.249210	0.252600	34,191	-
02/11/2018	0.277572	0.280539	0.245683	0.276664	20,370	-
02/10/2018	0.306205	0.338370	0.245983	0.277810	48,021	-
02/09/2018	0.271463	0.415847	0.264029	0.305981	85,195	-
02/08/2018	0.261176	0.300012	0.260850	0.270656	12,682	-
02/07/2018	0.283779	0.310443	0.249004	0.262172	14,149	-
02/06/2018	0.225001	0.288828	0.149469	0.284286	24,512	-
02/05/2018	0.287628	0.292884	0.156678	0.224710	48,970	-
02/04/2018	0.301560	0.312802	0.259001	0.290444	6,669	-
02/03/2018	0.268286	0.325034	0.263880	0.301475	41,628	-
02/02/2018	0.308582	0.308582	0.240223	0.267358	21,218	-
02/01/2018	0.356400	0.470295	0.289182	0.309228	36,008	-
01/31/2018	0.373905	0.375981	0.304963	0.355534	32,760	-
01/30/2018	0.388713	0.439998	0.333363	0.373279	107,454	-
01/29/2018	0.449813	0.459413	0.373140	0.388585	99,209	-
01/28/2018	0.514662	0.534261	0.406599	0.450178	136,500	-
01/27/2018	0.376219	0.689413	0.376219	0.511964	331,027	-
01/26/2018	0.388455	0.410795	0.310780	0.376470	81,872	-
01/25/2018	0.385552	0.419744	0.369302	0.389491	50,985	-
01/24/2018	0.440861	0.460631	0.378471	0.402089	38,827	-
01/23/2018	0.412511	0.447372	0.379409	0.425738	81,740	-
01/22/2018	0.515417	0.578219	0.396262	0.425681	73,098	-
01/21/2018	0.618989	0.620120	0.493523	0.508749	67,453	-
01/20/2018	0.567192	0.662094	0.559431	0.621754	89,822	-
01/19/2018	0.623803	0.639722	0.540822	0.561127	118,978	-
01/18/2018	0.624013	0.702030	0.568138	0.607253	194,444	-
01/17/2018	0.575651	0.879547	0.488413	0.621356	284,804	-
01/16/2018	0.913174	0.931317	0.514221	0.578552	131,642	-
01/15/2018	0.903026	1.16	0.825817	0.911970	608,312	-
01/14/2018	1.11	1.18	0.768561	0.908040	595,823	-
01/13/2018	0.959523	1.83	0.864457	1.08	2,154,040	-
01/12/2018	0.631525	0.965112	0.624149	0.961299	899,137	-
