Date	Open	High	Low	Close	Volume	Market Cap
07/15/2018	0.031939	0.036410	0.031618	0.031949	207,918	15,043,100
07/14/2018	0.031540	0.032418	0.031244	0.031892	177,316	14,855,000
07/13/2018	0.029221	0.032350	0.029221	0.031441	947,261	13,763,000
07/12/2018	0.032164	0.033082	0.028447	0.029164	335,066	15,149,200
07/11/2018	0.035353	0.036410	0.030221	0.032189	262,707	16,650,900
07/10/2018	0.040427	0.040722	0.035670	0.035909	168,500	19,040,900
07/09/2018	0.040170	0.042817	0.039267	0.040454	280,634	18,919,600
07/08/2018	0.043598	0.045796	0.039939	0.040168	285,129	20,534,400
07/07/2018	0.043012	0.043985	0.041834	0.043576	249,095	20,258,100
07/06/2018	0.044279	0.044279	0.041842	0.043043	302,671	20,854,900
07/05/2018	0.043696	0.047886	0.042964	0.044144	330,958	20,580,700
07/04/2018	0.046774	0.051729	0.042597	0.043269	252,190	22,030,200
07/03/2018	0.047385	0.049669	0.046095	0.046863	505,938	22,317,900
07/02/2018	0.045185	0.051163	0.044717	0.047390	628,190	21,281,600
07/01/2018	0.044635	0.046338	0.043660	0.045159	230,716	21,022,700
06/30/2018	0.041003	0.044708	0.040501	0.044597	477,994	19,312,300
06/29/2018	0.039504	0.041430	0.037843	0.041087	481,066	18,606,300
06/28/2018	0.044642	0.046150	0.039222	0.039568	584,885	21,026,200
06/27/2018	0.046858	0.046941	0.043900	0.044598	740,954	22,069,500
06/26/2018	0.050274	0.051041	0.046808	0.046931	941,946	23,678,700
06/25/2018	0.042064	0.053142	0.038832	0.051614	1,037,850	19,811,700
06/24/2018	0.047973	0.048173	0.040720	0.042129	965,498	22,595,000
06/23/2018	0.047408	0.048869	0.046110	0.047982	1,355,170	22,328,900
06/22/2018	0.053288	0.053804	0.045633	0.047728	991,657	24,618,800
06/21/2018	0.055970	0.057043	0.051923	0.053303	517,952	25,858,200
06/20/2018	0.056758	0.059071	0.054234	0.056070	701,564	26,221,800
06/19/2018	0.053405	0.060665	0.053207	0.056624	784,967	24,672,900
06/18/2018	0.055070	0.057326	0.051090	0.053429	671,516	25,442,100
06/17/2018	0.055238	0.060881	0.054745	0.055169	527,192	25,519,800
06/16/2018	0.055912	0.056867	0.053891	0.055197	850,301	25,831,400
06/15/2018	0.059179	0.059533	0.055298	0.056070	845,176	27,340,400
06/14/2018	0.055696	0.061510	0.053998	0.059216	947,772	25,731,400
06/13/2018	0.061909	0.063246	0.052536	0.055519	867,954	28,601,800
06/12/2018	0.065374	0.067884	0.059374	0.061624	871,554	30,202,600
06/11/2018	0.061012	0.065813	0.058371	0.065621	685,386	28,187,600
06/10/2018	0.077340	0.077340	0.059942	0.060922	1,169,810	35,731,100
06/09/2018	0.083949	0.083949	0.077213	0.077213	1,120,180	38,784,300
06/08/2018	0.081639	0.086369	0.071822	0.083964	769,703	37,716,900
06/07/2018	0.084878	0.088140	0.080157	0.081519	690,493	39,213,600
06/06/2018	0.092995	0.093169	0.079151	0.084890	1,068,520	42,963,500
06/05/2018	0.091183	0.097012	0.089422	0.092717	796,197	42,126,200
06/04/2018	0.108340	0.109554	0.090826	0.091092	909,602	50,053,000
06/03/2018	0.110511	0.113277	0.106329	0.107424	741,865	51,055,900
06/02/2018	0.108364	0.114913	0.106549	0.110936	529,523	50,064,000
06/01/2018	0.114343	0.114499	0.106253	0.108397	764,992	52,826,300
05/31/2018	0.108417	0.114861	0.106231	0.114346	1,310,830	50,050,600
05/30/2018	0.109988	0.113959	0.105596	0.107610	689,609	50,775,900
05/29/2018	0.098214	0.115032	0.096118	0.110488	1,864,650	45,340,100
05/28/2018	0.111259	0.113901	0.098466	0.098466	1,003,970	51,362,400
05/27/2018	0.120903	0.121550	0.111212	0.111335	1,272,200	55,814,800
05/26/2018	0.120415	0.125759	0.118285	0.120901	1,259,330	55,589,500
05/25/2018	0.127820	0.128273	0.117786	0.120314	968,400	59,007,800
05/24/2018	0.119846	0.150307	0.113273	0.127688	1,189,480	55,326,700
05/23/2018	0.128449	0.135298	0.115387	0.119936	17,010,300	59,298,000
05/22/2018	0.143045	0.147081	0.128842	0.128842	1,649,170	66,036,400
05/21/2018	0.138199	0.148837	0.135931	0.143036	1,551,310	63,799,100
05/20/2018	0.137833	0.143301	0.131226	0.137063	1,199,440	63,630,200
05/19/2018	0.146570	0.155194	0.136152	0.137613	837,567	67,663,600
05/18/2018	0.139439	0.146997	0.125802	0.146561	1,310,190	64,371,800
05/17/2018	0.157485	0.164266	0.137117	0.141293	1,214,610	72,702,500
05/16/2018	0.168446	0.169023	0.153086	0.157324	921,602	77,762,700
05/15/2018	0.173838	0.179670	0.164391	0.168391	1,310,930	80,251,900
05/14/2018	0.178278	0.180531	0.158340	0.171761	1,547,070	82,185,200
05/13/2018	0.168306	0.189653	0.165722	0.178342	1,315,580	77,587,900
05/12/2018	0.168233	0.174394	0.148097	0.168392	1,407,790	77,554,600
05/11/2018	0.185728	0.192868	0.159160	0.169934	2,451,530	85,619,700
05/10/2018	0.201474	0.214279	0.185030	0.185470	3,380,130	92,878,200
05/09/2018	0.199836	0.201357	0.186992	0.201357	1,911,550	92,123,200
05/08/2018	0.200872	0.205830	0.182864	0.200110	1,704,490	92,575,300
05/07/2018	0.211004	0.211004	0.184270	0.195601	2,247,910	97,244,900
05/06/2018	0.201881	0.228192	0.199841	0.208595	2,775,750	93,040,200
05/05/2018	0.172069	0.205773	0.171320	0.201844	3,558,570	79,300,700
05/04/2018	0.194510	0.194510	0.144175	0.174044	3,821,350	89,643,200
05/03/2018	0.171155	0.201236	0.164557	0.194954	7,371,690	-
05/02/2018	0.122870	0.173217	0.120473	0.172302	6,375,010	-
05/01/2018	0.117001	0.124169	0.104865	0.122177	4,622,720	-
04/30/2018	0.110677	0.117265	0.110307	0.116000	5,412,550	-
