Date	Open	High	Low	Close	Volume	Market Cap
07/15/2018	0.009547	0.012911	0.008892	0.010050	3,404	-
07/14/2018	0.009672	0.010474	0.007941	0.009551	2,591	-
07/13/2018	0.009332	0.012763	0.007557	0.008651	2,833	-
07/12/2018	0.010636	0.013252	0.008097	0.009974	3,352	-
07/11/2018	0.007794	0.012337	0.007653	0.009912	2,929	-
07/10/2018	0.009034	0.014178	0.007299	0.007555	3,382	-
07/09/2018	0.009676	0.009963	0.007348	0.009125	2,985	-
07/08/2018	0.009706	0.010373	0.006938	0.009050	3,001	-
07/07/2018	0.009554	0.010225	0.008756	0.010225	3,128	-
07/06/2018	0.010241	0.010422	0.009088	0.009554	5,467	-
07/05/2018	0.011248	0.011717	0.009306	0.010101	3,694	-
07/04/2018	0.013142	0.013176	0.009510	0.011221	3,171	-
07/03/2018	0.013317	0.014119	0.012734	0.013140	3,962	-
07/02/2018	0.021896	0.021910	0.013009	0.013686	5,059	-
07/01/2018	0.020567	0.022083	0.010458	0.021893	44	-
06/30/2018	0.012350	0.022229	0.010343	0.013219	55	-
06/29/2018	0.011747	0.012632	0.011534	0.012411	4,560	-
06/28/2018	0.013452	0.013571	0.011773	0.011852	3,856	-
06/27/2018	0.013261	0.013551	0.012355	0.013363	3,620	-
06/26/2018	0.014094	0.014238	0.013071	0.013286	3,974	-
06/25/2018	0.011251	0.014217	0.011204	0.013809	4,283	-
06/24/2018	0.010816	0.013876	0.008962	0.011284	2,887	-
06/23/2018	0.011962	0.013225	0.010790	0.010818	3,676	-
06/22/2018	0.014627	0.016710	0.011317	0.011957	3,121	-
06/21/2018	0.016584	0.016745	0.014541	0.014996	5,328	-
06/20/2018	0.015295	0.016775	0.014617	0.016359	5,818	-
06/19/2018	0.017793	0.018591	0.014247	0.014875	6,869	-
06/18/2018	0.017049	0.017887	0.015853	0.017835	5,257	-
06/17/2018	0.016766	0.017730	0.016766	0.017025	6,756	-
06/16/2018	0.014431	0.018266	0.014133	0.016612	6,376	-
06/15/2018	0.015846	0.017668	0.013609	0.014087	5,744	-
06/14/2018	0.014250	0.016983	0.013440	0.016119	7,688	-
06/13/2018	0.015511	0.015529	0.013764	0.014253	1,449	-
06/12/2018	0.015788	0.016207	0.014760	0.015465	2,465	-
06/11/2018	0.015853	0.016425	0.015257	0.015788	1,508	-
06/10/2018	0.017713	0.017961	0.013494	0.015828	324	-
06/09/2018	0.020675	0.020871	0.017689	0.017689	228	-
06/08/2018	0.017295	0.020770	0.016682	0.020679	2,190	-
06/07/2018	0.017144	0.017453	0.017144	0.017280	1,019	-
06/06/2018	0.019094	0.020111	0.017125	0.017130	1,343	-
06/05/2018	0.012666	0.019787	0.012666	0.019106	318	-
06/04/2018	0.015574	0.020087	0.012427	0.012661	1,330	-
06/03/2018	0.015070	0.018416	0.015020	0.018347	222	-
06/02/2018	0.019866	0.021449	0.015070	0.015073	169	-
06/01/2018	0.016691	0.020310	0.016644	0.019873	192	-
05/31/2018	0.015791	0.017469	0.015716	0.016676	129	-
05/30/2018	0.018586	0.019982	0.015619	0.015794	194	-
05/29/2018	0.015974	0.019120	0.015359	0.018574	1,114	-
05/28/2018	0.017738	0.017741	0.014309	0.015979	744	-
05/27/2018	0.018330	0.018362	0.017691	0.017733	145	-
05/26/2018	0.018889	0.018940	0.014554	0.018322	556	-
05/25/2018	0.020693	0.020712	0.015323	0.018909	1,779	-
05/24/2018	0.020505	0.023736	0.017818	0.020655	2,277	-
05/23/2018	0.025736	0.025759	0.018596	0.020573	4,545	-
05/22/2018	0.018332	0.027584	0.013041	0.025773	4,311	-
05/21/2018	0.017468	0.019438	0.016979	0.018346	370	-
05/20/2018	0.018180	0.018180	0.015981	0.017446	1,674	-
05/19/2018	0.017761	0.018679	0.016975	0.018166	1,842	-
05/18/2018	0.016110	0.017794	0.015873	0.017763	650	-
05/17/2018	0.017466	0.017946	0.016004	0.016103	791	-
05/16/2018	0.021233	0.022302	0.014559	0.017450	1,588	-
05/15/2018	0.023183	0.023394	0.018669	0.021241	1,185	-
05/14/2018	0.020574	0.023665	0.018464	0.023222	765	-
05/13/2018	0.021266	0.021691	0.018415	0.020581	241	-
05/12/2018	0.021518	0.021716	0.017593	0.021287	1,166	-
05/11/2018	0.023911	0.023911	0.018701	0.021576	1,188	-
05/10/2018	0.024847	0.024977	0.019817	0.023883	2,729	-
05/09/2018	0.024528	0.024942	0.017851	0.024853	2,792	-
05/08/2018	0.018468	0.026523	0.018070	0.024566	1,516	-
05/07/2018	0.027630	0.030846	0.018296	0.018424	448	-
05/06/2018	0.025138	0.032075	0.015642	0.027615	1,552	-
05/05/2018	0.025716	0.030130	0.016832	0.025125	745	-
05/04/2018	0.028586	0.029838	0.024069	0.025725	2,655	-
05/03/2018	0.024258	0.029243	0.024222	0.028603	1,727	-
05/02/2018	0.025376	0.028679	0.023868	0.024258	795	-
05/01/2018	0.022921	0.026161	0.022034	0.025420	371	-
04/30/2018	0.031553	0.038787	0.022768	0.022878	212	-
04/29/2018	0.032961	0.034914	0.019563	0.031559	1,594	-
04/28/2018	0.024649	0.033090	0.020239	0.032967	939	-
04/27/2018	0.028102	0.028102	0.021004	0.024764	834	-
04/26/2018	0.022851	0.028131	0.022303	0.028060	563	-
04/25/2018	0.031899	0.032207	0.022526	0.022656	1,103	-
04/24/2018	0.023581	0.032104	0.023260	0.032104	541	-
04/23/2018	0.024524	0.024815	0.021048	0.023574	300	-
04/22/2018	0.023475	0.024580	0.020506	0.024580	1,074	-
04/21/2018	0.026238	0.026238	0.022964	0.023468	863	-
04/20/2018	0.026427	0.026925	0.024638	0.026226	631	-
04/19/2018	0.019216	0.042499	0.014564	0.026413	13,350	-
04/18/2018	0.021906	0.042084	0.014684	0.040822	16,049	-
04/17/2018	0.033228	0.033262	0.021871	0.021889	1,115	-
04/16/2018	0.045471	0.046653	0.032833	0.033217	12,084	-
04/15/2018	0.024214	0.047052	0.021618	0.038415	32,644	-
04/14/2018	0.026721	0.038995	0.020955	0.022637	21,169	-
04/13/2018	0.047184	0.047430	0.014358	0.025644	22,491	-
04/12/2018	0.014758	0.047348	0.011400	0.047125	20,771	-
04/11/2018	0.015985	0.018128	0.009482	0.014792	9,298	-
04/10/2018	0.012053	0.019059	0.010197	0.015260	8,734	-
04/09/2018	0.014222	0.020563	0.008429	0.012040	4,801	-
04/08/2018	0.009374	0.019636	0.007907	0.013266	12,305	-
04/07/2018	0.013407	0.021953	0.007186	0.016925	17,129	-
04/06/2018	0.016530	0.021595	0.012055	0.013716	6,785	-
04/05/2018	0.013500	0.022314	0.010942	0.016614	7,254	-
04/04/2018	0.017552	0.019901	0.011273	0.013958	13,836	-
04/03/2018	0.016769	0.020119	0.016400	0.017711	16,261	-
04/02/2018	0.017995	0.018888	0.014533	0.017993	16,259	-
04/01/2018	0.019187	0.021585	0.014702	0.017048	15,350	-
03/31/2018	0.019416	0.021422	0.015385	0.017401	15,931	-
03/30/2018	0.019721	0.021010	0.014270	0.015985	15,208	-
03/29/2018	0.016920	0.023710	0.014854	0.016265	12,736	-
03/28/2018	0.015554	0.025691	0.013081	0.016900	12,369	-
03/27/2018	0.026299	0.026919	0.013101	0.015557	14,483	-
03/26/2018	0.022136	0.027760	0.020519	0.025281	24,006	-
03/25/2018	0.027644	0.028548	0.018022	0.025857	21,405	-
03/24/2018	0.030114	0.030315	0.018777	0.028029	25,113	-
03/23/2018	0.027985	0.029305	0.019145	0.025338	22,695	-
03/22/2018	0.029391	0.030567	0.026655	0.028243	25,849	-
03/21/2018	0.027151	0.031000	0.025643	0.029797	28,253	-
03/20/2018	0.029849	0.032518	0.019948	0.026226	24,257	-
03/19/2018	0.026359	0.033727	0.022454	0.024915	20,716	-
03/18/2018	0.025159	0.034173	0.020894	0.028947	24,620	-
03/17/2018	0.034535	0.039380	0.022527	0.023086	16,975	-
03/16/2018	0.028832	0.042921	0.027319	0.030749	17,624	-
03/15/2018	0.040543	0.045997	0.022205	0.031410	22,986	-
03/14/2018	0.034536	0.052029	0.025147	0.040561	17,506	-
03/13/2018	0.033183	0.035191	0.030353	0.034530	5,636	-
03/12/2018	0.035505	0.037090	0.032673	0.033374	47,987	-
03/11/2018	0.031328	0.036523	0.030085	0.035617	50,566	-
03/10/2018	0.032502	0.035430	0.029199	0.031436	42,381	-
03/09/2018	0.033457	0.034886	0.028327	0.032488	45,101	-
03/08/2018	0.044903	0.051045	0.030361	0.033670	48,240	-
03/07/2018	0.076170	0.079059	0.033591	0.044967	50,315	-
03/06/2018	0.042591	0.082527	0.040318	0.076319	0	-
03/05/2018	0.051292	0.060394	0.036876	0.042709	41,911	-
03/04/2018	0.041412	0.065946	0.036904	0.059955	88,214	-
03/03/2018	0.047841	0.071667	0.033658	0.041484	61,668	-
03/02/2018	0.055291	0.069572	0.044420	0.047900	49,467	-
03/01/2018	0.056994	0.058706	0.040559	0.051501	64,755	-
02/28/2018	0.060361	0.068965	0.039947	0.056910	69,046	-
02/27/2018	0.031966	0.068889	0.031528	0.060432	101,707	-
02/26/2018	0.048987	0.066973	0.031874	0.031874	17,535	-
02/25/2018	0.044602	0.059755	0.027735	0.048925	66,481	-
02/24/2018	0.035209	0.045617	0.027615	0.044669	53,088	-
02/23/2018	0.032835	0.052168	0.031746	0.035254	36,988	-
02/22/2018	0.041824	0.058090	0.032801	0.032864	45,788	-
02/21/2018	0.045113	0.057874	0.033911	0.041866	48,477	-
02/20/2018	0.058337	0.062595	0.036393	0.045169	59,383	-
02/19/2018	0.029192	0.064333	0.028836	0.058284	53,248	-
02/18/2018	0.041460	0.053635	0.029160	0.029307	30,486	-
02/17/2018	0.050552	0.067076	0.027249	0.028518	24,576	-
02/16/2018	0.037643	0.063598	0.037239	0.050661	535	-
02/15/2018	0.034426	0.065662	0.034036	0.037804	11,252	-
02/14/2018	0.055230	0.056238	0.019379	0.034408	8,530	-
02/13/2018	0.024558	0.056727	0.023163	0.055395	1,995	-
02/12/2018	0.026919	0.040913	0.015048	0.024513	3,830	-
02/11/2018	0.048391	0.049439	0.016400	0.036089	47,353	-
02/10/2018	0.051091	0.053230	0.046217	0.048433	56,062	-
02/09/2018	0.046558	0.051275	0.043846	0.051053	18,269	-
02/08/2018	0.044011	0.051633	0.042645	0.046415	38,154	-
02/07/2018	0.045864	0.052561	0.042193	0.047915	86,024	-
02/06/2018	0.074250	0.076792	0.030887	0.047963	71,645	-
02/05/2018	0.047305	0.078030	0.041756	0.073745	14	-
02/04/2018	0.052886	0.053952	0.045653	0.047768	8,777	-
02/03/2018	0.052038	0.059756	0.043556	0.052858	92,866	-
02/02/2018	0.049956	0.056898	0.038737	0.051861	47,284	-
02/01/2018	0.055734	0.058068	0.044124	0.050059	7,945	-
01/31/2018	0.055222	0.059898	0.041754	0.043733	44,075	-
01/30/2018	0.064682	0.071174	0.054984	0.055136	8,027	-
01/29/2018	0.069887	0.071270	0.062419	0.064661	23,722	-
01/28/2018	0.124003	0.126423	0.069954	0.069954	37,699	-
01/27/2018	0.087304	0.166039	0.072375	0.123676	4,329	-
01/26/2018	0.066303	0.088385	0.064627	0.087402	6,237	-
01/25/2018	0.062765	0.077732	0.062239	0.066479	45,907	-
01/24/2018	0.072101	0.072372	0.058663	0.061749	586	-
01/23/2018	0.074157	0.075804	0.060823	0.072143	63,769	-
01/22/2018	0.084970	0.090104	0.069616	0.074360	5,440	-
01/21/2018	0.091971	0.098510	0.082264	0.083825	19,714	-
01/20/2018	0.087111	0.097506	0.078960	0.092140	26,416	-
01/19/2018	0.083001	0.087542	0.067706	0.084451	16,412	-
01/18/2018	0.082615	0.093267	0.075517	0.084110	19,899	-
01/17/2018	0.087959	0.089362	0.066523	0.080116	9,736	-
01/16/2018	0.100439	0.105830	0.073758	0.083705	69,093	-
01/15/2018	0.102122	0.112338	0.098903	0.102498	154,278	-
01/14/2018	0.105563	0.115034	0.099386	0.104247	86,141	-
01/13/2018	0.097396	0.115825	0.097396	0.109511	18,082	-
01/12/2018	0.104318	0.108342	0.092941	0.097508	44,230	-
01/11/2018	0.118055	0.118485	0.093099	0.102158	204,200	-
01/10/2018	0.098910	0.118187	0.090114	0.118187	72,406	-
01/09/2018	0.085466	0.107343	0.078752	0.092369	175,629	-
01/08/2018	0.111702	0.112215	0.067735	0.094767	51,175	-
01/07/2018	0.124546	0.127590	0.108819	0.111856	120,879	-
01/06/2018	0.123474	0.134050	0.119069	0.125843	186,462	-
01/05/2018	0.086381	0.132896	0.085542	0.123375	107,429	-
01/04/2018	0.087918	0.089657	0.065096	0.086364	227,089	-
01/03/2018	0.078333	0.089731	0.077366	0.086229	5,456	-
01/02/2018	0.073583	0.079840	0.067263	0.078612	121,395	-
01/01/2018	0.065992	0.076250	0.064860	0.072103	145,986	-
12/31/2017	0.058614	0.067290	0.054852	0.066295	156,751	-
12/30/2017	0.074073	0.074073	0.053928	0.055398	140,655	-
12/29/2017	0.058890	0.081093	0.047228	0.073097	165,369	-
12/28/2017	0.073856	0.080667	0.043296	0.058286	105,543	-
12/27/2017	0.081402	0.087225	0.065926	0.065926	15,832	-
12/26/2017	0.069648	0.088550	0.065749	0.080552	63,232	-
12/25/2017	0.070853	0.080378	0.061897	0.070974	161,327	-
12/24/2017	0.075221	0.082744	0.059351	0.073610	193,941	-
12/23/2017	0.058744	0.096213	0.046968	0.075122	111,182	-
12/22/2017	0.083494	0.087182	0.017446	0.052730	91,739	-
12/21/2017	0.090014	0.097868	0.067586	0.077110	146,588	-
12/20/2017	0.079664	0.098805	0.073659	0.089779	137,488	-
12/19/2017	0.112705	0.120512	0.073705	0.079742	24,720	-
12/18/2017	0.124166	0.124166	0.080650	0.112801	98,741	-
12/17/2017	0.121341	0.127975	0.100663	0.123791	278,131	-
12/16/2017	0.099546	0.137004	0.094749	0.115678	265,523	-
12/15/2017	0.095292	0.123027	0.091665	0.108208	197,683	-
12/14/2017	0.074417	0.098196	0.057197	0.091181	161,018	-
12/13/2017	0.076202	0.084055	0.062259	0.076778	89,051	-
12/12/2017	0.070378	0.094249	0.066161	0.080104	104,249	-
12/11/2017	0.081571	0.095150	0.057550	0.072838	62,795	-
12/10/2017	0.088522	0.106529	0.051177	0.083088	60,981	-
12/09/2017	0.076769	0.123388	0.053886	0.071789	2,330	-
12/08/2017	0.079397	0.118680	0.054555	0.070502	11,455	-
12/07/2017	0.102181	0.107728	0.065083	0.077167	14,332	-
12/06/2017	0.088692	0.101586	0.056484	0.101272	11,808	-
12/05/2017	0.088704	0.094378	0.083057	0.086895	16,083	-
12/04/2017	0.085325	0.090840	0.079622	0.085738	10,942	-
12/03/2017	0.084502	0.113554	0.077506	0.086388	2,080	-
12/02/2017	0.093279	0.108430	0.046540	0.099493	2,686	-
12/01/2017	0.091237	0.104596	0.038075	0.058499	8,960	-
11/30/2017	0.098385	0.115430	0.080180	0.096512	15,649	-
11/29/2017	0.101563	0.125876	0.088384	0.099123	9,948	-
11/28/2017	0.113455	0.118909	0.098589	0.110906	8,975	-
11/27/2017	0.112371	0.126604	0.107485	0.111119	4,175	-
11/26/2017	0.107142	0.128654	0.100623	0.110394	795	-
11/25/2017	0.099587	0.123320	0.094426	0.116802	3,192	-
11/24/2017	0.111554	0.119102	0.090951	0.111882	1,404	-
11/23/2017	0.107010	0.127922	0.092179	0.099876	4,873	-
11/22/2017	0.065970	0.112361	0.063477	0.106632	756	-
11/21/2017	0.060090	0.071468	0.056369	0.065875	107	-
11/20/2017	0.076468	0.087832	0.059549	0.059852	93	-
11/19/2017	0.038981	0.076516	0.038531	0.076316	0	-
11/18/2017	0.044982	0.047036	0.038733	0.039053	43	-
11/17/2017	0.164790	0.168524	0.043567	0.045084	54	-
11/15/2017	0.142480	0.155294	0.142480	0.154205	0	-
11/14/2017	0.140951	0.143151	0.140111	0.142382	0	-
11/11/2017	0.061003	0.070902	0.060526	0.069400	21	-
11/10/2017	0.068817	0.068817	0.057661	0.060995	18	-
11/09/2017	0.074668	0.145539	0.068101	0.068830	13	-
11/08/2017	0.197854	0.197854	0.056624	0.074523	112	-
11/07/2017	0.074345	0.199455	0.074054	0.197902	20	-
11/06/2017	0.047529	0.082324	0.045591	0.074342	22	-
11/05/2017	0.047447	0.047617	0.046842	0.047502	2	-
11/04/2017	0.064632	0.083544	0.063151	0.083094	2	-
11/03/2017	0.055546	0.066218	0.054944	0.064800	183	-
11/02/2017	0.056340	0.056721	0.055536	0.055536	17	-
11/01/2017	0.105058	0.108350	0.097214	0.099660	0	-
10/31/2017	0.087250	0.113688	0.085692	0.105776	0	-
10/30/2017	0.051477	0.054726	0.051423	0.054121	246	-
10/29/2017	0.108934	0.112978	0.050059	0.051773	452	-
10/28/2017	0.110736	0.111631	0.108521	0.108644	0	-
10/27/2017	0.052329	0.072799	0.052329	0.071265	71	-
10/26/2017	0.205212	0.206603	0.052413	0.052413	448	-
10/25/2017	0.208201	0.210707	0.196501	0.205437	1,047	-
10/24/2017	0.213814	0.213814	0.208433	0.208495	1,063	-
10/23/2017	0.078728	0.078938	0.074093	0.076792	226	-
10/22/2017	0.066809	0.079319	0.065191	0.078556	1,798	-
10/21/2017	0.063863	0.069079	0.062313	0.067921	14	-
10/20/2017	0.114449	0.114449	0.063526	0.064446	19	-
10/19/2017	0.067634	0.114973	0.052151	0.114423	217	-
10/18/2017	0.061510	0.070314	0.060703	0.068210	0	-
10/17/2017	0.058650	0.062783	0.056000	0.056000	1,504	-
10/16/2017	0.033392	0.271887	0.027834	0.058649	1,545	-
10/15/2017	0.075879	0.076221	0.033169	0.033391	75	-
10/14/2017	0.066484	0.069916	0.064080	0.064464	113	-
10/13/2017	0.054440	0.067476	0.054066	0.066484	117	-
10/12/2017	0.228138	0.228138	0.053322	0.054277	2,299	-
10/11/2017	0.023534	0.238402	0.023402	0.227940	2,429	-
10/10/2017	0.053705	0.056859	0.022057	0.023534	0	-
10/09/2017	0.054817	0.057440	0.052504	0.053708	32	-
10/08/2017	0.056192	0.057457	0.053273	0.054810	77	-
10/07/2017	0.029937	0.057242	0.029379	0.056192	212	-
10/06/2017	0.049580	0.051816	0.020732	0.029937	13	-
10/05/2017	0.052423	0.056405	0.049498	0.049580	684	-
10/04/2017	0.029381	0.056531	0.028783	0.052398	343	-
10/03/2017	0.029836	0.029836	0.029332	0.029376	3	-
10/01/2017	0.053532	0.053744	0.052483	0.052665	215	-
09/30/2017	0.042798	0.099369	0.042444	0.053506	218	-
09/29/2017	0.037513	0.038023	0.034201	0.034201	67	-
09/28/2017	0.105508	0.106681	0.036696	0.037513	74	-
09/27/2017	0.096914	0.102015	0.094163	0.100964	43	-
09/26/2017	0.097680	0.097713	0.096022	0.096914	41	-
09/15/2017	0.039770	0.045667	0.039770	0.045619	396	-
09/14/2017	0.049965	0.050937	0.039572	0.039572	332	-
09/13/2017	0.101499	0.101499	0.049264	0.049963	430	-
09/12/2017	0.109302	0.114148	0.109302	0.111935	38	-
09/11/2017	0.109941	0.113181	0.107048	0.109354	37	-
09/10/2017	0.039075	0.111622	0.031727	0.109612	37	-
09/09/2017	0.132990	0.235861	0.038114	0.039075	59	-
09/08/2017	0.171534	0.480872	0.059092	0.132846	989	-
09/07/2017	0.479376	0.489289	0.168928	0.171528	37	-
09/06/2017	0.520368	0.537264	0.051247	0.480816	1,321	-
09/05/2017	0.060780	0.529693	0.056327	0.519767	16,705	-
09/04/2017	0.505947	0.511113	0.060470	0.060470	33	-
09/03/2017	0.052038	0.508421	0.052038	0.505765	193	-
09/02/2017	0.117073	0.126094	0.051455	0.052032	445	-
09/01/2017	0.101378	0.117073	0.101378	0.117073	85	-
08/31/2017	0.173209	0.178027	0.125106	0.126482	27	-
08/30/2017	0.123276	0.593290	0.118800	0.173378	31	-
08/29/2017	0.526158	0.526505	0.118800	0.123276	8	-
08/28/2017	0.457496	0.527083	0.451630	0.525265	438	-
08/27/2017	0.455711	0.460883	0.455309	0.457032	174	-
08/24/2017	0.094990	0.094990	0.091737	0.094429	0	-
08/23/2017	0.089906	0.510604	0.089140	0.094990	36	-
08/22/2017	0.200995	0.207268	0.080500	0.089909	0	-
08/21/2017	0.213153	0.318741	0.199260	0.200991	1,163	-
08/20/2017	0.475325	0.531330	0.065177	0.213153	4	-
08/19/2017	0.421075	0.478536	0.421075	0.477609	954	-
08/18/2017	0.288156	0.551828	0.254069	0.547378	0	-
08/17/2017	0.588320	0.588320	0.228901	0.288208	10	-
08/16/2017	0.389214	0.588968	0.138851	0.588864	3	-
08/15/2017	0.580545	0.590747	0.384973	0.388692	53	-
08/14/2017	0.253697	0.292848	0.247348	0.292848	0	-
08/13/2017	0.066351	0.271124	0.060000	0.253697	3,962	-
08/12/2017	0.072776	0.074930	0.066351	0.066351	2	-
08/11/2017	0.393323	0.394363	0.065526	0.072776	108	-
08/10/2017	0.367773	0.395743	0.307741	0.393347	1,745	-
08/09/2017	0.407231	0.407231	0.055457	0.367740	64	-
08/08/2017	0.052448	0.412047	0.052448	0.407524	24	-
08/07/2017	0.290493	0.290493	0.052448	0.052448	16	-
08/06/2017	0.042349	0.292365	0.041284	0.290823	34	-
08/05/2017	0.041176	0.043218	0.041173	0.042339	4	-
08/04/2017	0.046905	0.050635	0.046905	0.049388	5	-
08/02/2017	0.049688	0.050343	0.048611	0.049084	0	-
08/01/2017	0.090276	0.092648	0.047379	0.049688	0	-
07/31/2017	0.090276	0.090276	0.090276	0.090276	84	-
07/30/2017	0.091761	0.091761	0.089576	0.090276	84	-
07/29/2017	0.089911	0.093482	0.088102	0.091735	85	-
07/28/2017	0.067001	0.067932	0.063629	0.063629	7	-
07/27/2017	0.064181	0.067001	0.064181	0.067001	7	-
07/26/2017	0.185018	0.237821	0.031783	0.032236	0	-
07/25/2017	0.040424	0.237522	0.040190	0.185450	20	-
07/24/2017	0.052831	0.371161	0.039434	0.040424	5	-
07/23/2017	0.054294	0.056467	0.052831	0.052831	1	-
07/22/2017	0.258464	0.387913	0.258258	0.381480	19	-
07/21/2017	0.380893	0.382155	0.221019	0.258490	129	-
07/20/2017	0.305917	0.390020	0.305917	0.378090	18	-
07/19/2017	0.184477	0.194627	0.166295	0.187980	9	-
07/18/2017	0.286146	0.311064	0.184477	0.184477	9	-
07/17/2017	0.259398	0.285885	0.213434	0.285424	79	-
07/16/2017	0.267794	0.276709	0.247807	0.259686	0	-
07/15/2017	0.299284	0.299831	0.268391	0.268602	0	-
07/14/2017	0.315799	0.317253	0.291107	0.299799	0	-
07/13/2017	0.321903	0.326066	0.313130	0.316031	0	-
07/12/2017	0.312659	0.324374	0.303097	0.321664	0	-
07/11/2017	0.278553	0.322729	0.278272	0.313124	0	-
07/10/2017	0.093160	0.300467	0.090142	0.278989	7	-
07/09/2017	0.266662	0.266662	0.093113	0.093113	58	-
07/08/2017	0.266662	0.266662	0.197580	0.266662	6	-
07/07/2017	0.266662	0.266662	0.266662	0.266662	6	-
07/06/2017	0.276000	0.276019	0.266662	0.266662	6	-
07/05/2017	0.227188	0.276000	0.170222	0.276000	95	-
07/04/2017	0.436650	0.437098	0.215239	0.227238	18	-
07/03/2017	0.278106	0.479810	0.278106	0.437489	336	-
07/02/2017	0.288431	0.289626	0.258007	0.278106	0	-
07/01/2017	0.418755	0.422706	0.122417	0.288431	1,241	-
06/30/2017	0.187787	0.428453	0.184385	0.418898	1,161	-
06/29/2017	0.336322	0.384265	0.159099	0.187671	293	-
06/28/2017	0.333160	0.505205	0.308091	0.336512	264	-
06/27/2017	0.303787	0.342095	0.257021	0.331085	1,371	-
06/26/2017	0.252251	0.346023	0.151442	0.302421	1,553	-
06/25/2017	0.269093	0.334604	0.236851	0.252295	422	-
06/24/2017	0.308233	0.314615	0.268573	0.269091	892	-
06/23/2017	0.335011	0.483083	0.294468	0.308232	2,772	-
06/22/2017	0.499028	0.499601	0.330599	0.335011	2,627	-
06/21/2017	0.493488	0.502896	0.492275	0.499028	203	-
06/20/2017	0.499064	0.521820	0.326946	0.493488	6,630	-
06/19/2017	0.498156	0.531323	0.280640	0.499064	2,709	-
06/18/2017	0.494890	0.535287	0.292819	0.498156	3,921	-
06/17/2017	0.471316	0.525207	0.416660	0.494890	154	-
06/16/2017	0.540912	0.540912	0.456220	0.471316	14	-
06/15/2017	0.546177	0.552415	0.450472	0.541084	2,197	-
06/14/2017	0.391488	0.594730	0.391488	0.546184	339	-
06/13/2017	0.479579	0.525226	0.389380	0.391651	385	-
06/12/2017	0.668949	0.723866	0.416811	0.480947	4,684	-
06/11/2017	0.453413	0.669039	0.423625	0.669024	2,705	-
06/10/2017	0.386812	0.535680	0.372260	0.453604	1,217	-
06/09/2017	0.474163	0.549948	0.370125	0.386662	2,751	-
06/08/2017	0.343615	0.478999	0.340131	0.474236	2,098	-
06/07/2017	0.311812	0.379895	0.311812	0.345461	1,438	-
06/06/2017	0.315171	0.390588	0.293047	0.311815	747	-
06/05/2017	0.352076	0.397355	0.297891	0.314650	1,614	-
06/04/2017	0.350586	0.379717	0.333368	0.352077	1,894	-
06/03/2017	0.344331	0.354432	0.210622	0.350896	15,493	-
06/02/2017	0.294431	0.357197	0.251127	0.344336	1,675	-
06/01/2017	0.270322	0.300117	0.226591	0.294427	1,973	-
05/31/2017	0.344272	0.360721	0.194880	0.270322	1,926	-
05/30/2017	0.344917	0.344977	0.309194	0.344185	13,093	-
